~o
<STREAMINFO> 1 25
<VECSIZE> 25<NULLD><MFCC_E_D_N><DIAGC>
~h "jmodel"
<BEGINHMM>
<NUMSTATES> 3
<STATE> 2
<NUMMIXES> 128
<MIXTURE> 1 5.748963e-03
<MEAN> 25
 -2.579336e+00 3.191325e+00 2.297889e+00 8.747972e+00 4.359457e+00 3.426791e+00 4.066590e+00 3.924783e+00 5.833848e+00 5.236276e+00 5.864327e+00 3.080505e+00 -2.001288e+00 -1.630882e+00 -8.633373e-01 1.076082e+00 1.560528e+00 2.229872e+00 2.152572e+00 2.081033e+00 1.693363e+00 1.269853e+00 1.564855e+00 6.157760e-01 -4.685580e-02
<VARIANCE> 25
 1.005835e+01 1.177797e+01 1.499407e+01 1.866236e+01 2.327679e+01 2.230707e+01 2.187166e+01 2.198498e+01 2.097792e+01 2.259733e+01 2.106200e+01 1.708533e+01 1.790268e+00 2.113133e+00 3.020837e+00 3.202760e+00 3.732002e+00 3.352675e+00 3.317816e+00 3.379191e+00 3.514655e+00 3.723013e+00 3.509279e+00 2.830653e+00 3.115816e-03
<GCONST> 8.847048e+01
<MIXTURE> 2 4.549242e-03
<MEAN> 25
 -4.841927e+00 1.378820e+00 8.548263e-01 9.837111e+00 6.620493e+00 7.360541e+00 7.894225e+00 6.973786e+00 8.436551e+00 6.318279e+00 7.449095e+00 3.037863e+00 -6.193116e-02 4.290900e-02 1.382855e-01 2.179377e-01 2.634905e-01 2.982193e-01 2.808101e-01 3.025220e-01 3.443046e-01 3.149787e-01 2.031233e-01 8.379567e-02 -6.632692e-06
<VARIANCE> 25
 6.919178e+00 9.049523e+00 1.153720e+01 1.588559e+01 1.727951e+01 1.563966e+01 1.689548e+01 1.826420e+01 1.656299e+01 1.730223e+01 1.956691e+01 1.423233e+01 1.240392e-01 2.271656e-01 3.335326e-01 4.692176e-01 6.409877e-01 8.231219e-01 9.435818e-01 1.010323e+00 1.045812e+00 1.077479e+00 1.068440e+00 1.007203e+00 1.005923e-06
<GCONST> 5.818565e+01
<MIXTURE> 3 4.549242e-03
<MEAN> 25
 -4.841927e+00 1.378820e+00 8.548263e-01 9.837111e+00 6.620493e+00 7.360541e+00 7.894225e+00 6.973786e+00 8.436551e+00 6.318279e+00 7.449095e+00 3.037863e+00 -6.193116e-02 4.290900e-02 1.382855e-01 2.179377e-01 2.634905e-01 2.982193e-01 2.808101e-01 3.025220e-01 3.443046e-01 3.149787e-01 2.031233e-01 8.379567e-02 -6.632692e-06
<VARIANCE> 25
 6.919178e+00 9.049523e+00 1.153720e+01 1.588559e+01 1.727951e+01 1.563966e+01 1.689548e+01 1.826420e+01 1.656299e+01 1.730223e+01 1.956691e+01 1.423233e+01 1.240392e-01 2.271656e-01 3.335326e-01 4.692176e-01 6.409877e-01 8.231219e-01 9.435818e-01 1.010323e+00 1.045812e+00 1.077479e+00 1.068440e+00 1.007203e+00 1.005923e-06
<GCONST> 5.818565e+01
<MIXTURE> 4 1.671429e-02
<MEAN> 25
 3.085620e+00 2.390339e+00 -3.637824e+00 1.487291e-01 3.747848e+00 -6.792793e-01 -3.285442e-01 -2.918956e-01 2.492127e+00 1.933081e+00 -2.123353e+00 2.947066e-01 -2.662256e+00 9.762723e-01 1.444769e+00 2.166973e+00 7.436049e-01 -7.535344e-02 1.804403e+00 6.868728e-01 8.549749e-01 3.112685e-02 9.250131e-01 1.239443e+00 -7.153965e-02
<VARIANCE> 25
 1.789035e+01 2.492052e+01 3.202405e+01 3.388135e+01 4.290187e+01 5.749088e+01 5.483731e+01 4.899516e+01 4.873054e+01 5.097014e+01 4.301780e+01 2.917906e+01 2.255216e+00 5.547182e+00 3.601356e+00 5.797512e+00 5.383048e+00 6.373170e+00 5.182123e+00 5.466611e+00 7.000062e+00 5.471209e+00 5.381223e+00 4.351313e+00 7.686396e-03
<GCONST> 1.040705e+02
<MIXTURE> 5 3.206198e-03
<MEAN> 25
 -3.382316e+00 2.401484e+00 -1.894159e-02 9.118346e+00 6.329320e+00 6.342184e+00 7.653278e+00 4.898136e+00 5.767465e+00 3.641310e+00 4.257709e+00 2.552907e+00 -2.862384e-01 7.724277e-01 1.150633e+00 9.836121e-01 2.775967e-01 1.669354e-02 -5.663141e-02 -3.932552e-02 3.390534e-01 7.362370e-01 4.546607e-01 5.142154e-02 -2.545164e-05
<VARIANCE> 25
 9.621440e+00 1.368887e+01 2.696284e+01 2.513829e+01 2.061393e+01 1.840924e+01 2.339443e+01 2.039025e+01 2.100066e+01 2.095930e+01 2.494151e+01 1.547668e+01 1.151151e+00 1.179174e+00 1.335505e+00 1.597382e+00 2.146842e+00 2.480516e+00 2.202335e+00 2.221090e+00 2.394839e+00 2.174141e+00 2.035254e+00 1.786347e+00 9.364677e-07
<GCONST> 7.487856e+01
<MIXTURE> 6 5.475854e-03
<MEAN> 25
 8.887247e+00 -1.362230e+00 -5.750862e+00 -9.136128e+00 -1.802972e+00 8.186076e+00 -7.743567e+00 -5.441115e+00 -4.968512e+00 8.576753e-01 6.214509e+00 -1.422933e+00 4.111180e-01 8.707430e-01 -6.666936e-01 -1.616014e+00 -4.316347e-01 1.454507e+00 1.291519e+00 3.358647e-01 -9.053850e-01 -1.209799e+00 3.489532e-01 1.279140e+00 -6.751434e-03
<VARIANCE> 25
 7.373572e+00 1.898631e+01 1.807058e+01 3.518574e+01 2.701231e+01 2.895337e+01 4.712332e+01 2.988483e+01 3.474564e+01 3.344597e+01 3.472924e+01 2.217744e+01 2.657636e-01 8.014705e-01 8.981401e-01 1.699144e+00 1.314920e+00 2.010718e+00 1.980223e+00 1.731848e+00 2.128067e+00 2.037443e+00 1.760665e+00 1.559651e+00 5.544196e-04
<GCONST> 8.102060e+01
<MIXTURE> 7 5.475854e-03
<MEAN> 25
 8.887247e+00 -1.362230e+00 -5.750862e+00 -9.136128e+00 -1.802972e+00 8.186076e+00 -7.743567e+00 -5.441115e+00 -4.968512e+00 8.576753e-01 6.214509e+00 -1.422933e+00 4.111180e-01 8.707430e-01 -6.666936e-01 -1.616014e+00 -4.316347e-01 1.454507e+00 1.291519e+00 3.358647e-01 -9.053850e-01 -1.209799e+00 3.489532e-01 1.279140e+00 -6.751434e-03
<VARIANCE> 25
 7.373572e+00 1.898631e+01 1.807058e+01 3.518574e+01 2.701231e+01 2.895337e+01 4.712332e+01 2.988483e+01 3.474564e+01 3.344597e+01 3.472924e+01 2.217744e+01 2.657636e-01 8.014705e-01 8.981401e-01 1.699144e+00 1.314920e+00 2.010718e+00 1.980223e+00 1.731848e+00 2.128067e+00 2.037443e+00 1.760665e+00 1.559651e+00 5.544196e-04
<GCONST> 8.102060e+01
<MIXTURE> 8 1.165917e-02
<MEAN> 25
 -4.718292e+00 1.377993e+00 1.247098e+00 9.536427e+00 6.562553e+00 6.247281e+00 6.487093e+00 5.679342e+00 6.675138e+00 5.613562e+00 6.530643e+00 3.144687e+00 -6.236870e-01 -1.418232e+00 -1.060861e+00 -1.728170e+00 -2.263207e-01 -9.373010e-01 -1.819316e-01 -2.922301e-01 -2.662764e-01 -1.751715e-01 -2.056592e-01 7.908823e-02 9.858534e-02
<VARIANCE> 25
 9.326379e+00 9.845949e+00 1.195091e+01 1.608209e+01 1.659664e+01 1.565770e+01 1.808300e+01 1.744932e+01 1.704666e+01 1.736915e+01 1.912423e+01 1.394764e+01 2.759112e+00 2.811987e+00 3.922720e+00 3.746732e+00 3.445461e+00 3.317738e+00 3.123533e+00 3.073841e+00 2.902070e+00 2.648053e+00 2.439220e+00 1.901161e+00 6.669167e-03
<GCONST> 8.631451e+01
<MIXTURE> 9 1.199672e-02
<MEAN> 25
 8.890201e+00 3.298147e+00 -6.348714e+00 -8.046799e+00 -1.546812e+00 5.099841e+00 -1.406884e+00 -2.556188e+00 -4.297365e+00 -1.777321e+00 6.278359e-01 1.576279e+00 1.444458e+00 -3.669209e-01 -1.850539e-01 -3.024339e+00 -1.263910e+00 8.958086e-01 -1.155343e+00 -3.497388e-01 -7.725110e-01 -1.448387e-01 5.995036e-01 1.896308e-01 8.604776e-02
<VARIANCE> 25
 1.035152e+01 1.700063e+01 2.640013e+01 5.082413e+01 3.544471e+01 2.408245e+01 3.412988e+01 3.787829e+01 4.797383e+01 3.418260e+01 2.697633e+01 2.670131e+01 1.937852e+00 2.229807e+00 3.246984e+00 4.248456e+00 3.638625e+00 3.299891e+00 3.367582e+00 4.227191e+00 6.201123e+00 3.603159e+00 2.901650e+00 2.314263e+00 2.375500e-03
<GCONST> 9.441247e+01
<MIXTURE> 10 6.596976e-03
<MEAN> 25
 8.132814e-01 7.622678e+00 5.358560e+00 7.134103e+00 1.587394e+00 -2.126832e+00 -5.127755e-01 -1.680520e+00 8.773022e-01 8.518869e-01 8.172218e-01 6.596628e-01 -1.916832e+00 -6.641353e-01 -4.660021e-01 3.018334e+00 2.454398e+00 2.698765e+00 2.370476e+00 2.267341e+00 1.860676e+00 1.538581e+00 2.319323e+00 5.263372e-01 -1.377401e-01
<VARIANCE> 25
 1.949807e+01 2.067518e+01 2.244732e+01 2.905762e+01 3.827763e+01 3.491185e+01 3.507730e+01 3.373936e+01 2.760986e+01 2.898177e+01 2.700769e+01 2.503302e+01 2.246126e+00 3.432729e+00 5.525822e+00 5.173093e+00 5.551576e+00 4.481194e+00 4.704795e+00 4.853403e+00 4.373062e+00 5.015357e+00 4.480443e+00 3.184489e+00 2.718840e-03
<GCONST> 9.747784e+01
<MIXTURE> 11 1.633820e-02
<MEAN> 25
 5.839331e+00 3.558940e+00 2.307658e+00 4.832259e+00 -1.973496e+00 -7.523021e-01 -2.764206e+00 -4.993202e+00 -2.119481e+00 -1.263409e+00 -1.102043e+00 -2.465632e+00 -2.999147e-01 3.190262e-01 -1.107098e-02 -3.101245e-03 5.359060e-01 7.661358e-02 2.058233e-01 -2.360874e-01 1.313684e-01 -1.653478e-01 -2.569983e-01 4.225098e-01 -1.560042e-02
<VARIANCE> 25
 8.529745e+00 2.359079e+01 1.994314e+01 2.175104e+01 3.195567e+01 2.945615e+01 3.849781e+01 3.837854e+01 3.301284e+01 2.970273e+01 2.495790e+01 1.994840e+01 7.165061e-01 9.714452e-01 1.595702e+00 2.230574e+00 1.884197e+00 3.277910e+00 2.217426e+00 2.416500e+00 1.860442e+00 1.974373e+00 1.810962e+00 1.737051e+00 9.162479e-04
<GCONST> 8.442621e+01
<MIXTURE> 12 5.904134e-03
<MEAN> 25
 1.003309e+01 3.671427e+00 -5.030735e+00 -1.486626e+01 -7.596680e+00 8.580684e+00 -1.429717e+00 -2.361491e+00 -1.863538e+00 -4.099622e+00 1.950896e+00 6.192351e-01 1.783231e-02 2.395069e-01 4.872608e-02 -3.435441e-01 -3.106676e-01 3.739098e-02 3.050996e-01 5.749827e-01 1.207788e-01 -4.753184e-01 -3.628535e-01 1.133063e-01 -7.597965e-03
<VARIANCE> 25
 1.081045e+01 2.178452e+01 2.281495e+01 3.974238e+01 4.275732e+01 2.909264e+01 4.148147e+01 4.612204e+01 4.413998e+01 3.782085e+01 3.589184e+01 2.588681e+01 2.452128e-01 6.537238e-01 6.390910e-01 1.074425e+00 1.089669e+00 9.892919e-01 1.074163e+00 1.585789e+00 1.242886e+00 1.186069e+00 1.114182e+00 9.902623e-01 5.713721e-04
<GCONST> 7.857557e+01
<MIXTURE> 13 5.904134e-03
<MEAN> 25
 1.003309e+01 3.671427e+00 -5.030735e+00 -1.486626e+01 -7.596680e+00 8.580684e+00 -1.429717e+00 -2.361491e+00 -1.863538e+00 -4.099622e+00 1.950896e+00 6.192351e-01 1.783231e-02 2.395069e-01 4.872608e-02 -3.435441e-01 -3.106676e-01 3.739098e-02 3.050996e-01 5.749827e-01 1.207788e-01 -4.753184e-01 -3.628535e-01 1.133063e-01 -7.597965e-03
<VARIANCE> 25
 1.081045e+01 2.178452e+01 2.281495e+01 3.974238e+01 4.275732e+01 2.909264e+01 4.148147e+01 4.612204e+01 4.413998e+01 3.782085e+01 3.589184e+01 2.588681e+01 2.452128e-01 6.537238e-01 6.390910e-01 1.074425e+00 1.089669e+00 9.892919e-01 1.074163e+00 1.585789e+00 1.242886e+00 1.186069e+00 1.114182e+00 9.902623e-01 5.713721e-04
<GCONST> 7.857557e+01
<MIXTURE> 14 6.488954e-03
<MEAN> 25
 -4.223662e+00 -7.827948e-02 -6.894140e-01 8.745207e+00 7.354355e+00 7.217510e+00 7.947100e+00 7.208462e+00 7.434105e+00 5.017283e+00 6.364320e+00 3.974481e+00 -2.840530e-01 1.892374e-01 3.528185e-01 2.423737e-01 5.224213e-02 8.010778e-02 8.226705e-02 1.833751e-01 2.407860e-01 5.547593e-01 5.554287e-01 6.756420e-02 -7.909758e-03
<VARIANCE> 25
 8.970814e+00 1.461371e+01 1.988814e+01 1.737208e+01 2.025890e+01 1.914327e+01 2.085876e+01 1.988766e+01 1.958350e+01 2.342273e+01 2.438181e+01 1.550436e+01 9.497532e-01 1.562130e+00 1.763868e+00 1.934843e+00 2.181170e+00 2.191043e+00 2.191813e+00 2.188204e+00 2.378137e+00 2.479271e+00 2.159078e+00 1.752374e+00 1.015667e-03
<GCONST> 8.168645e+01
<MIXTURE> 15 2.475190e-03
<MEAN> 25
 -5.372432e+00 -5.893347e-01 -3.067779e-01 7.332883e+00 5.656779e+00 5.646901e+00 6.079685e+00 5.007634e+00 5.284767e+00 4.100392e+00 5.383545e+00 2.505094e+00 -1.179224e-01 -3.153204e-02 6.635243e-02 2.344207e-01 4.904894e-01 7.866048e-01 1.056266e+00 1.170189e+00 1.059201e+00 7.481022e-01 4.076859e-01 1.560405e-01 -1.759969e-04
<VARIANCE> 25
 6.982497e+00 5.729129e+00 9.424715e+00 1.264576e+01 1.400401e+01 1.431845e+01 1.475114e+01 1.479544e+01 1.462697e+01 1.414131e+01 1.550832e+01 1.240118e+01 1.264791e-01 2.048568e-01 3.182652e-01 5.079572e-01 6.910055e-01 7.812326e-01 7.645847e-01 7.916448e-01 8.995528e-01 1.018654e+00 1.068969e+00 1.028473e+00 2.805597e-05
<GCONST> 5.862641e+01
<MIXTURE> 16 2.475190e-03
<MEAN> 25
 -5.372432e+00 -5.893347e-01 -3.067779e-01 7.332883e+00 5.656779e+00 5.646901e+00 6.079685e+00 5.007634e+00 5.284767e+00 4.100392e+00 5.383545e+00 2.505094e+00 -1.179224e-01 -3.153204e-02 6.635243e-02 2.344207e-01 4.904894e-01 7.866048e-01 1.056266e+00 1.170189e+00 1.059201e+00 7.481022e-01 4.076859e-01 1.560405e-01 -1.759969e-04
<VARIANCE> 25
 6.982497e+00 5.729129e+00 9.424715e+00 1.264576e+01 1.400401e+01 1.431845e+01 1.475114e+01 1.479544e+01 1.462697e+01 1.414131e+01 1.550832e+01 1.240118e+01 1.264791e-01 2.048568e-01 3.182652e-01 5.079572e-01 6.910055e-01 7.812326e-01 7.645847e-01 7.916448e-01 8.995528e-01 1.018654e+00 1.068969e+00 1.028473e+00 2.805597e-05
<GCONST> 5.862641e+01
<MIXTURE> 17 9.518312e-03
<MEAN> 25
 2.300256e+00 -2.546799e+00 6.657870e+00 2.169780e+00 -3.994146e+00 -5.094385e+00 -3.026062e+00 -7.033432e-01 -4.717644e+00 -1.781286e+00 1.169412e+00 -8.457737e-01 -8.674774e-01 -1.500134e+00 2.146646e+00 -1.219805e+00 -1.712681e+00 -6.635760e-01 4.459123e-02 7.770759e-01 -9.709443e-01 -5.714964e-02 6.908969e-01 7.475373e-01 7.746322e-02
<VARIANCE> 25
 1.817486e+01 3.322385e+01 3.275742e+01 2.858063e+01 3.214450e+01 5.009085e+01 6.391814e+01 4.247502e+01 3.965974e+01 2.661988e+01 2.509763e+01 3.333073e+01 1.954672e+00 2.465899e+00 2.771342e+00 2.562835e+00 3.228168e+00 6.295472e+00 4.922237e+00 3.767663e+00 4.426802e+00 2.651024e+00 2.795413e+00 3.089047e+00 1.451565e-03
<GCONST> 9.572247e+01
<MIXTURE> 18 1.221018e-02
<MEAN> 25
 2.659346e+00 3.313426e+00 6.700162e+00 5.410026e+00 -3.272295e+00 -7.029039e+00 -2.332170e+00 -9.747876e-01 -4.238570e+00 -9.430625e-01 -1.219866e+00 -6.087527e-01 -6.450649e-01 2.203586e+00 -1.080264e+00 1.102714e+00 2.914566e+00 1.013251e+00 8.189573e-01 -3.800083e-01 1.270495e+00 2.984815e-01 -1.192347e+00 5.886545e-01 -9.851181e-02
<VARIANCE> 25
 1.291918e+01 2.347616e+01 2.672151e+01 2.538591e+01 3.685509e+01 3.258070e+01 3.118857e+01 2.382657e+01 3.485165e+01 2.732566e+01 3.308353e+01 2.849198e+01 2.394762e+00 2.114083e+00 3.835740e+00 3.816083e+00 3.178146e+00 3.932098e+00 5.396954e+00 3.531490e+00 4.374831e+00 3.987652e+00 4.322835e+00 4.107545e+00 3.200829e-03
<GCONST> 9.536041e+01
<MIXTURE> 19 9.912824e-03
<MEAN> 25
 -1.036133e+01 1.711163e+00 1.101114e+00 1.070575e-02 4.013178e+00 9.360738e-01 3.157552e+00 2.088718e+00 1.729775e+00 6.842530e-01 2.488112e-01 2.683122e+00 1.850441e+00 1.367063e+00 2.455356e+00 8.991856e-01 -1.156296e+00 -8.572049e-01 -9.628397e-01 -1.264706e+00 -1.835814e+00 -1.046492e+00 -5.275146e-01 -7.583184e-01 1.000821e-02
<VARIANCE> 25
 6.358192e+01 2.663773e+01 5.132589e+01 4.358791e+01 2.455160e+01 3.124482e+01 2.402420e+01 3.019611e+01 3.535327e+01 2.325403e+01 2.650328e+01 2.527898e+01 2.899398e+00 1.832147e+00 2.682351e+00 3.027978e+00 1.988588e+00 2.166147e+00 1.903420e+00 2.073911e+00 2.335682e+00 1.707763e+00 1.823565e+00 1.454389e+00 3.290388e-03
<GCONST> 9.078325e+01
<MIXTURE> 20 6.308331e-03
<MEAN> 25
 -1.413784e+01 7.371478e+00 1.564882e+00 5.521197e+00 5.145828e+00 1.612625e+00 5.189870e+00 1.055410e+00 7.061847e-01 9.659829e-01 1.774192e+00 3.670285e-01 -3.232137e+00 -8.872063e-01 -1.694742e+00 2.732781e-01 1.533686e+00 1.927232e+00 2.021379e+00 2.002925e+00 2.132856e+00 1.935039e+00 1.472233e+00 9.126216e-01 4.796252e-02
<VARIANCE> 25
 1.862685e+01 2.190838e+01 3.596836e+01 4.025909e+01 2.965404e+01 2.648654e+01 2.875730e+01 3.121095e+01 2.725971e+01 2.735059e+01 3.137663e+01 2.463276e+01 1.980642e+00 2.042753e+00 1.967354e+00 2.412503e+00 2.576902e+00 2.363523e+00 2.173773e+00 2.190691e+00 2.093431e+00 2.588234e+00 2.650575e+00 1.777509e+00 1.784005e-03
<GCONST> 8.919993e+01
<MIXTURE> 21 7.928653e-03
<MEAN> 25
 3.158001e+00 -5.136083e+00 7.205889e+00 1.187708e+00 -9.649850e+00 -7.154772e+00 -3.078870e+00 5.044994e+00 -3.748228e+00 -4.439616e+00 1.940830e+00 -7.704669e-01 -6.729102e-01 1.362548e+00 2.757861e+00 -4.720631e-01 -1.708810e+00 4.159117e-01 9.545615e-01 -1.461818e+00 -2.306952e+00 7.632818e-01 1.120860e+00 -1.830783e-01 -8.384975e-03
<VARIANCE> 25
 8.754484e+00 1.541368e+01 3.812382e+01 2.890721e+01 2.044069e+01 2.704447e+01 4.156153e+01 3.165399e+01 5.986551e+01 4.299947e+01 2.644991e+01 1.864732e+01 3.161314e-01 8.007821e-01 1.509916e+00 1.413308e+00 1.714812e+00 3.056550e+00 2.781157e+00 3.302785e+00 2.291607e+00 2.879678e+00 1.950072e+00 2.222994e+00 4.068281e-04
<GCONST> 8.421295e+01
<MIXTURE> 22 8.827789e-03
<MEAN> 25
 -1.792141e+01 7.152789e+00 -4.128671e+00 7.387929e+00 4.604331e+00 2.757742e+00 8.399811e+00 1.748458e+00 5.377485e+00 3.302212e+00 5.713064e+00 1.185451e+00 -3.099453e-01 -2.082568e-01 -1.262407e-01 -1.499318e-01 -7.605513e-03 1.364632e-01 1.810710e-01 1.785655e-01 2.488331e-01 2.076023e-01 1.731401e-01 1.918590e-01 8.871968e-03
<VARIANCE> 25
 8.116037e+00 1.683066e+01 1.739711e+01 2.521984e+01 2.289763e+01 2.085952e+01 1.942485e+01 1.870635e+01 1.814330e+01 2.086446e+01 1.926528e+01 1.378623e+01 1.090748e+00 1.358154e+00 1.364838e+00 1.572859e+00 1.408809e+00 1.527264e+00 1.508698e+00 1.533930e+00 1.614112e+00 1.544722e+00 1.357714e+00 1.168632e+00 1.745537e-03
<GCONST> 7.831728e+01
<MIXTURE> 23 6.455497e-03
<MEAN> 25
 7.087978e+00 2.524699e+00 1.567747e+00 2.889719e+00 -4.131260e+00 -1.944419e+00 -3.747926e+00 -6.299523e+00 -3.067787e+00 -1.590620e+00 -2.873760e+00 -2.158838e+00 9.511980e-03 9.344379e-02 5.016834e-03 1.408332e-04 -8.646594e-03 -6.946363e-02 2.263455e-02 1.837467e-02 -1.963538e-02 1.126722e-01 -1.367760e-01 2.172056e-02 -3.867632e-03
<VARIANCE> 25
 1.216703e+01 2.298936e+01 3.176321e+01 3.644493e+01 3.251277e+01 4.942839e+01 6.003508e+01 4.616004e+01 4.780272e+01 4.733923e+01 4.906143e+01 3.397171e+01 1.095248e-01 2.894118e-01 4.360442e-01 4.733948e-01 5.228450e-01 7.211911e-01 6.524563e-01 1.008350e+00 8.249075e-01 9.181345e-01 9.535701e-01 6.678698e-01 1.196894e-04
<GCONST> 7.290397e+01
<MIXTURE> 24 6.455497e-03
<MEAN> 25
 7.087978e+00 2.524699e+00 1.567747e+00 2.889719e+00 -4.131260e+00 -1.944419e+00 -3.747926e+00 -6.299523e+00 -3.067787e+00 -1.590620e+00 -2.873760e+00 -2.158838e+00 9.511980e-03 9.344379e-02 5.016834e-03 1.408332e-04 -8.646594e-03 -6.946363e-02 2.263455e-02 1.837467e-02 -1.963538e-02 1.126722e-01 -1.367760e-01 2.172056e-02 -3.867632e-03
<VARIANCE> 25
 1.216703e+01 2.298936e+01 3.176321e+01 3.644493e+01 3.251277e+01 4.942839e+01 6.003508e+01 4.616004e+01 4.780272e+01 4.733923e+01 4.906143e+01 3.397171e+01 1.095248e-01 2.894118e-01 4.360442e-01 4.733948e-01 5.228450e-01 7.211911e-01 6.524563e-01 1.008350e+00 8.249075e-01 9.181345e-01 9.535701e-01 6.678698e-01 1.196894e-04
<GCONST> 7.290397e+01
<MIXTURE> 25 1.118642e-02
<MEAN> 25
 -5.631359e-01 8.186482e-01 1.718495e+01 -2.006172e+00 -1.042683e+01 -5.741161e-01 -3.990648e+00 -3.268718e+00 -8.986903e+00 -2.497987e+00 3.959532e+00 -1.202025e+00 -2.703097e-02 2.404011e-01 1.119034e-01 1.269450e-01 -2.179547e-01 1.928341e-01 4.883043e-01 -2.162341e-01 -2.146723e-01 1.268542e-01 6.942341e-03 -1.486870e-01 -1.169372e-02
<VARIANCE> 25
 8.024565e+00 1.765184e+01 2.346005e+01 2.702143e+01 3.000190e+01 6.249875e+01 1.418199e+01 2.317787e+01 3.588091e+01 3.076345e+01 1.627745e+01 1.461675e+01 3.720187e-01 1.249277e+00 1.235077e+00 1.871897e+00 2.161386e+00 1.859393e+00 1.760120e+00 1.866940e+00 2.105042e+00 1.918593e+00 1.217979e+00 8.151832e-01 1.092440e-03
<GCONST> 8.038422e+01
<MIXTURE> 26 7.727677e-03
<MEAN> 25
 2.155925e+00 -3.969199e+00 -9.665488e+00 -3.531307e+00 7.476891e+00 4.462489e+00 2.725017e+00 -1.901714e-01 4.206648e+00 4.862097e-01 -2.528883e+00 -9.365737e-01 -4.818373e-01 7.374318e-01 7.462478e-02 9.999635e-01 -1.214218e-02 -6.513723e-02 2.458994e-01 2.543458e-01 3.255144e-01 -6.435177e-02 2.275005e-01 2.657804e-01 -5.361419e-02
<VARIANCE> 25
 1.639316e+01 3.146438e+01 2.141039e+01 5.535512e+01 3.235664e+01 3.297011e+01 3.495534e+01 3.683895e+01 3.772128e+01 4.516531e+01 3.398780e+01 3.391103e+01 1.200246e+00 1.724382e+00 1.677800e+00 1.934255e+00 2.487683e+00 2.342939e+00 2.251327e+00 2.415851e+00 2.133994e+00 2.024705e+00 1.898449e+00 1.842040e+00 2.654085e-03
<GCONST> 9.003823e+01
<MIXTURE> 27 7.727677e-03
<MEAN> 25
 2.155925e+00 -3.969199e+00 -9.665488e+00 -3.531307e+00 7.476891e+00 4.462489e+00 2.725017e+00 -1.901714e-01 4.206648e+00 4.862097e-01 -2.528883e+00 -9.365737e-01 -4.818373e-01 7.374318e-01 7.462478e-02 9.999635e-01 -1.214218e-02 -6.513723e-02 2.458994e-01 2.543458e-01 3.255144e-01 -6.435177e-02 2.275005e-01 2.657804e-01 -5.361419e-02
<VARIANCE> 25
 1.639316e+01 3.146438e+01 2.141039e+01 5.535512e+01 3.235664e+01 3.297011e+01 3.495534e+01 3.683895e+01 3.772128e+01 4.516531e+01 3.398780e+01 3.391103e+01 1.200246e+00 1.724382e+00 1.677800e+00 1.934255e+00 2.487683e+00 2.342939e+00 2.251327e+00 2.415851e+00 2.133994e+00 2.024705e+00 1.898449e+00 1.842040e+00 2.654085e-03
<GCONST> 9.003823e+01
<MIXTURE> 28 5.036674e-03
<MEAN> 25
 -4.791920e+00 9.053735e-01 -2.748812e+00 6.477186e+00 4.495915e+00 3.235420e+00 6.081504e+00 3.361360e+00 5.164478e+00 2.212167e+00 1.228675e+00 2.778197e+00 -1.216043e-01 2.037594e-01 4.628709e-01 7.265591e-01 7.359359e-01 7.888161e-01 5.198458e-01 3.595946e-01 4.167953e-01 4.821815e-01 5.238537e-01 2.435859e-01 -5.288892e-05
<VARIANCE> 25
 1.023534e+01 1.009414e+01 1.520586e+01 1.240702e+01 1.478744e+01 1.646707e+01 1.847006e+01 1.790616e+01 2.067156e+01 1.652206e+01 2.527918e+01 1.389737e+01 2.489580e-01 3.289114e-01 3.766653e-01 4.166214e-01 5.745332e-01 9.071503e-01 1.103331e+00 1.135373e+00 1.085394e+00 9.372011e-01 1.152203e+00 1.100773e+00 8.862335e-07
<GCONST> 6.035396e+01
<MIXTURE> 29 5.036674e-03
<MEAN> 25
 -4.791920e+00 9.053735e-01 -2.748812e+00 6.477186e+00 4.495915e+00 3.235420e+00 6.081504e+00 3.361360e+00 5.164478e+00 2.212167e+00 1.228675e+00 2.778197e+00 -1.216043e-01 2.037594e-01 4.628709e-01 7.265591e-01 7.359359e-01 7.888161e-01 5.198458e-01 3.595946e-01 4.167953e-01 4.821815e-01 5.238537e-01 2.435859e-01 -5.288892e-05
<VARIANCE> 25
 1.023534e+01 1.009414e+01 1.520586e+01 1.240702e+01 1.478744e+01 1.646707e+01 1.847006e+01 1.790616e+01 2.067156e+01 1.652206e+01 2.527918e+01 1.389737e+01 2.489580e-01 3.289114e-01 3.766653e-01 4.166214e-01 5.745332e-01 9.071503e-01 1.103331e+00 1.135373e+00 1.085394e+00 9.372011e-01 1.152203e+00 1.100773e+00 8.862335e-07
<GCONST> 6.035396e+01
<MIXTURE> 30 8.917812e-03
<MEAN> 25
 -4.282859e+00 3.616464e-01 -9.473257e-02 8.678580e+00 7.176338e+00 7.118240e+00 7.604668e+00 6.887039e+00 7.244266e+00 4.403751e+00 5.836339e+00 3.404372e+00 -3.678181e-02 5.900035e-02 5.315861e-02 9.440506e-02 1.166072e-01 7.242040e-02 -2.475935e-02 -1.644910e-02 5.591434e-05 9.737799e-03 8.659327e-02 7.531905e-02 -1.087664e-03
<VARIANCE> 25
 6.354602e+00 1.046539e+01 1.237391e+01 1.299493e+01 1.573365e+01 1.624336e+01 1.730286e+01 1.653705e+01 1.774804e+01 1.784331e+01 2.653860e+01 1.350778e+01 9.258310e-02 1.899481e-01 2.965666e-01 4.406267e-01 6.038465e-01 6.996287e-01 7.233526e-01 7.356111e-01 8.355407e-01 1.202635e+00 8.774841e-01 9.406647e-01 4.659942e-05
<GCONST> 6.033487e+01
<MIXTURE> 31 4.136493e-03
<MEAN> 25
 -3.178677e+00 -5.377765e+00 -2.634701e-01 4.859228e+00 3.208118e+00 1.422298e+00 5.238380e+00 6.993592e+00 3.197832e+00 1.132258e+00 6.026958e+00 2.825759e+00 2.357932e-01 5.066742e-01 -1.801084e-01 2.952165e-01 2.657846e-02 3.785046e-01 2.035981e-01 5.802871e-03 3.373884e-01 4.194223e-01 9.731444e-02 1.213453e-01 -1.778130e-02
<VARIANCE> 25
 7.437664e+00 1.567878e+01 1.748876e+01 1.751146e+01 2.784661e+01 2.294628e+01 2.195371e+01 2.549623e+01 2.650233e+01 2.666907e+01 2.137049e+01 1.856997e+01 1.813250e-01 4.950089e-01 6.384799e-01 7.931055e-01 1.050116e+00 1.052143e+00 1.162414e+00 1.434091e+00 1.334236e+00 1.273718e+00 1.176802e+00 1.068600e+00 2.413220e-04
<GCONST> 7.171156e+01
<MIXTURE> 32 4.136493e-03
<MEAN> 25
 -3.178677e+00 -5.377765e+00 -2.634701e-01 4.859228e+00 3.208118e+00 1.422298e+00 5.238380e+00 6.993592e+00 3.197832e+00 1.132258e+00 6.026958e+00 2.825759e+00 2.357932e-01 5.066742e-01 -1.801084e-01 2.952165e-01 2.657846e-02 3.785046e-01 2.035981e-01 5.802871e-03 3.373884e-01 4.194223e-01 9.731444e-02 1.213453e-01 -1.778130e-02
<VARIANCE> 25
 7.437664e+00 1.567878e+01 1.748876e+01 1.751146e+01 2.784661e+01 2.294628e+01 2.195371e+01 2.549623e+01 2.650233e+01 2.666907e+01 2.137049e+01 1.856997e+01 1.813250e-01 4.950089e-01 6.384799e-01 7.931055e-01 1.050116e+00 1.052143e+00 1.162414e+00 1.434091e+00 1.334236e+00 1.273718e+00 1.176802e+00 1.068600e+00 2.413220e-04
<GCONST> 7.171156e+01
<MIXTURE> 33 1.508826e-02
<MEAN> 25
 5.038226e+00 -5.359365e+00 -3.880985e-01 -1.489699e+00 -1.098886e+00 -4.842571e+00 -6.279175e+00 2.006563e+00 1.817870e+00 -5.822259e-01 -2.059061e+00 -3.218798e+00 6.895735e-01 -4.317173e-01 -2.563320e+00 -2.168814e+00 2.066499e+00 2.039324e+00 -1.331838e+00 -2.327014e-01 1.418868e+00 9.476871e-01 -2.597429e-01 -1.641433e+00 1.678201e-02
<VARIANCE> 25
 9.362089e+00 1.971526e+01 2.511644e+01 3.374021e+01 4.844441e+01 3.239092e+01 4.528268e+01 4.099940e+01 4.131957e+01 3.362449e+01 2.850300e+01 2.110174e+01 1.373933e+00 1.811708e+00 2.663337e+00 2.152946e+00 3.563530e+00 4.118361e+00 4.189821e+00 4.432680e+00 3.881434e+00 3.115499e+00 2.717163e+00 1.943748e+00 2.258017e-03
<GCONST> 9.275769e+01
<MIXTURE> 34 1.588179e-02
<MEAN> 25
 7.506479e+00 -9.152622e-01 -3.384143e-01 1.213294e+00 -1.506144e+00 2.491639e-01 -6.081736e+00 -4.824634e+00 -1.146358e+00 -9.304355e-01 7.681561e-01 -3.536256e+00 6.532890e-02 1.317860e+00 4.443350e-01 1.961212e+00 -2.243825e-01 -2.037590e-01 1.399445e+00 -1.297593e+00 -5.669208e-02 -3.109217e-01 -6.768191e-01 3.309609e-01 -6.239505e-02
<VARIANCE> 25
 7.074383e+00 2.668580e+01 2.341337e+01 3.581864e+01 3.652966e+01 3.676987e+01 4.873903e+01 4.322292e+01 4.060168e+01 3.883382e+01 4.837288e+01 2.150768e+01 9.879218e-01 1.338727e+00 4.153021e+00 3.657302e+00 5.242849e+00 5.199072e+00 4.893518e+00 5.165622e+00 4.539710e+00 4.929916e+00 3.612272e+00 3.521292e+00 9.366826e-04
<GCONST> 9.529903e+01
<MIXTURE> 35 1.467755e-02
<MEAN> 25
 -3.203707e+00 -4.767215e+00 -8.041408e+00 -3.170009e-01 7.857411e+00 -2.928207e+00 3.490977e+00 1.849615e+00 1.146079e+00 3.077514e+00 -8.540348e-01 2.706947e+00 3.800829e-01 -8.638215e-01 -5.813247e-01 -1.181273e+00 8.929023e-01 -6.699839e-01 -1.014990e+00 -6.383065e-02 1.674840e-01 3.398976e-01 -5.284125e-01 -3.424567e-01 9.695146e-02
<VARIANCE> 25
 2.209808e+01 2.678184e+01 4.366553e+01 5.041766e+01 4.098941e+01 8.201120e+01 4.898787e+01 3.892299e+01 5.268439e+01 3.311354e+01 2.844686e+01 2.987246e+01 3.629279e+00 3.082834e+00 6.064147e+00 4.541958e+00 6.378605e+00 5.145751e+00 6.046184e+00 4.357269e+00 4.930671e+00 3.356165e+00 3.611667e+00 3.448628e+00 4.022890e-03
<GCONST> 1.022153e+02
<MIXTURE> 36 1.093293e-02
<MEAN> 25
 4.413055e+00 -5.684301e+00 6.935031e+00 3.426330e+00 -1.065826e+01 -7.914801e+00 -5.595691e+00 2.662568e+00 -2.466666e+00 -4.929846e+00 3.808889e+00 -4.787415e-01 4.863046e-01 1.689491e-01 -1.193755e+00 -1.895737e-02 1.026267e+00 4.630897e-01 -9.157276e-01 -5.616459e-01 3.653970e-01 7.910401e-01 -6.157456e-02 -8.579518e-01 -1.941443e-02
<VARIANCE> 25
 8.035818e+00 2.721513e+01 1.947404e+01 2.030469e+01 3.261453e+01 2.433600e+01 4.410700e+01 3.080866e+01 3.202279e+01 2.884387e+01 2.750183e+01 2.833125e+01 4.983639e-01 6.693794e-01 1.515843e+00 1.052068e+00 1.582382e+00 2.067479e+00 2.282088e+00 2.331103e+00 2.050183e+00 2.011708e+00 2.096533e+00 1.940021e+00 7.425709e-04
<GCONST> 8.253233e+01
<MIXTURE> 37 1.246826e-02
<MEAN> 25
 -1.407741e-02 6.276892e+00 1.319745e+01 -3.738244e+00 -7.361450e+00 -4.619408e-01 -3.270052e+00 -6.670156e+00 -3.620704e+00 -1.206845e+00 -2.758449e+00 -1.269964e+00 2.619283e-01 1.037179e+00 -1.811336e+00 3.231582e+00 1.896440e+00 -4.255981e-01 1.091672e+00 3.715877e-01 1.363214e+00 -5.071637e-01 -9.102938e-02 -1.030108e-01 -9.366218e-02
<VARIANCE> 25
 1.489961e+01 2.609781e+01 4.147967e+01 4.359141e+01 2.915770e+01 3.239160e+01 3.908415e+01 3.273033e+01 3.583029e+01 2.871897e+01 3.273650e+01 2.514542e+01 2.208112e+00 2.996191e+00 2.517480e+00 3.376362e+00 3.977611e+00 3.007767e+00 4.234226e+00 3.068001e+00 4.440590e+00 2.721122e+00 4.002019e+00 2.322760e+00 2.954089e-03
<GCONST> 9.503680e+01
<MIXTURE> 38 1.154525e-02
<MEAN> 25
 -4.956851e+00 7.448967e+00 6.091259e+00 1.654833e+00 2.791935e+00 -5.955703e+00 -4.804651e-01 -2.506901e+00 -3.455447e+00 -1.263599e+00 -3.050792e+00 2.144571e+00 -3.927343e+00 1.005818e+00 -3.648327e-01 5.516279e-01 2.500725e+00 4.431421e-01 2.240172e+00 4.452688e-01 6.742432e-01 5.007386e-01 1.680194e-01 1.329339e+00 4.523144e-02
<VARIANCE> 25
 2.446302e+01 3.154248e+01 4.874004e+01 3.734423e+01 4.119162e+01 3.604070e+01 2.864567e+01 3.233996e+01 3.970953e+01 2.706875e+01 2.374176e+01 3.162403e+01 1.976980e+00 3.825889e+00 3.618677e+00 4.427549e+00 3.341244e+00 5.020221e+00 4.516189e+00 3.893863e+00 4.562830e+00 3.850600e+00 4.635015e+00 3.396497e+00 2.301439e-03
<GCONST> 9.786996e+01
<MIXTURE> 39 9.501865e-03
<MEAN> 25
 1.546649e+00 6.236610e-01 1.115377e+01 -7.973901e+00 -9.621646e+00 1.133209e+00 -3.757974e+00 -4.894005e+00 -5.937557e+00 -3.720962e-01 -1.493928e+00 -2.636967e+00 -7.860047e-01 1.395742e+00 1.598691e+00 -1.805525e+00 -1.558218e-01 1.439691e+00 -7.212551e-01 -7.425617e-01 1.877719e-01 5.466780e-01 -5.607422e-01 3.332367e-02 3.405663e-03
<VARIANCE> 25
 6.876969e+00 2.976147e+01 2.739857e+01 3.405452e+01 3.936659e+01 6.034990e+01 3.311938e+01 4.173405e+01 3.994936e+01 2.626061e+01 3.274272e+01 2.269580e+01 6.006813e-01 1.344393e+00 1.376982e+00 2.860481e+00 2.076395e+00 2.638895e+00 3.534442e+00 3.310129e+00 2.285936e+00 2.386431e+00 1.912906e+00 1.588448e+00 1.229311e-03
<GCONST> 8.810215e+01
<MIXTURE> 40 1.030800e-02
<MEAN> 25
 -6.644961e+00 3.236864e+00 -3.458205e+00 7.008472e+00 3.298294e+00 4.584542e+00 6.001992e+00 3.783897e+00 5.824482e+00 3.717966e+00 3.603559e+00 1.626416e+00 -6.415068e-02 -1.678139e-01 -6.354540e-02 -1.544788e-01 -3.913602e-03 -5.930913e-02 1.072679e-01 1.204088e-01 -6.377616e-02 4.246952e-02 5.691420e-02 1.016672e-01 2.114079e-03
<VARIANCE> 25
 4.194190e+01 1.674052e+01 3.107754e+01 2.445914e+01 2.037267e+01 1.705794e+01 2.046797e+01 1.538785e+01 1.742850e+01 1.443077e+01 2.264959e+01 1.241870e+01 7.486658e-01 5.664756e-01 7.338663e-01 9.802954e-01 9.558633e-01 1.195542e+00 1.099506e+00 1.268643e+00 1.213915e+00 1.215010e+00 1.262285e+00 8.853474e-01 7.070023e-04
<GCONST> 7.442903e+01
<MIXTURE> 41 6.713375e-03
<MEAN> 25
 9.330518e-01 1.576801e+00 1.081653e+01 -5.587060e+00 -9.362422e+00 -2.297180e+00 -2.353183e+00 -4.900235e+00 -5.009249e+00 1.801293e+00 -1.466717e+00 -1.359473e+00 -2.318994e-01 -6.342637e-01 2.038179e+00 -3.190359e+00 -2.105756e+00 -5.110689e-02 -6.709459e-01 -3.892432e-01 -1.048184e+00 9.878011e-01 -8.971016e-01 3.687571e-01 8.486752e-02
<VARIANCE> 25
 1.243177e+01 3.201247e+01 3.340294e+01 4.061540e+01 4.049378e+01 5.196517e+01 3.232893e+01 3.480723e+01 3.267606e+01 2.731990e+01 2.871993e+01 2.700916e+01 3.151129e+00 3.172633e+00 3.727344e+00 4.212749e+00 4.988065e+00 6.495940e+00 4.738253e+00 4.517179e+00 3.882308e+00 3.621049e+00 3.603534e+00 3.525558e+00 2.633798e-03
<GCONST> 9.811537e+01
<MIXTURE> 42 1.106211e-02
<MEAN> 25
 -3.345879e+00 2.447324e+00 6.458538e+00 3.434727e+00 6.507633e-01 -7.996869e+00 3.606908e-01 -7.696187e-01 -2.201733e+00 -2.381018e+00 -2.345579e+00 2.824898e+00 3.620723e+00 -5.563902e-01 1.898850e+00 9.618163e-01 -2.546680e+00 -2.051802e-01 -2.531059e+00 -7.664452e-01 -1.137835e+00 -6.061177e-01 1.319006e+00 -1.456435e+00 2.029604e-02
<VARIANCE> 25
 2.694820e+01 1.895095e+01 4.280618e+01 1.894778e+01 2.991387e+01 3.948084e+01 2.784576e+01 2.153317e+01 3.252797e+01 1.853891e+01 1.666334e+01 2.259246e+01 3.624990e+00 2.950855e+00 5.521886e+00 4.024722e+00 5.050751e+00 4.749770e+00 3.545958e+00 4.700906e+00 5.451297e+00 2.733633e+00 3.425756e+00 2.861704e+00 4.264378e-03
<GCONST> 9.567335e+01
<MIXTURE> 43 7.108249e-03
<MEAN> 25
 3.031481e+00 -5.882181e+00 -2.407046e+00 -4.625209e+00 -7.415043e+00 -3.666728e+00 4.018255e+00 1.154669e+00 -4.478668e+00 -6.561318e+00 -4.247509e+00 -1.709370e+00 2.398719e-01 1.999868e+00 1.821368e+00 -7.987535e-02 -1.618072e+00 -7.597551e-01 -1.052195e+00 -7.678697e-01 7.284288e-01 1.441345e+00 2.409353e-01 -4.461269e-02 -4.558898e-02
<VARIANCE> 25
 9.127493e+00 2.027867e+01 2.709862e+01 3.634430e+01 3.604673e+01 3.495984e+01 3.112287e+01 3.775200e+01 4.173953e+01 3.925227e+01 2.523380e+01 2.993915e+01 6.422341e-01 1.490629e+00 1.556011e+00 2.398355e+00 2.749416e+00 2.238089e+00 2.590954e+00 2.819791e+00 2.525096e+00 2.459547e+00 2.293624e+00 1.833479e+00 8.877844e-04
<GCONST> 8.761195e+01
<MIXTURE> 44 7.328289e-03
<MEAN> 25
 -1.369596e+01 1.418076e+00 3.821520e+00 -4.017731e+00 4.657908e+00 9.367274e-02 8.894330e-01 2.256523e+00 -7.443902e-02 -4.999478e-01 -2.478086e-02 3.464707e+00 -2.984318e-01 3.660327e-03 1.970636e-01 4.064012e-01 -3.185628e-01 2.839085e-01 4.116203e-01 5.004350e-02 1.305500e-01 4.764610e-02 2.083060e-01 8.197029e-02 8.122044e-03
<VARIANCE> 25
 5.292828e+01 2.777115e+01 2.680647e+01 2.425962e+01 2.472285e+01 3.780969e+01 2.297976e+01 3.703431e+01 3.006656e+01 2.328179e+01 3.120157e+01 2.414820e+01 1.166757e+00 1.548735e+00 1.838302e+00 1.579566e+00 1.765862e+00 1.388275e+00 1.299811e+00 1.542021e+00 1.576009e+00 1.434277e+00 1.246564e+00 1.231087e+00 1.176249e-03
<GCONST> 8.422794e+01
<MIXTURE> 45 1.364932e-02
<MEAN> 25
 -1.144714e+01 2.283220e+00 -4.474104e-01 -4.626359e-02 6.622969e+00 -2.471426e+00 4.600201e+00 3.708501e+00 2.742493e+00 3.201554e+00 -1.178347e-01 4.059314e+00 -2.911757e+00 3.839943e-01 -1.660893e-01 -5.033165e-01 2.630775e-01 -4.634383e-01 8.570893e-01 2.217046e-01 -8.430009e-02 -7.017560e-02 3.416358e-01 -8.770061e-03 9.501402e-02
<VARIANCE> 25
 3.414389e+01 2.837610e+01 2.773806e+01 3.180211e+01 2.927370e+01 3.415596e+01 2.447906e+01 3.837843e+01 3.422168e+01 1.987776e+01 2.749133e+01 1.577000e+01 1.913045e+00 3.370081e+00 3.890174e+00 1.838038e+00 2.588164e+00 2.416591e+00 1.904043e+00 1.739214e+00 1.941078e+00 1.793518e+00 1.751694e+00 1.515358e+00 3.197565e-03
<GCONST> 8.929257e+01
<MIXTURE> 46 9.336259e-03
<MEAN> 25
 -9.318647e+00 2.377072e+00 1.193353e+00 7.375129e+00 5.859144e+00 3.212818e+00 7.015306e+00 4.487201e+00 5.697747e+00 4.633713e+00 4.857345e+00 2.877799e+00 1.042007e+00 -2.308902e-01 -1.862666e-03 1.015899e+00 5.815015e-01 9.018196e-01 3.852222e-01 6.501815e-01 4.894145e-01 4.986223e-01 6.147217e-01 5.270030e-01 -1.041914e-01
<VARIANCE> 25
 3.479787e+01 4.353098e+01 3.854228e+01 5.105879e+01 5.049552e+01 4.111686e+01 3.689134e+01 3.500685e+01 3.309122e+01 3.072086e+01 2.930122e+01 2.037753e+01 3.866279e+00 4.069144e+00 3.951265e+00 4.104168e+00 4.165033e+00 3.730873e+00 3.343097e+00 3.137103e+00 3.003165e+00 2.841130e+00 2.328469e+00 1.767731e+00 7.930219e-03
<GCONST> 9.832983e+01
<MIXTURE> 47 7.116147e-03
<MEAN> 25
 6.463824e+00 -6.912028e+00 -7.286053e+00 -6.968966e+00 2.022101e+00 2.124817e+00 -2.906982e+00 5.133858e-01 2.488767e+00 1.474995e+00 -2.338610e+00 -5.713249e+00 -2.533339e-01 -1.160552e+00 -6.869389e-01 -5.928243e-01 5.520353e-01 7.288985e-01 7.896467e-01 4.958597e-01 4.540919e-01 -5.545017e-01 -5.942617e-01 -5.662662e-01 2.893437e-02
<VARIANCE> 25
 1.063705e+01 1.736848e+01 1.848793e+01 3.023359e+01 3.203116e+01 4.910798e+01 3.927017e+01 3.875906e+01 3.737580e+01 4.595425e+01 5.494534e+01 2.974318e+01 4.778565e-01 7.329589e-01 9.871410e-01 1.637748e+00 1.763844e+00 1.951862e+00 2.320438e+00 2.219601e+00 2.257704e+00 2.166513e+00 1.861975e+00 2.076347e+00 4.883110e-04
<GCONST> 8.464996e+01
<MIXTURE> 48 7.116147e-03
<MEAN> 25
 6.463824e+00 -6.912028e+00 -7.286053e+00 -6.968966e+00 2.022101e+00 2.124817e+00 -2.906982e+00 5.133858e-01 2.488767e+00 1.474995e+00 -2.338610e+00 -5.713249e+00 -2.533339e-01 -1.160552e+00 -6.869389e-01 -5.928243e-01 5.520353e-01 7.288985e-01 7.896467e-01 4.958597e-01 4.540919e-01 -5.545017e-01 -5.942617e-01 -5.662662e-01 2.893437e-02
<VARIANCE> 25
 1.063705e+01 1.736848e+01 1.848793e+01 3.023359e+01 3.203116e+01 4.910798e+01 3.927017e+01 3.875906e+01 3.737580e+01 4.595425e+01 5.494534e+01 2.974318e+01 4.778565e-01 7.329589e-01 9.871410e-01 1.637748e+00 1.763844e+00 1.951862e+00 2.320438e+00 2.219601e+00 2.257704e+00 2.166513e+00 1.861975e+00 2.076347e+00 4.883110e-04
<GCONST> 8.464996e+01
<MIXTURE> 49 5.548473e-03
<MEAN> 25
 -4.783090e+00 6.264115e-01 -8.052601e-01 8.120672e+00 5.608641e+00 5.440591e+00 6.168489e+00 4.943583e+00 6.090607e+00 3.237295e+00 3.851059e+00 2.404656e+00 3.633306e-01 6.665918e-01 6.489558e-01 3.203889e-01 -2.242202e-01 -6.635532e-01 -8.390079e-01 -1.113868e+00 -9.020101e-01 -5.063272e-01 -4.355971e-01 -2.894513e-01 -3.593889e-04
<VARIANCE> 25
 8.661572e+00 1.069376e+01 1.646482e+01 1.448836e+01 1.531150e+01 1.593124e+01 1.766206e+01 1.864698e+01 2.126294e+01 1.742157e+01 2.317897e+01 1.424543e+01 2.505539e-01 2.746886e-01 3.206725e-01 5.490400e-01 8.090209e-01 9.323851e-01 1.080765e+00 9.643849e-01 1.036362e+00 1.443058e+00 1.284091e+00 1.150221e+00 1.593276e-05
<GCONST> 6.405010e+01
<MIXTURE> 50 6.234641e-03
<MEAN> 25
 -3.868605e+00 1.875660e+00 -3.313367e+00 6.597784e+00 3.483120e+00 2.271443e+00 5.211010e+00 2.201086e+00 4.591164e+00 1.182621e+00 4.350396e-02 1.709993e+00 1.764091e-02 1.793264e-01 9.713109e-02 -1.380600e-01 -3.730685e-01 -6.561998e-01 -6.088583e-01 1.506777e-02 4.357884e-01 7.043311e-01 7.750396e-01 5.406097e-01 1.259999e-05
<VARIANCE> 25
 8.182129e+00 1.280020e+01 1.522426e+01 1.243429e+01 1.206176e+01 1.584205e+01 1.909564e+01 1.652419e+01 1.919321e+01 1.351770e+01 2.295289e+01 1.342123e+01 1.251841e-01 2.044628e-01 3.152251e-01 4.689012e-01 5.850988e-01 8.584611e-01 1.044206e+00 9.206996e-01 8.824818e-01 7.810614e-01 9.090241e-01 8.964844e-01 7.633598e-07
<GCONST> 5.717010e+01
<MIXTURE> 51 6.234641e-03
<MEAN> 25
 -3.868605e+00 1.875660e+00 -3.313367e+00 6.597784e+00 3.483120e+00 2.271443e+00 5.211010e+00 2.201086e+00 4.591164e+00 1.182621e+00 4.350396e-02 1.709993e+00 1.764091e-02 1.793264e-01 9.713109e-02 -1.380600e-01 -3.730685e-01 -6.561998e-01 -6.088583e-01 1.506777e-02 4.357884e-01 7.043311e-01 7.750396e-01 5.406097e-01 1.259999e-05
<VARIANCE> 25
 8.182129e+00 1.280020e+01 1.522426e+01 1.243429e+01 1.206176e+01 1.584205e+01 1.909564e+01 1.652419e+01 1.919321e+01 1.351770e+01 2.295289e+01 1.342123e+01 1.251841e-01 2.044628e-01 3.152251e-01 4.689012e-01 5.850988e-01 8.584611e-01 1.044206e+00 9.206996e-01 8.824818e-01 7.810614e-01 9.090241e-01 8.964844e-01 7.633598e-07
<GCONST> 5.717010e+01
<MIXTURE> 52 6.367945e-03
<MEAN> 25
 9.296848e+00 6.826035e-01 -6.010759e+00 -1.285456e+01 -2.710041e+00 9.628408e+00 -3.316526e+00 -3.435297e+00 -4.340361e+00 -1.640377e+00 3.735397e+00 2.112566e+00 -4.816064e-01 -7.096254e-01 -7.533472e-02 6.128635e-01 1.370581e+00 -5.430771e-01 -4.111223e-01 -5.689254e-01 4.452649e-01 1.478452e+00 2.240625e-01 -4.561276e-01 -3.478697e-03
<VARIANCE> 25
 8.161893e+00 2.193554e+01 1.876541e+01 3.600705e+01 3.610880e+01 2.593061e+01 4.580242e+01 3.518842e+01 4.233124e+01 3.580284e+01 4.065696e+01 2.789411e+01 3.826019e-01 1.561867e+00 1.032622e+00 3.141896e+00 1.954169e+00 2.119319e+00 2.329302e+00 2.223769e+00 3.137005e+00 2.702216e+00 1.991807e+00 2.143288e+00 1.520285e-03
<GCONST> 8.706215e+01
<MIXTURE> 53 6.367945e-03
<MEAN> 25
 9.296848e+00 6.826035e-01 -6.010759e+00 -1.285456e+01 -2.710041e+00 9.628408e+00 -3.316526e+00 -3.435297e+00 -4.340361e+00 -1.640377e+00 3.735397e+00 2.112566e+00 -4.816064e-01 -7.096254e-01 -7.533472e-02 6.128635e-01 1.370581e+00 -5.430771e-01 -4.111223e-01 -5.689254e-01 4.452649e-01 1.478452e+00 2.240625e-01 -4.561276e-01 -3.478697e-03
<VARIANCE> 25
 8.161893e+00 2.193554e+01 1.876541e+01 3.600705e+01 3.610880e+01 2.593061e+01 4.580242e+01 3.518842e+01 4.233124e+01 3.580284e+01 4.065696e+01 2.789411e+01 3.826019e-01 1.561867e+00 1.032622e+00 3.141896e+00 1.954169e+00 2.119319e+00 2.329302e+00 2.223769e+00 3.137005e+00 2.702216e+00 1.991807e+00 2.143288e+00 1.520285e-03
<GCONST> 8.706215e+01
<MIXTURE> 54 7.368620e-03
<MEAN> 25
 -3.405116e+00 7.390354e-01 -1.505167e+00 7.759231e+00 6.066801e+00 4.445112e+00 5.150056e+00 4.425008e+00 4.647348e+00 3.416764e+00 3.515520e+00 1.913820e+00 6.795187e-03 2.715586e-02 5.299691e-02 3.890328e-02 4.146340e-02 8.135997e-02 2.658642e-02 2.309576e-02 7.554109e-02 6.215374e-02 1.945148e-02 -1.218845e-02 -1.578962e-05
<VARIANCE> 25
 8.451102e+00 1.247671e+01 1.257827e+01 1.682823e+01 1.352213e+01 1.249875e+01 1.245031e+01 1.140902e+01 1.274650e+01 1.243947e+01 2.210604e+01 1.319240e+01 4.378035e-02 8.903921e-02 1.435911e-01 2.281724e-01 3.080544e-01 3.985502e-01 5.103557e-01 5.378524e-01 5.471284e-01 4.997817e-01 5.200494e-01 5.087975e-01 9.197774e-07
<GCONST> 4.790660e+01
<MIXTURE> 55 7.368620e-03
<MEAN> 25
 -3.405116e+00 7.390354e-01 -1.505167e+00 7.759231e+00 6.066801e+00 4.445112e+00 5.150056e+00 4.425008e+00 4.647348e+00 3.416764e+00 3.515520e+00 1.913820e+00 6.795187e-03 2.715586e-02 5.299691e-02 3.890328e-02 4.146340e-02 8.135997e-02 2.658642e-02 2.309576e-02 7.554109e-02 6.215374e-02 1.945148e-02 -1.218845e-02 -1.578962e-05
<VARIANCE> 25
 8.451102e+00 1.247671e+01 1.257827e+01 1.682823e+01 1.352213e+01 1.249875e+01 1.245031e+01 1.140902e+01 1.274650e+01 1.243947e+01 2.210604e+01 1.319240e+01 4.378035e-02 8.903921e-02 1.435911e-01 2.281724e-01 3.080544e-01 3.985502e-01 5.103557e-01 5.378524e-01 5.471284e-01 4.997817e-01 5.200494e-01 5.087975e-01 9.197774e-07
<GCONST> 4.790660e+01
<MIXTURE> 56 6.132464e-03
<MEAN> 25
 5.452602e+00 -5.077963e+00 -9.136634e+00 -9.323515e+00 3.995910e+00 5.289507e+00 -1.204678e+00 -1.634975e+00 2.822919e+00 2.303370e+00 -3.772752e-01 -5.127174e+00 -7.618554e-02 -4.786812e-02 -1.002687e-01 -1.960833e-02 2.014271e-01 9.988686e-02 1.377248e-01 2.895136e-02 -2.406331e-02 -1.562998e-01 -2.360169e-01 3.562408e-03 -7.922752e-03
<VARIANCE> 25
 9.405676e+00 2.699846e+01 1.599292e+01 3.887130e+01 2.538698e+01 4.435490e+01 3.906465e+01 2.602905e+01 3.171137e+01 3.219548e+01 3.162604e+01 2.627653e+01 1.876256e-01 4.406692e-01 3.953860e-01 7.894115e-01 8.182404e-01 1.257774e+00 8.303049e-01 8.762804e-01 8.855487e-01 7.902097e-01 1.280446e+00 6.858248e-01 2.676306e-04
<GCONST> 7.285921e+01
<MIXTURE> 57 6.132464e-03
<MEAN> 25
 5.452602e+00 -5.077963e+00 -9.136634e+00 -9.323515e+00 3.995910e+00 5.289507e+00 -1.204678e+00 -1.634975e+00 2.822919e+00 2.303370e+00 -3.772752e-01 -5.127174e+00 -7.618554e-02 -4.786812e-02 -1.002687e-01 -1.960833e-02 2.014271e-01 9.988686e-02 1.377248e-01 2.895136e-02 -2.406331e-02 -1.562998e-01 -2.360169e-01 3.562408e-03 -7.922752e-03
<VARIANCE> 25
 9.405676e+00 2.699846e+01 1.599292e+01 3.887130e+01 2.538698e+01 4.435490e+01 3.906465e+01 2.602905e+01 3.171137e+01 3.219548e+01 3.162604e+01 2.627653e+01 1.876256e-01 4.406692e-01 3.953860e-01 7.894115e-01 8.182404e-01 1.257774e+00 8.303049e-01 8.762804e-01 8.855487e-01 7.902097e-01 1.280446e+00 6.858248e-01 2.676306e-04
<GCONST> 7.285921e+01
<MIXTURE> 58 6.172147e-03
<MEAN> 25
 1.966430e+00 -2.966895e+00 7.704224e+00 -3.881293e+00 -1.252644e+01 -6.534448e+00 1.684166e+00 1.785879e+00 -3.319354e+00 2.687929e+00 1.023826e+00 -7.914792e-01 -3.413076e-02 -5.547631e-02 -2.753703e-02 -2.381845e-01 -1.625876e-01 3.307128e-01 2.867869e-01 4.060236e-02 -1.348251e-01 -8.289424e-02 -1.560594e-01 -2.803307e-02 -7.857946e-03
<VARIANCE> 25
 6.528238e+00 1.364947e+01 3.668147e+01 2.604643e+01 2.082997e+01 4.515295e+01 3.321478e+01 2.981872e+01 4.243406e+01 2.988137e+01 1.997989e+01 1.906666e+01 2.565449e-01 6.656457e-01 7.019057e-01 9.264840e-01 9.446954e-01 1.311592e+00 1.076368e+00 1.310365e+00 1.058353e+00 1.160809e+00 9.935464e-01 8.337857e-01 6.945073e-04
<GCONST> 7.523711e+01
<MIXTURE> 59 6.172147e-03
<MEAN> 25
 1.966430e+00 -2.966895e+00 7.704224e+00 -3.881293e+00 -1.252644e+01 -6.534448e+00 1.684166e+00 1.785879e+00 -3.319354e+00 2.687929e+00 1.023826e+00 -7.914792e-01 -3.413076e-02 -5.547631e-02 -2.753703e-02 -2.381845e-01 -1.625876e-01 3.307128e-01 2.867869e-01 4.060236e-02 -1.348251e-01 -8.289424e-02 -1.560594e-01 -2.803307e-02 -7.857946e-03
<VARIANCE> 25
 6.528238e+00 1.364947e+01 3.668147e+01 2.604643e+01 2.082997e+01 4.515295e+01 3.321478e+01 2.981872e+01 4.243406e+01 2.988137e+01 1.997989e+01 1.906666e+01 2.565449e-01 6.656457e-01 7.019057e-01 9.264840e-01 9.446954e-01 1.311592e+00 1.076368e+00 1.310365e+00 1.058353e+00 1.160809e+00 9.935464e-01 8.337857e-01 6.945073e-04
<GCONST> 7.523711e+01
<MIXTURE> 60 4.479129e-03
<MEAN> 25
 -4.162354e+00 -4.327789e-01 -1.457523e+00 3.835786e+00 1.656961e+00 1.961783e+00 1.906851e+00 1.891195e+00 2.636086e+00 1.150111e+00 2.168906e+00 1.752163e+00 -1.138654e-02 5.770801e-02 5.567659e-02 1.123164e-01 1.410874e-01 1.733175e-01 1.716468e-01 3.032593e-01 5.888601e-01 6.546476e-01 5.029604e-01 3.017989e-01 -9.263785e-04
<VARIANCE> 25
 6.617088e+00 5.148964e+00 1.089136e+01 1.083565e+01 1.286994e+01 1.583980e+01 1.379405e+01 1.265689e+01 1.417495e+01 1.275134e+01 1.561081e+01 1.171342e+01 9.039222e-02 1.602383e-01 2.902886e-01 4.300197e-01 5.783634e-01 7.169120e-01 7.614856e-01 8.759683e-01 8.841439e-01 8.077272e-01 8.474012e-01 8.322456e-01 2.571462e-05
<GCONST> 5.627679e+01
<MIXTURE> 61 4.479129e-03
<MEAN> 25
 -4.162354e+00 -4.327789e-01 -1.457523e+00 3.835786e+00 1.656961e+00 1.961783e+00 1.906851e+00 1.891195e+00 2.636086e+00 1.150111e+00 2.168906e+00 1.752163e+00 -1.138654e-02 5.770801e-02 5.567659e-02 1.123164e-01 1.410874e-01 1.733175e-01 1.716468e-01 3.032593e-01 5.888601e-01 6.546476e-01 5.029604e-01 3.017989e-01 -9.263785e-04
<VARIANCE> 25
 6.617088e+00 5.148964e+00 1.089136e+01 1.083565e+01 1.286994e+01 1.583980e+01 1.379405e+01 1.265689e+01 1.417495e+01 1.275134e+01 1.561081e+01 1.171342e+01 9.039222e-02 1.602383e-01 2.902886e-01 4.300197e-01 5.783634e-01 7.169120e-01 7.614856e-01 8.759683e-01 8.841439e-01 8.077272e-01 8.474012e-01 8.322456e-01 2.571462e-05
<GCONST> 5.627679e+01
<MIXTURE> 62 3.278034e-03
<MEAN> 25
 -5.074366e+00 1.255900e+00 9.709647e-01 8.795283e+00 6.107520e+00 5.031451e+00 5.513451e+00 4.053003e+00 5.038652e+00 3.911510e+00 4.912294e+00 2.935554e+00 -9.973007e-01 -1.161555e+00 -9.496933e-01 -2.765881e-01 4.253049e-01 1.007853e+00 1.383129e+00 1.544115e+00 1.474382e+00 1.240085e+00 1.069977e+00 7.265684e-01 -1.252867e-03
<VARIANCE> 25
 9.857744e+00 9.934241e+00 1.347176e+01 1.670811e+01 1.740676e+01 1.759983e+01 1.962387e+01 1.908122e+01 1.915470e+01 1.863543e+01 2.187593e+01 1.477236e+01 4.057194e-01 4.331187e-01 5.550017e-01 7.790425e-01 1.032730e+00 1.190277e+00 1.252568e+00 1.289628e+00 1.328236e+00 1.366298e+00 1.397868e+00 1.369121e+00 1.632001e-05
<GCONST> 6.758421e+01
<MIXTURE> 63 4.351215e-03
<MEAN> 25
 -2.305054e+00 1.064019e+00 -6.744401e+00 3.594558e+00 2.183836e+00 3.926976e-03 3.816792e+00 1.990146e+00 5.964231e+00 -3.782124e-02 -2.278784e+00 1.108545e+00 -1.708502e-01 2.155311e-01 2.973053e-01 5.389586e-01 2.934202e-01 3.740917e-01 5.000221e-01 2.517054e-01 1.990215e-01 1.488544e-01 2.070487e-03 2.624007e-01 -7.180476e-03
<VARIANCE> 25
 7.575469e+00 1.638136e+01 1.474598e+01 1.208637e+01 1.371422e+01 1.757412e+01 1.651395e+01 1.961493e+01 2.089834e+01 1.560428e+01 1.760729e+01 1.422432e+01 2.086898e-01 3.644145e-01 5.887255e-01 5.920894e-01 9.062964e-01 1.175001e+00 1.040180e+00 1.396879e+00 9.486006e-01 1.112152e+00 1.451095e+00 1.140051e+00 1.266352e-04
<GCONST> 6.691585e+01
<MIXTURE> 64 4.351215e-03
<MEAN> 25
 -2.305054e+00 1.064019e+00 -6.744401e+00 3.594558e+00 2.183836e+00 3.926976e-03 3.816792e+00 1.990146e+00 5.964231e+00 -3.782124e-02 -2.278784e+00 1.108545e+00 -1.708502e-01 2.155311e-01 2.973053e-01 5.389586e-01 2.934202e-01 3.740917e-01 5.000221e-01 2.517054e-01 1.990215e-01 1.488544e-01 2.070487e-03 2.624007e-01 -7.180476e-03
<VARIANCE> 25
 7.575469e+00 1.638136e+01 1.474598e+01 1.208637e+01 1.371422e+01 1.757412e+01 1.651395e+01 1.961493e+01 2.089834e+01 1.560428e+01 1.760729e+01 1.422432e+01 2.086898e-01 3.644145e-01 5.887255e-01 5.920894e-01 9.062964e-01 1.175001e+00 1.040180e+00 1.396879e+00 9.486006e-01 1.112152e+00 1.451095e+00 1.140051e+00 1.266352e-04
<GCONST> 6.691585e+01
<MIXTURE> 65 1.721197e-02
<MEAN> 25
 7.006742e+00 1.100683e+00 1.378204e+00 1.722386e+00 -4.273099e+00 -2.211857e+00 -4.740327e+00 -6.082604e+00 -3.495040e+00 -3.032930e+00 -2.684963e+00 -2.530758e+00 1.079092e-01 5.836765e-02 1.505370e-02 -2.222637e-04 -1.105562e-01 3.382888e-01 -8.944793e-02 -3.207741e-01 1.903523e-01 -9.323303e-02 -2.618863e-02 -3.765994e-02 -3.486297e-03
<VARIANCE> 25
 9.643208e+00 2.285489e+01 2.429994e+01 3.360166e+01 3.272417e+01 5.107513e+01 6.144476e+01 5.588334e+01 4.910966e+01 5.125225e+01 5.489089e+01 3.935279e+01 4.920356e-01 8.368070e-01 1.481160e+00 1.806239e+00 2.015260e+00 2.384443e+00 2.374151e+00 2.613996e+00 2.032115e+00 2.667531e+00 2.152561e+00 2.226475e+00 5.440709e-04
<GCONST> 8.835176e+01
<MIXTURE> 66 1.191532e-02
<MEAN> 25
 5.401755e+00 -3.451659e+00 -5.050230e+00 -3.331805e+00 2.538998e+00 -4.017030e+00 -5.681300e+00 1.170763e+00 1.141761e+00 1.039829e+00 -4.338874e+00 -3.220700e+00 -5.673664e-02 1.444351e+00 1.575541e+00 2.323660e+00 -1.646780e+00 -1.311731e+00 2.831177e-01 -1.208326e-01 -1.837672e-01 -1.800179e-01 -4.842916e-01 6.654608e-01 -6.775789e-02
<VARIANCE> 25
 8.038277e+00 1.688079e+01 2.066955e+01 3.045907e+01 2.997953e+01 4.017783e+01 5.324174e+01 3.903925e+01 4.336174e+01 6.859306e+01 3.324472e+01 2.585487e+01 8.806375e-01 1.729200e+00 2.260955e+00 2.370152e+00 4.653362e+00 2.932222e+00 4.491390e+00 4.554049e+00 4.405888e+00 3.672644e+00 2.795715e+00 2.394071e+00 1.123321e-03
<GCONST> 9.241406e+01
<MIXTURE> 67 1.559142e-02
<MEAN> 25
 8.055820e+00 1.361348e+00 -5.144832e+00 -7.431081e+00 1.882710e+00 3.338649e+00 -4.637877e+00 -2.908676e+00 -2.991839e+00 8.168501e-01 8.225559e-01 -1.351471e+00 -9.080574e-01 1.873166e+00 7.052419e-01 2.698533e+00 8.465809e-01 -7.855679e-01 1.348108e+00 4.023554e-01 4.962149e-01 3.434499e-01 -4.531924e-01 3.766840e-01 -1.223013e-01
<VARIANCE> 25
 1.176325e+01 3.466936e+01 2.859474e+01 4.802702e+01 4.185554e+01 4.329993e+01 6.100439e+01 4.672676e+01 5.988295e+01 4.820122e+01 4.969898e+01 3.926508e+01 1.863722e+00 2.809990e+00 3.221044e+00 4.189350e+00 4.937673e+00 4.148349e+00 3.897251e+00 4.555723e+00 4.905642e+00 4.058041e+00 4.224114e+00 3.263200e+00 2.598624e-03
<GCONST> 1.000006e+02
<MIXTURE> 68 1.485092e-02
<MEAN> 25
 -1.798205e+00 -6.285539e-01 -4.830077e+00 1.953029e+00 4.675112e+00 -5.838857e-01 3.520792e+00 2.344867e+00 2.914216e+00 1.006550e+00 -1.078289e+00 1.464880e+00 2.647127e+00 3.731744e-01 5.262760e-01 -2.216795e+00 -1.858886e+00 -1.009018e+00 -2.398883e+00 -1.561256e+00 -2.129424e+00 -1.099364e+00 -1.074518e+00 -1.094175e+00 1.003284e-01
<VARIANCE> 25
 2.091644e+01 3.212700e+01 4.903033e+01 4.138731e+01 3.919302e+01 6.082017e+01 3.728613e+01 3.669309e+01 3.687698e+01 3.680351e+01 3.452644e+01 2.274937e+01 1.577871e+00 2.913331e+00 5.895500e+00 4.517323e+00 4.322921e+00 4.964064e+00 4.857119e+00 4.426491e+00 6.941461e+00 4.671227e+00 5.711702e+00 3.676212e+00 4.832546e-03
<GCONST> 1.010823e+02
<MIXTURE> 69 1.204884e-02
<MEAN> 25
 4.568401e+00 -3.803258e+00 -3.598767e+00 -3.174659e+00 -3.412246e+00 -7.564221e+00 -1.102073e+00 1.985790e+00 -1.233167e-01 -4.323762e+00 -5.043773e+00 8.474703e-01 1.249866e+00 -2.096074e+00 -1.133722e+00 -2.235373e+00 -2.057220e-01 -6.981862e-01 -3.679655e-01 4.161147e-01 -7.871250e-01 -1.234289e+00 -2.240095e+00 1.018657e-01 6.290826e-02
<VARIANCE> 25
 8.587430e+00 2.190825e+01 2.605980e+01 2.621377e+01 4.114347e+01 3.508102e+01 4.648906e+01 3.200858e+01 3.752924e+01 3.664575e+01 3.221221e+01 2.253766e+01 4.964780e+00 2.866295e+00 3.414412e+00 3.585643e+00 6.221408e+00 6.084735e+00 7.004928e+00 6.154639e+00 6.134179e+00 5.665514e+00 4.455951e+00 4.331161e+00 2.278798e-03
<GCONST> 9.908685e+01
<MIXTURE> 70 1.329190e-02
<MEAN> 25
 6.666461e+00 -1.835568e+00 -2.706215e+00 -1.902847e+00 9.731372e-02 -1.010360e-01 -7.268467e+00 -4.265661e+00 -1.273621e+00 2.221355e+00 1.500398e+00 -5.388019e+00 1.483510e+00 -9.393018e-01 -2.271070e-01 -2.037019e+00 -1.102972e+00 1.399714e+00 -1.972453e+00 -4.261924e-01 -4.138061e-02 1.638844e-01 6.877686e-01 -1.531862e+00 5.924576e-02
<VARIANCE> 25
 8.699855e+00 2.187267e+01 2.750281e+01 4.230729e+01 3.349245e+01 3.792182e+01 5.066863e+01 4.356116e+01 6.233009e+01 3.472321e+01 4.362359e+01 2.503337e+01 3.221487e+00 2.929112e+00 6.099314e+00 4.191022e+00 4.986501e+00 5.973665e+00 7.198914e+00 5.973309e+00 6.489072e+00 4.439867e+00 4.979842e+00 4.039727e+00 3.153728e-03
<GCONST> 1.010208e+02
<MIXTURE> 71 1.406903e-02
<MEAN> 25
 5.053087e+00 3.827677e+00 3.108799e+00 2.949802e+00 -3.077566e+00 -2.396911e+00 -2.757571e+00 -6.338421e+00 -3.094352e+00 -3.195559e+00 -3.613376e+00 -2.797206e+00 -1.670623e+00 -1.113119e+00 1.816848e-01 -1.601191e+00 1.122143e+00 -1.026933e+00 1.724062e-01 1.252643e+00 -1.168809e-01 1.200446e-01 7.458526e-02 8.139251e-01 4.770136e-02
<VARIANCE> 25
 1.578573e+01 2.650734e+01 2.644328e+01 3.643574e+01 3.315081e+01 3.509502e+01 3.660649e+01 3.443677e+01 3.246720e+01 4.533807e+01 3.360822e+01 2.917028e+01 1.665948e+00 2.831470e+00 4.437451e+00 3.809469e+00 4.218202e+00 5.325680e+00 4.531030e+00 4.699533e+00 4.279387e+00 3.390127e+00 3.261133e+00 3.335659e+00 1.275938e-03
<GCONST> 9.618126e+01
<MIXTURE> 72 8.134747e-03
<MEAN> 25
 3.333564e+00 -4.935375e+00 6.987982e+00 -3.959840e-01 -1.084701e+01 -8.317670e+00 -1.658657e+00 2.554083e+00 -6.148414e+00 -3.253637e+00 5.626788e-01 4.621516e-01 9.402009e-01 -8.617398e-01 -2.762864e+00 3.087111e-01 2.112800e+00 -8.119853e-01 -1.534266e+00 1.683939e+00 1.851108e+00 -3.216727e-01 -1.248943e+00 9.373821e-02 -8.423314e-03
<VARIANCE> 25
 1.002277e+01 2.191382e+01 3.534994e+01 3.779696e+01 3.656540e+01 2.940795e+01 3.682094e+01 3.298983e+01 3.837150e+01 3.402341e+01 4.333987e+01 2.386409e+01 6.528338e-01 9.038645e-01 2.139874e+00 1.563910e+00 1.811560e+00 3.508026e+00 3.048496e+00 2.904637e+00 2.210235e+00 2.699642e+00 1.758514e+00 2.124699e+00 9.841576e-04
<GCONST> 8.762609e+01
<MIXTURE> 73 1.213625e-02
<MEAN> 25
 -4.876332e+00 1.264380e-01 -1.917219e+00 4.846447e+00 3.647708e+00 2.329564e+00 5.839084e+00 3.550592e+00 4.654766e+00 3.080479e+00 3.159623e+00 2.832189e+00 9.823932e-01 -8.993985e-01 -4.421884e-01 -2.416088e+00 -1.089308e+00 -1.372516e+00 -1.056728e+00 -6.708354e-01 -1.312036e+00 -8.429161e-01 -8.602890e-01 -3.240108e-01 1.473687e-01
<VARIANCE> 25
 1.378911e+01 1.482827e+01 1.602422e+01 2.013712e+01 2.263660e+01 2.523867e+01 1.857178e+01 1.864819e+01 1.733671e+01 1.778669e+01 2.379660e+01 1.535494e+01 4.135275e+00 2.761125e+00 6.839466e+00 4.386665e+00 5.864052e+00 4.791181e+00 3.858591e+00 3.759499e+00 5.211567e+00 3.775862e+00 3.468079e+00 2.984861e+00 3.869609e-03
<GCONST> 9.248034e+01
<MIXTURE> 74 1.756491e-02
<MEAN> 25
 3.207187e+00 -2.251767e+00 6.823166e+00 6.476425e-01 -7.588059e+00 -5.339789e+00 -2.028423e+00 2.046186e+00 -5.894249e+00 -1.049022e+00 1.176395e-01 -1.851639e+00 6.326329e-01 1.828602e+00 -1.224399e+00 6.577569e-01 1.477200e+00 1.074446e+00 -2.677791e-01 -1.225228e+00 8.906093e-01 1.893248e-01 -7.348198e-01 -3.514001e-01 -7.511696e-02
<VARIANCE> 25
 8.639436e+00 2.681061e+01 3.198479e+01 4.060570e+01 3.153580e+01 3.806231e+01 4.946606e+01 3.008755e+01 4.107996e+01 2.840209e+01 2.989017e+01 3.056174e+01 1.465601e+00 1.310018e+00 3.093877e+00 2.854115e+00 2.927637e+00 3.779068e+00 4.478297e+00 2.778167e+00 3.162624e+00 4.593499e+00 2.929417e+00 2.841442e+00 1.016789e-03
<GCONST> 9.249549e+01
<MIXTURE> 75 9.711651e-03
<MEAN> 25
 1.091172e+00 -3.753230e+00 1.271050e+01 3.436675e+00 -1.038645e+01 -6.785037e+00 -3.397721e+00 -3.987866e-01 -6.723118e+00 -3.534482e+00 3.774727e+00 1.108958e+00 1.590378e+00 -1.764967e+00 4.457234e-01 1.971551e-01 -2.497983e+00 -3.806308e-02 -1.793674e+00 8.216442e-01 -4.076015e-01 -8.109051e-02 1.548979e+00 -9.230959e-01 4.662480e-02
<VARIANCE> 25
 1.112329e+01 2.214114e+01 2.945534e+01 1.565005e+01 2.878455e+01 2.745717e+01 2.369684e+01 2.373495e+01 2.980664e+01 2.979791e+01 1.339185e+01 2.288086e+01 1.866196e+00 1.283385e+00 5.641700e+00 2.318915e+00 4.174850e+00 3.962253e+00 3.220463e+00 2.572313e+00 4.194084e+00 2.856950e+00 2.123875e+00 1.923616e+00 1.727349e-03
<GCONST> 8.900026e+01
<MIXTURE> 76 1.052359e-02
<MEAN> 25
 -4.827080e+00 6.539878e-01 -4.963927e+00 3.244288e+00 3.574774e+00 -6.620782e-01 5.740546e+00 2.068683e+00 2.964368e+00 4.599364e-01 -1.488117e+00 3.701903e+00 1.098166e-01 -5.234149e-01 -4.900126e-01 -9.953541e-01 -6.655757e-01 -1.007108e+00 -5.625483e-01 -1.165919e-01 -4.130912e-01 -3.673289e-04 4.300242e-03 -3.517427e-01 2.039408e-02
<VARIANCE> 25
 3.454201e+01 2.081972e+01 3.380058e+01 2.202393e+01 2.017143e+01 5.356904e+01 2.912341e+01 2.108861e+01 2.556810e+01 1.901592e+01 3.350362e+01 1.848674e+01 8.839082e-01 9.574572e-01 1.945739e+00 1.485517e+00 1.259912e+00 1.392910e+00 1.171232e+00 1.504550e+00 1.862491e+00 1.449735e+00 1.674146e+00 1.318146e+00 8.690559e-04
<GCONST> 8.191870e+01
<MIXTURE> 77 1.244626e-02
<MEAN> 25
 5.826866e-02 7.074013e+00 1.264686e+01 -1.106116e+01 -6.390505e+00 2.261231e+00 -8.178723e+00 -5.182234e+00 -4.534419e+00 -1.433762e-01 -3.523617e+00 -1.732762e+00 4.041749e-02 1.199938e-01 2.314720e-01 2.474799e-01 -3.286303e-01 1.339026e-01 9.475497e-02 -7.988745e-02 3.791572e-01 2.494096e-01 -5.279879e-02 1.014766e-01 -8.485761e-03
<VARIANCE> 25
 9.924472e+00 2.223454e+01 2.371981e+01 3.880154e+01 2.883148e+01 3.485075e+01 3.064091e+01 3.539454e+01 3.323600e+01 2.663202e+01 3.199780e+01 2.780371e+01 2.604632e-01 6.979155e-01 7.921897e-01 1.170476e+00 1.519830e+00 8.186439e-01 1.267717e+00 1.236330e+00 1.550652e+00 1.288526e+00 8.705160e-01 7.923640e-01 5.064399e-04
<GCONST> 7.726640e+01
<MIXTURE> 78 9.702551e-03
<MEAN> 25
 -1.075942e+01 7.793878e-01 -1.951374e+00 1.191802e+00 4.219591e+00 -7.007705e+00 5.128520e+00 2.679715e+00 9.389347e-01 2.357640e-01 -3.809965e+00 5.087884e+00 1.651456e+00 -2.998360e-01 9.705932e-02 1.173651e+00 -3.497145e-01 -3.403323e-01 -3.593735e-01 2.688273e-01 5.810974e-01 -3.221787e-01 -1.316924e-01 -5.974986e-01 -3.043223e-02
<VARIANCE> 25
 3.162953e+01 2.721216e+01 3.088632e+01 2.932562e+01 2.622250e+01 4.672758e+01 2.461985e+01 4.627174e+01 2.957817e+01 1.991894e+01 2.636583e+01 2.286440e+01 3.825695e+00 1.804655e+00 4.562490e+00 2.965169e+00 2.416894e+00 2.259546e+00 2.838272e+00 2.877608e+00 1.936999e+00 2.574587e+00 1.953441e+00 1.883182e+00 3.384037e-03
<GCONST> 9.199828e+01
<MIXTURE> 79 1.156824e-02
<MEAN> 25
 1.765845e+00 3.148355e-01 1.050715e+01 -4.032874e+00 -1.033953e+01 1.916498e+00 1.896147e-01 -5.487324e+00 -6.403621e+00 -1.765299e+00 -1.977283e-02 -3.061110e+00 1.059699e+00 -4.235997e-01 -1.650405e+00 2.658426e+00 1.864250e-01 -1.910711e+00 1.023820e+00 9.258458e-01 -1.925754e-01 -8.412648e-01 2.723598e-01 4.744582e-01 -3.973100e-02
<VARIANCE> 25
 1.096974e+01 1.974623e+01 3.545204e+01 4.406734e+01 2.928644e+01 4.872382e+01 2.990849e+01 3.505217e+01 3.033728e+01 3.388071e+01 3.826035e+01 1.814486e+01 6.629903e-01 2.129260e+00 1.697264e+00 2.024772e+00 2.201111e+00 3.320641e+00 3.609040e+00 3.573301e+00 2.059462e+00 1.895866e+00 1.699437e+00 1.635318e+00 1.111962e-03
<GCONST> 8.808315e+01
<MIXTURE> 80 7.550998e-03
<MEAN> 25
 -1.469784e+01 3.775201e+00 1.040252e+00 2.752588e+00 2.555551e+00 1.266626e+00 6.289780e+00 2.716030e+00 2.545013e+00 2.178864e+00 4.639767e+00 1.407230e+00 4.312246e+00 -3.792699e-02 1.642620e+00 -9.433873e-01 -2.897932e+00 -2.717360e+00 -2.291882e+00 -2.075677e+00 -1.906624e+00 -1.629950e+00 -1.567705e+00 -6.251675e-01 -4.400538e-02
<VARIANCE> 25
 2.085686e+01 2.017130e+01 3.612382e+01 3.389719e+01 2.932419e+01 2.875041e+01 2.748551e+01 2.888057e+01 2.663524e+01 2.956004e+01 2.694863e+01 1.865499e+01 2.295465e+00 2.631230e+00 2.583004e+00 4.825965e+00 3.309026e+00 2.766868e+00 2.980323e+00 3.197807e+00 2.951443e+00 2.678394e+00 2.835922e+00 2.077686e+00 1.454334e-03
<GCONST> 9.149989e+01
<MIXTURE> 81 8.025434e-03
<MEAN> 25
 -1.075213e+00 4.078595e+00 1.027665e+01 -1.453192e+01 -8.793223e+00 -1.157075e+00 -6.650797e+00 -7.942105e+00 -4.219473e+00 -3.892196e-01 -7.299643e+00 -2.328909e+00 1.318018e-01 -5.518312e-01 1.335087e-02 -5.198438e-01 -4.994758e-01 3.353789e-01 3.294670e-01 1.549117e-01 -6.816919e-02 1.665968e-01 -4.614952e-01 -1.365211e-01 1.039474e-02
<VARIANCE> 25
 1.012371e+01 3.207234e+01 2.587847e+01 3.002106e+01 3.476976e+01 3.182015e+01 4.380843e+01 3.212069e+01 3.709501e+01 3.078710e+01 2.592365e+01 3.019099e+01 7.437620e-01 2.223927e+00 1.532236e+00 2.833549e+00 2.617742e+00 2.043097e+00 3.181785e+00 2.272776e+00 2.489211e+00 2.602459e+00 2.244713e+00 2.008643e+00 1.174554e-03
<GCONST> 8.860087e+01
<MIXTURE> 82 8.213053e-03
<MEAN> 25
 -9.740309e+00 -3.780600e+00 1.588959e+00 -3.019701e+00 3.123456e+00 -2.263622e-01 2.175374e+00 6.528730e-01 2.809135e+00 1.611130e+00 1.328326e+00 3.407398e+00 -1.415143e+00 -1.643363e-01 5.168151e-01 -2.396729e+00 -8.910947e-01 -1.219964e+00 -8.561727e-01 -7.916651e-01 -4.279363e-01 -4.921995e-01 -3.113555e-01 -2.517355e-02 1.709093e-01
<VARIANCE> 25
 1.738573e+01 2.589262e+01 3.080524e+01 2.989767e+01 3.104977e+01 4.175440e+01 3.149497e+01 3.198296e+01 3.804210e+01 2.499382e+01 3.086702e+01 1.906177e+01 3.678676e+00 3.005344e+00 3.786991e+00 3.484901e+00 4.128841e+00 3.205577e+00 3.110137e+00 2.943140e+00 2.911041e+00 2.425409e+00 2.365621e+00 2.011748e+00 3.677813e-03
<GCONST> 9.388824e+01
<MIXTURE> 83 1.167529e-02
<MEAN> 25
 -1.976782e+01 3.084226e+00 3.300672e-01 -3.823394e+00 8.640139e+00 -3.687513e+00 5.095116e+00 5.373863e+00 6.916553e-01 3.483342e+00 -1.302745e+00 4.215773e+00 -3.998813e-01 -5.237159e-01 1.362669e-01 -2.843879e-01 -4.264115e-01 2.409657e-01 -2.045191e-01 2.285873e-01 -2.313595e-01 -5.663249e-01 2.937111e-01 2.708979e-01 1.174994e-02
<VARIANCE> 25
 6.687004e+00 1.396141e+01 1.837230e+01 2.073073e+01 1.389404e+01 2.093420e+01 1.551149e+01 2.145083e+01 1.548759e+01 1.576143e+01 1.560698e+01 1.374865e+01 9.612057e-01 7.798823e-01 1.396854e+00 9.201612e-01 9.390060e-01 1.367904e+00 1.196802e+00 2.015265e+00 1.253309e+00 1.360608e+00 8.421973e-01 1.345792e+00 6.418504e-04
<GCONST> 7.317369e+01
<MIXTURE> 84 1.066614e-02
<MEAN> 25
 7.414707e-01 8.924992e+00 6.655158e+00 7.502617e+00 2.752089e+00 -1.300264e+00 -1.695573e+00 -3.713466e+00 -3.929130e+00 -2.712750e+00 -2.990464e+00 -1.426331e+00 -1.530477e+00 -6.169240e-01 -1.328244e+00 9.493692e-01 2.001086e+00 1.084303e+00 1.475338e+00 1.055969e+00 1.191544e+00 3.257895e-01 4.862731e-02 4.656386e-01 -6.846539e-02
<VARIANCE> 25
 2.106634e+01 1.821376e+01 2.586018e+01 2.074898e+01 2.838776e+01 2.751689e+01 2.689092e+01 2.410889e+01 2.448580e+01 2.150624e+01 2.243676e+01 2.129858e+01 2.124992e+00 3.266844e+00 3.276288e+00 3.595112e+00 2.987770e+00 3.706800e+00 3.359719e+00 3.010983e+00 3.099268e+00 2.859257e+00 3.645403e+00 2.506538e+00 3.071243e-03
<GCONST> 9.148399e+01
<MIXTURE> 85 7.591393e-03
<MEAN> 25
 -3.079507e+00 7.880424e+00 5.777244e+00 1.276137e+00 -3.423736e+00 -5.166421e+00 -2.899320e+00 -6.003423e+00 -3.566511e+00 -3.149166e+00 -5.365711e-01 -1.945008e+00 3.881896e+00 3.239955e-01 1.804337e+00 -2.054969e+00 -3.377745e+00 -2.531772e+00 -2.876096e+00 -2.324016e+00 -2.289169e+00 -1.246249e+00 -2.241238e+00 -6.094801e-01 1.124483e-02
<VARIANCE> 25
 4.207896e+01 2.310109e+01 3.717763e+01 3.767355e+01 3.938740e+01 4.218562e+01 3.191443e+01 2.849052e+01 2.664642e+01 2.581000e+01 2.611522e+01 2.050926e+01 2.874026e+00 4.266837e+00 4.157345e+00 5.183849e+00 4.420304e+00 3.961151e+00 3.815073e+00 3.940109e+00 3.901107e+00 3.994159e+00 4.087828e+00 3.502457e+00 5.589416e-03
<GCONST> 9.848660e+01
<MIXTURE> 86 1.273941e-02
<MEAN> 25
 -4.669662e+00 -3.669770e-01 -1.690885e+00 6.431329e+00 4.438673e+00 4.020278e+00 5.006401e+00 5.052457e+00 6.109739e+00 3.310154e+00 4.069489e+00 2.648718e+00 1.734723e-02 8.427458e-02 -6.540248e-02 -4.961261e-02 -7.251580e-02 -4.892572e-02 -1.975796e-01 -3.921505e-01 -4.153482e-01 -3.771165e-01 -2.901099e-01 1.792066e-02 -2.445660e-03
<VARIANCE> 25
 6.370255e+00 6.856731e+00 9.786139e+00 1.031278e+01 1.408394e+01 1.286916e+01 1.207546e+01 1.262294e+01 1.665492e+01 1.330259e+01 1.574825e+01 1.257582e+01 9.511085e-02 2.172318e-01 2.975070e-01 4.748517e-01 6.363925e-01 6.508632e-01 6.481698e-01 7.642844e-01 8.932546e-01 1.135900e+00 8.643805e-01 8.898912e-01 5.025616e-05
<GCONST> 5.768726e+01
<MIXTURE> 87 1.100681e-02
<MEAN> 25
 -3.918074e+00 3.948308e+00 3.408555e+00 5.080630e+00 5.277817e+00 -1.556539e+00 2.162009e+00 -1.202996e+00 -1.639109e+00 -6.122026e-01 -2.103809e+00 9.335122e-01 -2.171120e+00 -2.777013e+00 -1.599250e+00 -1.909890e+00 2.565247e-01 -6.485714e-01 9.871871e-01 1.094795e+00 9.482702e-01 9.288296e-01 8.692610e-01 1.263515e+00 9.671929e-02
<VARIANCE> 25
 3.553378e+01 3.115524e+01 2.810737e+01 3.512197e+01 2.859580e+01 4.030586e+01 2.676811e+01 2.560967e+01 2.549487e+01 2.197993e+01 2.452240e+01 2.204348e+01 3.052696e+00 2.455050e+00 3.950526e+00 3.139113e+00 4.168975e+00 3.966971e+00 3.739287e+00 3.294234e+00 3.602603e+00 2.889933e+00 3.403915e+00 2.490541e+00 3.997524e-03
<GCONST> 9.485936e+01
<MIXTURE> 88 1.256585e-02
<MEAN> 25
 -3.622733e+00 8.961141e-01 -2.961551e+00 5.490959e+00 4.171011e+00 3.300830e+00 5.229057e+00 3.334920e+00 5.256049e+00 2.072982e+00 1.355446e+00 2.293715e+00 1.327193e-01 1.442686e-01 2.876451e-01 1.247526e-01 3.824741e-01 4.221805e-01 -6.416368e-02 -2.842126e-01 -8.828626e-01 -3.323931e-01 1.264284e-01 -1.617863e-01 2.528033e-03
<VARIANCE> 25
 8.346782e+00 1.286704e+01 1.586783e+01 1.255904e+01 1.636016e+01 1.787752e+01 1.876266e+01 1.534843e+01 1.977274e+01 1.437119e+01 2.061964e+01 1.167696e+01 1.186150e+00 1.227875e+00 2.256104e+00 2.077909e+00 2.051804e+00 2.467093e+00 2.260856e+00 2.146664e+00 2.877413e+00 2.105750e+00 2.089143e+00 1.809814e+00 1.439143e-03
<GCONST> 8.010312e+01
<MIXTURE> 89 9.333527e-03
<MEAN> 25
 5.148762e+00 -6.871975e+00 -1.706109e+00 -7.740327e-01 -4.084556e-01 -4.072560e+00 -7.005087e+00 4.152303e+00 2.738123e+00 -2.280170e+00 -4.411567e+00 -2.574095e+00 -6.813325e-01 1.869238e-01 1.805921e+00 1.007351e+00 -1.542873e+00 -1.810464e+00 1.134678e+00 1.316352e+00 -8.704489e-01 -1.446687e+00 3.581154e-01 1.332820e+00 2.253249e-04
<VARIANCE> 25
 8.486704e+00 1.994804e+01 2.985676e+01 3.193238e+01 3.893324e+01 3.904197e+01 4.889669e+01 3.105505e+01 3.757616e+01 5.329679e+01 3.568385e+01 3.172126e+01 4.462757e-01 8.034662e-01 1.421815e+00 1.061702e+00 1.709973e+00 1.947583e+00 2.064295e+00 1.697887e+00 1.895290e+00 1.732352e+00 2.068662e+00 1.346249e+00 4.639285e-04
<GCONST> 8.360520e+01
<MIXTURE> 90 7.114505e-03
<MEAN> 25
 2.449482e+00 -9.702348e+00 -4.748438e+00 -3.957597e+00 -3.381253e+00 -1.811190e+00 3.362025e+00 1.187505e+00 -7.490263e+00 -1.019068e+01 -3.417628e+00 -7.507950e-01 -1.635415e-01 9.066883e-01 1.167205e+00 -8.511904e-01 -1.610529e+00 -2.114600e-01 6.418858e-01 -2.099303e-01 -1.678831e-01 7.372882e-01 1.822680e-01 -5.498111e-01 -1.112341e-02
<VARIANCE> 25
 8.483586e+00 1.789164e+01 1.983534e+01 2.814288e+01 3.683248e+01 3.213779e+01 3.847909e+01 3.653203e+01 3.567697e+01 2.792634e+01 2.699656e+01 2.611437e+01 2.233515e-01 6.140009e-01 7.892933e-01 1.048040e+00 1.476107e+00 1.588383e+00 1.782652e+00 1.657664e+00 1.809573e+00 1.680666e+00 1.492504e+00 1.307276e+00 2.169353e-04
<GCONST> 7.818507e+01
<MIXTURE> 91 7.852945e-03
<MEAN> 25
 4.989221e+00 -5.539388e+00 -8.181231e+00 -6.748605e+00 4.178998e+00 1.814974e+00 -1.587195e+00 -1.153259e-01 2.294052e+00 -4.928110e-01 -3.426969e+00 -4.457824e+00 1.923103e-01 1.045030e+00 3.489723e-02 6.936790e-01 -1.064397e-01 -6.865659e-01 -2.761463e-01 -3.983643e-01 1.014262e-01 4.015731e-01 -1.782716e-01 1.414144e-01 -3.992397e-02
<VARIANCE> 25
 9.039338e+00 2.441707e+01 1.770958e+01 3.974710e+01 2.847101e+01 5.136133e+01 4.132750e+01 3.359308e+01 4.481506e+01 5.273939e+01 3.194098e+01 2.917101e+01 3.456073e-01 7.632402e-01 1.085527e+00 1.563933e+00 2.199565e+00 2.164668e+00 2.280789e+00 2.395639e+00 2.087233e+00 1.920957e+00 1.709395e+00 1.312168e+00 6.170688e-04
<GCONST> 8.429032e+01
<MIXTURE> 92 7.852945e-03
<MEAN> 25
 4.989221e+00 -5.539388e+00 -8.181231e+00 -6.748605e+00 4.178998e+00 1.814974e+00 -1.587195e+00 -1.153259e-01 2.294052e+00 -4.928110e-01 -3.426969e+00 -4.457824e+00 1.923103e-01 1.045030e+00 3.489723e-02 6.936790e-01 -1.064397e-01 -6.865659e-01 -2.761463e-01 -3.983643e-01 1.014262e-01 4.015731e-01 -1.782716e-01 1.414144e-01 -3.992397e-02
<VARIANCE> 25
 9.039338e+00 2.441707e+01 1.770958e+01 3.974710e+01 2.847101e+01 5.136133e+01 4.132750e+01 3.359308e+01 4.481506e+01 5.273939e+01 3.194098e+01 2.917101e+01 3.456073e-01 7.632402e-01 1.085527e+00 1.563933e+00 2.199565e+00 2.164668e+00 2.280789e+00 2.395639e+00 2.087233e+00 1.920957e+00 1.709395e+00 1.312168e+00 6.170688e-04
<GCONST> 8.429032e+01
<MIXTURE> 93 6.122769e-03
<MEAN> 25
 -6.605318e+00 -6.602516e-01 -2.673491e+00 5.747833e+00 5.720551e+00 3.909485e+00 6.218437e+00 3.690717e+00 4.426394e+00 2.452410e+00 1.532224e+00 3.556067e+00 -6.139576e-02 -1.600874e-01 -2.578485e-01 -3.307941e-01 -3.216231e-01 -2.450394e-01 -1.849134e-01 -1.578947e-01 -1.498005e-01 -1.537657e-01 -1.212818e-01 -3.878434e-02 -1.529297e-05
<VARIANCE> 25
 9.520501e+00 7.373631e+00 9.020076e+00 1.100760e+01 1.159152e+01 1.546959e+01 1.512147e+01 1.658972e+01 1.590049e+01 1.416076e+01 1.790819e+01 1.343002e+01 8.133744e-02 1.586773e-01 2.602887e-01 3.827744e-01 4.905404e-01 6.934884e-01 8.070515e-01 8.682474e-01 9.102947e-01 8.743536e-01 8.944985e-01 9.310816e-01 9.818325e-07
<GCONST> 5.407472e+01
<MIXTURE> 94 6.122769e-03
<MEAN> 25
 -6.605318e+00 -6.602516e-01 -2.673491e+00 5.747833e+00 5.720551e+00 3.909485e+00 6.218437e+00 3.690717e+00 4.426394e+00 2.452410e+00 1.532224e+00 3.556067e+00 -6.139576e-02 -1.600874e-01 -2.578485e-01 -3.307941e-01 -3.216231e-01 -2.450394e-01 -1.849134e-01 -1.578947e-01 -1.498005e-01 -1.537657e-01 -1.212818e-01 -3.878434e-02 -1.529297e-05
<VARIANCE> 25
 9.520501e+00 7.373631e+00 9.020076e+00 1.100760e+01 1.159152e+01 1.546959e+01 1.512147e+01 1.658972e+01 1.590049e+01 1.416076e+01 1.790819e+01 1.343002e+01 8.133744e-02 1.586773e-01 2.602887e-01 3.827744e-01 4.905404e-01 6.934884e-01 8.070515e-01 8.682474e-01 9.102947e-01 8.743536e-01 8.944985e-01 9.310816e-01 9.818325e-07
<GCONST> 5.407472e+01
<MIXTURE> 95 5.258835e-03
<MEAN> 25
 -5.297496e+00 -3.886575e-01 -2.563217e+00 5.201031e+00 3.935023e+00 2.686151e+00 4.355653e+00 1.908977e+00 3.163498e+00 4.628741e-01 4.429741e-01 2.410431e+00 1.344254e-01 2.443544e-01 9.625727e-02 -5.516715e-02 -3.727842e-01 -6.810133e-01 -8.781709e-01 -1.273746e+00 -1.312188e+00 -8.384795e-01 -6.486576e-01 -3.165071e-01 -1.212105e-03
<VARIANCE> 25
 1.068606e+01 6.770048e+00 1.353261e+01 1.171955e+01 1.261893e+01 1.615205e+01 1.584798e+01 1.907152e+01 1.823868e+01 1.478528e+01 2.078391e+01 1.305582e+01 1.947065e-01 3.604132e-01 3.981268e-01 5.876087e-01 8.035008e-01 8.072962e-01 9.795609e-01 8.340432e-01 9.912853e-01 1.086197e+00 1.071162e+00 9.990649e-01 4.325029e-05
<GCONST> 6.287262e+01
<MIXTURE> 96 7.034694e-03
<MEAN> 25
 -4.055108e+00 1.837076e+00 -4.637056e+00 5.392035e+00 3.152151e+00 2.298369e+00 5.353295e+00 2.298872e+00 4.913070e+00 8.906048e-01 -1.157715e+00 1.755493e+00 -1.651948e-02 4.675038e-02 1.553150e-01 3.607222e-01 3.809442e-01 4.979655e-01 3.976328e-01 -1.271897e-01 -4.796000e-01 -5.523136e-01 -5.213763e-01 -3.371806e-01 -3.773590e-05
<VARIANCE> 25
 8.883895e+00 1.232083e+01 1.372034e+01 1.009093e+01 1.104809e+01 1.632975e+01 1.843139e+01 1.486292e+01 2.030647e+01 1.288887e+01 1.922930e+01 1.219232e+01 1.114592e-01 2.007089e-01 2.472288e-01 3.755169e-01 4.581748e-01 6.692019e-01 8.685376e-01 8.878403e-01 8.304543e-01 8.325236e-01 8.354043e-01 7.852807e-01 6.601738e-07
<GCONST> 5.476532e+01
<MIXTURE> 97 7.034694e-03
<MEAN> 25
 -4.055108e+00 1.837076e+00 -4.637056e+00 5.392035e+00 3.152151e+00 2.298369e+00 5.353295e+00 2.298872e+00 4.913070e+00 8.906048e-01 -1.157715e+00 1.755493e+00 -1.651948e-02 4.675038e-02 1.553150e-01 3.607222e-01 3.809442e-01 4.979655e-01 3.976328e-01 -1.271897e-01 -4.796000e-01 -5.523136e-01 -5.213763e-01 -3.371806e-01 -3.773590e-05
<VARIANCE> 25
 8.883895e+00 1.232083e+01 1.372034e+01 1.009093e+01 1.104809e+01 1.632975e+01 1.843139e+01 1.486292e+01 2.030647e+01 1.288887e+01 1.922930e+01 1.219232e+01 1.114592e-01 2.007089e-01 2.472288e-01 3.755169e-01 4.581748e-01 6.692019e-01 8.685376e-01 8.878403e-01 8.304543e-01 8.325236e-01 8.354043e-01 7.852807e-01 6.601738e-07
<GCONST> 5.476532e+01
<MIXTURE> 98 9.917808e-03
<MEAN> 25
 -1.236928e+00 1.739785e+00 -1.020355e+00 4.287363e+00 2.280108e+00 5.218391e-01 3.727784e+00 1.658574e+00 2.236684e+00 3.532857e-02 -2.835869e-01 1.218719e+00 -1.531703e+00 -1.101637e+00 -9.929799e-01 2.635269e-01 5.565286e-01 6.090077e-01 1.436931e+00 1.376771e+00 1.686615e+00 1.041410e+00 1.037349e+00 1.031817e+00 -2.859561e-02
<VARIANCE> 25
 1.472360e+01 2.126155e+01 2.880955e+01 3.097515e+01 4.706928e+01 3.529387e+01 3.226637e+01 2.556147e+01 2.466555e+01 2.579775e+01 2.490068e+01 2.740200e+01 1.287623e+00 1.433992e+00 2.064383e+00 1.975348e+00 2.662402e+00 2.791850e+00 2.530350e+00 2.619313e+00 2.306485e+00 2.583881e+00 2.510369e+00 1.666381e+00 2.019337e-03
<GCONST> 8.852598e+01
<MIXTURE> 99 6.696178e-03
<MEAN> 25
 -5.483812e+00 9.259480e+00 6.289053e+00 1.143891e+00 2.777736e+00 -4.887742e+00 -8.420714e-01 -3.735804e+00 -2.359255e+00 -3.325720e+00 -3.278778e+00 1.013506e+00 2.367575e-01 -7.169817e-01 2.432052e-01 -3.373723e-01 -1.046288e+00 -3.905401e-01 -2.636634e-01 2.176049e-02 -2.874246e-01 -2.639685e-01 5.365298e-01 -9.449890e-02 1.805840e-03
<VARIANCE> 25
 2.713097e+01 2.119991e+01 3.890252e+01 3.462426e+01 3.680267e+01 2.780199e+01 2.164244e+01 2.442132e+01 2.363856e+01 2.400576e+01 2.030975e+01 2.651331e+01 1.733893e+00 1.760278e+00 1.358522e+00 1.335678e+00 2.638174e+00 1.574310e+00 1.763487e+00 1.649219e+00 1.818553e+00 1.523618e+00 1.658507e+00 1.795386e+00 1.428769e-03
<GCONST> 8.510043e+01
<MIXTURE> 100 4.498084e-03
<MEAN> 25
 -1.620658e+00 6.328223e+00 1.030937e+01 -7.430700e+00 -1.076337e+01 -5.054271e+00 -4.915352e+00 -9.947648e+00 -4.710925e+00 -8.698252e-01 -2.716267e+00 -2.702710e+00 2.907162e+00 -1.262770e+00 1.311166e+00 -2.172567e+00 -3.421305e+00 -7.706650e-01 -1.218403e+00 -8.216399e-01 -1.483470e+00 3.408335e-01 -1.635476e+00 -2.882565e-01 2.377984e-03
<VARIANCE> 25
 1.367648e+01 2.102979e+01 2.263221e+01 2.654347e+01 2.299919e+01 2.378236e+01 2.914570e+01 2.171001e+01 2.742636e+01 2.261623e+01 2.238490e+01 2.125970e+01 1.815108e+00 3.942504e+00 2.939994e+00 4.304890e+00 4.168014e+00 4.554842e+00 3.998975e+00 4.328936e+00 4.167515e+00 3.889053e+00 3.979308e+00 3.211543e+00 1.699009e-03
<GCONST> 9.261331e+01
<MIXTURE> 101 6.007792e-03
<MEAN> 25
 7.060650e+00 -4.183188e+00 -4.137440e+00 -3.844945e+00 7.277629e-01 -3.715374e-01 -1.085495e+01 -3.725961e+00 -5.573459e-02 2.087456e+00 8.813177e-01 -4.900880e+00 7.612134e-01 8.582322e-01 -1.555725e+00 -1.849209e+00 1.169069e+00 2.701813e+00 -3.578982e-02 -1.502833e+00 -1.155581e+00 9.195227e-01 1.397434e+00 -4.988603e-01 -1.355212e-02
<VARIANCE> 25
 8.934658e+00 1.730333e+01 2.687291e+01 4.570097e+01 3.539619e+01 3.521680e+01 3.445514e+01 3.057480e+01 4.969360e+01 3.463541e+01 5.410198e+01 1.944204e+01 2.727848e-01 5.959446e-01 1.074840e+00 1.912838e+00 1.793199e+00 2.158471e+00 2.025578e+00 1.706720e+00 2.215857e+00 2.010684e+00 1.543809e+00 1.791766e+00 4.232448e-04
<GCONST> 8.283994e+01
<MIXTURE> 102 6.007792e-03
<MEAN> 25
 7.060650e+00 -4.183188e+00 -4.137440e+00 -3.844945e+00 7.277629e-01 -3.715374e-01 -1.085495e+01 -3.725961e+00 -5.573459e-02 2.087456e+00 8.813177e-01 -4.900880e+00 7.612134e-01 8.582322e-01 -1.555725e+00 -1.849209e+00 1.169069e+00 2.701813e+00 -3.578982e-02 -1.502833e+00 -1.155581e+00 9.195227e-01 1.397434e+00 -4.988603e-01 -1.355212e-02
<VARIANCE> 25
 8.934658e+00 1.730333e+01 2.687291e+01 4.570097e+01 3.539619e+01 3.521680e+01 3.445514e+01 3.057480e+01 4.969360e+01 3.463541e+01 5.410198e+01 1.944204e+01 2.727848e-01 5.959446e-01 1.074840e+00 1.912838e+00 1.793199e+00 2.158471e+00 2.025578e+00 1.706720e+00 2.215857e+00 2.010684e+00 1.543809e+00 1.791766e+00 4.232448e-04
<GCONST> 8.283994e+01
<MIXTURE> 103 5.694618e-03
<MEAN> 25
 3.364140e+00 -9.355172e+00 -6.000656e+00 -3.034502e+00 -1.281655e+00 -1.939010e+00 2.437170e+00 2.544103e+00 -4.458518e+00 -9.150578e+00 -4.967484e+00 2.607144e-01 -1.629169e-01 -1.458227e+00 -9.739373e-01 3.491797e-01 1.218579e+00 1.001541e+00 1.448304e-01 -2.700984e-01 -7.343452e-01 -9.270579e-01 -4.050154e-02 1.196191e-01 2.641500e-02
<VARIANCE> 25
 1.026577e+01 2.074437e+01 2.330342e+01 3.172348e+01 4.784134e+01 3.471890e+01 4.601635e+01 3.678508e+01 4.262409e+01 2.946278e+01 3.003669e+01 2.646122e+01 6.346580e-01 1.274695e+00 1.542145e+00 1.963751e+00 2.904829e+00 2.456791e+00 2.886961e+00 2.583718e+00 2.637041e+00 2.562131e+00 2.079088e+00 2.026451e+00 8.140995e-04
<GCONST> 8.768260e+01
<MIXTURE> 104 5.694618e-03
<MEAN> 25
 3.364140e+00 -9.355172e+00 -6.000656e+00 -3.034502e+00 -1.281655e+00 -1.939010e+00 2.437170e+00 2.544103e+00 -4.458518e+00 -9.150578e+00 -4.967484e+00 2.607144e-01 -1.629169e-01 -1.458227e+00 -9.739373e-01 3.491797e-01 1.218579e+00 1.001541e+00 1.448304e-01 -2.700984e-01 -7.343452e-01 -9.270579e-01 -4.050154e-02 1.196191e-01 2.641500e-02
<VARIANCE> 25
 1.026577e+01 2.074437e+01 2.330342e+01 3.172348e+01 4.784134e+01 3.471890e+01 4.601635e+01 3.678508e+01 4.262409e+01 2.946278e+01 3.003669e+01 2.646122e+01 6.346580e-01 1.274695e+00 1.542145e+00 1.963751e+00 2.904829e+00 2.456791e+00 2.886961e+00 2.583718e+00 2.637041e+00 2.562131e+00 2.079088e+00 2.026451e+00 8.140995e-04
<GCONST> 8.768260e+01
<MIXTURE> 105 4.710235e-03
<MEAN> 25
 2.078754e+00 -1.131081e+00 8.911091e+00 -2.385635e+00 -1.122881e+01 -4.975271e+00 -4.010814e+00 -8.232884e-01 -3.658475e+00 -2.934832e+00 1.329092e+00 -1.128406e+00 -4.020663e-04 3.774238e-02 2.987453e-02 -4.462459e-02 1.106265e-02 1.217324e-02 -1.911695e-02 3.955184e-02 -4.767770e-02 3.553554e-02 2.367195e-02 -2.636557e-02 -2.996408e-03
<VARIANCE> 25
 1.307026e+01 2.989561e+01 4.598883e+01 4.436211e+01 3.867424e+01 5.249281e+01 4.004487e+01 4.152192e+01 4.067264e+01 4.203106e+01 4.247826e+01 3.015502e+01 8.278242e-02 1.887292e-01 3.653787e-01 2.954710e-01 3.905857e-01 4.520209e-01 4.644573e-01 5.017738e-01 5.103127e-01 4.532361e-01 4.331245e-01 3.995802e-01 1.015578e-04
<GCONST> 6.717850e+01
<MIXTURE> 106 4.710235e-03
<MEAN> 25
 2.078754e+00 -1.131081e+00 8.911091e+00 -2.385635e+00 -1.122881e+01 -4.975271e+00 -4.010814e+00 -8.232884e-01 -3.658475e+00 -2.934832e+00 1.329092e+00 -1.128406e+00 -4.020663e-04 3.774238e-02 2.987453e-02 -4.462459e-02 1.106265e-02 1.217324e-02 -1.911695e-02 3.955184e-02 -4.767770e-02 3.553554e-02 2.367195e-02 -2.636557e-02 -2.996408e-03
<VARIANCE> 25
 1.307026e+01 2.989561e+01 4.598883e+01 4.436211e+01 3.867424e+01 5.249281e+01 4.004487e+01 4.152192e+01 4.067264e+01 4.203106e+01 4.247826e+01 3.015502e+01 8.278242e-02 1.887292e-01 3.653787e-01 2.954710e-01 3.905857e-01 4.520209e-01 4.644573e-01 5.017738e-01 5.103127e-01 4.532361e-01 4.331245e-01 3.995802e-01 1.015578e-04
<GCONST> 6.717850e+01
<MIXTURE> 107 5.452374e-03
<MEAN> 25
 7.953442e+00 -3.135179e+00 -7.122829e+00 -8.098023e+00 1.655090e+00 4.504124e+00 -9.393698e+00 -4.636919e+00 -1.618579e+00 2.566556e+00 2.386864e+00 -3.912292e+00 -5.814480e-01 -7.319840e-01 8.699559e-01 1.654960e+00 4.369873e-01 -2.121637e+00 -7.359089e-01 7.447117e-01 1.385082e+00 1.832862e-01 -1.460881e+00 -7.676518e-01 -3.475124e-03
<VARIANCE> 25
 8.822806e+00 1.737469e+01 2.704888e+01 3.999323e+01 2.962361e+01 3.639659e+01 5.497139e+01 2.634045e+01 4.674693e+01 3.782974e+01 4.756932e+01 3.121256e+01 3.623415e-01 1.118995e+00 1.511617e+00 2.077618e+00 2.333256e+00 2.292918e+00 2.349851e+00 2.290157e+00 2.094754e+00 2.468303e+00 1.510159e+00 1.915863e+00 7.485155e-04
<GCONST> 8.611713e+01
<MIXTURE> 108 5.452374e-03
<MEAN> 25
 7.953442e+00 -3.135179e+00 -7.122829e+00 -8.098023e+00 1.655090e+00 4.504124e+00 -9.393698e+00 -4.636919e+00 -1.618579e+00 2.566556e+00 2.386864e+00 -3.912292e+00 -5.814480e-01 -7.319840e-01 8.699559e-01 1.654960e+00 4.369873e-01 -2.121637e+00 -7.359089e-01 7.447117e-01 1.385082e+00 1.832862e-01 -1.460881e+00 -7.676518e-01 -3.475124e-03
<VARIANCE> 25
 8.822806e+00 1.737469e+01 2.704888e+01 3.999323e+01 2.962361e+01 3.639659e+01 5.497139e+01 2.634045e+01 4.674693e+01 3.782974e+01 4.756932e+01 3.121256e+01 3.623415e-01 1.118995e+00 1.511617e+00 2.077618e+00 2.333256e+00 2.292918e+00 2.349851e+00 2.290157e+00 2.094754e+00 2.468303e+00 1.510159e+00 1.915863e+00 7.485155e-04
<GCONST> 8.611713e+01
<MIXTURE> 109 6.661064e-03
<MEAN> 25
 4.162529e+00 -9.914981e+00 -7.650916e+00 -1.236035e+00 2.407927e+00 5.327100e-01 -6.999960e-01 1.208808e+00 -1.575900e+00 -7.852057e+00 -4.464787e+00 -2.024857e-01 -3.666138e-02 -1.860359e-01 2.074005e-02 3.365887e-01 7.919415e-02 1.176460e-01 -1.407221e-01 -1.315988e-02 8.651344e-02 -2.392087e-01 1.807836e-01 -6.891568e-02 -3.259115e-03
<VARIANCE> 25
 8.322753e+00 1.925233e+01 2.191277e+01 3.119174e+01 3.718970e+01 3.528353e+01 4.526810e+01 3.177457e+01 4.591845e+01 3.373118e+01 3.298685e+01 2.728732e+01 1.814695e-01 4.146938e-01 5.080332e-01 7.012163e-01 1.392777e+00 9.625993e-01 1.197841e+00 1.192686e+00 1.132715e+00 1.078007e+00 8.068678e-01 8.684966e-01 1.752343e-04
<GCONST> 7.437495e+01
<MIXTURE> 110 6.661064e-03
<MEAN> 25
 4.162529e+00 -9.914981e+00 -7.650916e+00 -1.236035e+00 2.407927e+00 5.327100e-01 -6.999960e-01 1.208808e+00 -1.575900e+00 -7.852057e+00 -4.464787e+00 -2.024857e-01 -3.666138e-02 -1.860359e-01 2.074005e-02 3.365887e-01 7.919415e-02 1.176460e-01 -1.407221e-01 -1.315988e-02 8.651344e-02 -2.392087e-01 1.807836e-01 -6.891568e-02 -3.259115e-03
<VARIANCE> 25
 8.322753e+00 1.925233e+01 2.191277e+01 3.119174e+01 3.718970e+01 3.528353e+01 4.526810e+01 3.177457e+01 4.591845e+01 3.373118e+01 3.298685e+01 2.728732e+01 1.814695e-01 4.146938e-01 5.080332e-01 7.012163e-01 1.392777e+00 9.625993e-01 1.197841e+00 1.192686e+00 1.132715e+00 1.078007e+00 8.068678e-01 8.684966e-01 1.752343e-04
<GCONST> 7.437495e+01
<MIXTURE> 111 4.337247e-03
<MEAN> 25
 -4.295274e+00 -3.623796e-01 -1.978437e+00 1.879200e+00 9.667696e-01 9.157380e-01 4.696068e-01 2.411867e-01 2.914396e-01 -8.029764e-01 -8.311185e-01 1.709626e+00 -2.292800e-02 -4.280402e-02 -7.252523e-02 -7.388138e-02 -7.976723e-02 -8.557190e-03 1.281528e-02 -1.224009e-02 -1.111736e-01 -2.476052e-01 -2.131263e-01 -1.203311e-01 -6.211176e-04
<VARIANCE> 25
 6.869568e+00 8.140645e+00 1.096413e+01 9.636909e+00 1.223751e+01 2.207800e+01 1.430297e+01 1.347639e+01 1.187625e+01 1.202144e+01 1.330662e+01 1.171275e+01 7.820158e-02 1.559204e-01 2.602688e-01 3.994575e-01 5.618551e-01 6.773765e-01 7.494335e-01 8.257253e-01 8.459088e-01 8.363814e-01 8.107167e-01 8.770514e-01 2.493720e-05
<GCONST> 5.609909e+01
<MIXTURE> 112 4.337247e-03
<MEAN> 25
 -4.295274e+00 -3.623796e-01 -1.978437e+00 1.879200e+00 9.667696e-01 9.157380e-01 4.696068e-01 2.411867e-01 2.914396e-01 -8.029764e-01 -8.311185e-01 1.709626e+00 -2.292800e-02 -4.280402e-02 -7.252523e-02 -7.388138e-02 -7.976723e-02 -8.557190e-03 1.281528e-02 -1.224009e-02 -1.111736e-01 -2.476052e-01 -2.131263e-01 -1.203311e-01 -6.211176e-04
<VARIANCE> 25
 6.869568e+00 8.140645e+00 1.096413e+01 9.636909e+00 1.223751e+01 2.207800e+01 1.430297e+01 1.347639e+01 1.187625e+01 1.202144e+01 1.330662e+01 1.171275e+01 7.820158e-02 1.559204e-01 2.602688e-01 3.994575e-01 5.618551e-01 6.773765e-01 7.494335e-01 8.257253e-01 8.459088e-01 8.363814e-01 8.107167e-01 8.770514e-01 2.493720e-05
<GCONST> 5.609909e+01
<MIXTURE> 113 5.938666e-03
<MEAN> 25
 9.300861e+00 2.013926e+00 -8.476260e+00 -1.441341e+01 -1.027517e+00 6.604800e+00 -5.283036e+00 -1.575822e+00 -5.882602e+00 -9.673014e-01 1.602997e+00 3.135292e-01 -1.167892e-02 -1.021619e-01 -1.798169e-02 -3.502289e-02 1.390605e-01 1.389012e-01 7.605450e-02 2.817844e-02 -1.885055e-02 -8.603844e-02 1.710229e-01 9.310532e-02 -1.503987e-04
<VARIANCE> 25
 8.370742e+00 2.054666e+01 2.501807e+01 4.684288e+01 4.117251e+01 3.602426e+01 4.068383e+01 3.106325e+01 4.041484e+01 4.142866e+01 3.544945e+01 2.500340e+01 1.079837e-01 3.683636e-01 2.750355e-01 5.759136e-01 5.762955e-01 6.540577e-01 7.937721e-01 8.580643e-01 9.710530e-01 1.013021e+00 6.947839e-01 7.542437e-01 1.563146e-04
<GCONST> 7.096176e+01
<MIXTURE> 114 5.938666e-03
<MEAN> 25
 9.300861e+00 2.013926e+00 -8.476260e+00 -1.441341e+01 -1.027517e+00 6.604800e+00 -5.283036e+00 -1.575822e+00 -5.882602e+00 -9.673014e-01 1.602997e+00 3.135292e-01 -1.167892e-02 -1.021619e-01 -1.798169e-02 -3.502289e-02 1.390605e-01 1.389012e-01 7.605450e-02 2.817844e-02 -1.885055e-02 -8.603844e-02 1.710229e-01 9.310532e-02 -1.503987e-04
<VARIANCE> 25
 8.370742e+00 2.054666e+01 2.501807e+01 4.684288e+01 4.117251e+01 3.602426e+01 4.068383e+01 3.106325e+01 4.041484e+01 4.142866e+01 3.544945e+01 2.500340e+01 1.079837e-01 3.683636e-01 2.750355e-01 5.759136e-01 5.762955e-01 6.540577e-01 7.937721e-01 8.580643e-01 9.710530e-01 1.013021e+00 6.947839e-01 7.542437e-01 1.563146e-04
<GCONST> 7.096176e+01
<MIXTURE> 115 2.935202e-03
<MEAN> 25
 -3.646450e+00 2.879736e-01 -3.822624e+00 3.846001e+00 2.298466e+00 -4.009724e-02 2.873388e+00 6.053066e-01 2.265155e+00 -6.552188e-03 -7.379078e-01 2.309267e+00 9.044236e-03 -1.038825e-01 -1.955183e-01 -3.863085e-01 -5.614136e-01 -6.871405e-01 -5.570452e-01 -4.107448e-01 -4.081138e-01 -5.343619e-01 -4.108146e-01 -1.278390e-01 -7.112790e-06
<VARIANCE> 25
 8.928467e+00 1.467537e+01 1.472439e+01 1.161242e+01 1.187474e+01 1.733920e+01 1.795291e+01 1.923030e+01 2.009672e+01 1.578413e+01 2.138268e+01 1.407726e+01 1.904152e-01 3.389904e-01 4.588111e-01 5.512531e-01 6.132123e-01 7.788899e-01 1.016653e+00 1.097416e+00 1.008584e+00 1.010659e+00 1.108070e+00 1.039134e+00 8.715579e-07
<GCONST> 6.006498e+01
<MIXTURE> 116 2.935202e-03
<MEAN> 25
 -3.646450e+00 2.879736e-01 -3.822624e+00 3.846001e+00 2.298466e+00 -4.009724e-02 2.873388e+00 6.053066e-01 2.265155e+00 -6.552188e-03 -7.379078e-01 2.309267e+00 9.044236e-03 -1.038825e-01 -1.955183e-01 -3.863085e-01 -5.614136e-01 -6.871405e-01 -5.570452e-01 -4.107448e-01 -4.081138e-01 -5.343619e-01 -4.108146e-01 -1.278390e-01 -7.112790e-06
<VARIANCE> 25
 8.928467e+00 1.467537e+01 1.472439e+01 1.161242e+01 1.187474e+01 1.733920e+01 1.795291e+01 1.923030e+01 2.009672e+01 1.578413e+01 2.138268e+01 1.407726e+01 1.904152e-01 3.389904e-01 4.588111e-01 5.512531e-01 6.132123e-01 7.788899e-01 1.016653e+00 1.097416e+00 1.008584e+00 1.010659e+00 1.108070e+00 1.039134e+00 8.715579e-07
<GCONST> 6.006498e+01
<MIXTURE> 117 6.506003e-03
<MEAN> 25
 -4.597173e+00 1.229265e+00 9.035369e-01 9.694950e+00 6.198626e+00 6.216051e+00 6.497792e+00 5.039450e+00 6.427863e+00 4.926372e+00 6.207159e+00 2.659395e+00 -6.838915e-02 -2.303718e-01 -3.534987e-01 -4.217356e-01 -3.552057e-01 -2.879095e-01 -2.966185e-01 -3.321655e-01 -3.848742e-01 -3.676480e-01 -2.753466e-01 -1.111860e-01 -1.096001e-05
<VARIANCE> 25
 7.205021e+00 9.333235e+00 1.078471e+01 1.428824e+01 1.555032e+01 1.524257e+01 1.757139e+01 1.787887e+01 1.637751e+01 1.616466e+01 1.781224e+01 1.465371e+01 2.171020e-01 3.050240e-01 4.224874e-01 6.106952e-01 8.484097e-01 1.068832e+00 1.184720e+00 1.219004e+00 1.216456e+00 1.189126e+00 1.187394e+00 1.102841e+00 9.882789e-07
<GCONST> 6.056595e+01
<MIXTURE> 118 6.506003e-03
<MEAN> 25
 -4.597173e+00 1.229265e+00 9.035369e-01 9.694950e+00 6.198626e+00 6.216051e+00 6.497792e+00 5.039450e+00 6.427863e+00 4.926372e+00 6.207159e+00 2.659395e+00 -6.838915e-02 -2.303718e-01 -3.534987e-01 -4.217356e-01 -3.552057e-01 -2.879095e-01 -2.966185e-01 -3.321655e-01 -3.848742e-01 -3.676480e-01 -2.753466e-01 -1.111860e-01 -1.096001e-05
<VARIANCE> 25
 7.205021e+00 9.333235e+00 1.078471e+01 1.428824e+01 1.555032e+01 1.524257e+01 1.757139e+01 1.787887e+01 1.637751e+01 1.616466e+01 1.781224e+01 1.465371e+01 2.171020e-01 3.050240e-01 4.224874e-01 6.106952e-01 8.484097e-01 1.068832e+00 1.184720e+00 1.219004e+00 1.216456e+00 1.189126e+00 1.187394e+00 1.102841e+00 9.882789e-07
<GCONST> 6.056595e+01
<MIXTURE> 119 4.297961e-03
<MEAN> 25
 -4.933824e+00 -7.605065e+00 2.190298e+00 2.007956e+00 2.174876e+00 1.765142e-01 5.276163e+00 5.966548e+00 1.194844e+00 9.695927e-01 6.567267e+00 1.539875e+00 -5.023289e-02 -7.553937e-02 3.754015e-02 -5.338054e-02 -1.348095e-01 -1.792978e-01 -6.499439e-02 -7.362849e-03 -9.013348e-02 -1.027587e-01 -5.118093e-02 -5.260924e-02 1.054448e-03
<VARIANCE> 25
 8.710424e+00 9.875648e+00 1.682472e+01 2.009716e+01 2.335325e+01 2.319627e+01 2.485006e+01 2.647635e+01 2.509334e+01 2.788763e+01 2.048279e+01 2.036461e+01 1.592834e-01 2.839921e-01 4.595075e-01 6.337727e-01 8.084133e-01 1.002093e+00 1.094815e+00 1.296689e+00 1.293341e+00 1.254862e+00 1.190972e+00 1.109101e+00 2.326449e-04
<GCONST> 6.979979e+01
<MIXTURE> 120 4.297961e-03
<MEAN> 25
 -4.933824e+00 -7.605065e+00 2.190298e+00 2.007956e+00 2.174876e+00 1.765142e-01 5.276163e+00 5.966548e+00 1.194844e+00 9.695927e-01 6.567267e+00 1.539875e+00 -5.023289e-02 -7.553937e-02 3.754015e-02 -5.338054e-02 -1.348095e-01 -1.792978e-01 -6.499439e-02 -7.362849e-03 -9.013348e-02 -1.027587e-01 -5.118093e-02 -5.260924e-02 1.054448e-03
<VARIANCE> 25
 8.710424e+00 9.875648e+00 1.682472e+01 2.009716e+01 2.335325e+01 2.319627e+01 2.485006e+01 2.647635e+01 2.509334e+01 2.788763e+01 2.048279e+01 2.036461e+01 1.592834e-01 2.839921e-01 4.595075e-01 6.337727e-01 8.084133e-01 1.002093e+00 1.094815e+00 1.296689e+00 1.293341e+00 1.254862e+00 1.190972e+00 1.109101e+00 2.326449e-04
<GCONST> 6.979979e+01
<MIXTURE> 121 4.567511e-03
<MEAN> 25
 2.435810e-01 -2.501474e+00 5.193868e+00 -1.286606e+01 -1.258589e+01 -1.586643e+00 9.528054e-01 -5.084852e+00 -4.246665e+00 -5.126906e-01 -5.453211e+00 -4.302358e+00 2.332227e-02 1.390267e-01 -3.833923e-02 7.387020e-02 1.657312e-01 8.455268e-02 -7.556657e-02 -1.905775e-01 -2.711233e-01 -2.567042e-01 -1.118655e-01 3.739927e-03 -7.532157e-03
<VARIANCE> 25
 7.867565e+00 1.556432e+01 1.747785e+01 2.044530e+01 2.470471e+01 2.998763e+01 2.957370e+01 2.453172e+01 3.559414e+01 2.822507e+01 1.995136e+01 2.105933e+01 1.556836e-01 6.443745e-01 6.223394e-01 7.072858e-01 7.800356e-01 1.151825e+00 1.112725e+00 1.129082e+00 1.214143e+00 1.188500e+00 9.393752e-01 8.678175e-01 2.135260e-04
<GCONST> 7.149282e+01
<MIXTURE> 122 4.567511e-03
<MEAN> 25
 2.435810e-01 -2.501474e+00 5.193868e+00 -1.286606e+01 -1.258589e+01 -1.586643e+00 9.528054e-01 -5.084852e+00 -4.246665e+00 -5.126906e-01 -5.453211e+00 -4.302358e+00 2.332227e-02 1.390267e-01 -3.833923e-02 7.387020e-02 1.657312e-01 8.455268e-02 -7.556657e-02 -1.905775e-01 -2.711233e-01 -2.567042e-01 -1.118655e-01 3.739927e-03 -7.532157e-03
<VARIANCE> 25
 7.867565e+00 1.556432e+01 1.747785e+01 2.044530e+01 2.470471e+01 2.998763e+01 2.957370e+01 2.453172e+01 3.559414e+01 2.822507e+01 1.995136e+01 2.105933e+01 1.556836e-01 6.443745e-01 6.223394e-01 7.072858e-01 7.800356e-01 1.151825e+00 1.112725e+00 1.129082e+00 1.214143e+00 1.188500e+00 9.393752e-01 8.678175e-01 2.135260e-04
<GCONST> 7.149282e+01
<MIXTURE> 123 4.393044e-03
<MEAN> 25
 -3.422027e+00 2.328072e+00 -1.390183e+00 6.162087e+00 4.044312e+00 1.925285e+00 2.837639e+00 1.892490e-01 2.140927e+00 -3.787532e-01 -8.917492e-01 6.300385e-01 -3.884975e-01 -6.550178e-01 -9.235263e-01 -4.758045e-01 -2.169626e-01 -1.161479e-02 5.179713e-01 5.333290e-01 7.882925e-01 7.887432e-01 5.166125e-01 4.918663e-01 -5.438810e-03
<VARIANCE> 25
 1.004918e+01 1.237383e+01 1.668218e+01 1.428912e+01 2.001340e+01 2.906693e+01 1.862920e+01 1.786455e+01 2.319446e+01 1.457122e+01 1.976057e+01 1.989642e+01 3.105632e-01 3.152155e-01 5.005253e-01 7.170282e-01 8.077891e-01 1.053903e+00 1.116040e+00 1.186896e+00 9.873359e-01 1.014592e+00 1.073919e+00 1.054216e+00 1.050924e-04
<GCONST> 6.795132e+01
<MIXTURE> 124 4.069876e-03
<MEAN> 25
 -5.434361e+00 1.502177e-01 -4.170231e+00 5.118229e+00 4.223254e+00 3.410594e+00 5.929948e+00 3.489162e+00 5.328671e+00 1.147579e+00 2.292020e-01 2.600035e+00 -1.613871e-01 -3.345590e-01 -3.962655e-01 -3.154206e-01 8.497079e-02 6.083834e-01 7.841272e-01 7.874575e-01 6.504626e-01 3.137660e-01 -9.867414e-03 -9.656703e-02 -6.462499e-04
<VARIANCE> 25
 1.014412e+01 8.657505e+00 1.143426e+01 9.237426e+00 9.858865e+00 1.786609e+01 1.283502e+01 1.676887e+01 2.189436e+01 1.365860e+01 1.610417e+01 1.222382e+01 1.180647e-01 1.520324e-01 2.222687e-01 4.119118e-01 5.274580e-01 6.190507e-01 6.854622e-01 7.156717e-01 8.429587e-01 9.552379e-01 9.146230e-01 1.004578e+00 1.794158e-05
<GCONST> 5.713603e+01
<MIXTURE> 125 4.069876e-03
<MEAN> 25
 -5.434361e+00 1.502177e-01 -4.170231e+00 5.118229e+00 4.223254e+00 3.410594e+00 5.929948e+00 3.489162e+00 5.328671e+00 1.147579e+00 2.292020e-01 2.600035e+00 -1.613871e-01 -3.345590e-01 -3.962655e-01 -3.154206e-01 8.497079e-02 6.083834e-01 7.841272e-01 7.874575e-01 6.504626e-01 3.137660e-01 -9.867414e-03 -9.656703e-02 -6.462499e-04
<VARIANCE> 25
 1.014412e+01 8.657505e+00 1.143426e+01 9.237426e+00 9.858865e+00 1.786609e+01 1.283502e+01 1.676887e+01 2.189436e+01 1.365860e+01 1.610417e+01 1.222382e+01 1.180647e-01 1.520324e-01 2.222687e-01 4.119118e-01 5.274580e-01 6.190507e-01 6.854622e-01 7.156717e-01 8.429587e-01 9.552379e-01 9.146230e-01 1.004578e+00 1.794158e-05
<GCONST> 5.713603e+01
<MIXTURE> 126 2.402244e-03
<MEAN> 25
 -3.667936e+00 -6.591712e+00 -5.321970e+00 2.384083e+00 4.080270e+00 -3.156357e+00 2.262867e-01 3.672000e+00 3.545761e+00 -2.603893e+00 -1.473704e+00 2.848805e+00 -7.368320e-03 5.630844e-03 -3.964540e-02 -1.559110e-01 -3.529523e-01 -3.922583e-01 -2.644197e-01 -1.447414e-01 -9.849766e-02 -8.935191e-02 -1.055374e-01 -3.587843e-02 -1.739487e-03
<VARIANCE> 25
 7.932332e+00 1.504494e+01 1.408517e+01 1.515780e+01 2.507641e+01 2.355921e+01 2.270234e+01 2.916074e+01 3.092064e+01 2.566240e+01 2.131589e+01 1.964617e+01 1.687458e-01 3.693089e-01 4.758418e-01 5.698620e-01 7.755321e-01 9.692057e-01 1.086758e+00 1.304372e+00 1.319506e+00 1.292290e+00 1.187166e+00 1.123359e+00 2.072498e-04
<GCONST> 7.000599e+01
<MIXTURE> 127 2.402244e-03
<MEAN> 25
 -3.667936e+00 -6.591712e+00 -5.321970e+00 2.384083e+00 4.080270e+00 -3.156357e+00 2.262867e-01 3.672000e+00 3.545761e+00 -2.603893e+00 -1.473704e+00 2.848805e+00 -7.368320e-03 5.630844e-03 -3.964540e-02 -1.559110e-01 -3.529523e-01 -3.922583e-01 -2.644197e-01 -1.447414e-01 -9.849766e-02 -8.935191e-02 -1.055374e-01 -3.587843e-02 -1.739487e-03
<VARIANCE> 25
 7.932332e+00 1.504494e+01 1.408517e+01 1.515780e+01 2.507641e+01 2.355921e+01 2.270234e+01 2.916074e+01 3.092064e+01 2.566240e+01 2.131589e+01 1.964617e+01 1.687458e-01 3.693089e-01 4.758418e-01 5.698620e-01 7.755321e-01 9.692057e-01 1.086758e+00 1.304372e+00 1.319506e+00 1.292290e+00 1.187166e+00 1.123359e+00 2.072498e-04
<GCONST> 7.000599e+01
<MIXTURE> 128 3.790457e-03
<MEAN> 25
 -3.877868e+00 1.696009e+00 -5.701532e-01 6.523992e+00 3.591319e+00 1.896825e+00 3.717816e+00 2.407177e+00 4.149658e+00 3.649063e+00 3.498652e+00 3.446369e+00 -3.809997e-01 -1.946747e-01 9.522470e-02 7.075256e-01 1.151365e+00 1.136678e+00 7.106504e-01 1.232302e-01 -4.328618e-01 -7.718167e-01 -6.660280e-01 -3.702257e-01 -3.706328e-05
<VARIANCE> 25
 1.005883e+01 1.214748e+01 1.637654e+01 1.903918e+01 1.958291e+01 2.109157e+01 2.441734e+01 2.446991e+01 2.676646e+01 2.353483e+01 2.834307e+01 1.794840e+01 8.746198e-01 1.121293e+00 1.328019e+00 1.480061e+00 1.569029e+00 1.870846e+00 2.219146e+00 2.294416e+00 2.118510e+00 1.848757e+00 1.826909e+00 1.753465e+00 9.715770e-07
<GCONST> 7.363445e+01
<TRANSP> 3
 0.000000e+00 1.000000e+00 0.000000e+00
 0.000000e+00 9.999990e-01 9.999998e-07
 0.000000e+00 0.000000e+00 0.000000e+00
<ENDHMM>
