~o
<STREAMINFO> 1 25
<VECSIZE> 25<NULLD><MFCC_E_D_N><DIAGC>
~h "jmodel"
<BEGINHMM>
<NUMSTATES> 3
<STATE> 2
<NUMMIXES> 128
<MIXTURE> 1 5.748963e-03
<MEAN> 25
 -2.584113e+00 3.182432e+00 2.310524e+00 8.753636e+00 4.371838e+00 3.449649e+00 4.062601e+00 3.933716e+00 5.831144e+00 5.251412e+00 5.883072e+00 3.080410e+00 -2.004430e+00 -1.634282e+00 -8.641128e-01 1.075970e+00 1.560815e+00 2.232150e+00 2.154457e+00 2.084879e+00 1.693263e+00 1.269823e+00 1.567429e+00 6.129848e-01 -4.692272e-02
<VARIANCE> 25
 1.006433e+01 1.175909e+01 1.495367e+01 1.868741e+01 2.318557e+01 2.214589e+01 2.189348e+01 2.198839e+01 2.100024e+01 2.255543e+01 2.095751e+01 1.708275e+01 1.789072e+00 2.113387e+00 3.025634e+00 3.209489e+00 3.738881e+00 3.357210e+00 3.318700e+00 3.379956e+00 3.521527e+00 3.726831e+00 3.513085e+00 2.834798e+00 3.120891e-03
<GCONST> 8.846615e+01
<MIXTURE> 2 4.549242e-03
<MEAN> 25
 -4.875671e+00 1.311720e+00 9.943511e-01 9.899809e+00 6.692275e+00 7.424650e+00 7.847087e+00 6.958091e+00 8.373269e+00 6.373019e+00 7.624402e+00 3.074697e+00 -6.200235e-02 4.161923e-02 1.425301e-01 2.258583e-01 2.652900e-01 2.813653e-01 2.954302e-01 3.195550e-01 3.497573e-01 3.089160e-01 1.971766e-01 8.006547e-02 1.228299e-06
<VARIANCE> 25
 6.952293e+00 8.901894e+00 1.065126e+01 1.591096e+01 1.723581e+01 1.556308e+01 1.689898e+01 1.848562e+01 1.658668e+01 1.738619e+01 1.811029e+01 1.434002e+01 1.252503e-01 2.266278e-01 3.364712e-01 4.671271e-01 6.492781e-01 8.148874e-01 9.298787e-01 1.003176e+00 1.051662e+00 1.077774e+00 1.075658e+00 1.013934e+00 1.000000e-06
<GCONST> 5.804302e+01
<MIXTURE> 3 4.549242e-03
<MEAN> 25
 -4.875671e+00 1.311720e+00 9.943511e-01 9.899809e+00 6.692275e+00 7.424650e+00 7.847087e+00 6.958091e+00 8.373269e+00 6.373019e+00 7.624402e+00 3.074697e+00 -6.200235e-02 4.161923e-02 1.425301e-01 2.258583e-01 2.652900e-01 2.813653e-01 2.954302e-01 3.195550e-01 3.497573e-01 3.089160e-01 1.971766e-01 8.006547e-02 1.228299e-06
<VARIANCE> 25
 6.952293e+00 8.901894e+00 1.065126e+01 1.591096e+01 1.723581e+01 1.556308e+01 1.689898e+01 1.848562e+01 1.658668e+01 1.738619e+01 1.811029e+01 1.434002e+01 1.252503e-01 2.266278e-01 3.364712e-01 4.671271e-01 6.492781e-01 8.148874e-01 9.298787e-01 1.003176e+00 1.051662e+00 1.077774e+00 1.075658e+00 1.013934e+00 1.000000e-06
<GCONST> 5.804302e+01
<MIXTURE> 4 1.671429e-02
<MEAN> 25
 3.255938e+00 2.537299e+00 -3.621699e+00 9.830460e-01 4.230738e+00 -3.126432e-01 2.069281e-02 6.571896e-02 1.594870e+00 1.057616e+00 -2.052663e+00 2.982621e-01 -2.733154e+00 1.275068e+00 1.731299e+00 3.013570e+00 9.581541e-01 5.141552e-01 1.504285e+00 9.886394e-01 9.204488e-01 4.207549e-01 1.229210e+00 8.548205e-01 -1.019394e-01
<VARIANCE> 25
 2.147460e+01 2.907038e+01 2.936521e+01 3.855449e+01 4.463186e+01 6.945207e+01 6.352625e+01 5.500421e+01 5.390332e+01 6.177505e+01 4.895681e+01 3.580477e+01 2.351652e+00 5.157513e+00 3.653197e+00 4.929550e+00 4.916991e+00 6.034029e+00 5.907583e+00 5.593085e+00 5.860953e+00 6.250825e+00 5.957434e+00 4.405035e+00 5.975750e-03
<GCONST> 1.052157e+02
<MIXTURE> 5 3.206198e-03
<MEAN> 25
 -3.416631e+00 2.181993e+00 6.086436e-01 9.426933e+00 6.695910e+00 6.315797e+00 7.112389e+00 4.721071e+00 5.495551e+00 3.847895e+00 4.657459e+00 2.605915e+00 -3.246593e-01 7.526641e-01 1.224659e+00 1.032359e+00 3.076793e-01 -1.000502e-01 -8.365837e-02 3.368308e-02 4.581024e-01 6.838051e-01 4.041571e-01 8.817642e-02 -2.767230e-05
<VARIANCE> 25
 1.025172e+01 1.394238e+01 2.349728e+01 2.562880e+01 2.022357e+01 1.942146e+01 2.011080e+01 2.038115e+01 2.141623e+01 2.128490e+01 2.409954e+01 1.636003e+01 1.209864e+00 1.244406e+00 1.357003e+00 1.673660e+00 2.284448e+00 2.376178e+00 2.301656e+00 2.275203e+00 2.315366e+00 2.237734e+00 2.085951e+00 1.874254e+00 1.000618e-06
<GCONST> 7.516851e+01
<MIXTURE> 6 5.475854e-03
<MEAN> 25
 8.594995e+00 -3.345151e-01 -5.949193e+00 -1.028965e+01 -1.984286e+00 6.483580e+00 -6.198116e+00 -6.422738e+00 -3.780037e+00 9.108577e-01 5.385059e+00 -8.822209e-01 4.084639e-01 9.016754e-01 -4.936352e-01 -1.466250e+00 -5.297422e-01 1.581315e+00 1.796116e+00 1.221102e-01 -1.043918e+00 -1.429682e+00 -1.746311e-02 1.425090e+00 -1.008762e-02
<VARIANCE> 25
 1.428531e+01 1.551541e+01 2.453658e+01 3.699810e+01 3.207929e+01 3.076221e+01 4.327838e+01 3.957873e+01 3.615878e+01 4.027062e+01 4.267363e+01 2.670511e+01 3.648954e-01 7.706398e-01 9.491973e-01 1.811528e+00 1.458593e+00 2.235637e+00 2.212009e+00 1.902803e+00 2.347228e+00 2.139242e+00 2.960353e+00 1.490578e+00 5.331510e-04
<GCONST> 8.427547e+01
<MIXTURE> 7 5.475854e-03
<MEAN> 25
 8.594995e+00 -3.345151e-01 -5.949193e+00 -1.028965e+01 -1.984286e+00 6.483580e+00 -6.198116e+00 -6.422738e+00 -3.780037e+00 9.108577e-01 5.385059e+00 -8.822209e-01 4.084639e-01 9.016754e-01 -4.936352e-01 -1.466250e+00 -5.297422e-01 1.581315e+00 1.796116e+00 1.221102e-01 -1.043918e+00 -1.429682e+00 -1.746311e-02 1.425090e+00 -1.008762e-02
<VARIANCE> 25
 1.428531e+01 1.551541e+01 2.453658e+01 3.699810e+01 3.207929e+01 3.076221e+01 4.327838e+01 3.957873e+01 3.615878e+01 4.027062e+01 4.267363e+01 2.670511e+01 3.648954e-01 7.706398e-01 9.491973e-01 1.811528e+00 1.458593e+00 2.235637e+00 2.212009e+00 1.902803e+00 2.347228e+00 2.139242e+00 2.960353e+00 1.490578e+00 5.331510e-04
<GCONST> 8.427547e+01
<MIXTURE> 8 1.165917e-02
<MEAN> 25
 -4.727694e+00 1.369015e+00 1.280225e+00 9.545153e+00 6.571643e+00 6.256055e+00 6.485590e+00 5.678502e+00 6.655648e+00 5.630908e+00 6.560106e+00 3.144223e+00 -6.314353e-01 -1.427447e+00 -1.067312e+00 -1.730519e+00 -2.327653e-01 -9.440688e-01 -1.760292e-01 -2.862718e-01 -2.532849e-01 -1.731955e-01 -2.105166e-01 8.223534e-02 9.889532e-02
<VARIANCE> 25
 9.330252e+00 9.861519e+00 1.168587e+01 1.615377e+01 1.662285e+01 1.568290e+01 1.811945e+01 1.753917e+01 1.702439e+01 1.734932e+01 1.895629e+01 1.403971e+01 2.756838e+00 2.817752e+00 3.913030e+00 3.756549e+00 3.452809e+00 3.314359e+00 3.127137e+00 3.084682e+00 2.867270e+00 2.652818e+00 2.439976e+00 1.901695e+00 6.682144e-03
<GCONST> 8.630363e+01
<MIXTURE> 9 1.199672e-02
<MEAN> 25
 9.239994e+00 3.430408e+00 -6.180359e+00 -1.046805e+01 -2.204999e+00 4.987791e+00 -2.082352e+00 -2.350819e+00 -5.273597e+00 -1.332543e+00 5.313317e-01 -5.758097e-03 1.415389e+00 -1.630614e-01 -4.482610e-01 -2.712868e+00 -1.586366e+00 8.468128e-01 -1.007186e+00 -2.044570e-01 -2.052606e-01 -5.331082e-01 6.492302e-01 -2.200232e-01 7.266255e-02
<VARIANCE> 25
 1.224650e+01 2.141843e+01 3.303788e+01 5.515161e+01 4.952533e+01 3.178997e+01 4.361026e+01 5.165204e+01 4.219267e+01 4.157397e+01 3.564680e+01 2.656823e+01 2.090761e+00 2.490986e+00 4.605588e+00 4.812955e+00 5.131251e+00 4.034722e+00 4.301207e+00 5.993897e+00 5.019572e+00 4.139732e+00 4.027092e+00 3.049737e+00 2.206591e-03
<GCONST> 9.888319e+01
<MIXTURE> 10 6.596976e-03
<MEAN> 25
 8.147107e-01 7.629362e+00 5.370368e+00 7.141478e+00 1.587739e+00 -2.112330e+00 -5.166678e-01 -1.683789e+00 8.685394e-01 8.551661e-01 8.344282e-01 6.609010e-01 -1.923161e+00 -6.699827e-01 -4.604229e-01 3.024745e+00 2.462255e+00 2.706164e+00 2.372080e+00 2.274643e+00 1.860975e+00 1.544363e+00 2.332177e+00 5.245540e-01 -1.380319e-01
<VARIANCE> 25
 1.955796e+01 2.067721e+01 2.231830e+01 2.905107e+01 3.825986e+01 3.495964e+01 3.510780e+01 3.383548e+01 2.766236e+01 2.910265e+01 2.694422e+01 2.499816e+01 2.235727e+00 3.431908e+00 5.537660e+00 5.170304e+00 5.547190e+00 4.477772e+00 4.697534e+00 4.846097e+00 4.385419e+00 5.017444e+00 4.446099e+00 3.196101e+00 2.703612e-03
<GCONST> 9.746761e+01
<MIXTURE> 11 1.633820e-02
<MEAN> 25
 7.047944e+00 4.423084e+00 2.535865e+00 4.614890e+00 -2.745441e+00 -8.524900e-01 -1.651790e+00 -6.946019e+00 -2.540829e+00 -1.387797e+00 -2.689894e+00 -7.636356e-01 -1.912566e-01 5.264992e-01 8.101352e-02 4.535382e-01 6.235099e-01 -2.970843e-02 3.947392e-01 -9.912521e-02 -1.853766e-01 -3.510268e-02 -1.821235e-01 -4.534153e-02 -2.002697e-02
<VARIANCE> 25
 1.204659e+01 2.086384e+01 2.150854e+01 2.925707e+01 3.522094e+01 4.170831e+01 4.329834e+01 3.790853e+01 4.718380e+01 3.702082e+01 2.926188e+01 3.160958e+01 9.080762e-01 1.160648e+00 1.819316e+00 2.202186e+00 1.990189e+00 2.255988e+00 2.059972e+00 3.057012e+00 1.863981e+00 1.738964e+00 1.762980e+00 1.942412e+00 8.328463e-04
<GCONST> 8.700791e+01
<MIXTURE> 12 5.904134e-03
<MEAN> 25
 1.010527e+01 3.749150e+00 -4.656489e+00 -1.505423e+01 -8.013484e+00 8.776458e+00 -8.323430e-01 -2.864202e+00 -1.526963e+00 -5.146572e+00 1.828106e+00 1.241461e+00 7.287505e-02 4.016161e-01 6.722006e-02 -2.527077e-01 -3.716405e-01 6.040348e-02 3.122943e-01 4.979829e-01 3.552594e-01 -3.356546e-01 -4.811057e-01 6.820851e-02 -7.601350e-03
<VARIANCE> 25
 1.143550e+01 1.939310e+01 2.118004e+01 4.038144e+01 4.166116e+01 2.843769e+01 3.855408e+01 5.145586e+01 4.006642e+01 3.448678e+01 3.528245e+01 2.879570e+01 2.302613e-01 7.188599e-01 6.605246e-01 1.251210e+00 1.116772e+00 9.710875e-01 1.107847e+00 1.269983e+00 1.583761e+00 1.143650e+00 1.207284e+00 8.972282e-01 5.366423e-04
<GCONST> 7.850185e+01
<MIXTURE> 13 5.904134e-03
<MEAN> 25
 1.010527e+01 3.749150e+00 -4.656489e+00 -1.505423e+01 -8.013484e+00 8.776458e+00 -8.323430e-01 -2.864202e+00 -1.526963e+00 -5.146572e+00 1.828106e+00 1.241461e+00 7.287505e-02 4.016161e-01 6.722006e-02 -2.527077e-01 -3.716405e-01 6.040348e-02 3.122943e-01 4.979829e-01 3.552594e-01 -3.356546e-01 -4.811057e-01 6.820851e-02 -7.601350e-03
<VARIANCE> 25
 1.143550e+01 1.939310e+01 2.118004e+01 4.038144e+01 4.166116e+01 2.843769e+01 3.855408e+01 5.145586e+01 4.006642e+01 3.448678e+01 3.528245e+01 2.879570e+01 2.302613e-01 7.188599e-01 6.605246e-01 1.251210e+00 1.116772e+00 9.710875e-01 1.107847e+00 1.269983e+00 1.583761e+00 1.143650e+00 1.207284e+00 8.972282e-01 5.366423e-04
<GCONST> 7.850185e+01
<MIXTURE> 14 6.488954e-03
<MEAN> 25
 -4.318773e+00 -1.540499e-01 -4.308313e-01 8.692240e+00 7.354379e+00 7.468883e+00 7.966365e+00 7.097770e+00 7.229470e+00 5.132746e+00 6.824887e+00 4.188057e+00 -2.640002e-01 2.126042e-01 3.965662e-01 3.436203e-01 -5.423085e-04 4.542701e-02 1.069851e-01 2.225189e-01 3.088273e-01 5.152162e-01 5.128540e-01 1.213345e-01 -8.293944e-03
<VARIANCE> 25
 9.001252e+00 1.477747e+01 1.840085e+01 1.854549e+01 2.090169e+01 1.919209e+01 2.136477e+01 2.136877e+01 1.941177e+01 2.339909e+01 2.082089e+01 1.571562e+01 9.326537e-01 1.597968e+00 1.746754e+00 1.911096e+00 2.177569e+00 2.193382e+00 2.187377e+00 2.229960e+00 2.216656e+00 2.444549e+00 2.132463e+00 1.823024e+00 1.028769e-03
<GCONST> 8.161823e+01
<MIXTURE> 15 2.475190e-03
<MEAN> 25
 -5.395688e+00 -5.662739e-01 -3.024311e-01 7.285959e+00 5.683771e+00 5.667787e+00 6.042661e+00 4.885797e+00 5.182847e+00 4.138163e+00 5.431874e+00 2.527296e+00 -1.278627e-01 -2.921211e-02 8.042090e-02 2.389790e-01 4.882396e-01 7.974794e-01 1.083292e+00 1.190234e+00 1.060980e+00 7.579002e-01 4.451021e-01 1.775508e-01 5.476682e-05
<VARIANCE> 25
 6.935515e+00 5.926341e+00 9.574052e+00 1.307069e+01 1.398501e+01 1.419150e+01 1.472975e+01 1.536348e+01 1.393015e+01 1.408645e+01 1.522447e+01 1.235137e+01 1.260665e-01 2.036218e-01 3.172664e-01 4.986720e-01 6.908742e-01 7.907668e-01 7.611148e-01 7.847230e-01 8.972384e-01 1.011007e+00 1.103292e+00 1.065745e+00 2.908716e-05
<GCONST> 5.871391e+01
<MIXTURE> 16 2.475190e-03
<MEAN> 25
 -5.395688e+00 -5.662739e-01 -3.024311e-01 7.285959e+00 5.683771e+00 5.667787e+00 6.042661e+00 4.885797e+00 5.182847e+00 4.138163e+00 5.431874e+00 2.527296e+00 -1.278627e-01 -2.921211e-02 8.042090e-02 2.389790e-01 4.882396e-01 7.974794e-01 1.083292e+00 1.190234e+00 1.060980e+00 7.579002e-01 4.451021e-01 1.775508e-01 5.476682e-05
<VARIANCE> 25
 6.935515e+00 5.926341e+00 9.574052e+00 1.307069e+01 1.398501e+01 1.419150e+01 1.472975e+01 1.536348e+01 1.393015e+01 1.408645e+01 1.522447e+01 1.235137e+01 1.260665e-01 2.036218e-01 3.172664e-01 4.986720e-01 6.908742e-01 7.907668e-01 7.611148e-01 7.847230e-01 8.972384e-01 1.011007e+00 1.103292e+00 1.065745e+00 2.908716e-05
<GCONST> 5.871391e+01
<MIXTURE> 17 9.518312e-03
<MEAN> 25
 4.151442e+00 -2.048927e+00 5.443641e+00 2.974458e+00 -5.321464e+00 -6.420566e+00 -3.846637e+00 1.448095e+00 -2.820894e+00 -2.153918e+00 -2.718681e-01 -2.287006e-01 -7.569366e-01 -1.417557e+00 1.262054e+00 -1.830722e+00 -2.153666e+00 -4.321834e-01 -9.078208e-02 1.505671e+00 -2.946359e-01 1.771185e-01 9.566101e-01 2.681550e-01 7.862985e-02
<VARIANCE> 25
 1.409401e+01 3.151481e+01 2.790338e+01 3.309833e+01 3.762449e+01 3.977164e+01 3.660050e+01 4.247844e+01 2.893204e+01 2.687280e+01 2.303473e+01 2.282645e+01 1.469534e+00 2.365979e+00 3.274366e+00 2.757296e+00 3.402245e+00 4.635104e+00 4.414669e+00 5.715944e+00 3.333919e+00 3.931252e+00 2.521489e+00 2.311342e+00 1.759527e-03
<GCONST> 9.387809e+01
<MIXTURE> 18 1.221018e-02
<MEAN> 25
 2.577631e+00 3.524282e+00 6.785276e+00 4.556981e+00 -3.663361e+00 -8.606527e+00 -1.724773e+00 -7.684693e-02 -4.545695e+00 -1.297642e+00 -7.529812e-01 9.229420e-01 -6.842549e-01 2.072218e+00 -8.768000e-01 1.811045e+00 3.047724e+00 1.343056e+00 5.087633e-01 -3.951681e-01 8.462888e-01 3.607920e-01 -4.089059e-01 3.016227e-01 -1.184738e-01
<VARIANCE> 25
 1.947262e+01 2.416534e+01 2.963417e+01 2.237690e+01 3.650386e+01 2.767543e+01 3.314923e+01 3.407571e+01 4.924918e+01 3.689756e+01 3.121071e+01 2.788014e+01 2.518646e+00 3.044226e+00 6.431068e+00 3.583873e+00 3.297952e+00 4.032241e+00 4.142015e+00 3.815356e+00 4.620289e+00 3.607658e+00 4.286091e+00 4.003989e+00 3.573332e-03
<GCONST> 9.736341e+01
<MIXTURE> 19 9.912824e-03
<MEAN> 25
 -1.024045e+01 1.747049e+00 4.377985e-01 7.259703e-02 3.521220e+00 9.531429e-01 4.293563e+00 1.558328e+00 1.804546e+00 1.020913e+00 1.604130e+00 2.530570e+00 2.099068e+00 1.582206e+00 2.292064e+00 7.396930e-01 -1.234098e+00 -1.239123e+00 -1.194052e+00 -1.310570e+00 -1.705498e+00 -1.184974e+00 -7.221781e-01 -7.706083e-01 5.947821e-03
<VARIANCE> 25
 4.653259e+01 3.258956e+01 4.167001e+01 4.900850e+01 3.203352e+01 2.997284e+01 4.213251e+01 3.079659e+01 2.597705e+01 2.445594e+01 3.881384e+01 1.782662e+01 2.236733e+00 2.266829e+00 2.181296e+00 1.969609e+00 2.427059e+00 2.097274e+00 2.301316e+00 2.098474e+00 1.986032e+00 1.791878e+00 2.121499e+00 1.845279e+00 2.218738e-03
<GCONST> 9.072822e+01
<MIXTURE> 20 6.308331e-03
<MEAN> 25
 -1.417809e+01 7.415576e+00 8.468710e-01 6.149045e+00 4.845150e+00 1.637133e+00 5.204816e+00 8.564404e-01 9.223485e-01 7.976841e-01 2.566119e+00 -3.009483e-01 -3.285440e+00 -8.646947e-01 -1.564065e+00 3.315166e-01 1.540992e+00 2.063243e+00 1.979109e+00 2.054877e+00 2.143377e+00 2.039105e+00 1.684562e+00 9.447397e-01 4.727747e-02
<VARIANCE> 25
 1.967383e+01 2.344305e+01 3.095382e+01 3.717292e+01 3.084276e+01 2.787425e+01 2.995428e+01 3.147563e+01 2.795000e+01 2.820223e+01 2.515748e+01 2.091166e+01 2.091603e+00 2.190573e+00 1.910887e+00 2.541995e+00 2.701840e+00 2.312371e+00 2.308747e+00 2.321944e+00 2.236704e+00 2.653332e+00 2.240480e+00 1.865459e+00 1.889286e-03
<GCONST> 8.922304e+01
<MIXTURE> 21 7.928653e-03
<MEAN> 25
 3.876705e+00 -5.847540e+00 5.885101e+00 -3.088706e-01 -9.816004e+00 -8.332307e+00 -2.852166e+00 6.066011e+00 -2.476647e+00 -3.399940e+00 9.403859e-01 8.056886e-02 -6.278464e-01 1.136052e+00 2.381326e+00 1.792053e-01 -1.327850e+00 3.991913e-01 6.423578e-01 -1.507066e+00 -1.644501e+00 -3.767234e-01 1.291469e+00 4.766605e-01 -1.343448e-02
<VARIANCE> 25
 7.144900e+00 1.792986e+01 2.398226e+01 2.946095e+01 2.268910e+01 2.555709e+01 3.515991e+01 3.892384e+01 3.389344e+01 2.664916e+01 2.918608e+01 1.822484e+01 3.577615e-01 1.005939e+00 1.535762e+00 1.326577e+00 1.825602e+00 1.699069e+00 2.836529e+00 2.381824e+00 2.043310e+00 3.355378e+00 1.799040e+00 2.178965e+00 5.025725e-04
<GCONST> 8.245450e+01
<MIXTURE> 22 8.827789e-03
<MEAN> 25
 -1.791864e+01 7.154866e+00 -4.128546e+00 7.388722e+00 4.603767e+00 2.760495e+00 8.398135e+00 1.751066e+00 5.379588e+00 3.299392e+00 5.713938e+00 1.186541e+00 -3.098085e-01 -2.072340e-01 -1.254928e-01 -1.498321e-01 -7.347393e-03 1.365304e-01 1.811393e-01 1.781414e-01 2.486747e-01 2.071302e-01 1.722298e-01 1.925745e-01 8.861976e-03
<VARIANCE> 25
 8.129354e+00 1.681959e+01 1.740042e+01 2.520428e+01 2.289303e+01 2.083136e+01 1.943333e+01 1.872446e+01 1.813449e+01 2.086707e+01 1.925361e+01 1.378818e+01 1.090554e+00 1.357272e+00 1.363526e+00 1.572498e+00 1.408390e+00 1.527071e+00 1.508839e+00 1.532415e+00 1.613789e+00 1.544317e+00 1.357539e+00 1.167658e+00 1.745040e-03
<GCONST> 7.831179e+01
<MIXTURE> 23 6.455497e-03
<MEAN> 25
 7.383619e+00 2.601923e+00 1.647018e+00 2.332975e+00 -3.856428e+00 -2.156703e+00 -3.100961e+00 -6.900681e+00 -2.814370e+00 -1.684450e+00 -3.576738e+00 -1.451362e+00 8.065736e-02 2.863831e-01 -1.440804e-02 1.532251e-02 -1.228052e-01 1.393741e-01 -1.697781e-02 5.151929e-02 2.890843e-04 3.205779e-02 -6.131648e-02 -5.475290e-02 -5.045696e-03
<VARIANCE> 25
 1.068712e+01 1.958179e+01 3.155632e+01 3.564573e+01 3.709975e+01 5.020950e+01 5.571926e+01 4.706435e+01 4.439724e+01 4.325655e+01 4.264371e+01 3.864516e+01 1.257897e-01 3.671227e-01 3.829253e-01 4.280594e-01 6.888606e-01 6.776513e-01 7.108344e-01 8.651946e-01 7.760545e-01 8.850762e-01 7.428504e-01 7.825409e-01 8.186390e-05
<GCONST> 7.222514e+01
<MIXTURE> 24 6.455497e-03
<MEAN> 25
 7.383619e+00 2.601923e+00 1.647018e+00 2.332975e+00 -3.856428e+00 -2.156703e+00 -3.100961e+00 -6.900681e+00 -2.814370e+00 -1.684450e+00 -3.576738e+00 -1.451362e+00 8.065736e-02 2.863831e-01 -1.440804e-02 1.532251e-02 -1.228052e-01 1.393741e-01 -1.697781e-02 5.151929e-02 2.890843e-04 3.205779e-02 -6.131648e-02 -5.475290e-02 -5.045696e-03
<VARIANCE> 25
 1.068712e+01 1.958179e+01 3.155632e+01 3.564573e+01 3.709975e+01 5.020950e+01 5.571926e+01 4.706435e+01 4.439724e+01 4.325655e+01 4.264371e+01 3.864516e+01 1.257897e-01 3.671227e-01 3.829253e-01 4.280594e-01 6.888606e-01 6.776513e-01 7.108344e-01 8.651946e-01 7.760545e-01 8.850762e-01 7.428504e-01 7.825409e-01 8.186390e-05
<GCONST> 7.222514e+01
<MIXTURE> 25 1.118642e-02
<MEAN> 25
 3.865709e-02 1.116710e+00 1.769774e+01 -2.987749e-01 -1.086749e+01 -3.268916e+00 -5.170671e+00 -1.974527e+00 -9.172935e+00 -5.276969e+00 5.874474e+00 -1.595963e+00 -9.095971e-02 3.938883e-01 8.315257e-02 3.039196e-01 -1.541623e-01 -2.875610e-01 3.902928e-01 -1.489329e-02 -3.969134e-01 1.775984e-01 -2.798553e-01 2.060107e-02 -1.335483e-02
<VARIANCE> 25
 5.747958e+00 1.937462e+01 1.482039e+01 2.003226e+01 2.211474e+01 2.789376e+01 1.897075e+01 2.125514e+01 2.943217e+01 2.987521e+01 2.139360e+01 1.905502e+01 5.033985e-01 1.072931e+00 1.610153e+00 1.458433e+00 1.898166e+00 1.821536e+00 1.552374e+00 1.320690e+00 1.904157e+00 1.313361e+00 1.693080e+00 1.004019e+00 9.570886e-04
<GCONST> 7.825856e+01
<MIXTURE> 26 7.727677e-03
<MEAN> 25
 2.088228e+00 -5.583795e+00 -9.931736e+00 -8.846279e-01 7.474527e+00 5.273205e+00 3.557335e+00 -7.786707e-01 2.216179e+00 -9.273034e-01 -3.011791e+00 -1.260427e+00 -6.136935e-01 5.712620e-01 3.556212e-01 7.706639e-01 1.661870e-01 2.304661e-01 4.069332e-01 2.413524e-01 2.810085e-01 1.168393e-02 3.660832e-01 3.831998e-01 -4.832242e-02
<VARIANCE> 25
 2.255769e+01 3.821996e+01 2.512996e+01 5.593385e+01 3.787810e+01 3.882101e+01 4.284109e+01 4.316002e+01 3.714932e+01 5.037297e+01 3.919453e+01 4.602908e+01 1.490453e+00 1.830902e+00 1.762800e+00 1.968202e+00 2.158942e+00 2.269556e+00 2.425428e+00 2.733480e+00 2.123366e+00 2.236266e+00 2.042976e+00 1.985723e+00 3.139316e-03
<GCONST> 9.272572e+01
<MIXTURE> 27 7.727677e-03
<MEAN> 25
 2.088228e+00 -5.583795e+00 -9.931736e+00 -8.846279e-01 7.474527e+00 5.273205e+00 3.557335e+00 -7.786707e-01 2.216179e+00 -9.273034e-01 -3.011791e+00 -1.260427e+00 -6.136935e-01 5.712620e-01 3.556212e-01 7.706639e-01 1.661870e-01 2.304661e-01 4.069332e-01 2.413524e-01 2.810085e-01 1.168393e-02 3.660832e-01 3.831998e-01 -4.832242e-02
<VARIANCE> 25
 2.255769e+01 3.821996e+01 2.512996e+01 5.593385e+01 3.787810e+01 3.882101e+01 4.284109e+01 4.316002e+01 3.714932e+01 5.037297e+01 3.919453e+01 4.602908e+01 1.490453e+00 1.830902e+00 1.762800e+00 1.968202e+00 2.158942e+00 2.269556e+00 2.425428e+00 2.733480e+00 2.123366e+00 2.236266e+00 2.042976e+00 1.985723e+00 3.139316e-03
<GCONST> 9.272572e+01
<MIXTURE> 28 5.036674e-03
<MEAN> 25
 -5.427587e+00 5.517147e-02 -1.626185e+00 6.574575e+00 5.191201e+00 3.535174e+00 5.412416e+00 3.039593e+00 3.927335e+00 2.436074e+00 2.600744e+00 3.188033e+00 -1.192053e-01 2.182153e-01 5.271074e-01 7.751933e-01 8.214025e-01 7.094927e-01 5.357081e-01 4.036048e-01 4.548467e-01 4.880128e-01 3.936477e-01 2.049218e-01 5.654316e-06
<VARIANCE> 25
 1.039702e+01 8.464676e+00 1.237586e+01 1.488189e+01 1.474405e+01 1.760108e+01 1.787705e+01 1.966615e+01 1.702567e+01 1.677712e+01 2.056054e+01 1.499602e+01 2.559442e-01 3.363605e-01 4.032667e-01 4.694842e-01 6.162194e-01 8.453320e-01 1.065215e+00 1.149966e+00 1.103500e+00 1.024212e+00 1.082268e+00 1.081733e+00 1.033975e-06
<GCONST> 6.037939e+01
<MIXTURE> 29 5.036674e-03
<MEAN> 25
 -5.427587e+00 5.517147e-02 -1.626185e+00 6.574575e+00 5.191201e+00 3.535174e+00 5.412416e+00 3.039593e+00 3.927335e+00 2.436074e+00 2.600744e+00 3.188033e+00 -1.192053e-01 2.182153e-01 5.271074e-01 7.751933e-01 8.214025e-01 7.094927e-01 5.357081e-01 4.036048e-01 4.548467e-01 4.880128e-01 3.936477e-01 2.049218e-01 5.654316e-06
<VARIANCE> 25
 1.039702e+01 8.464676e+00 1.237586e+01 1.488189e+01 1.474405e+01 1.760108e+01 1.787705e+01 1.966615e+01 1.702567e+01 1.677712e+01 2.056054e+01 1.499602e+01 2.559442e-01 3.363605e-01 4.032667e-01 4.694842e-01 6.162194e-01 8.453320e-01 1.065215e+00 1.149966e+00 1.103500e+00 1.024212e+00 1.082268e+00 1.081733e+00 1.033975e-06
<GCONST> 6.037939e+01
<MIXTURE> 30 8.917812e-03
<MEAN> 25
 -4.391209e+00 3.851803e-01 1.559341e-01 8.585775e+00 7.445840e+00 7.509545e+00 7.799292e+00 6.487716e+00 6.618854e+00 4.823709e+00 6.512143e+00 3.352018e+00 -2.008617e-02 4.189774e-02 6.764510e-02 1.188146e-01 2.827660e-02 3.537050e-02 3.837717e-03 3.494788e-03 3.950270e-03 -5.387767e-02 -4.688427e-02 2.927770e-02 -8.102203e-04
<VARIANCE> 25
 6.472518e+00 1.234509e+01 1.209819e+01 1.588159e+01 1.586374e+01 1.584253e+01 1.848129e+01 1.852250e+01 1.508145e+01 1.743015e+01 2.240876e+01 1.430492e+01 9.722355e-02 1.853222e-01 3.183038e-01 4.652009e-01 6.275303e-01 6.831884e-01 7.542862e-01 7.539309e-01 8.064413e-01 1.112501e+00 9.921384e-01 8.525820e-01 5.276513e-05
<GCONST> 6.082679e+01
<MIXTURE> 31 4.136493e-03
<MEAN> 25
 -3.261109e+00 -5.724954e+00 1.396053e-01 4.756021e+00 3.618105e+00 1.577085e+00 5.237837e+00 6.739308e+00 2.631854e+00 1.231948e+00 6.385944e+00 3.140319e+00 2.465517e-01 4.722388e-01 -2.120488e-01 3.228501e-01 1.505077e-01 4.348551e-01 1.991083e-01 1.725702e-02 3.895598e-01 3.864595e-01 8.165976e-02 1.211109e-01 -1.876158e-02
<VARIANCE> 25
 7.175358e+00 1.548856e+01 1.782598e+01 1.866281e+01 2.540224e+01 2.447494e+01 2.336597e+01 2.600443e+01 2.633959e+01 2.772701e+01 2.139207e+01 1.846206e+01 1.918686e-01 4.910808e-01 5.968127e-01 7.889686e-01 1.011197e+00 1.086116e+00 1.227123e+00 1.379872e+00 1.339519e+00 1.299115e+00 1.267216e+00 1.135618e+00 2.688092e-04
<GCONST> 7.208074e+01
<MIXTURE> 32 4.136493e-03
<MEAN> 25
 -3.261109e+00 -5.724954e+00 1.396053e-01 4.756021e+00 3.618105e+00 1.577085e+00 5.237837e+00 6.739308e+00 2.631854e+00 1.231948e+00 6.385944e+00 3.140319e+00 2.465517e-01 4.722388e-01 -2.120488e-01 3.228501e-01 1.505077e-01 4.348551e-01 1.991083e-01 1.725702e-02 3.895598e-01 3.864595e-01 8.165976e-02 1.211109e-01 -1.876158e-02
<VARIANCE> 25
 7.175358e+00 1.548856e+01 1.782598e+01 1.866281e+01 2.540224e+01 2.447494e+01 2.336597e+01 2.600443e+01 2.633959e+01 2.772701e+01 2.139207e+01 1.846206e+01 1.918686e-01 4.910808e-01 5.968127e-01 7.889686e-01 1.011197e+00 1.086116e+00 1.227123e+00 1.379872e+00 1.339519e+00 1.299115e+00 1.267216e+00 1.135618e+00 2.688092e-04
<GCONST> 7.208074e+01
<MIXTURE> 33 1.508826e-02
<MEAN> 25
 5.244132e+00 -3.592477e+00 -2.304770e+00 -1.532644e+00 -8.482056e-01 -5.001703e+00 -7.457173e+00 1.755155e+00 9.854572e-01 3.511758e-01 -4.522295e+00 -2.537599e+00 5.819839e-01 -1.213182e+00 -2.490812e+00 -1.757706e+00 1.519992e+00 1.496087e+00 -9.508734e-01 6.429225e-01 1.240642e+00 6.979802e-01 -3.940951e-01 -1.554839e+00 3.770125e-02
<VARIANCE> 25
 1.266872e+01 1.905085e+01 3.012552e+01 3.241851e+01 3.738092e+01 3.963111e+01 3.925912e+01 4.156248e+01 3.893832e+01 3.813978e+01 2.918497e+01 2.368653e+01 9.069657e-01 1.845747e+00 3.060323e+00 1.847847e+00 3.577854e+00 3.043041e+00 3.632603e+00 5.257847e+00 2.999493e+00 3.573325e+00 2.764207e+00 2.203482e+00 1.893220e-03
<GCONST> 9.235155e+01
<MIXTURE> 34 1.588179e-02
<MEAN> 25
 8.846585e+00 5.281108e-02 9.331455e-02 1.186993e+00 -2.904663e+00 -1.464221e+00 -6.104708e+00 -4.696763e+00 -1.777237e+00 6.434720e-02 -2.587096e+00 -3.615848e+00 -2.143105e-02 1.344963e+00 1.462722e+00 2.386682e+00 -4.031494e-02 -1.467740e-01 7.961429e-01 -1.636853e+00 -8.841385e-01 2.412112e-01 -5.618638e-01 2.512667e-01 -6.202149e-02
<VARIANCE> 25
 8.037943e+00 3.084511e+01 2.945898e+01 4.959619e+01 4.209694e+01 4.933338e+01 5.469852e+01 5.641192e+01 5.219038e+01 4.328672e+01 4.826998e+01 3.168816e+01 1.253987e+00 1.960059e+00 4.242241e+00 4.029592e+00 5.565011e+00 5.779027e+00 5.443701e+00 6.115053e+00 5.166348e+00 4.946151e+00 4.968219e+00 3.879632e+00 1.146994e-03
<GCONST> 9.961855e+01
<MIXTURE> 35 1.467755e-02
<MEAN> 25
 -1.845407e+00 -5.473336e+00 -1.021618e+01 -2.624186e-02 9.599733e+00 2.604629e-01 7.218145e-02 2.817389e+00 8.712602e-01 4.916266e+00 -5.128467e-01 1.274230e+00 5.523814e-01 -1.178299e+00 -1.123651e+00 -1.592761e+00 5.944033e-01 -4.420299e-01 -4.658383e-01 6.014325e-02 1.156301e-01 2.881648e-01 -5.204004e-01 -6.382579e-01 1.054958e-01
<VARIANCE> 25
 1.732791e+01 2.581430e+01 4.209747e+01 5.514447e+01 3.811438e+01 5.265221e+01 5.753389e+01 4.087666e+01 4.766398e+01 3.377761e+01 3.344383e+01 2.872903e+01 2.986776e+00 3.123349e+00 6.518404e+00 5.093008e+00 4.804400e+00 5.674148e+00 4.599690e+00 4.372642e+00 4.820057e+00 4.048296e+00 3.640830e+00 3.518604e+00 4.649177e-03
<GCONST> 1.016118e+02
<MIXTURE> 36 1.093293e-02
<MEAN> 25
 4.439056e+00 -3.807479e+00 7.863519e+00 2.891459e+00 -1.002102e+01 -9.341986e+00 -5.920897e+00 3.116673e+00 -3.047925e+00 -4.224453e+00 3.410568e+00 1.426843e-01 3.627529e-01 1.640877e-01 -1.150149e+00 3.531802e-02 1.084522e+00 -2.419477e-02 -7.023605e-01 8.721841e-03 6.133078e-01 7.150252e-01 -5.380775e-01 -4.107666e-01 -1.881756e-02
<VARIANCE> 25
 1.023329e+01 1.664893e+01 2.468948e+01 2.699993e+01 3.059194e+01 2.980042e+01 4.717289e+01 3.791098e+01 4.111315e+01 2.922351e+01 3.071136e+01 2.335648e+01 4.275051e-01 6.856877e-01 2.015875e+00 1.221614e+00 1.713614e+00 1.741414e+00 2.702147e+00 1.573192e+00 2.013503e+00 1.725777e+00 1.411004e+00 1.537795e+00 7.434147e-04
<GCONST> 8.258876e+01
<MIXTURE> 37 1.246826e-02
<MEAN> 25
 5.067820e-01 7.622607e+00 1.209334e+01 -5.443999e+00 -7.997792e+00 -1.199824e+00 -4.970718e+00 -8.170205e+00 -3.918541e+00 -7.901333e-01 -3.534818e+00 -1.336137e+00 1.725979e-01 6.446419e-01 -1.395625e+00 3.571618e+00 2.007929e+00 -3.066435e-01 1.080720e+00 4.340124e-01 5.265237e-01 -3.115903e-01 5.128269e-01 -6.300051e-02 -9.508853e-02
<VARIANCE> 25
 1.578659e+01 2.695488e+01 3.115236e+01 5.083466e+01 3.354919e+01 3.338063e+01 4.392930e+01 3.601304e+01 4.157516e+01 3.669816e+01 3.828875e+01 3.093625e+01 2.926174e+00 3.363024e+00 3.107941e+00 4.037067e+00 4.579580e+00 3.692348e+00 4.150158e+00 3.765818e+00 3.408668e+00 3.570410e+00 3.839887e+00 2.831525e+00 3.878694e-03
<GCONST> 9.788847e+01
<MIXTURE> 38 1.154525e-02
<MEAN> 25
 -4.675919e+00 8.776826e+00 4.555284e+00 3.186293e+00 1.039142e+00 -4.941542e+00 -7.785544e-01 -2.313764e+00 -2.592580e+00 -3.058383e+00 -1.602030e+00 -3.133123e-01 -4.451356e+00 1.389618e+00 -2.858763e-01 1.338974e+00 2.560134e+00 1.470027e+00 2.033781e+00 8.655204e-01 7.375311e-01 6.099616e-01 1.050839e+00 2.937115e-01 4.387163e-02
<VARIANCE> 25
 3.080024e+01 2.903910e+01 3.721170e+01 3.147805e+01 4.722699e+01 3.595535e+01 3.520845e+01 4.328687e+01 3.453075e+01 3.099950e+01 2.346607e+01 2.836883e+01 2.329281e+00 4.120387e+00 3.736178e+00 5.181947e+00 4.048997e+00 4.905794e+00 4.565529e+00 4.575281e+00 4.284769e+00 4.722177e+00 4.221580e+00 3.129682e+00 2.368835e-03
<GCONST> 9.884800e+01
<MIXTURE> 39 9.501865e-03
<MEAN> 25
 1.028325e+00 2.408725e+00 1.075260e+01 -8.362514e+00 -1.082809e+01 -9.659693e-01 -2.926255e+00 -6.534395e+00 -3.863701e+00 -5.059082e-02 -3.607757e+00 -1.352672e+00 -7.329956e-01 1.490770e+00 1.596807e+00 -1.461071e+00 9.108646e-02 1.218964e+00 -1.260152e+00 -1.410358e+00 4.109694e-01 5.433220e-01 -3.631297e-01 6.729145e-02 -5.113473e-04
<VARIANCE> 25
 9.276940e+00 2.815034e+01 3.257895e+01 4.308478e+01 3.655027e+01 3.936375e+01 4.101560e+01 3.094564e+01 4.104765e+01 3.965141e+01 3.364799e+01 3.664194e+01 6.367817e-01 1.436366e+00 1.404173e+00 2.756491e+00 2.226890e+00 2.605176e+00 2.865704e+00 2.805305e+00 2.251891e+00 2.529084e+00 2.183215e+00 1.955029e+00 1.127746e-03
<GCONST> 8.919849e+01
<MIXTURE> 40 1.030800e-02
<MEAN> 25
 -7.795165e+00 3.298922e+00 -2.099239e+00 6.724799e+00 3.489220e+00 5.606174e+00 6.152429e+00 3.137108e+00 5.069796e+00 4.018721e+00 4.394330e+00 1.782164e+00 -1.049676e-01 -1.545636e-01 4.887448e-02 -2.062017e-01 -1.168444e-01 -1.650283e-01 5.914902e-02 8.165094e-02 -2.905329e-02 -3.286830e-02 2.972220e-02 2.976533e-02 2.654085e-03
<VARIANCE> 25
 3.763922e+01 1.869036e+01 2.562717e+01 2.656260e+01 2.183534e+01 1.609599e+01 1.795915e+01 1.922118e+01 1.429994e+01 1.594216e+01 2.099919e+01 1.465801e+01 6.063214e-01 6.220269e-01 8.880414e-01 1.164451e+00 1.149779e+00 1.234294e+00 1.134116e+00 1.221656e+00 1.010935e+00 1.234410e+00 1.185688e+00 1.151545e+00 7.041912e-04
<GCONST> 7.490003e+01
<MIXTURE> 41 6.713375e-03
<MEAN> 25
 1.302153e+00 1.741308e+00 1.061564e+01 -6.942432e+00 -1.049132e+01 -3.887971e+00 -2.472264e+00 -4.992528e+00 -4.757945e+00 2.637743e+00 -1.646889e+00 -9.789372e-01 1.036581e-01 -7.547546e-01 1.738353e+00 -3.496542e+00 -2.448958e+00 -1.426214e-01 -5.600940e-01 -3.378189e-01 -8.828145e-01 1.096336e+00 -1.049973e+00 3.555755e-02 8.609309e-02
<VARIANCE> 25
 1.152317e+01 2.933260e+01 3.337055e+01 3.947243e+01 3.814760e+01 3.962068e+01 3.660850e+01 2.959156e+01 3.330232e+01 2.838846e+01 3.198856e+01 2.684137e+01 3.174225e+00 3.264087e+00 3.879189e+00 3.989938e+00 4.839713e+00 5.842835e+00 4.827287e+00 4.513976e+00 4.117352e+00 4.162049e+00 3.785024e+00 3.317752e+00 2.888942e-03
<GCONST> 9.789447e+01
<MIXTURE> 42 1.106211e-02
<MEAN> 25
 -2.547376e+00 4.588224e+00 5.716941e+00 2.288919e+00 -4.371644e-01 -6.365138e+00 -1.542519e+00 -3.973587e-01 -1.736747e+00 -1.769391e+00 -1.861877e+00 2.424008e+00 4.174617e+00 -8.058502e-01 1.502238e+00 6.379343e-01 -2.971320e+00 -1.233533e+00 -1.989564e+00 -9.883825e-01 -9.719489e-01 -7.615290e-01 4.393606e-01 -8.029742e-01 9.059293e-03
<VARIANCE> 25
 3.418881e+01 1.984602e+01 4.242298e+01 2.345971e+01 3.615204e+01 3.235525e+01 3.476991e+01 3.435954e+01 2.477592e+01 2.459537e+01 1.855804e+01 2.236031e+01 2.999353e+00 5.201418e+00 5.771738e+00 4.757054e+00 4.094197e+00 5.010817e+00 4.826383e+00 4.686369e+00 4.410719e+00 4.000766e+00 3.662667e+00 3.423198e+00 3.723113e-03
<GCONST> 9.796651e+01
<MIXTURE> 43 7.108249e-03
<MEAN> 25
 3.152402e+00 -6.298081e+00 -2.221653e+00 -5.154554e+00 -7.351212e+00 -3.394798e+00 4.110654e+00 1.334907e+00 -5.040432e+00 -7.067148e+00 -4.317133e+00 -1.216493e+00 2.323317e-01 2.163479e+00 1.904907e+00 -1.262358e-01 -1.417195e+00 -7.882270e-01 -9.642389e-01 -7.844038e-01 8.188696e-01 1.459968e+00 3.334806e-01 2.346502e-02 -4.516478e-02
<VARIANCE> 25
 9.597172e+00 1.976009e+01 2.752917e+01 3.530074e+01 3.862963e+01 3.660612e+01 3.334954e+01 4.032206e+01 3.960105e+01 3.866590e+01 2.648384e+01 2.958302e+01 6.945552e-01 1.249037e+00 1.580778e+00 2.494810e+00 2.396180e+00 2.389685e+00 2.651938e+00 3.025472e+00 2.601357e+00 2.581825e+00 2.334384e+00 1.927761e+00 9.410756e-04
<GCONST> 8.802449e+01
<MIXTURE> 44 7.328289e-03
<MEAN> 25
 -1.455069e+01 2.509997e+00 3.734540e+00 -3.191536e+00 4.152448e+00 1.777261e+00 4.561299e-02 3.251724e+00 1.630436e+00 -9.708567e-01 1.154296e+00 2.328664e+00 -3.124250e-01 1.638508e-01 1.938457e-01 3.522714e-02 -1.862899e-01 1.011015e-01 5.251536e-01 1.400850e-01 2.579675e-01 6.632771e-02 -8.888970e-04 1.635213e-01 4.828126e-03
<VARIANCE> 25
 3.924387e+01 2.828445e+01 3.052044e+01 2.577298e+01 2.904001e+01 2.626330e+01 2.183667e+01 3.202665e+01 2.510354e+01 2.412181e+01 2.636911e+01 1.834141e+01 1.224908e+00 1.557969e+00 1.204852e+00 1.594291e+00 2.101311e+00 1.883907e+00 1.478725e+00 1.421628e+00 1.364371e+00 1.304423e+00 1.256398e+00 1.103470e+00 1.155192e-03
<GCONST> 8.295883e+01
<MIXTURE> 45 1.364932e-02
<MEAN> 25
 -1.186558e+01 3.491989e+00 -9.198160e-01 2.436642e+00 5.613896e+00 4.532734e-01 4.347908e+00 2.944650e+00 3.112952e+00 2.087811e+00 2.034489e+00 2.446431e+00 -2.882878e+00 5.781117e-01 -2.967205e-01 -6.505533e-01 2.068380e-01 1.392034e-01 6.210636e-01 1.363218e-01 -1.040020e-01 -3.174926e-02 4.505206e-01 1.555039e-01 1.096008e-01
<VARIANCE> 25
 3.263773e+01 2.875933e+01 3.083428e+01 3.227008e+01 3.065423e+01 2.692134e+01 3.115373e+01 2.552672e+01 2.242155e+01 2.215929e+01 2.706089e+01 1.490678e+01 2.191664e+00 4.040308e+00 2.826851e+00 2.451607e+00 2.579485e+00 2.805301e+00 2.250755e+00 2.223284e+00 1.917146e+00 1.887509e+00 2.158240e+00 1.582226e+00 5.182398e-03
<GCONST> 9.025465e+01
<MIXTURE> 46 9.336259e-03
<MEAN> 25
 -9.436074e+00 2.293246e+00 1.212515e+00 7.532141e+00 5.927833e+00 3.323490e+00 7.037466e+00 4.518937e+00 5.675210e+00 4.672087e+00 4.996285e+00 2.933434e+00 1.047910e+00 -2.272186e-01 3.989672e-02 9.966970e-01 6.107985e-01 9.482095e-01 3.862418e-01 6.675743e-01 4.725422e-01 5.083219e-01 6.374485e-01 5.221620e-01 -1.053512e-01
<VARIANCE> 25
 3.427970e+01 4.392188e+01 3.842378e+01 4.993493e+01 5.064235e+01 4.070278e+01 3.718813e+01 3.547705e+01 3.326479e+01 3.093183e+01 2.850675e+01 2.013790e+01 3.932294e+00 4.170736e+00 3.866206e+00 4.131523e+00 4.168795e+00 3.694109e+00 3.379179e+00 3.115212e+00 2.970233e+00 2.853172e+00 2.319122e+00 1.778634e+00 7.944996e-03
<GCONST> 9.830371e+01
<MIXTURE> 47 7.116147e-03
<MEAN> 25
 6.116031e+00 -7.444691e+00 -6.628989e+00 -6.026019e+00 2.924969e+00 1.691638e+00 -2.769750e+00 2.250465e+00 3.386789e+00 1.224332e+00 -4.564382e+00 -6.514110e+00 -8.744806e-02 -1.145459e+00 -6.048270e-01 -4.063634e-01 5.280730e-01 8.452410e-01 8.899584e-01 3.482598e-02 3.927200e-01 -9.067619e-01 -2.756356e-01 -4.836292e-01 3.137631e-02
<VARIANCE> 25
 1.387728e+01 1.732041e+01 2.185996e+01 3.003786e+01 3.771194e+01 4.822533e+01 3.787704e+01 3.992286e+01 3.801469e+01 4.244064e+01 4.184864e+01 2.978502e+01 5.062416e-01 7.366437e-01 1.171385e+00 1.582121e+00 1.798857e+00 2.361346e+00 2.177605e+00 2.685572e+00 2.122825e+00 1.833003e+00 2.198746e+00 2.088585e+00 5.078719e-04
<GCONST> 8.539835e+01
<MIXTURE> 48 7.116147e-03
<MEAN> 25
 6.116031e+00 -7.444691e+00 -6.628989e+00 -6.026019e+00 2.924969e+00 1.691638e+00 -2.769750e+00 2.250465e+00 3.386789e+00 1.224332e+00 -4.564382e+00 -6.514110e+00 -8.744806e-02 -1.145459e+00 -6.048270e-01 -4.063634e-01 5.280730e-01 8.452410e-01 8.899584e-01 3.482598e-02 3.927200e-01 -9.067619e-01 -2.756356e-01 -4.836292e-01 3.137631e-02
<VARIANCE> 25
 1.387728e+01 1.732041e+01 2.185996e+01 3.003786e+01 3.771194e+01 4.822533e+01 3.787704e+01 3.992286e+01 3.801469e+01 4.244064e+01 4.184864e+01 2.978502e+01 5.062416e-01 7.366437e-01 1.171385e+00 1.582121e+00 1.798857e+00 2.361346e+00 2.177605e+00 2.685572e+00 2.122825e+00 1.833003e+00 2.198746e+00 2.088585e+00 5.078719e-04
<GCONST> 8.539835e+01
<MIXTURE> 49 5.548473e-03
<MEAN> 25
 -4.999266e+00 6.837643e-01 8.038079e-03 8.324785e+00 5.922259e+00 5.560480e+00 6.127415e+00 4.327334e+00 5.143581e+00 3.743682e+00 4.817048e+00 2.985758e+00 3.643294e-01 6.368374e-01 6.971168e-01 3.617089e-01 -1.799447e-01 -6.495721e-01 -1.003906e+00 -1.080678e+00 -9.116472e-01 -6.591407e-01 -5.395648e-01 -2.887623e-01 -3.515793e-05
<VARIANCE> 25
 9.293075e+00 1.160547e+01 1.415960e+01 1.571785e+01 1.617143e+01 1.671100e+01 1.871237e+01 1.908951e+01 1.771083e+01 1.723587e+01 2.005592e+01 1.412280e+01 2.687014e-01 2.584285e-01 3.483477e-01 5.970119e-01 8.508340e-01 9.405066e-01 9.621850e-01 1.040704e+00 1.120249e+00 1.203566e+00 1.294232e+00 1.203005e+00 1.865825e-05
<GCONST> 6.427115e+01
<MIXTURE> 50 6.234641e-03
<MEAN> 25
 -4.333788e+00 6.612784e-01 -2.173416e+00 5.585170e+00 3.971445e+00 2.387381e+00 3.914870e+00 1.231710e+00 2.840814e+00 1.288286e+00 1.617399e+00 2.163675e+00 6.347730e-02 2.032128e-01 9.424132e-02 -2.088201e-01 -4.873849e-01 -6.076304e-01 -3.312439e-01 -5.435790e-02 4.634421e-01 7.874914e-01 7.786241e-01 5.412817e-01 -2.740805e-05
<VARIANCE> 25
 1.063119e+01 1.281666e+01 1.760559e+01 1.730712e+01 1.471674e+01 1.696494e+01 1.774225e+01 2.363995e+01 1.731783e+01 1.603390e+01 2.223288e+01 1.868024e+01 1.471749e-01 2.388122e-01 3.517366e-01 4.856309e-01 5.938466e-01 7.247903e-01 1.026871e+00 1.148699e+00 9.689460e-01 8.349156e-01 1.010028e+00 1.066556e+00 1.046375e-06
<GCONST> 6.009432e+01
<MIXTURE> 51 6.234641e-03
<MEAN> 25
 -4.333788e+00 6.612784e-01 -2.173416e+00 5.585170e+00 3.971445e+00 2.387381e+00 3.914870e+00 1.231710e+00 2.840814e+00 1.288286e+00 1.617399e+00 2.163675e+00 6.347730e-02 2.032128e-01 9.424132e-02 -2.088201e-01 -4.873849e-01 -6.076304e-01 -3.312439e-01 -5.435790e-02 4.634421e-01 7.874914e-01 7.786241e-01 5.412817e-01 -2.740805e-05
<VARIANCE> 25
 1.063119e+01 1.281666e+01 1.760559e+01 1.730712e+01 1.471674e+01 1.696494e+01 1.774225e+01 2.363995e+01 1.731783e+01 1.603390e+01 2.223288e+01 1.868024e+01 1.471749e-01 2.388122e-01 3.517366e-01 4.856309e-01 5.938466e-01 7.247903e-01 1.026871e+00 1.148699e+00 9.689460e-01 8.349156e-01 1.010028e+00 1.066556e+00 1.046375e-06
<GCONST> 6.009432e+01
<MIXTURE> 52 6.367945e-03
<MEAN> 25
 9.965742e+00 2.139667e+00 -6.180211e+00 -1.398021e+01 -4.166317e+00 8.521862e+00 -2.722008e+00 -3.220477e+00 -4.245893e+00 -2.280721e+00 3.301788e+00 8.396790e-01 -3.795020e-01 -4.501600e-01 -4.438560e-02 1.133184e+00 1.310739e+00 -4.542830e-01 -5.874025e-01 -6.205450e-01 6.186239e-02 1.215617e+00 3.654004e-01 -5.586115e-01 -1.396645e-02
<VARIANCE> 25
 9.951397e+00 2.021793e+01 2.467506e+01 4.134667e+01 4.472859e+01 3.005949e+01 4.609914e+01 4.858563e+01 4.295219e+01 4.560248e+01 3.914253e+01 2.967314e+01 4.421128e-01 1.507619e+00 1.308898e+00 2.786105e+00 2.323785e+00 2.162845e+00 2.965710e+00 2.790936e+00 3.058566e+00 2.644382e+00 2.562763e+00 2.301892e+00 1.508633e-03
<GCONST> 8.971934e+01
<MIXTURE> 53 6.367945e-03
<MEAN> 25
 9.965742e+00 2.139667e+00 -6.180211e+00 -1.398021e+01 -4.166317e+00 8.521862e+00 -2.722008e+00 -3.220477e+00 -4.245893e+00 -2.280721e+00 3.301788e+00 8.396790e-01 -3.795020e-01 -4.501600e-01 -4.438560e-02 1.133184e+00 1.310739e+00 -4.542830e-01 -5.874025e-01 -6.205450e-01 6.186239e-02 1.215617e+00 3.654004e-01 -5.586115e-01 -1.396645e-02
<VARIANCE> 25
 9.951397e+00 2.021793e+01 2.467506e+01 4.134667e+01 4.472859e+01 3.005949e+01 4.609914e+01 4.858563e+01 4.295219e+01 4.560248e+01 3.914253e+01 2.967314e+01 4.421128e-01 1.507619e+00 1.308898e+00 2.786105e+00 2.323785e+00 2.162845e+00 2.965710e+00 2.790936e+00 3.058566e+00 2.644382e+00 2.562763e+00 2.301892e+00 1.508633e-03
<GCONST> 8.971934e+01
<MIXTURE> 54 7.368620e-03
<MEAN> 25
 -3.633801e+00 4.931954e-02 -6.831419e-01 8.036570e+00 6.484003e+00 4.625407e+00 4.675332e+00 4.601055e+00 4.053099e+00 3.593801e+00 4.457477e+00 2.326298e+00 -2.133210e-03 2.653849e-02 3.415401e-02 4.748240e-02 5.136495e-02 4.707923e-02 3.888674e-02 2.892036e-02 3.080963e-02 2.506088e-02 1.452187e-02 1.778039e-03 -1.219590e-05
<VARIANCE> 25
 9.137465e+00 1.036359e+01 9.295803e+00 1.818508e+01 1.332127e+01 1.353345e+01 1.197145e+01 1.128198e+01 1.134292e+01 1.354989e+01 1.780268e+01 1.253449e+01 4.087522e-02 8.734614e-02 1.540843e-01 2.265825e-01 3.079380e-01 3.969485e-01 4.608482e-01 5.215847e-01 5.420835e-01 5.211474e-01 5.144392e-01 5.164422e-01 1.000000e-06
<GCONST> 4.724841e+01
<MIXTURE> 55 7.368620e-03
<MEAN> 25
 -3.633801e+00 4.931954e-02 -6.831419e-01 8.036570e+00 6.484003e+00 4.625407e+00 4.675332e+00 4.601055e+00 4.053099e+00 3.593801e+00 4.457477e+00 2.326298e+00 -2.133210e-03 2.653849e-02 3.415401e-02 4.748240e-02 5.136495e-02 4.707923e-02 3.888674e-02 2.892036e-02 3.080963e-02 2.506088e-02 1.452187e-02 1.778039e-03 -1.219590e-05
<VARIANCE> 25
 9.137465e+00 1.036359e+01 9.295803e+00 1.818508e+01 1.332127e+01 1.353345e+01 1.197145e+01 1.128198e+01 1.134292e+01 1.354989e+01 1.780268e+01 1.253449e+01 4.087522e-02 8.734614e-02 1.540843e-01 2.265825e-01 3.079380e-01 3.969485e-01 4.608482e-01 5.215847e-01 5.420835e-01 5.211474e-01 5.144392e-01 5.164422e-01 1.000000e-06
<GCONST> 4.724841e+01
<MIXTURE> 56 6.132464e-03
<MEAN> 25
 6.946158e+00 -5.598791e+00 -9.291854e+00 -8.095923e+00 3.677150e+00 3.663650e+00 -1.900255e+00 -2.231184e+00 2.040126e+00 7.959673e-01 -2.608214e+00 -6.770988e+00 -3.016599e-02 8.430140e-02 -3.515927e-02 5.955996e-02 2.232468e-01 7.074863e-02 1.303752e-01 -5.738472e-02 -2.592635e-02 -2.135102e-02 -9.264044e-02 -7.743631e-03 -7.986265e-03
<VARIANCE> 25
 1.108351e+01 3.324836e+01 1.866757e+01 3.989164e+01 3.110014e+01 4.646936e+01 5.603154e+01 3.810337e+01 3.549081e+01 3.501550e+01 3.735619e+01 2.992452e+01 2.151170e-01 4.544388e-01 4.671967e-01 8.008201e-01 8.168441e-01 1.054557e+00 8.642997e-01 9.420378e-01 8.524548e-01 9.380792e-01 1.074388e+00 7.682731e-01 2.361722e-04
<GCONST> 7.512634e+01
<MIXTURE> 57 6.132464e-03
<MEAN> 25
 6.946158e+00 -5.598791e+00 -9.291854e+00 -8.095923e+00 3.677150e+00 3.663650e+00 -1.900255e+00 -2.231184e+00 2.040126e+00 7.959673e-01 -2.608214e+00 -6.770988e+00 -3.016599e-02 8.430140e-02 -3.515927e-02 5.955996e-02 2.232468e-01 7.074863e-02 1.303752e-01 -5.738472e-02 -2.592635e-02 -2.135102e-02 -9.264044e-02 -7.743631e-03 -7.986265e-03
<VARIANCE> 25
 1.108351e+01 3.324836e+01 1.866757e+01 3.989164e+01 3.110014e+01 4.646936e+01 5.603154e+01 3.810337e+01 3.549081e+01 3.501550e+01 3.735619e+01 2.992452e+01 2.151170e-01 4.544388e-01 4.671967e-01 8.008201e-01 8.168441e-01 1.054557e+00 8.642997e-01 9.420378e-01 8.524548e-01 9.380792e-01 1.074388e+00 7.682731e-01 2.361722e-04
<GCONST> 7.512634e+01
<MIXTURE> 58 6.172147e-03
<MEAN> 25
 2.351704e+00 -4.108024e+00 7.219170e+00 -5.050514e+00 -1.250450e+01 -5.756567e+00 1.513694e+00 2.566343e+00 -2.858708e+00 1.614023e+00 6.383463e-01 -6.061004e-01 -9.799589e-02 -1.291714e-01 1.010370e-02 -8.711729e-02 1.355550e-01 2.080667e-01 4.300322e-01 3.071062e-01 -1.094424e-01 6.283361e-03 -5.916359e-02 -4.624769e-02 -1.589882e-03
<VARIANCE> 25
 6.927895e+00 1.824070e+01 1.787085e+01 2.438750e+01 2.552490e+01 4.031352e+01 2.995034e+01 4.568861e+01 2.938005e+01 2.758307e+01 1.983978e+01 1.771039e+01 2.898937e-01 6.992472e-01 7.205613e-01 9.444087e-01 1.058982e+00 1.062247e+00 1.086073e+00 1.172935e+00 1.144367e+00 1.013076e+00 9.965895e-01 8.148448e-01 6.675534e-04
<GCONST> 7.458709e+01
<MIXTURE> 59 6.172147e-03
<MEAN> 25
 2.351704e+00 -4.108024e+00 7.219170e+00 -5.050514e+00 -1.250450e+01 -5.756567e+00 1.513694e+00 2.566343e+00 -2.858708e+00 1.614023e+00 6.383463e-01 -6.061004e-01 -9.799589e-02 -1.291714e-01 1.010370e-02 -8.711729e-02 1.355550e-01 2.080667e-01 4.300322e-01 3.071062e-01 -1.094424e-01 6.283361e-03 -5.916359e-02 -4.624769e-02 -1.589882e-03
<VARIANCE> 25
 6.927895e+00 1.824070e+01 1.787085e+01 2.438750e+01 2.552490e+01 4.031352e+01 2.995034e+01 4.568861e+01 2.938005e+01 2.758307e+01 1.983978e+01 1.771039e+01 2.898937e-01 6.992472e-01 7.205613e-01 9.444087e-01 1.058982e+00 1.062247e+00 1.086073e+00 1.172935e+00 1.144367e+00 1.013076e+00 9.965895e-01 8.148448e-01 6.675534e-04
<GCONST> 7.458709e+01
<MIXTURE> 60 4.479129e-03
<MEAN> 25
 -4.191362e+00 -4.770819e-01 -1.290598e+00 3.623857e+00 1.709091e+00 2.105975e+00 1.726206e+00 1.362812e+00 2.245146e+00 1.294459e+00 2.224777e+00 1.813505e+00 -3.139309e-02 5.816833e-02 1.030752e-01 1.186379e-01 1.278836e-01 1.315878e-01 1.827949e-01 3.306864e-01 5.391399e-01 6.675035e-01 5.732297e-01 3.382139e-01 -3.400624e-04
<VARIANCE> 25
 6.911128e+00 5.415725e+00 1.126797e+01 1.126565e+01 1.335296e+01 1.667263e+01 1.412988e+01 1.260378e+01 1.259882e+01 1.305666e+01 1.638647e+01 1.245477e+01 8.782530e-02 1.652423e-01 2.781901e-01 4.302197e-01 5.777965e-01 7.200035e-01 8.234141e-01 9.149386e-01 8.842453e-01 8.708419e-01 8.799308e-01 9.139016e-01 2.359320e-05
<GCONST> 5.677263e+01
<MIXTURE> 61 4.479129e-03
<MEAN> 25
 -4.191362e+00 -4.770819e-01 -1.290598e+00 3.623857e+00 1.709091e+00 2.105975e+00 1.726206e+00 1.362812e+00 2.245146e+00 1.294459e+00 2.224777e+00 1.813505e+00 -3.139309e-02 5.816833e-02 1.030752e-01 1.186379e-01 1.278836e-01 1.315878e-01 1.827949e-01 3.306864e-01 5.391399e-01 6.675035e-01 5.732297e-01 3.382139e-01 -3.400624e-04
<VARIANCE> 25
 6.911128e+00 5.415725e+00 1.126797e+01 1.126565e+01 1.335296e+01 1.667263e+01 1.412988e+01 1.260378e+01 1.259882e+01 1.305666e+01 1.638647e+01 1.245477e+01 8.782530e-02 1.652423e-01 2.781901e-01 4.302197e-01 5.777965e-01 7.200035e-01 8.234141e-01 9.149386e-01 8.842453e-01 8.708419e-01 8.799308e-01 9.139016e-01 2.359320e-05
<GCONST> 5.677263e+01
<MIXTURE> 62 3.278034e-03
<MEAN> 25
 -5.045572e+00 1.315127e+00 8.448079e-01 8.675916e+00 6.019352e+00 5.051834e+00 5.484784e+00 3.810065e+00 4.978156e+00 3.992839e+00 4.830410e+00 2.886343e+00 -9.936287e-01 -1.147936e+00 -9.250163e-01 -2.765263e-01 4.351413e-01 1.017052e+00 1.395981e+00 1.556327e+00 1.479693e+00 1.242273e+00 1.105317e+00 7.478806e-01 -1.207821e-03
<VARIANCE> 25
 9.745703e+00 9.976699e+00 1.423422e+01 1.723156e+01 1.756341e+01 1.718990e+01 1.927792e+01 2.083235e+01 1.844444e+01 1.855583e+01 2.187633e+01 1.467556e+01 3.967552e-01 4.375224e-01 5.765854e-01 7.623122e-01 1.014520e+00 1.171579e+00 1.231454e+00 1.251170e+00 1.301119e+00 1.336485e+00 1.432756e+00 1.363477e+00 1.633266e-05
<GCONST> 6.757163e+01
<MIXTURE> 63 4.351215e-03
<MEAN> 25
 -2.927301e+00 8.336067e-01 -5.554335e+00 2.345644e+00 2.803411e+00 1.167777e+00 3.752495e+00 -1.432286e+00 3.248619e+00 4.999661e-01 -1.552279e+00 1.053369e+00 -1.125867e-01 2.349553e-01 3.347996e-01 4.313095e-01 3.408212e-01 3.616462e-01 3.906062e-01 1.175366e-01 7.226899e-02 2.469318e-01 2.865994e-01 1.476955e-01 -4.848576e-03
<VARIANCE> 25
 8.188759e+00 1.877126e+01 1.290555e+01 1.133577e+01 1.227241e+01 1.942733e+01 1.893359e+01 2.541031e+01 1.708137e+01 2.173633e+01 1.604513e+01 1.808090e+01 2.283483e-01 3.559561e-01 4.641668e-01 7.580584e-01 7.254539e-01 9.027944e-01 1.075200e+00 1.272398e+00 9.570431e-01 1.804486e+00 1.427207e+00 1.476287e+00 1.747826e-04
<GCONST> 6.818052e+01
<MIXTURE> 64 4.351215e-03
<MEAN> 25
 -2.927301e+00 8.336067e-01 -5.554335e+00 2.345644e+00 2.803411e+00 1.167777e+00 3.752495e+00 -1.432286e+00 3.248619e+00 4.999661e-01 -1.552279e+00 1.053369e+00 -1.125867e-01 2.349553e-01 3.347996e-01 4.313095e-01 3.408212e-01 3.616462e-01 3.906062e-01 1.175366e-01 7.226899e-02 2.469318e-01 2.865994e-01 1.476955e-01 -4.848576e-03
<VARIANCE> 25
 8.188759e+00 1.877126e+01 1.290555e+01 1.133577e+01 1.227241e+01 1.942733e+01 1.893359e+01 2.541031e+01 1.708137e+01 2.173633e+01 1.604513e+01 1.808090e+01 2.283483e-01 3.559561e-01 4.641668e-01 7.580584e-01 7.254539e-01 9.027944e-01 1.075200e+00 1.272398e+00 9.570431e-01 1.804486e+00 1.427207e+00 1.476287e+00 1.747826e-04
<GCONST> 6.818052e+01
<MIXTURE> 65 1.721197e-02
<MEAN> 25
 7.468797e+00 2.549911e+00 1.014521e+00 7.721667e-01 -4.672208e+00 -2.797280e+00 -4.557085e+00 -7.052927e+00 -2.868487e+00 -3.099349e+00 -4.712682e+00 -1.029206e+00 1.606567e-01 1.047710e-01 4.632514e-02 1.278758e-01 -3.803285e-02 2.908393e-01 -1.203982e-01 -4.415486e-02 7.848877e-02 6.759015e-02 2.381570e-02 -3.593969e-01 -6.325066e-03
<VARIANCE> 25
 1.050509e+01 1.771394e+01 2.712068e+01 3.230518e+01 3.547117e+01 6.109911e+01 5.833038e+01 5.096713e+01 5.534103e+01 5.280508e+01 5.147343e+01 4.803635e+01 5.074896e-01 9.472896e-01 1.521760e+00 1.950116e+00 1.998435e+00 2.060556e+00 2.322786e+00 2.889505e+00 2.343655e+00 2.253140e+00 2.456837e+00 2.471845e+00 4.033590e-04
<GCONST> 8.874706e+01
<MIXTURE> 66 1.191532e-02
<MEAN> 25
 6.553470e+00 -4.032755e+00 -5.559450e+00 -4.732718e+00 1.302831e+00 -4.871867e+00 -6.745751e+00 1.131193e+00 7.493066e-01 -2.095739e+00 -5.841660e+00 -3.328378e+00 -6.847346e-02 1.671954e+00 2.193120e+00 2.317299e+00 -1.221574e+00 -1.216321e+00 9.104956e-02 -5.664756e-01 -1.374350e-01 -2.349478e-01 -2.176426e-01 1.056522e+00 -6.305115e-02
<VARIANCE> 25
 9.101864e+00 2.218231e+01 2.681431e+01 3.228174e+01 3.737128e+01 5.354972e+01 5.496983e+01 4.569519e+01 5.232699e+01 6.461875e+01 3.877510e+01 3.605139e+01 1.264102e+00 2.398700e+00 2.325480e+00 2.392911e+00 4.074129e+00 4.197548e+00 4.254510e+00 4.706995e+00 4.113511e+00 4.858621e+00 3.779700e+00 3.194158e+00 1.433979e-03
<GCONST> 9.641778e+01
<MIXTURE> 67 1.559142e-02
<MEAN> 25
 8.933108e+00 2.055978e+00 -5.970483e+00 -8.246089e+00 8.708025e-01 3.123155e+00 -3.332548e+00 -2.300974e+00 -3.727894e+00 7.100108e-01 -4.823964e-02 -1.688849e+00 -1.068775e+00 1.825956e+00 1.063445e+00 3.067773e+00 1.379481e+00 -5.084144e-01 1.301635e+00 1.244259e-01 1.669630e-01 2.424483e-01 -2.870157e-01 6.226535e-01 -1.291133e-01
<VARIANCE> 25
 1.167701e+01 3.863789e+01 3.055557e+01 5.553729e+01 4.894245e+01 5.384748e+01 6.176856e+01 5.281763e+01 6.457583e+01 5.719722e+01 5.539733e+01 4.725403e+01 2.163868e+00 3.443277e+00 3.263708e+00 4.484732e+00 4.506957e+00 4.518039e+00 4.666972e+00 5.043067e+00 5.453717e+00 4.749175e+00 5.105848e+00 3.723822e+00 3.100324e-03
<GCONST> 1.028341e+02
<MIXTURE> 68 1.485092e-02
<MEAN> 25
 -2.023402e+00 -2.316412e+00 -4.091341e+00 1.245460e+00 5.252033e+00 -6.712327e-01 2.138656e+00 1.828588e+00 2.000904e+00 1.692968e+00 4.915161e-01 1.876115e+00 2.765941e+00 5.486367e-01 1.976840e-02 -2.579496e+00 -2.415838e+00 -1.592829e+00 -2.351545e+00 -1.788022e+00 -1.652095e+00 -1.480384e+00 -1.981407e+00 -1.057999e+00 1.031637e-01
<VARIANCE> 25
 2.602220e+01 3.204801e+01 5.878241e+01 5.256607e+01 4.670770e+01 5.502440e+01 4.535530e+01 4.225824e+01 4.041352e+01 4.344926e+01 3.746801e+01 2.575447e+01 1.868158e+00 3.741072e+00 5.952989e+00 5.873772e+00 4.694057e+00 5.607247e+00 5.770364e+00 4.977977e+00 4.977613e+00 5.252837e+00 5.045461e+00 3.423299e+00 6.134974e-03
<GCONST> 1.036078e+02
<MIXTURE> 69 1.204884e-02
<MEAN> 25
 4.693187e+00 -4.231345e+00 -3.503997e+00 -3.470424e+00 -3.447476e+00 -7.809518e+00 -1.172503e+00 2.200125e+00 -3.752615e-01 -4.653493e+00 -5.636687e+00 9.333754e-01 1.642816e+00 -2.242143e+00 -1.315751e+00 -2.207088e+00 -5.371926e-01 -3.675730e-01 -4.986143e-01 6.793134e-01 -6.204946e-01 -1.391277e+00 -2.163946e+00 -1.832300e-01 6.248742e-02
<VARIANCE> 25
 8.861813e+00 2.152199e+01 2.667715e+01 2.698984e+01 4.222373e+01 3.533474e+01 4.838950e+01 3.134251e+01 3.914257e+01 3.781132e+01 3.067613e+01 2.443974e+01 3.561538e+00 2.879338e+00 3.346611e+00 3.717997e+00 5.692497e+00 4.973907e+00 7.042596e+00 6.269115e+00 5.839025e+00 6.023855e+00 4.362108e+00 3.654993e+00 2.410412e-03
<GCONST> 9.860989e+01
<MIXTURE> 70 1.329190e-02
<MEAN> 25
 7.076412e+00 -2.255959e+00 -2.962854e+00 -4.244318e+00 5.577216e-01 6.555570e-01 -7.787461e+00 -3.371925e+00 -3.607323e-01 2.288482e+00 1.491689e+00 -6.011570e+00 1.377370e+00 -1.572941e+00 -3.140655e-01 -2.317765e+00 -1.073073e+00 6.466756e-01 -1.796333e+00 6.711433e-01 2.792817e-01 4.827226e-01 7.539282e-01 -1.922580e+00 6.278463e-02
<VARIANCE> 25
 8.716406e+00 2.090942e+01 2.653421e+01 4.312106e+01 3.294556e+01 4.305302e+01 4.475253e+01 4.113707e+01 4.060533e+01 3.000043e+01 4.880965e+01 2.979200e+01 3.636696e+00 3.276598e+00 4.601388e+00 4.187410e+00 4.886396e+00 6.366764e+00 6.870708e+00 8.246487e+00 5.253523e+00 5.224829e+00 5.194449e+00 4.822207e+00 2.145591e-03
<GCONST> 1.006571e+02
<MIXTURE> 71 1.406903e-02
<MEAN> 25
 6.400444e+00 5.033973e+00 3.571674e+00 3.157738e+00 -3.345832e+00 -2.825627e+00 -2.789734e+00 -6.437681e+00 -4.178141e+00 -2.829429e+00 -4.943299e+00 -2.823447e+00 -1.447537e+00 -8.837208e-01 -1.044541e-01 -1.816239e+00 1.104742e+00 -1.767028e-01 -2.536154e-01 1.642969e+00 1.762701e-01 8.334749e-02 8.014848e-01 -1.327722e-01 4.088871e-02
<VARIANCE> 25
 1.723131e+01 2.581174e+01 2.636650e+01 4.109018e+01 3.711912e+01 4.227358e+01 4.424902e+01 3.869708e+01 3.760569e+01 4.150628e+01 3.396536e+01 3.307345e+01 1.726594e+00 3.064609e+00 5.144474e+00 4.760966e+00 4.525944e+00 4.363242e+00 5.355386e+00 5.165817e+00 4.222986e+00 4.322061e+00 3.584185e+00 4.238049e+00 1.322045e-03
<GCONST> 9.837729e+01
<MIXTURE> 72 8.134747e-03
<MEAN> 25
 3.193967e+00 -3.351556e+00 5.783645e+00 -1.280358e+00 -9.593720e+00 -1.008712e+01 -2.811297e+00 1.534920e+00 -5.580130e+00 -1.336662e+00 -7.217432e-01 1.254493e+00 9.019318e-01 -7.539951e-01 -2.838948e+00 3.501616e-01 2.056088e+00 -4.877529e-01 -1.556112e+00 1.158399e+00 1.830651e+00 -4.361025e-01 -1.314230e+00 2.076970e-01 -8.305111e-03
<VARIANCE> 25
 1.081130e+01 1.756326e+01 3.544206e+01 3.951530e+01 3.681839e+01 2.924560e+01 3.630854e+01 3.132357e+01 4.049008e+01 4.303675e+01 4.289448e+01 2.613655e+01 3.712411e-01 9.744623e-01 2.175404e+00 1.305103e+00 1.943433e+00 2.521627e+00 2.879808e+00 2.926972e+00 2.251917e+00 2.920601e+00 1.778820e+00 2.130929e+00 6.153013e-04
<GCONST> 8.651173e+01
<MIXTURE> 73 1.213625e-02
<MEAN> 25
 -5.667849e+00 -8.278094e-01 -1.283587e+00 4.799710e+00 4.169695e+00 2.369940e+00 5.547732e+00 3.416922e+00 4.332967e+00 3.482315e+00 4.275587e+00 3.000813e+00 7.645642e-01 -1.051528e+00 -9.015410e-01 -2.625641e+00 -1.267304e+00 -1.745793e+00 -8.615474e-01 -4.805069e-01 -9.259967e-01 -6.878375e-01 -1.046026e+00 -2.534613e-01 1.547408e-01
<VARIANCE> 25
 1.293086e+01 1.365034e+01 1.534603e+01 2.328657e+01 2.369084e+01 2.452912e+01 2.023279e+01 1.989225e+01 1.766841e+01 1.898424e+01 2.296103e+01 1.557438e+01 4.103765e+00 3.103980e+00 6.017513e+00 4.651188e+00 6.067864e+00 4.528695e+00 4.376005e+00 4.262190e+00 3.850352e+00 4.194206e+00 3.737583e+00 2.701500e+00 4.257323e-03
<GCONST> 9.280719e+01
<MIXTURE> 74 1.756491e-02
<MEAN> 25
 3.301878e+00 -3.551015e+00 6.312820e+00 9.928591e-01 -6.163359e+00 -7.745285e+00 -1.860072e+00 3.944566e+00 -4.284847e+00 -2.390217e+00 -1.711325e+00 1.686357e+00 1.725352e-01 1.899814e+00 -2.618257e-01 1.344156e+00 1.430872e+00 7.631265e-01 -7.111841e-02 -1.758598e+00 3.813727e-01 1.366461e-01 -6.040982e-01 1.648608e-01 -7.430640e-02
<VARIANCE> 25
 1.092971e+01 2.046094e+01 2.968921e+01 3.428549e+01 3.540600e+01 3.119937e+01 4.328811e+01 5.212878e+01 4.295602e+01 3.903445e+01 3.301982e+01 2.886561e+01 2.302844e+00 1.964983e+00 4.591638e+00 2.499720e+00 2.845346e+00 2.831463e+00 3.746402e+00 3.924008e+00 3.098722e+00 3.032443e+00 2.702813e+00 3.472237e+00 1.292946e-03
<GCONST> 9.384872e+01
<MIXTURE> 75 9.711651e-03
<MEAN> 25
 2.356144e+00 -1.767460e+00 1.215910e+01 1.315730e+00 -1.103948e+01 -6.896754e+00 -5.155340e+00 -5.857473e-01 -5.050378e+00 -4.117584e+00 3.863796e+00 3.456658e-01 1.553323e+00 -1.515179e+00 4.224646e-01 -1.318793e-01 -1.960381e+00 -6.484035e-01 -1.560357e+00 7.250317e-01 -7.953070e-01 -7.892834e-02 1.242386e+00 -1.043889e+00 3.626196e-02
<VARIANCE> 25
 8.844529e+00 1.495023e+01 2.890623e+01 2.460769e+01 2.335446e+01 2.706532e+01 3.025244e+01 2.563366e+01 3.012586e+01 2.591273e+01 2.195565e+01 2.010334e+01 2.477752e+00 1.711692e+00 4.433421e+00 2.390056e+00 3.446695e+00 3.578873e+00 3.873203e+00 3.441231e+00 4.628991e+00 2.909296e+00 3.885796e+00 2.597085e+00 1.408358e-03
<GCONST> 9.050546e+01
<MIXTURE> 76 1.052359e-02
<MEAN> 25
 -4.932022e+00 -1.857476e-01 -3.327018e+00 2.591827e+00 3.948453e+00 2.750719e+00 4.155284e+00 1.774849e+00 3.776734e+00 8.168207e-01 3.672743e-01 2.095792e+00 -2.181694e-01 -5.640363e-01 -1.840322e-01 -8.038831e-01 -6.758638e-01 -1.027987e+00 -5.420041e-01 -2.516565e-01 -4.843381e-01 -2.045065e-01 -1.540043e-01 -8.583055e-02 1.523197e-02
<VARIANCE> 25
 3.114346e+01 3.351678e+01 2.293853e+01 2.225866e+01 2.612535e+01 2.455194e+01 2.372945e+01 2.843540e+01 2.136684e+01 2.465413e+01 2.331441e+01 2.208438e+01 8.387877e-01 9.170569e-01 1.400887e+00 9.426357e-01 1.524543e+00 1.814356e+00 1.476103e+00 1.627802e+00 1.281280e+00 1.424679e+00 1.245160e+00 1.239673e+00 1.323537e-03
<GCONST> 8.094006e+01
<MIXTURE> 77 1.244626e-02
<MEAN> 25
 -4.642641e-01 8.585619e+00 1.243982e+01 -1.161053e+01 -7.001103e+00 9.617568e-01 -9.270231e+00 -7.243268e+00 -3.369893e+00 -2.014701e-01 -4.656547e+00 -1.483891e+00 6.727846e-02 1.378893e-01 7.469217e-02 2.521404e-01 -2.180082e-02 7.772937e-02 -6.378372e-02 -6.104239e-02 8.272734e-02 -4.497706e-02 2.415385e-02 1.172344e-01 -9.936432e-03
<VARIANCE> 25
 1.043707e+01 2.004434e+01 2.799316e+01 4.162942e+01 3.319533e+01 3.379982e+01 3.678556e+01 3.174896e+01 3.528447e+01 3.322465e+01 3.753736e+01 3.496507e+01 2.990702e-01 7.779515e-01 6.458377e-01 1.088660e+00 1.236958e+00 9.857669e-01 1.224065e+00 1.075860e+00 1.043921e+00 1.065329e+00 9.730974e-01 9.228453e-01 5.397929e-04
<GCONST> 7.782083e+01
<MIXTURE> 78 9.702551e-03
<MEAN> 25
 -1.105990e+01 9.433575e-01 -1.336898e+00 2.206285e+00 4.368732e+00 -2.128913e+00 3.627756e+00 2.943641e+00 2.402323e+00 7.704473e-01 -8.034365e-01 3.133786e+00 2.278613e+00 -2.061723e-01 1.341502e-01 5.662838e-01 2.758271e-02 5.569990e-02 -3.422902e-01 -1.491297e-01 2.603996e-01 1.923909e-01 -4.047367e-01 -4.721242e-01 -6.156471e-02
<VARIANCE> 25
 4.441230e+01 3.354967e+01 3.320852e+01 3.133027e+01 3.836913e+01 3.631976e+01 3.469513e+01 3.551309e+01 2.802683e+01 2.727093e+01 2.776276e+01 1.941614e+01 5.007397e+00 2.642598e+00 2.809916e+00 3.024513e+00 2.911445e+00 3.460456e+00 3.305575e+00 2.820134e+00 2.373523e+00 2.330927e+00 2.206232e+00 2.084851e+00 4.522092e-03
<GCONST> 9.458862e+01
<MIXTURE> 79 1.156824e-02
<MEAN> 25
 2.361102e+00 1.496202e+00 9.371674e+00 -6.319529e+00 -1.202520e+01 -1.979516e+00 -1.900222e+00 -6.271160e+00 -6.667444e+00 2.253385e-01 -3.343713e+00 -3.165513e+00 1.218338e+00 -5.240041e-01 -1.457465e+00 2.361483e+00 3.854143e-01 -1.463748e+00 5.410475e-01 8.424445e-01 -4.117464e-01 -5.241021e-01 3.401093e-01 2.954795e-01 -3.654439e-02
<VARIANCE> 25
 1.398047e+01 2.386728e+01 3.859797e+01 5.101781e+01 3.279395e+01 4.382565e+01 4.176894e+01 3.733978e+01 3.994317e+01 4.022002e+01 4.405394e+01 3.128722e+01 1.022319e+00 2.227438e+00 1.905724e+00 2.033199e+00 2.511340e+00 2.778168e+00 3.123304e+00 3.593099e+00 2.479123e+00 2.678693e+00 2.284936e+00 2.017250e+00 1.242063e-03
<GCONST> 9.184382e+01
<MIXTURE> 80 7.550998e-03
<MEAN> 25
 -1.457449e+01 3.972342e+00 7.096969e-01 2.775288e+00 2.441342e+00 1.353606e+00 6.414465e+00 2.536335e+00 2.700040e+00 2.346326e+00 4.829942e+00 1.229678e+00 4.266295e+00 -1.288480e-02 1.652169e+00 -1.113215e+00 -2.885620e+00 -2.770787e+00 -2.322388e+00 -2.005499e+00 -1.983811e+00 -1.681160e+00 -1.631645e+00 -5.984554e-01 -4.339046e-02
<VARIANCE> 25
 2.082301e+01 2.014274e+01 3.419068e+01 3.500698e+01 3.003488e+01 2.916394e+01 2.886578e+01 2.849600e+01 2.659870e+01 2.857091e+01 2.743158e+01 1.807360e+01 2.368859e+00 2.669323e+00 2.676200e+00 4.117011e+00 3.365289e+00 2.679767e+00 2.992652e+00 3.190795e+00 2.726661e+00 2.676877e+00 2.791125e+00 2.145983e+00 1.555773e-03
<GCONST> 9.141187e+01
<MIXTURE> 81 8.025434e-03
<MEAN> 25
 -1.118359e+00 4.067031e+00 1.017873e+01 -1.480214e+01 -9.079569e+00 -1.421566e+00 -6.766932e+00 -8.426876e+00 -4.150576e+00 -4.177671e-01 -7.573942e+00 -2.245322e+00 1.337734e-01 -5.869468e-01 -2.510160e-03 -5.562971e-01 -4.639580e-01 3.351343e-01 3.198276e-01 1.366600e-01 -1.404006e-01 1.066732e-01 -4.694617e-01 -1.254619e-01 1.150415e-02
<VARIANCE> 25
 1.015131e+01 3.280294e+01 2.648121e+01 2.929279e+01 3.370952e+01 3.052570e+01 4.544384e+01 2.825097e+01 3.799627e+01 3.189668e+01 2.530513e+01 3.106431e+01 7.722175e-01 2.277549e+00 1.545981e+00 2.873104e+00 2.662840e+00 2.126216e+00 3.281084e+00 2.288576e+00 2.355410e+00 2.538932e+00 2.299017e+00 2.078844e+00 1.183523e-03
<GCONST> 8.868881e+01
<MIXTURE> 82 8.213053e-03
<MEAN> 25
 -1.005231e+01 -4.270689e+00 1.695455e+00 -3.256744e+00 2.183913e+00 9.663415e-01 2.746147e+00 7.933196e-01 2.623878e+00 2.601290e+00 2.830225e+00 3.241346e+00 -1.275499e+00 -2.748235e-01 6.016642e-01 -2.307424e+00 -1.193877e+00 -1.416748e+00 -6.909856e-01 -7.378799e-01 -5.356910e-01 -4.814151e-01 1.293054e-01 1.141851e-01 1.716171e-01
<VARIANCE> 25
 1.586202e+01 2.271812e+01 2.866580e+01 2.736488e+01 3.365480e+01 2.854984e+01 3.085773e+01 2.908100e+01 2.752737e+01 2.617423e+01 3.424227e+01 1.563723e+01 3.456247e+00 3.069663e+00 3.497385e+00 3.411568e+00 3.135474e+00 3.093728e+00 3.438155e+00 2.949215e+00 2.759026e+00 2.295412e+00 3.312312e+00 1.963372e+00 3.375813e-03
<GCONST> 9.248589e+01
<MIXTURE> 83 1.167529e-02
<MEAN> 25
 -1.967221e+01 5.614880e+00 -1.496292e+00 -5.705253e-01 7.780264e+00 -1.213385e+00 5.298069e+00 3.316147e+00 1.351653e+00 1.944718e+00 4.995101e-01 3.040628e+00 -4.786165e-02 -4.078275e-01 2.173393e-02 -3.950813e-01 -5.405590e-01 -1.986005e-01 -1.171889e-01 -7.651088e-02 -2.356285e-02 -5.700058e-02 -6.800651e-02 6.823143e-04 5.191613e-03
<VARIANCE> 25
 1.113594e+01 1.595986e+01 2.894675e+01 2.201711e+01 2.043957e+01 2.311649e+01 2.165283e+01 2.378238e+01 2.013683e+01 2.256780e+01 2.341496e+01 1.441891e+01 1.039421e+00 9.354094e-01 1.197012e+00 1.066324e+00 1.378860e+00 1.351297e+00 1.283813e+00 1.340229e+00 1.314006e+00 1.258049e+00 1.200952e+00 1.049358e+00 8.642854e-04
<GCONST> 7.698881e+01
<MIXTURE> 84 1.066614e-02
<MEAN> 25
 1.153412e+00 8.899256e+00 6.891385e+00 7.781153e+00 2.783736e+00 -7.171363e-01 -1.354949e+00 -4.516909e+00 -3.951438e+00 -3.102458e+00 -2.444767e+00 -1.380894e+00 -1.725988e+00 -1.127503e+00 -1.184243e+00 1.284435e+00 2.209351e+00 1.414606e+00 1.465355e+00 1.301186e+00 1.162110e+00 4.552743e-01 4.067096e-01 3.778549e-01 -7.042470e-02
<VARIANCE> 25
 2.279294e+01 1.798992e+01 2.381225e+01 2.425888e+01 2.820099e+01 2.911792e+01 2.768952e+01 2.579009e+01 2.574192e+01 2.603580e+01 2.283308e+01 2.531068e+01 2.112047e+00 2.556147e+00 3.784868e+00 3.188601e+00 3.259950e+00 3.449710e+00 3.247753e+00 3.382732e+00 3.411645e+00 3.306614e+00 3.466254e+00 2.931384e+00 3.442960e-03
<GCONST> 9.253460e+01
<MIXTURE> 85 7.591393e-03
<MEAN> 25
 -3.073175e+00 7.647134e+00 6.150111e+00 1.324245e+00 -3.558650e+00 -5.315021e+00 -2.432791e+00 -6.078856e+00 -3.824565e+00 -2.919100e+00 3.893096e-02 -1.871977e+00 3.887230e+00 3.751975e-01 2.035683e+00 -1.909834e+00 -3.362813e+00 -2.570021e+00 -2.968559e+00 -2.136783e+00 -2.405987e+00 -1.233403e+00 -2.272763e+00 -7.865191e-01 1.208453e-02
<VARIANCE> 25
 3.967150e+01 2.265224e+01 3.638591e+01 3.569896e+01 3.716534e+01 3.842867e+01 3.398423e+01 2.620132e+01 2.592290e+01 2.529946e+01 2.799559e+01 1.927489e+01 2.565081e+00 4.084894e+00 4.816970e+00 5.265537e+00 4.148324e+00 3.622802e+00 3.692293e+00 4.267279e+00 3.916494e+00 3.783079e+00 3.693526e+00 3.641927e+00 5.189143e-03
<GCONST> 9.783320e+01
<MIXTURE> 86 1.273941e-02
<MEAN> 25
 -4.775686e+00 -3.357539e-01 -1.223370e+00 6.035999e+00 4.810351e+00 4.864174e+00 5.739995e+00 4.307171e+00 5.025031e+00 4.003096e+00 4.871657e+00 2.684286e+00 -6.005579e-04 3.051566e-03 -1.987250e-02 -3.571344e-02 -1.152036e-01 -1.653535e-01 -2.887138e-01 -2.915541e-01 -3.323545e-01 -4.215430e-01 -3.642962e-01 -1.489415e-01 -1.223065e-03
<VARIANCE> 25
 7.270889e+00 1.016436e+01 1.052797e+01 1.289837e+01 1.493682e+01 1.463490e+01 1.427391e+01 1.270333e+01 1.278705e+01 1.319936e+01 1.457177e+01 1.275830e+01 9.743121e-02 1.767164e-01 3.098084e-01 4.673291e-01 6.298879e-01 6.818686e-01 7.306409e-01 7.230511e-01 7.458503e-01 1.017794e+00 1.011690e+00 9.588587e-01 5.687513e-05
<GCONST> 5.854403e+01
<MIXTURE> 87 1.100681e-02
<MEAN> 25
 -3.208081e+00 4.422206e+00 2.810013e+00 6.503889e+00 5.475569e+00 1.261962e+00 2.158593e+00 -9.176596e-01 -3.426745e-01 -5.366206e-01 -8.602624e-01 -1.409878e-01 -2.155848e+00 -2.841438e+00 -1.796829e+00 -2.162813e+00 -1.377002e-01 -1.493785e-01 6.484399e-01 1.403069e+00 1.252653e+00 1.035857e+00 1.042761e+00 1.000124e+00 1.076108e-01
<VARIANCE> 25
 3.639970e+01 2.811283e+01 3.202282e+01 3.442395e+01 2.740648e+01 3.185930e+01 3.018022e+01 2.543618e+01 2.480761e+01 2.519977e+01 2.346507e+01 2.229125e+01 3.611793e+00 2.570069e+00 4.711585e+00 3.438735e+00 4.572309e+00 4.035159e+00 3.994162e+00 3.747202e+00 3.533310e+00 3.160052e+00 3.292731e+00 2.588803e+00 4.857504e-03
<GCONST> 9.585876e+01
<MIXTURE> 88 1.256585e-02
<MEAN> 25
 -3.747120e+00 -2.415082e-01 -1.397327e+00 4.785992e+00 4.470588e+00 3.663935e+00 4.451626e+00 2.961463e+00 3.497064e+00 2.254205e+00 1.707690e+00 2.821101e+00 -4.882670e-03 1.926063e-01 1.054006e-01 2.237591e-01 4.273711e-01 2.458468e-01 -1.664631e-01 -2.128020e-01 -1.079047e-01 -1.846412e-01 -2.311612e-01 -2.143397e-01 -1.026406e-02
<VARIANCE> 25
 9.330807e+00 1.414814e+01 1.549442e+01 1.487315e+01 1.681369e+01 1.803506e+01 1.857930e+01 2.076905e+01 1.665076e+01 1.811119e+01 2.774786e+01 1.366459e+01 1.093224e+00 1.502218e+00 1.959451e+00 2.216240e+00 2.364388e+00 2.334158e+00 2.623037e+00 2.353814e+00 2.488951e+00 2.565443e+00 2.106822e+00 2.041738e+00 1.432690e-03
<GCONST> 8.184470e+01
<MIXTURE> 89 9.333527e-03
<MEAN> 25
 4.253796e+00 -7.901887e+00 -1.462412e+00 -3.433223e+00 -1.487936e+00 -5.137124e+00 -5.440698e+00 7.279928e+00 2.968966e+00 -9.069937e-01 -4.936998e+00 -3.655921e+00 -4.492797e-01 6.482574e-02 1.569744e+00 8.391054e-01 -1.860915e+00 -1.769235e+00 9.220570e-01 1.149742e+00 -7.743494e-01 -1.182522e+00 2.576547e-02 1.922005e+00 5.096450e-03
<VARIANCE> 25
 9.546275e+00 1.742583e+01 2.344350e+01 2.169924e+01 2.853435e+01 2.806064e+01 4.108817e+01 3.629703e+01 2.659528e+01 2.911177e+01 2.477300e+01 2.892988e+01 2.604630e-01 8.355121e-01 1.139738e+00 9.572306e-01 1.360893e+00 1.961581e+00 3.082968e+00 1.713666e+00 1.644964e+00 1.462265e+00 2.418168e+00 1.513057e+00 5.071269e-04
<GCONST> 8.030895e+01
<MIXTURE> 90 7.114505e-03
<MEAN> 25
 2.447983e+00 -9.692638e+00 -4.738378e+00 -3.965502e+00 -3.382246e+00 -1.808391e+00 3.356897e+00 1.174427e+00 -7.499792e+00 -1.019270e+01 -3.415821e+00 -7.258088e-01 -1.637781e-01 9.075273e-01 1.167196e+00 -8.486940e-01 -1.609479e+00 -2.115529e-01 6.456102e-01 -2.102008e-01 -1.721636e-01 7.313815e-01 1.836605e-01 -5.472896e-01 -1.113531e-02
<VARIANCE> 25
 8.476254e+00 1.810893e+01 1.989823e+01 2.796914e+01 3.679605e+01 3.219511e+01 3.841412e+01 3.667106e+01 3.531045e+01 2.773011e+01 2.694155e+01 2.610006e+01 2.238538e-01 6.130729e-01 7.858092e-01 1.046407e+00 1.468575e+00 1.587998e+00 1.775211e+00 1.652664e+00 1.808785e+00 1.679941e+00 1.496416e+00 1.316068e+00 2.159133e-04
<GCONST> 7.816212e+01
<MIXTURE> 91 7.852945e-03
<MEAN> 25
 6.070430e+00 -7.009451e+00 -8.404476e+00 -5.090798e+00 4.061466e+00 3.696635e-01 -2.108056e+00 1.132854e-01 1.086363e+00 -2.670894e+00 -3.849522e+00 -4.526304e+00 2.252529e-01 1.036717e+00 2.003063e-01 6.355473e-01 -2.028507e-01 -5.082738e-01 -2.386766e-01 -1.869883e-01 -7.773211e-02 1.856868e-01 -4.359283e-02 2.635116e-01 -3.485992e-02
<VARIANCE> 25
 9.468976e+00 2.321249e+01 1.770099e+01 3.601722e+01 3.074876e+01 4.913060e+01 4.688118e+01 3.689892e+01 4.520399e+01 5.672172e+01 4.043009e+01 3.885556e+01 4.206569e-01 8.019130e-01 1.062140e+00 1.466080e+00 2.009704e+00 2.081723e+00 2.215283e+00 2.231898e+00 1.969232e+00 2.339467e+00 1.965530e+00 1.730958e+00 5.325052e-04
<GCONST> 8.538184e+01
<MIXTURE> 92 7.852945e-03
<MEAN> 25
 6.070430e+00 -7.009451e+00 -8.404476e+00 -5.090798e+00 4.061466e+00 3.696635e-01 -2.108056e+00 1.132854e-01 1.086363e+00 -2.670894e+00 -3.849522e+00 -4.526304e+00 2.252529e-01 1.036717e+00 2.003063e-01 6.355473e-01 -2.028507e-01 -5.082738e-01 -2.386766e-01 -1.869883e-01 -7.773211e-02 1.856868e-01 -4.359283e-02 2.635116e-01 -3.485992e-02
<VARIANCE> 25
 9.468976e+00 2.321249e+01 1.770099e+01 3.601722e+01 3.074876e+01 4.913060e+01 4.688118e+01 3.689892e+01 4.520399e+01 5.672172e+01 4.043009e+01 3.885556e+01 4.206569e-01 8.019130e-01 1.062140e+00 1.466080e+00 2.009704e+00 2.081723e+00 2.215283e+00 2.231898e+00 1.969232e+00 2.339467e+00 1.965530e+00 1.730958e+00 5.325052e-04
<GCONST> 8.538184e+01
<MIXTURE> 93 6.122769e-03
<MEAN> 25
 -6.825257e+00 -9.602169e-01 -2.402928e+00 5.797039e+00 5.907922e+00 3.922882e+00 6.123780e+00 3.608280e+00 4.119794e+00 2.508981e+00 1.817654e+00 3.705319e+00 -6.159260e-02 -1.543172e-01 -2.573615e-01 -3.317493e-01 -3.338596e-01 -2.846438e-01 -2.177681e-01 -1.744440e-01 -1.666185e-01 -1.505180e-01 -1.044370e-01 -3.551151e-02 -3.932583e-06
<VARIANCE> 25
 9.094971e+00 6.033875e+00 8.187666e+00 1.137551e+01 1.149199e+01 1.598029e+01 1.527521e+01 1.644657e+01 1.475682e+01 1.454092e+01 1.678939e+01 1.344936e+01 8.277451e-02 1.534291e-01 2.636926e-01 3.805531e-01 4.977845e-01 6.424766e-01 7.793118e-01 8.874353e-01 9.165810e-01 8.761158e-01 8.922268e-01 9.177846e-01 1.000090e-06
<GCONST> 5.360517e+01
<MIXTURE> 94 6.122769e-03
<MEAN> 25
 -6.825257e+00 -9.602169e-01 -2.402928e+00 5.797039e+00 5.907922e+00 3.922882e+00 6.123780e+00 3.608280e+00 4.119794e+00 2.508981e+00 1.817654e+00 3.705319e+00 -6.159260e-02 -1.543172e-01 -2.573615e-01 -3.317493e-01 -3.338596e-01 -2.846438e-01 -2.177681e-01 -1.744440e-01 -1.666185e-01 -1.505180e-01 -1.044370e-01 -3.551151e-02 -3.932583e-06
<VARIANCE> 25
 9.094971e+00 6.033875e+00 8.187666e+00 1.137551e+01 1.149199e+01 1.598029e+01 1.527521e+01 1.644657e+01 1.475682e+01 1.454092e+01 1.678939e+01 1.344936e+01 8.277451e-02 1.534291e-01 2.636926e-01 3.805531e-01 4.977845e-01 6.424766e-01 7.793118e-01 8.874353e-01 9.165810e-01 8.761158e-01 8.922268e-01 9.177846e-01 1.000090e-06
<GCONST> 5.360517e+01
<MIXTURE> 95 5.258835e-03
<MEAN> 25
 -5.560144e+00 -2.258395e-01 -2.205680e+00 4.828860e+00 4.022676e+00 2.812914e+00 4.311162e+00 1.308865e+00 2.407150e+00 9.088642e-01 9.943436e-01 2.415075e+00 1.465795e-01 1.362496e-01 7.797285e-02 -7.577831e-02 -3.440557e-01 -6.839926e-01 -1.029977e+00 -1.206194e+00 -1.192745e+00 -9.758404e-01 -6.514120e-01 -3.177736e-01 -5.621393e-04
<VARIANCE> 25
 1.053230e+01 9.310966e+00 1.216593e+01 1.249832e+01 1.372375e+01 1.738479e+01 1.738348e+01 1.830845e+01 1.522008e+01 1.578402e+01 1.950834e+01 1.501988e+01 2.009860e-01 2.832488e-01 4.379141e-01 6.069899e-01 8.078707e-01 9.072723e-01 8.960247e-01 9.782093e-01 9.743049e-01 1.079413e+00 1.168945e+00 1.102826e+00 4.533339e-05
<GCONST> 6.362572e+01
<MIXTURE> 96 7.034694e-03
<MEAN> 25
 -5.005079e+00 -2.022945e-01 -2.535487e+00 4.873752e+00 3.645248e+00 1.657096e+00 3.675924e+00 1.317398e+00 2.568313e+00 1.265592e+00 9.831110e-01 2.562161e+00 -2.300288e-02 7.109968e-02 2.238043e-01 4.027479e-01 5.808907e-01 5.025380e-01 1.997558e-01 -1.563880e-01 -4.925363e-01 -6.865532e-01 -5.747023e-01 -3.947809e-01 1.011263e-04
<VARIANCE> 25
 1.060874e+01 1.033699e+01 1.371086e+01 1.505791e+01 1.512625e+01 1.887139e+01 1.791502e+01 2.250712e+01 1.740688e+01 1.765066e+01 1.929784e+01 1.513722e+01 1.189452e-01 2.155457e-01 3.023862e-01 3.920668e-01 5.326224e-01 6.281368e-01 8.621706e-01 9.691634e-01 9.615417e-01 8.520120e-01 8.815410e-01 9.135289e-01 1.307169e-06
<GCONST> 5.799861e+01
<MIXTURE> 97 7.034694e-03
<MEAN> 25
 -5.005079e+00 -2.022945e-01 -2.535487e+00 4.873752e+00 3.645248e+00 1.657096e+00 3.675924e+00 1.317398e+00 2.568313e+00 1.265592e+00 9.831110e-01 2.562161e+00 -2.300288e-02 7.109968e-02 2.238043e-01 4.027479e-01 5.808907e-01 5.025380e-01 1.997558e-01 -1.563880e-01 -4.925363e-01 -6.865532e-01 -5.747023e-01 -3.947809e-01 1.011263e-04
<VARIANCE> 25
 1.060874e+01 1.033699e+01 1.371086e+01 1.505791e+01 1.512625e+01 1.887139e+01 1.791502e+01 2.250712e+01 1.740688e+01 1.765066e+01 1.929784e+01 1.513722e+01 1.189452e-01 2.155457e-01 3.023862e-01 3.920668e-01 5.326224e-01 6.281368e-01 8.621706e-01 9.691634e-01 9.615417e-01 8.520120e-01 8.815410e-01 9.135289e-01 1.307169e-06
<GCONST> 5.799861e+01
<MIXTURE> 98 9.917808e-03
<MEAN> 25
 -1.159149e+00 1.665717e+00 -5.406593e-01 4.234704e+00 3.493264e+00 2.911706e+00 3.232221e+00 7.587071e-01 1.500349e+00 -2.049945e-01 2.077622e-01 1.332092e+00 -1.593224e+00 -1.335439e+00 -9.542122e-01 2.132187e-01 7.329290e-01 6.173250e-01 1.202377e+00 1.540545e+00 1.532696e+00 1.264177e+00 1.190836e+00 6.965769e-01 -3.380870e-02
<VARIANCE> 25
 1.319348e+01 2.032927e+01 2.845708e+01 2.905307e+01 3.746528e+01 3.306687e+01 2.820882e+01 3.091642e+01 2.453475e+01 3.598389e+01 2.533744e+01 2.438466e+01 1.406748e+00 1.582353e+00 2.113878e+00 2.235435e+00 2.752995e+00 2.749951e+00 2.980702e+00 2.678488e+00 2.707167e+00 3.052006e+00 2.493483e+00 2.651437e+00 2.083566e-03
<GCONST> 8.964015e+01
<MIXTURE> 99 6.696178e-03
<MEAN> 25
 -6.438241e+00 9.821826e+00 6.462857e+00 3.204656e+00 9.970109e-01 -5.091494e+00 -1.622699e+00 -3.956974e+00 -3.219079e+00 -3.681758e+00 -1.634980e+00 5.313332e-01 5.427727e-01 -7.711108e-01 3.835033e-01 -3.582673e-01 -1.192938e+00 -5.356010e-01 -3.391889e-01 -2.300743e-01 -1.492262e-01 -5.297067e-02 2.477687e-01 1.630509e-01 1.134983e-02
<VARIANCE> 25
 3.534157e+01 2.475172e+01 4.910411e+01 3.165102e+01 3.506495e+01 3.507751e+01 2.667635e+01 3.202806e+01 2.676501e+01 2.710882e+01 1.998620e+01 2.896361e+01 2.347259e+00 1.938282e+00 1.489896e+00 1.785436e+00 2.686114e+00 2.060178e+00 1.583706e+00 1.671806e+00 1.546559e+00 1.517071e+00 1.267550e+00 1.258420e+00 1.554930e-03
<GCONST> 8.691420e+01
<MIXTURE> 100 4.498084e-03
<MEAN> 25
 -1.594664e+00 6.330680e+00 1.029475e+01 -7.456733e+00 -1.078209e+01 -5.077035e+00 -4.932235e+00 -9.952036e+00 -4.731749e+00 -8.511274e-01 -2.716811e+00 -2.707884e+00 2.916014e+00 -1.258152e+00 1.306817e+00 -2.179912e+00 -3.416109e+00 -7.870096e-01 -1.224769e+00 -8.162087e-01 -1.482022e+00 3.487971e-01 -1.655275e+00 -2.920741e-01 2.161414e-03
<VARIANCE> 25
 1.360905e+01 2.111499e+01 2.257730e+01 2.640386e+01 2.298420e+01 2.367268e+01 2.910356e+01 2.179865e+01 2.751383e+01 2.261271e+01 2.249301e+01 2.129992e+01 1.797521e+00 3.948645e+00 2.938707e+00 4.294264e+00 4.181090e+00 4.531487e+00 4.024074e+00 4.337345e+00 4.179203e+00 3.891634e+00 3.902169e+00 3.234320e+00 1.681452e-03
<GCONST> 9.258746e+01
<MIXTURE> 101 6.007792e-03
<MEAN> 25
 7.682737e+00 -3.149002e+00 -5.639441e+00 -6.026210e+00 4.734539e-01 -1.771777e+00 -1.072852e+01 -2.794852e+00 1.254751e+00 2.911560e+00 -1.320490e+00 -5.299450e+00 6.019601e-01 5.770599e-01 -1.494950e+00 -1.675396e+00 1.037483e+00 2.420665e+00 1.884284e-01 -1.628675e+00 -9.298465e-01 9.087530e-01 1.522911e+00 -3.368255e-01 -5.489775e-03
<VARIANCE> 25
 9.557008e+00 1.632796e+01 2.999090e+01 4.421157e+01 3.462592e+01 3.481075e+01 3.497723e+01 3.717177e+01 3.538562e+01 3.958348e+01 5.689039e+01 2.209109e+01 3.419981e-01 6.908169e-01 1.271397e+00 1.491539e+00 1.555946e+00 2.083938e+00 1.919570e+00 2.030853e+00 2.394509e+00 2.567580e+00 1.999722e+00 2.083776e+00 3.627989e-04
<GCONST> 8.388842e+01
<MIXTURE> 102 6.007792e-03
<MEAN> 25
 7.682737e+00 -3.149002e+00 -5.639441e+00 -6.026210e+00 4.734539e-01 -1.771777e+00 -1.072852e+01 -2.794852e+00 1.254751e+00 2.911560e+00 -1.320490e+00 -5.299450e+00 6.019601e-01 5.770599e-01 -1.494950e+00 -1.675396e+00 1.037483e+00 2.420665e+00 1.884284e-01 -1.628675e+00 -9.298465e-01 9.087530e-01 1.522911e+00 -3.368255e-01 -5.489775e-03
<VARIANCE> 25
 9.557008e+00 1.632796e+01 2.999090e+01 4.421157e+01 3.462592e+01 3.481075e+01 3.497723e+01 3.717177e+01 3.538562e+01 3.958348e+01 5.689039e+01 2.209109e+01 3.419981e-01 6.908169e-01 1.271397e+00 1.491539e+00 1.555946e+00 2.083938e+00 1.919570e+00 2.030853e+00 2.394509e+00 2.567580e+00 1.999722e+00 2.083776e+00 3.627989e-04
<GCONST> 8.388842e+01
<MIXTURE> 103 5.694618e-03
<MEAN> 25
 3.358298e+00 -9.455084e+00 -6.108917e+00 -3.083021e+00 -1.301201e+00 -1.951707e+00 2.420666e+00 2.521818e+00 -4.582408e+00 -9.200750e+00 -5.047899e+00 3.629054e-01 -1.560119e-01 -1.485612e+00 -9.798076e-01 3.743788e-01 1.210895e+00 1.018841e+00 1.567550e-01 -2.651531e-01 -7.730762e-01 -9.436299e-01 -3.160479e-02 1.175326e-01 2.684371e-02
<VARIANCE> 25
 1.032204e+01 2.051894e+01 2.298457e+01 3.160758e+01 4.810065e+01 3.500415e+01 4.629079e+01 3.679852e+01 4.215481e+01 2.993763e+01 3.001688e+01 2.640097e+01 6.421882e-01 1.251243e+00 1.534665e+00 1.933038e+00 2.925108e+00 2.410246e+00 2.886171e+00 2.594950e+00 2.571726e+00 2.522396e+00 2.094228e+00 2.022560e+00 8.087634e-04
<GCONST> 8.760413e+01
<MIXTURE> 104 5.694618e-03
<MEAN> 25
 3.358298e+00 -9.455084e+00 -6.108917e+00 -3.083021e+00 -1.301201e+00 -1.951707e+00 2.420666e+00 2.521818e+00 -4.582408e+00 -9.200750e+00 -5.047899e+00 3.629054e-01 -1.560119e-01 -1.485612e+00 -9.798076e-01 3.743788e-01 1.210895e+00 1.018841e+00 1.567550e-01 -2.651531e-01 -7.730762e-01 -9.436299e-01 -3.160479e-02 1.175326e-01 2.684371e-02
<VARIANCE> 25
 1.032204e+01 2.051894e+01 2.298457e+01 3.160758e+01 4.810065e+01 3.500415e+01 4.629079e+01 3.679852e+01 4.215481e+01 2.993763e+01 3.001688e+01 2.640097e+01 6.421882e-01 1.251243e+00 1.534665e+00 1.933038e+00 2.925108e+00 2.410246e+00 2.886171e+00 2.594950e+00 2.571726e+00 2.522396e+00 2.094228e+00 2.022560e+00 8.087634e-04
<GCONST> 8.760413e+01
<MIXTURE> 105 4.710235e-03
<MEAN> 25
 2.204283e+00 -1.648742e+00 9.167888e+00 -2.738831e+00 -1.150282e+01 -5.032437e+00 -4.055383e+00 -5.553597e-01 -3.825819e+00 -3.139405e+00 1.518980e+00 -1.121601e+00 -2.178359e-04 2.938914e-02 5.749751e-02 -4.387137e-02 2.693122e-02 4.582541e-02 -7.583445e-03 6.644253e-02 -6.745828e-02 3.070504e-02 3.202954e-02 -1.829278e-02 -1.944551e-03
<VARIANCE> 25
 1.310617e+01 2.963873e+01 4.082531e+01 4.410765e+01 3.766671e+01 5.268542e+01 4.098199e+01 4.550392e+01 3.905038e+01 4.136631e+01 4.114075e+01 3.022016e+01 8.709607e-02 1.832789e-01 3.415617e-01 2.866272e-01 3.969705e-01 4.218167e-01 4.672631e-01 4.962178e-01 5.328930e-01 4.343454e-01 4.246096e-01 3.964684e-01 9.101973e-05
<GCONST> 6.678241e+01
<MIXTURE> 106 4.710235e-03
<MEAN> 25
 2.204283e+00 -1.648742e+00 9.167888e+00 -2.738831e+00 -1.150282e+01 -5.032437e+00 -4.055383e+00 -5.553597e-01 -3.825819e+00 -3.139405e+00 1.518980e+00 -1.121601e+00 -2.178359e-04 2.938914e-02 5.749751e-02 -4.387137e-02 2.693122e-02 4.582541e-02 -7.583445e-03 6.644253e-02 -6.745828e-02 3.070504e-02 3.202954e-02 -1.829278e-02 -1.944551e-03
<VARIANCE> 25
 1.310617e+01 2.963873e+01 4.082531e+01 4.410765e+01 3.766671e+01 5.268542e+01 4.098199e+01 4.550392e+01 3.905038e+01 4.136631e+01 4.114075e+01 3.022016e+01 8.709607e-02 1.832789e-01 3.415617e-01 2.866272e-01 3.969705e-01 4.218167e-01 4.672631e-01 4.962178e-01 5.328930e-01 4.343454e-01 4.246096e-01 3.964684e-01 9.101973e-05
<GCONST> 6.678241e+01
<MIXTURE> 107 5.452374e-03
<MEAN> 25
 8.349451e+00 -2.408352e+00 -7.627221e+00 -9.487876e+00 1.842020e+00 2.897741e+00 -8.727229e+00 -4.071826e+00 -7.553281e-01 3.216729e+00 1.000460e+00 -5.480909e+00 -6.254631e-01 -7.758092e-01 7.995607e-01 1.718154e+00 1.086032e-01 -2.039726e+00 -8.408145e-01 9.896878e-01 1.789994e+00 7.518505e-02 -1.733524e+00 -7.601354e-01 8.086519e-04
<VARIANCE> 25
 1.002491e+01 2.128700e+01 3.015633e+01 4.052826e+01 3.424841e+01 3.696487e+01 4.892602e+01 4.092844e+01 4.354879e+01 4.073374e+01 4.942247e+01 3.478066e+01 3.419732e-01 1.000682e+00 1.420063e+00 2.382861e+00 2.436794e+00 2.807440e+00 2.584769e+00 2.816449e+00 2.201103e+00 2.898113e+00 1.964472e+00 2.167837e+00 8.704761e-04
<GCONST> 8.840487e+01
<MIXTURE> 108 5.452374e-03
<MEAN> 25
 8.349451e+00 -2.408352e+00 -7.627221e+00 -9.487876e+00 1.842020e+00 2.897741e+00 -8.727229e+00 -4.071826e+00 -7.553281e-01 3.216729e+00 1.000460e+00 -5.480909e+00 -6.254631e-01 -7.758092e-01 7.995607e-01 1.718154e+00 1.086032e-01 -2.039726e+00 -8.408145e-01 9.896878e-01 1.789994e+00 7.518505e-02 -1.733524e+00 -7.601354e-01 8.086519e-04
<VARIANCE> 25
 1.002491e+01 2.128700e+01 3.015633e+01 4.052826e+01 3.424841e+01 3.696487e+01 4.892602e+01 4.092844e+01 4.354879e+01 4.073374e+01 4.942247e+01 3.478066e+01 3.419732e-01 1.000682e+00 1.420063e+00 2.382861e+00 2.436794e+00 2.807440e+00 2.584769e+00 2.816449e+00 2.201103e+00 2.898113e+00 1.964472e+00 2.167837e+00 8.704761e-04
<GCONST> 8.840487e+01
<MIXTURE> 109 6.661064e-03
<MEAN> 25
 4.069300e+00 -1.040164e+01 -8.262557e+00 -1.349517e+00 2.767321e+00 1.166057e-02 -4.646496e-02 1.353076e+00 -2.498823e+00 -8.291575e+00 -5.314838e+00 8.752366e-02 -2.965378e-02 -1.190037e-01 -3.580163e-02 2.521493e-01 1.857541e-01 1.232053e-01 -1.204276e-01 -1.095262e-01 -3.992230e-02 -1.396681e-01 2.157325e-01 1.314879e-02 -3.626401e-03
<VARIANCE> 25
 9.023879e+00 1.966202e+01 1.999373e+01 3.128160e+01 4.039993e+01 3.658050e+01 4.613001e+01 3.517817e+01 4.583756e+01 3.537337e+01 2.965315e+01 2.816212e+01 1.947754e-01 4.342585e-01 5.353748e-01 6.336133e-01 1.237240e+00 9.855331e-01 1.252447e+00 1.097668e+00 1.107314e+00 9.516919e-01 8.834970e-01 8.817167e-01 1.839948e-04
<GCONST> 7.454031e+01
<MIXTURE> 110 6.661064e-03
<MEAN> 25
 4.069300e+00 -1.040164e+01 -8.262557e+00 -1.349517e+00 2.767321e+00 1.166057e-02 -4.646496e-02 1.353076e+00 -2.498823e+00 -8.291575e+00 -5.314838e+00 8.752366e-02 -2.965378e-02 -1.190037e-01 -3.580163e-02 2.521493e-01 1.857541e-01 1.232053e-01 -1.204276e-01 -1.095262e-01 -3.992230e-02 -1.396681e-01 2.157325e-01 1.314879e-02 -3.626401e-03
<VARIANCE> 25
 9.023879e+00 1.966202e+01 1.999373e+01 3.128160e+01 4.039993e+01 3.658050e+01 4.613001e+01 3.517817e+01 4.583756e+01 3.537337e+01 2.965315e+01 2.816212e+01 1.947754e-01 4.342585e-01 5.353748e-01 6.336133e-01 1.237240e+00 9.855331e-01 1.252447e+00 1.097668e+00 1.107314e+00 9.516919e-01 8.834970e-01 8.817167e-01 1.839948e-04
<GCONST> 7.454031e+01
<MIXTURE> 111 4.337247e-03
<MEAN> 25
 -4.214972e+00 -1.921764e-01 -2.300643e+00 1.636503e+00 9.522354e-01 1.043806e+00 7.812375e-01 -3.735006e-01 4.839838e-01 -5.225949e-01 -9.834842e-01 1.356475e+00 -6.661074e-04 -2.873239e-02 -8.210444e-02 -6.682405e-02 -6.637542e-02 1.695924e-02 -3.869844e-02 -3.115641e-02 -1.423637e-01 -2.479139e-01 -1.907320e-01 -5.512817e-02 -3.773919e-04
<VARIANCE> 25
 6.808291e+00 8.155205e+00 1.171070e+01 9.191824e+00 1.225120e+01 2.227745e+01 1.532192e+01 1.525789e+01 1.187602e+01 1.193021e+01 1.378519e+01 1.365699e+01 8.802219e-02 1.594707e-01 2.654312e-01 4.132256e-01 5.346474e-01 6.779188e-01 7.499474e-01 8.707138e-01 8.256514e-01 9.130729e-01 8.272591e-01 8.638688e-01 2.541142e-05
<GCONST> 5.678148e+01
<MIXTURE> 112 4.337247e-03
<MEAN> 25
 -4.214972e+00 -1.921764e-01 -2.300643e+00 1.636503e+00 9.522354e-01 1.043806e+00 7.812375e-01 -3.735006e-01 4.839838e-01 -5.225949e-01 -9.834842e-01 1.356475e+00 -6.661074e-04 -2.873239e-02 -8.210444e-02 -6.682405e-02 -6.637542e-02 1.695924e-02 -3.869844e-02 -3.115641e-02 -1.423637e-01 -2.479139e-01 -1.907320e-01 -5.512817e-02 -3.773919e-04
<VARIANCE> 25
 6.808291e+00 8.155205e+00 1.171070e+01 9.191824e+00 1.225120e+01 2.227745e+01 1.532192e+01 1.525789e+01 1.187602e+01 1.193021e+01 1.378519e+01 1.365699e+01 8.802219e-02 1.594707e-01 2.654312e-01 4.132256e-01 5.346474e-01 6.779188e-01 7.499474e-01 8.707138e-01 8.256514e-01 9.130729e-01 8.272591e-01 8.638688e-01 2.541142e-05
<GCONST> 5.678148e+01
<MIXTURE> 113 5.938666e-03
<MEAN> 25
 9.903704e+00 1.767052e+00 -8.775496e+00 -1.694114e+01 -1.045037e+00 5.668323e+00 -5.208862e+00 -1.592420e+00 -5.628030e+00 -5.569356e-01 2.742275e-01 -1.813603e-01 5.416452e-03 2.484807e-02 -6.012850e-02 -1.129945e-01 9.843691e-02 1.487409e-01 5.392993e-02 4.904740e-02 -4.148448e-02 -4.807058e-02 1.666705e-01 3.800617e-02 -1.532049e-03
<VARIANCE> 25
 9.246388e+00 1.631969e+01 2.943864e+01 3.491961e+01 5.215264e+01 3.376307e+01 3.969960e+01 4.004023e+01 3.733720e+01 4.649537e+01 3.599954e+01 2.839849e+01 1.213496e-01 3.278933e-01 3.172905e-01 6.250001e-01 6.116483e-01 6.473433e-01 7.710486e-01 8.500272e-01 9.809508e-01 8.981686e-01 7.314956e-01 7.118258e-01 1.247539e-04
<GCONST> 7.117342e+01
<MIXTURE> 114 5.938666e-03
<MEAN> 25
 9.903704e+00 1.767052e+00 -8.775496e+00 -1.694114e+01 -1.045037e+00 5.668323e+00 -5.208862e+00 -1.592420e+00 -5.628030e+00 -5.569356e-01 2.742275e-01 -1.813603e-01 5.416452e-03 2.484807e-02 -6.012850e-02 -1.129945e-01 9.843691e-02 1.487409e-01 5.392993e-02 4.904740e-02 -4.148448e-02 -4.807058e-02 1.666705e-01 3.800617e-02 -1.532049e-03
<VARIANCE> 25
 9.246388e+00 1.631969e+01 2.943864e+01 3.491961e+01 5.215264e+01 3.376307e+01 3.969960e+01 4.004023e+01 3.733720e+01 4.649537e+01 3.599954e+01 2.839849e+01 1.213496e-01 3.278933e-01 3.172905e-01 6.250001e-01 6.116483e-01 6.473433e-01 7.710486e-01 8.500272e-01 9.809508e-01 8.981686e-01 7.314956e-01 7.118258e-01 1.247539e-04
<GCONST> 7.117342e+01
<MIXTURE> 115 2.935202e-03
<MEAN> 25
 -3.983252e+00 -5.371776e-01 -3.254326e+00 3.488979e+00 2.416868e+00 -2.918525e-01 2.398112e+00 2.966953e-01 1.504531e+00 -3.703597e-03 -7.220469e-02 2.554081e+00 3.550122e-02 -6.384844e-02 -2.231986e-01 -4.369393e-01 -6.382546e-01 -6.848486e-01 -5.770503e-01 -5.267895e-01 -4.542540e-01 -4.240647e-01 -3.401047e-01 -1.511174e-01 -2.472025e-05
<VARIANCE> 25
 9.085674e+00 1.089831e+01 1.378712e+01 1.313136e+01 1.313676e+01 1.761252e+01 1.752034e+01 2.090663e+01 1.795548e+01 1.682097e+01 1.910680e+01 1.485911e+01 2.093994e-01 3.501871e-01 4.745452e-01 5.588081e-01 6.289099e-01 8.003156e-01 9.921356e-01 1.130035e+00 1.075453e+00 1.001265e+00 9.974796e-01 1.051134e+00 1.057605e-06
<GCONST> 6.029713e+01
<MIXTURE> 116 2.935202e-03
<MEAN> 25
 -3.983252e+00 -5.371776e-01 -3.254326e+00 3.488979e+00 2.416868e+00 -2.918525e-01 2.398112e+00 2.966953e-01 1.504531e+00 -3.703597e-03 -7.220469e-02 2.554081e+00 3.550122e-02 -6.384844e-02 -2.231986e-01 -4.369393e-01 -6.382546e-01 -6.848486e-01 -5.770503e-01 -5.267895e-01 -4.542540e-01 -4.240647e-01 -3.401047e-01 -1.511174e-01 -2.472025e-05
<VARIANCE> 25
 9.085674e+00 1.089831e+01 1.378712e+01 1.313136e+01 1.313676e+01 1.761252e+01 1.752034e+01 2.090663e+01 1.795548e+01 1.682097e+01 1.910680e+01 1.485911e+01 2.093994e-01 3.501871e-01 4.745452e-01 5.588081e-01 6.289099e-01 8.003156e-01 9.921356e-01 1.130035e+00 1.075453e+00 1.001265e+00 9.974796e-01 1.051134e+00 1.057605e-06
<GCONST> 6.029713e+01
<MIXTURE> 117 6.506003e-03
<MEAN> 25
 -4.644585e+00 1.117820e+00 1.054456e+00 9.758382e+00 6.260106e+00 6.256467e+00 6.463086e+00 5.044466e+00 6.385677e+00 4.929140e+00 6.367146e+00 2.709914e+00 -7.502621e-02 -2.341284e-01 -3.583466e-01 -4.199623e-01 -3.675237e-01 -3.027281e-01 -2.873242e-01 -3.314672e-01 -3.917789e-01 -3.689673e-01 -2.631075e-01 -1.159775e-01 -9.053158e-06
<VARIANCE> 25
 7.187228e+00 8.753172e+00 9.809697e+00 1.430889e+01 1.561776e+01 1.534927e+01 1.772628e+01 1.796114e+01 1.640252e+01 1.637162e+01 1.674136e+01 1.475328e+01 2.166100e-01 3.075072e-01 4.261327e-01 6.171163e-01 8.536683e-01 1.055370e+00 1.177557e+00 1.232915e+00 1.223972e+00 1.194856e+00 1.167206e+00 1.113677e+00 9.999943e-07
<GCONST> 6.042874e+01
<MIXTURE> 118 6.506003e-03
<MEAN> 25
 -4.644585e+00 1.117820e+00 1.054456e+00 9.758382e+00 6.260106e+00 6.256467e+00 6.463086e+00 5.044466e+00 6.385677e+00 4.929140e+00 6.367146e+00 2.709914e+00 -7.502621e-02 -2.341284e-01 -3.583466e-01 -4.199623e-01 -3.675237e-01 -3.027281e-01 -2.873242e-01 -3.314672e-01 -3.917789e-01 -3.689673e-01 -2.631075e-01 -1.159775e-01 -9.053158e-06
<VARIANCE> 25
 7.187228e+00 8.753172e+00 9.809697e+00 1.430889e+01 1.561776e+01 1.534927e+01 1.772628e+01 1.796114e+01 1.640252e+01 1.637162e+01 1.674136e+01 1.475328e+01 2.166100e-01 3.075072e-01 4.261327e-01 6.171163e-01 8.536683e-01 1.055370e+00 1.177557e+00 1.232915e+00 1.223972e+00 1.194856e+00 1.167206e+00 1.113677e+00 9.999943e-07
<GCONST> 6.042874e+01
<MIXTURE> 119 4.297961e-03
<MEAN> 25
 -4.864194e+00 -7.679415e+00 2.306989e+00 1.889332e+00 2.073944e+00 6.582076e-02 5.182878e+00 6.119481e+00 9.820521e-01 9.512615e-01 6.467428e+00 1.559501e+00 -6.245907e-02 -7.672453e-02 3.950579e-02 -3.913143e-02 -8.326393e-02 -1.733947e-01 -3.589584e-02 4.333046e-03 -9.105901e-02 -1.053118e-01 -7.417171e-02 -4.375155e-02 9.741978e-04
<VARIANCE> 25
 8.829422e+00 9.705826e+00 1.643378e+01 2.039804e+01 2.360432e+01 2.358270e+01 2.506584e+01 2.725911e+01 2.595631e+01 2.750069e+01 2.085806e+01 1.994990e+01 1.635547e-01 2.769319e-01 4.542062e-01 6.399322e-01 8.751320e-01 9.869323e-01 1.129018e+00 1.264785e+00 1.273423e+00 1.222713e+00 1.201037e+00 1.099695e+00 2.315786e-04
<GCONST> 6.989288e+01
<MIXTURE> 120 4.297961e-03
<MEAN> 25
 -4.864194e+00 -7.679415e+00 2.306989e+00 1.889332e+00 2.073944e+00 6.582076e-02 5.182878e+00 6.119481e+00 9.820521e-01 9.512615e-01 6.467428e+00 1.559501e+00 -6.245907e-02 -7.672453e-02 3.950579e-02 -3.913143e-02 -8.326393e-02 -1.733947e-01 -3.589584e-02 4.333046e-03 -9.105901e-02 -1.053118e-01 -7.417171e-02 -4.375155e-02 9.741978e-04
<VARIANCE> 25
 8.829422e+00 9.705826e+00 1.643378e+01 2.039804e+01 2.360432e+01 2.358270e+01 2.506584e+01 2.725911e+01 2.595631e+01 2.750069e+01 2.085806e+01 1.994990e+01 1.635547e-01 2.769319e-01 4.542062e-01 6.399322e-01 8.751320e-01 9.869323e-01 1.129018e+00 1.264785e+00 1.273423e+00 1.222713e+00 1.201037e+00 1.099695e+00 2.315786e-04
<GCONST> 6.989288e+01
<MIXTURE> 121 4.567511e-03
<MEAN> 25
 2.075824e-01 -2.524313e+00 5.152493e+00 -1.290182e+01 -1.264562e+01 -1.665558e+00 9.989934e-01 -5.106225e+00 -4.199097e+00 -4.899743e-01 -5.507226e+00 -4.312762e+00 2.402002e-02 1.323369e-01 -4.138715e-02 7.964908e-02 1.585850e-01 7.846596e-02 -7.935370e-02 -1.830931e-01 -2.686226e-01 -2.575993e-01 -1.145037e-01 9.796519e-04 -7.432439e-03
<VARIANCE> 25
 7.731970e+00 1.561462e+01 1.728584e+01 2.036674e+01 2.441763e+01 2.925012e+01 2.953446e+01 2.460727e+01 3.528469e+01 2.833586e+01 1.974882e+01 2.118027e+01 1.550240e-01 6.430261e-01 6.230704e-01 7.047585e-01 7.706469e-01 1.149764e+00 1.118018e+00 1.120859e+00 1.217527e+00 1.192503e+00 9.416857e-01 8.718764e-01 2.108356e-04
<GCONST> 7.139502e+01
<MIXTURE> 122 4.567511e-03
<MEAN> 25
 2.075824e-01 -2.524313e+00 5.152493e+00 -1.290182e+01 -1.264562e+01 -1.665558e+00 9.989934e-01 -5.106225e+00 -4.199097e+00 -4.899743e-01 -5.507226e+00 -4.312762e+00 2.402002e-02 1.323369e-01 -4.138715e-02 7.964908e-02 1.585850e-01 7.846596e-02 -7.935370e-02 -1.830931e-01 -2.686226e-01 -2.575993e-01 -1.145037e-01 9.796519e-04 -7.432439e-03
<VARIANCE> 25
 7.731970e+00 1.561462e+01 1.728584e+01 2.036674e+01 2.441763e+01 2.925012e+01 2.953446e+01 2.460727e+01 3.528469e+01 2.833586e+01 1.974882e+01 2.118027e+01 1.550240e-01 6.430261e-01 6.230704e-01 7.047585e-01 7.706469e-01 1.149764e+00 1.118018e+00 1.120859e+00 1.217527e+00 1.192503e+00 9.416857e-01 8.718764e-01 2.108356e-04
<GCONST> 7.139502e+01
<MIXTURE> 123 4.393044e-03
<MEAN> 25
 -3.715795e+00 2.137699e+00 -1.049102e+00 5.064230e+00 4.694665e+00 3.330942e+00 3.617624e+00 -3.819204e-01 1.020763e+00 3.973668e-01 -8.011351e-01 3.374375e-01 -4.408550e-01 -6.536098e-01 -7.654347e-01 -6.229610e-01 -1.737783e-01 1.563880e-01 3.208304e-01 5.616814e-01 6.909915e-01 7.368850e-01 6.060558e-01 3.030697e-01 -5.081388e-03
<VARIANCE> 25
 8.993823e+00 1.265374e+01 1.652086e+01 1.656845e+01 1.927769e+01 2.269777e+01 1.962043e+01 2.227854e+01 1.744094e+01 1.899137e+01 2.051147e+01 1.664793e+01 2.938370e-01 3.289211e-01 4.569250e-01 6.046892e-01 9.139957e-01 1.113922e+00 1.132685e+00 1.222697e+00 1.180779e+00 1.247157e+00 1.292902e+00 1.373762e+00 9.302210e-05
<GCONST> 6.849048e+01
<MIXTURE> 124 4.069876e-03
<MEAN> 25
 -6.161638e+00 -5.468241e-01 -3.189992e+00 4.866423e+00 4.835138e+00 3.512194e+00 5.523379e+00 2.076097e+00 3.294030e+00 1.392881e+00 8.630217e-01 2.579786e+00 -2.088089e-01 -2.940889e-01 -3.611339e-01 -2.151397e-01 9.803924e-02 5.006621e-01 7.935208e-01 8.939494e-01 6.362932e-01 2.614331e-01 8.084505e-02 -4.535622e-03 -7.871260e-05
<VARIANCE> 25
 1.127242e+01 9.919136e+00 1.079268e+01 1.179129e+01 1.137856e+01 1.859700e+01 1.464178e+01 1.900294e+01 1.448773e+01 1.568247e+01 1.840937e+01 1.502900e+01 1.044359e-01 1.602540e-01 2.671030e-01 4.033884e-01 5.681055e-01 7.231658e-01 7.404910e-01 7.931498e-01 8.701720e-01 1.024994e+00 1.115792e+00 1.011562e+00 2.200915e-05
<GCONST> 5.908460e+01
<MIXTURE> 125 4.069876e-03
<MEAN> 25
 -6.161638e+00 -5.468241e-01 -3.189992e+00 4.866423e+00 4.835138e+00 3.512194e+00 5.523379e+00 2.076097e+00 3.294030e+00 1.392881e+00 8.630217e-01 2.579786e+00 -2.088089e-01 -2.940889e-01 -3.611339e-01 -2.151397e-01 9.803924e-02 5.006621e-01 7.935208e-01 8.939494e-01 6.362932e-01 2.614331e-01 8.084505e-02 -4.535622e-03 -7.871260e-05
<VARIANCE> 25
 1.127242e+01 9.919136e+00 1.079268e+01 1.179129e+01 1.137856e+01 1.859700e+01 1.464178e+01 1.900294e+01 1.448773e+01 1.568247e+01 1.840937e+01 1.502900e+01 1.044359e-01 1.602540e-01 2.671030e-01 4.033884e-01 5.681055e-01 7.231658e-01 7.404910e-01 7.931498e-01 8.701720e-01 1.024994e+00 1.115792e+00 1.011562e+00 2.200915e-05
<GCONST> 5.908460e+01
<MIXTURE> 126 2.402244e-03
<MEAN> 25
 -3.754939e+00 -6.852051e+00 -5.250372e+00 2.283407e+00 4.277438e+00 -3.193016e+00 7.359440e-02 3.538156e+00 3.329274e+00 -2.636187e+00 -1.481084e+00 3.023429e+00 -2.759269e-03 -1.077345e-02 -4.186878e-02 -1.631428e-01 -3.119822e-01 -3.834464e-01 -2.807682e-01 -1.618691e-01 -9.835750e-02 -1.108880e-01 -9.868388e-02 -3.862195e-02 -1.606295e-03
<VARIANCE> 25
 7.482031e+00 1.332719e+01 1.401504e+01 1.513975e+01 2.455991e+01 2.378282e+01 2.260146e+01 2.875393e+01 3.102106e+01 2.651358e+01 2.185318e+01 1.919353e+01 1.699444e-01 3.532045e-01 4.864289e-01 5.707033e-01 7.566778e-01 9.939383e-01 1.120994e+00 1.256394e+00 1.358835e+00 1.304459e+00 1.206034e+00 1.157584e+00 2.127151e-04
<GCONST> 6.991835e+01
<MIXTURE> 127 2.402244e-03
<MEAN> 25
 -3.754939e+00 -6.852051e+00 -5.250372e+00 2.283407e+00 4.277438e+00 -3.193016e+00 7.359440e-02 3.538156e+00 3.329274e+00 -2.636187e+00 -1.481084e+00 3.023429e+00 -2.759269e-03 -1.077345e-02 -4.186878e-02 -1.631428e-01 -3.119822e-01 -3.834464e-01 -2.807682e-01 -1.618691e-01 -9.835750e-02 -1.108880e-01 -9.868388e-02 -3.862195e-02 -1.606295e-03
<VARIANCE> 25
 7.482031e+00 1.332719e+01 1.401504e+01 1.513975e+01 2.455991e+01 2.378282e+01 2.260146e+01 2.875393e+01 3.102106e+01 2.651358e+01 2.185318e+01 1.919353e+01 1.699444e-01 3.532045e-01 4.864289e-01 5.707033e-01 7.566778e-01 9.939383e-01 1.120994e+00 1.256394e+00 1.358835e+00 1.304459e+00 1.206034e+00 1.157584e+00 2.127151e-04
<GCONST> 6.991835e+01
<MIXTURE> 128 3.790457e-03
<MEAN> 25
 -3.925678e+00 1.546857e+00 -3.495156e-01 6.566642e+00 3.614772e+00 1.859359e+00 3.580639e+00 2.357392e+00 3.963358e+00 3.696676e+00 3.764175e+00 3.519805e+00 -3.953865e-01 -1.975558e-01 9.918227e-02 7.250146e-01 1.184735e+00 1.135045e+00 7.157993e-01 1.309776e-01 -4.398234e-01 -7.870370e-01 -6.997391e-01 -3.951426e-01 -3.517301e-05
<VARIANCE> 25
 1.025820e+01 1.169746e+01 1.503429e+01 1.933683e+01 2.004133e+01 2.116271e+01 2.428358e+01 2.476964e+01 2.637782e+01 2.392525e+01 2.679757e+01 1.821091e+01 8.916660e-01 1.145103e+00 1.364316e+00 1.503863e+00 1.578867e+00 1.860594e+00 2.250879e+00 2.323131e+00 2.147322e+00 1.857500e+00 1.749012e+00 1.751873e+00 1.004889e-06
<GCONST> 7.365789e+01
<TRANSP> 3
 0.000000e+00 1.000000e+00 0.000000e+00
 0.000000e+00 9.999990e-01 9.999998e-07
 0.000000e+00 0.000000e+00 0.000000e+00
<ENDHMM>
