~o
<STREAMINFO> 1 25
<VECSIZE> 25<NULLD><MFCC_E_D_N><DIAGC>
~h "jmodel"
<BEGINHMM>
<NUMSTATES> 3
<STATE> 2
<NUMMIXES> 128
<MIXTURE> 1 5.748963e-03
<MEAN> 25
 -2.593388e+00 3.221071e+00 2.226076e+00 8.638206e+00 4.311104e+00 3.398944e+00 3.991683e+00 3.899441e+00 5.933979e+00 5.087581e+00 5.650907e+00 3.095219e+00 -1.950448e+00 -1.636727e+00 -8.395988e-01 1.029221e+00 1.555022e+00 2.157635e+00 2.164923e+00 2.045492e+00 1.637628e+00 1.259980e+00 1.580296e+00 5.960658e-01 -4.476963e-02
<VARIANCE> 25
 9.850940e+00 1.149222e+01 1.478955e+01 1.864392e+01 2.297878e+01 2.177772e+01 2.174764e+01 2.183224e+01 2.097325e+01 2.297906e+01 2.216445e+01 1.692726e+01 1.894759e+00 2.094934e+00 3.070289e+00 3.223717e+00 3.688501e+00 3.522290e+00 3.469423e+00 3.333346e+00 3.519648e+00 3.634177e+00 3.501927e+00 2.899107e+00 3.206736e-03
<GCONST> 8.858638e+01
<MIXTURE> 2 4.549242e-03
<MEAN> 25
 -4.875579e+00 1.311852e+00 9.941952e-01 9.899734e+00 6.692145e+00 7.424439e+00 7.847018e+00 6.957869e+00 8.373069e+00 6.372853e+00 7.624164e+00 3.074513e+00 -6.200554e-02 4.160431e-02 1.425599e-01 2.258651e-01 2.652586e-01 2.813383e-01 2.954387e-01 3.195781e-01 3.497476e-01 3.088636e-01 1.971635e-01 8.006379e-02 1.251509e-06
<VARIANCE> 25
 6.952365e+00 8.902412e+00 1.065182e+01 1.591067e+01 1.723602e+01 1.556424e+01 1.689894e+01 1.848676e+01 1.658776e+01 1.738684e+01 1.811197e+01 1.434084e+01 1.252491e-01 2.266336e-01 3.364908e-01 4.671175e-01 6.492922e-01 8.148915e-01 9.298816e-01 1.003168e+00 1.051641e+00 1.077832e+00 1.075659e+00 1.013904e+00 9.999886e-07
<GCONST> 5.804359e+01
<MIXTURE> 3 4.549242e-03
<MEAN> 25
 -4.875579e+00 1.311852e+00 9.941952e-01 9.899734e+00 6.692145e+00 7.424439e+00 7.847018e+00 6.957869e+00 8.373069e+00 6.372853e+00 7.624164e+00 3.074513e+00 -6.200554e-02 4.160431e-02 1.425599e-01 2.258651e-01 2.652586e-01 2.813383e-01 2.954387e-01 3.195781e-01 3.497476e-01 3.088636e-01 1.971635e-01 8.006379e-02 1.251509e-06
<VARIANCE> 25
 6.952365e+00 8.902412e+00 1.065182e+01 1.591067e+01 1.723602e+01 1.556424e+01 1.689894e+01 1.848676e+01 1.658776e+01 1.738684e+01 1.811197e+01 1.434084e+01 1.252491e-01 2.266336e-01 3.364908e-01 4.671175e-01 6.492922e-01 8.148915e-01 9.298816e-01 1.003168e+00 1.051641e+00 1.077832e+00 1.075659e+00 1.013904e+00 9.999886e-07
<GCONST> 5.804359e+01
<MIXTURE> 4 1.671429e-02
<MEAN> 25
 2.473997e+00 2.312140e+00 -3.982985e+00 -1.682777e-01 4.107146e+00 -8.809672e-01 -1.037420e+00 -7.881207e-01 2.738963e+00 1.350806e+00 -1.654046e+00 -8.177332e-01 -2.465575e+00 9.752576e-01 1.646492e+00 2.628005e+00 8.526264e-01 -4.602179e-01 1.902321e+00 9.007523e-01 4.081527e-01 5.399674e-01 8.695270e-01 1.078226e+00 -7.913511e-02
<VARIANCE> 25
 2.075158e+01 2.831204e+01 2.614807e+01 3.787163e+01 4.991727e+01 6.855106e+01 5.722139e+01 4.308104e+01 5.327623e+01 4.722829e+01 4.427599e+01 3.476996e+01 2.265418e+00 3.971107e+00 3.393504e+00 4.470622e+00 4.335901e+00 7.310009e+00 6.255867e+00 4.468945e+00 6.373051e+00 5.113508e+00 5.326440e+00 4.314662e+00 6.280125e-03
<GCONST> 1.035898e+02
<MIXTURE> 5 3.206198e-03
<MEAN> 25
 -3.408927e+00 2.187824e+00 5.904335e-01 9.415899e+00 6.682158e+00 6.304071e+00 7.105740e+00 4.714821e+00 5.491215e+00 3.828560e+00 4.644469e+00 2.595534e+00 -3.239121e-01 7.522692e-01 1.222942e+00 1.031846e+00 3.039628e-01 -1.037119e-01 -8.053058e-02 3.547252e-02 4.553590e-01 6.826940e-01 4.007959e-01 8.956126e-02 -3.014684e-05
<VARIANCE> 25
 1.025771e+01 1.393208e+01 2.360770e+01 2.563927e+01 2.026867e+01 1.944830e+01 2.010270e+01 2.038029e+01 2.139590e+01 2.141035e+01 2.413926e+01 1.638667e+01 1.207414e+00 1.242549e+00 1.356067e+00 1.670107e+00 2.286970e+00 2.381854e+00 2.301710e+00 2.273735e+00 2.315862e+00 2.236828e+00 2.087237e+00 1.871758e+00 1.002772e-06
<GCONST> 7.518261e+01
<MIXTURE> 6 5.475854e-03
<MEAN> 25
 8.869183e+00 -7.154398e-01 -5.336735e+00 -1.023621e+01 -3.449472e+00 7.183826e+00 -7.188754e+00 -7.027102e+00 -4.045083e+00 7.380572e-01 5.830532e+00 3.701213e-01 3.985136e-01 8.845958e-01 -3.102869e-01 -1.433762e+00 -6.283244e-01 1.396736e+00 1.466269e+00 3.395732e-01 -1.033911e+00 -1.472538e+00 1.566428e-01 9.638161e-01 -1.132593e-02
<VARIANCE> 25
 7.703574e+00 1.727241e+01 2.359947e+01 3.203228e+01 3.490063e+01 2.365150e+01 3.738300e+01 4.649648e+01 3.945463e+01 3.409248e+01 3.364547e+01 3.595987e+01 3.363133e-01 7.017914e-01 8.462769e-01 2.316243e+00 1.666546e+00 1.846636e+00 2.008252e+00 2.025396e+00 2.082761e+00 1.876834e+00 2.250975e+00 1.291499e+00 5.999320e-04
<GCONST> 8.271282e+01
<MIXTURE> 7 5.475854e-03
<MEAN> 25
 8.869183e+00 -7.154398e-01 -5.336735e+00 -1.023621e+01 -3.449472e+00 7.183826e+00 -7.188754e+00 -7.027102e+00 -4.045083e+00 7.380572e-01 5.830532e+00 3.701213e-01 3.985136e-01 8.845958e-01 -3.102869e-01 -1.433762e+00 -6.283244e-01 1.396736e+00 1.466269e+00 3.395732e-01 -1.033911e+00 -1.472538e+00 1.566428e-01 9.638161e-01 -1.132593e-02
<VARIANCE> 25
 7.703574e+00 1.727241e+01 2.359947e+01 3.203228e+01 3.490063e+01 2.365150e+01 3.738300e+01 4.649648e+01 3.945463e+01 3.409248e+01 3.364547e+01 3.595987e+01 3.363133e-01 7.017914e-01 8.462769e-01 2.316243e+00 1.666546e+00 1.846636e+00 2.008252e+00 2.025396e+00 2.082761e+00 1.876834e+00 2.250975e+00 1.291499e+00 5.999320e-04
<GCONST> 8.271282e+01
<MIXTURE> 8 1.165917e-02
<MEAN> 25
 -4.703937e+00 1.282564e+00 1.044491e+00 9.175588e+00 6.341248e+00 6.248754e+00 6.747721e+00 5.736527e+00 6.421780e+00 5.299437e+00 6.018016e+00 2.884389e+00 -5.672221e-01 -1.512894e+00 -1.041913e+00 -1.560082e+00 -1.386757e-01 -1.132315e+00 -2.342390e-01 -1.461600e-01 -2.644026e-01 -2.682253e-01 -1.005130e-01 1.561532e-01 9.699006e-02
<VARIANCE> 25
 8.638745e+00 9.621732e+00 1.168657e+01 1.619608e+01 1.622046e+01 1.532088e+01 1.805380e+01 1.672038e+01 1.663153e+01 1.741584e+01 2.076225e+01 1.401875e+01 2.623997e+00 2.760346e+00 3.682674e+00 3.836576e+00 3.369664e+00 4.208377e+00 3.062299e+00 3.157375e+00 2.791448e+00 2.741954e+00 2.523292e+00 2.051663e+00 6.368873e-03
<GCONST> 8.635030e+01
<MIXTURE> 9 1.199672e-02
<MEAN> 25
 8.817651e+00 2.925165e+00 -5.984472e+00 -1.111197e+01 -3.198580e+00 5.212595e+00 -2.301468e+00 -1.363045e+00 -4.541961e+00 -1.114324e+00 1.211682e+00 -3.679810e-02 1.295929e+00 -1.653935e-01 5.682972e-01 -2.329255e+00 -1.759218e+00 1.270796e+00 -1.432049e+00 -5.986642e-01 -5.886474e-01 -7.895708e-01 5.232407e-01 -4.334024e-01 8.552686e-02
<VARIANCE> 25
 1.105389e+01 2.096606e+01 3.678244e+01 4.757113e+01 4.276651e+01 2.924902e+01 3.623790e+01 5.010738e+01 3.674840e+01 4.218534e+01 2.783126e+01 2.223973e+01 1.729619e+00 1.868505e+00 6.061566e+00 5.478218e+00 3.970042e+00 4.033043e+00 3.859022e+00 5.157846e+00 4.331934e+00 4.505385e+00 3.318692e+00 2.666264e+00 2.323223e-03
<GCONST> 9.679670e+01
<MIXTURE> 10 6.596976e-03
<MEAN> 25
 8.164126e-01 7.626794e+00 5.352109e+00 7.126741e+00 1.595207e+00 -2.115908e+00 -5.141494e-01 -1.685844e+00 8.742047e-01 8.656626e-01 8.217712e-01 6.523401e-01 -1.917933e+00 -6.685873e-01 -4.616022e-01 3.020282e+00 2.454466e+00 2.699264e+00 2.365941e+00 2.270963e+00 1.857730e+00 1.540208e+00 2.326125e+00 5.184990e-01 -1.378671e-01
<VARIANCE> 25
 1.951366e+01 2.063331e+01 2.241384e+01 2.910353e+01 3.830774e+01 3.494251e+01 3.511652e+01 3.378730e+01 2.761381e+01 2.900922e+01 2.704789e+01 2.502115e+01 2.242081e+00 3.420187e+00 5.523892e+00 5.172465e+00 5.556976e+00 4.501667e+00 4.702772e+00 4.843135e+00 4.384020e+00 5.020191e+00 4.452248e+00 3.197021e+00 2.705074e-03
<GCONST> 9.747604e+01
<MIXTURE> 11 1.633820e-02
<MEAN> 25
 6.232180e+00 3.877778e+00 8.935784e-01 6.489170e+00 -2.312099e+00 -8.760649e-02 -2.648442e+00 -4.689477e+00 -2.016368e+00 -2.333424e+00 -2.260806e+00 -4.005876e-01 -1.779083e-01 4.772230e-01 -6.916437e-02 1.230170e-01 5.375903e-01 -8.139741e-02 5.032728e-01 -3.490505e-01 -1.583882e-01 -1.604817e-01 -3.351766e-01 9.423532e-02 -1.724778e-02
<VARIANCE> 25
 8.847562e+00 2.017867e+01 1.319102e+01 3.604379e+01 2.691024e+01 2.688259e+01 2.882858e+01 2.767408e+01 4.118276e+01 2.590448e+01 2.763156e+01 2.491408e+01 6.644927e-01 1.081331e+00 1.547077e+00 2.627456e+00 1.602494e+00 2.945427e+00 1.721928e+00 1.742686e+00 1.530023e+00 1.515373e+00 1.588656e+00 1.136340e+00 5.783254e-04
<GCONST> 8.176746e+01
<MIXTURE> 12 5.904134e-03
<MEAN> 25
 1.016039e+01 3.351830e+00 -3.807830e+00 -1.516086e+01 -8.569084e+00 9.282892e+00 -2.117558e+00 -2.488034e+00 -2.643476e+00 -5.825530e+00 2.412321e+00 8.597078e-01 8.901173e-02 3.129725e-01 5.314167e-02 -3.996363e-01 -2.460732e-01 1.439390e-01 2.924882e-01 4.199561e-01 2.005687e-01 -5.881506e-01 -5.121984e-01 1.041213e-01 -5.633121e-03
<VARIANCE> 25
 8.321909e+00 1.860571e+01 2.351397e+01 3.236763e+01 3.465968e+01 2.542654e+01 3.746828e+01 5.185757e+01 3.735557e+01 3.296823e+01 3.212933e+01 2.696910e+01 3.091393e-01 6.322650e-01 5.941119e-01 1.053018e+00 1.157165e+00 9.600293e-01 1.177841e+00 1.458887e+00 1.290042e+00 1.240186e+00 1.316115e+00 8.914120e-01 7.298405e-04
<GCONST> 7.780997e+01
<MIXTURE> 13 5.904134e-03
<MEAN> 25
 1.016039e+01 3.351830e+00 -3.807830e+00 -1.516086e+01 -8.569084e+00 9.282892e+00 -2.117558e+00 -2.488034e+00 -2.643476e+00 -5.825530e+00 2.412321e+00 8.597078e-01 8.901173e-02 3.129725e-01 5.314167e-02 -3.996363e-01 -2.460732e-01 1.439390e-01 2.924882e-01 4.199561e-01 2.005687e-01 -5.881506e-01 -5.121984e-01 1.041213e-01 -5.633121e-03
<VARIANCE> 25
 8.321909e+00 1.860571e+01 2.351397e+01 3.236763e+01 3.465968e+01 2.542654e+01 3.746828e+01 5.185757e+01 3.735557e+01 3.296823e+01 3.212933e+01 2.696910e+01 3.091393e-01 6.322650e-01 5.941119e-01 1.053018e+00 1.157165e+00 9.600293e-01 1.177841e+00 1.458887e+00 1.290042e+00 1.240186e+00 1.316115e+00 8.914120e-01 7.298405e-04
<GCONST> 7.780997e+01
<MIXTURE> 14 6.488954e-03
<MEAN> 25
 -4.217781e+00 -3.101658e-01 -6.626198e-01 8.807847e+00 7.278378e+00 6.896483e+00 7.863914e+00 7.068257e+00 7.317750e+00 4.642460e+00 6.662306e+00 4.200321e+00 -2.519296e-01 1.954941e-01 3.143694e-01 2.477954e-01 -3.457453e-02 1.010441e-01 1.662746e-01 1.303818e-01 2.108391e-01 5.627937e-01 5.275725e-01 1.428990e-01 -8.389985e-03
<VARIANCE> 25
 8.566603e+00 1.386084e+01 1.894893e+01 1.669976e+01 1.948163e+01 2.234103e+01 2.152889e+01 2.172609e+01 1.989978e+01 2.538455e+01 2.026443e+01 1.556943e+01 8.917013e-01 1.542829e+00 1.825074e+00 1.866987e+00 2.241638e+00 2.336247e+00 2.351181e+00 2.104463e+00 2.277486e+00 2.331396e+00 2.115617e+00 1.812390e+00 1.017891e-03
<GCONST> 8.160702e+01
<MIXTURE> 15 2.475190e-03
<MEAN> 25
 -5.410739e+00 -6.300554e-01 -2.143149e-01 7.358303e+00 5.706477e+00 5.693907e+00 6.055443e+00 4.963480e+00 5.164598e+00 4.139027e+00 5.487134e+00 2.539689e+00 -1.214613e-01 -2.904108e-02 7.461002e-02 2.435153e-01 4.901965e-01 7.874026e-01 1.073289e+00 1.181516e+00 1.057894e+00 7.571995e-01 4.189829e-01 1.546335e-01 -9.517858e-05
<VARIANCE> 25
 7.017541e+00 5.657450e+00 9.072807e+00 1.284040e+01 1.409952e+01 1.428652e+01 1.494151e+01 1.496618e+01 1.412930e+01 1.427359e+01 1.517847e+01 1.250952e+01 1.248561e-01 2.060401e-01 3.197844e-01 5.052687e-01 6.992096e-01 7.931678e-01 7.644582e-01 7.919209e-01 9.096774e-01 1.024989e+00 1.070999e+00 1.039861e+00 2.831369e-05
<GCONST> 5.864569e+01
<MIXTURE> 16 2.475190e-03
<MEAN> 25
 -5.410739e+00 -6.300554e-01 -2.143149e-01 7.358303e+00 5.706477e+00 5.693907e+00 6.055443e+00 4.963480e+00 5.164598e+00 4.139027e+00 5.487134e+00 2.539689e+00 -1.214613e-01 -2.904108e-02 7.461002e-02 2.435153e-01 4.901965e-01 7.874026e-01 1.073289e+00 1.181516e+00 1.057894e+00 7.571995e-01 4.189829e-01 1.546335e-01 -9.517858e-05
<VARIANCE> 25
 7.017541e+00 5.657450e+00 9.072807e+00 1.284040e+01 1.409952e+01 1.428652e+01 1.494151e+01 1.496618e+01 1.412930e+01 1.427359e+01 1.517847e+01 1.250952e+01 1.248561e-01 2.060401e-01 3.197844e-01 5.052687e-01 6.992096e-01 7.931678e-01 7.644582e-01 7.919209e-01 9.096774e-01 1.024989e+00 1.070999e+00 1.039861e+00 2.831369e-05
<GCONST> 5.864569e+01
<MIXTURE> 17 9.518312e-03
<MEAN> 25
 3.870353e+00 -2.227042e+00 5.446822e+00 3.483849e+00 -6.157652e+00 -6.237637e+00 -4.120930e+00 -8.470522e-01 -2.453158e+00 -2.754635e+00 1.101770e-01 1.208843e+00 -8.689762e-01 -9.424593e-01 1.604529e+00 -2.259738e+00 -1.871933e+00 1.309171e-01 2.891428e-01 9.185930e-01 -1.411787e-01 -1.704362e-01 9.332405e-01 2.204512e-01 7.775214e-02
<VARIANCE> 25
 1.932129e+01 3.876361e+01 4.622309e+01 3.924792e+01 4.686547e+01 4.328358e+01 3.533472e+01 4.947627e+01 3.222615e+01 2.255816e+01 2.201065e+01 2.850134e+01 1.639529e+00 3.009467e+00 3.058828e+00 3.111797e+00 3.576323e+00 5.261573e+00 4.260490e+00 3.884931e+00 3.411517e+00 3.785364e+00 3.030643e+00 2.455844e+00 2.477225e-03
<GCONST> 9.633635e+01
<MIXTURE> 18 1.221018e-02
<MEAN> 25
 3.246174e+00 5.031540e+00 6.294060e+00 4.480972e+00 -5.035090e+00 -8.240984e+00 -1.197827e+00 -1.823017e+00 -3.976980e+00 -1.819048e+00 -8.864314e-01 9.652609e-01 -6.160440e-01 2.110981e+00 -6.869007e-01 1.703856e+00 2.771393e+00 1.502116e+00 6.157576e-01 -3.381454e-01 1.088113e+00 1.404278e-01 -4.775118e-01 -9.023264e-02 -1.139036e-01
<VARIANCE> 25
 1.498214e+01 2.321210e+01 3.215326e+01 2.381939e+01 4.558867e+01 3.021110e+01 3.394492e+01 3.363185e+01 3.608614e+01 2.971055e+01 3.068544e+01 2.786329e+01 2.294132e+00 2.699793e+00 5.054785e+00 3.792347e+00 3.748935e+00 4.687920e+00 3.983639e+00 4.121376e+00 4.969816e+00 5.179877e+00 3.904735e+00 3.365788e+00 3.672426e-03
<GCONST> 9.709487e+01
<MIXTURE> 19 9.912824e-03
<MEAN> 25
 -9.873569e+00 2.409600e+00 8.891473e-01 -1.164910e-01 5.041672e+00 1.052477e+00 3.465494e+00 1.302224e+00 2.189526e+00 1.306015e+00 5.037272e-01 1.105027e+00 1.733468e+00 1.723253e+00 1.948423e+00 6.493943e-01 -9.923891e-01 -8.903785e-01 -1.122066e+00 -1.429534e+00 -1.322205e+00 -1.136434e+00 -9.336475e-01 -4.331926e-01 -2.361002e-03
<VARIANCE> 25
 5.165900e+01 2.997865e+01 4.831655e+01 5.276815e+01 4.846711e+01 3.886375e+01 3.158349e+01 2.644818e+01 2.592504e+01 2.729776e+01 2.723838e+01 2.234398e+01 2.700674e+00 2.121958e+00 2.252262e+00 2.174542e+00 2.278228e+00 2.060622e+00 2.504959e+00 2.134097e+00 1.954476e+00 1.901930e+00 2.170452e+00 2.432963e+00 2.218892e-03
<GCONST> 9.180132e+01
<MIXTURE> 20 6.308331e-03
<MEAN> 25
 -1.419035e+01 7.387800e+00 8.059610e-01 6.145010e+00 4.846492e+00 1.603278e+00 5.255239e+00 8.761493e-01 9.148277e-01 7.803344e-01 2.555467e+00 -2.578382e-01 -3.278082e+00 -8.636327e-01 -1.560301e+00 3.430510e-01 1.535710e+00 2.052426e+00 1.968499e+00 2.043880e+00 2.133502e+00 2.034173e+00 1.689322e+00 9.423527e-01 4.740413e-02
<VARIANCE> 25
 1.959821e+01 2.348176e+01 3.109606e+01 3.704042e+01 3.070543e+01 2.795603e+01 3.017551e+01 3.142227e+01 2.782958e+01 2.819060e+01 2.508976e+01 2.117373e+01 2.092422e+00 2.173017e+00 1.911532e+00 2.550970e+00 2.693527e+00 2.322333e+00 2.322359e+00 2.342573e+00 2.247569e+00 2.652426e+00 2.240035e+00 1.858093e+00 1.877877e-03
<GCONST> 8.923743e+01
<MIXTURE> 21 7.928653e-03
<MEAN> 25
 2.919701e+00 -6.108975e+00 7.313312e+00 -2.114514e+00 -9.491456e+00 -9.507298e+00 -9.304909e-01 7.339383e+00 -3.327970e+00 -1.154720e-01 -2.988429e-01 6.530743e-01 -6.712747e-01 1.169209e+00 2.280158e+00 -2.042495e-01 -1.453079e+00 1.363324e-01 5.493064e-01 -1.446677e+00 -1.704521e+00 3.044640e-01 1.428911e+00 2.830430e-01 -9.284372e-03
<VARIANCE> 25
 9.023038e+00 2.129038e+01 3.028595e+01 2.560225e+01 2.497691e+01 2.592090e+01 4.032668e+01 5.614574e+01 3.566898e+01 4.356239e+01 2.793110e+01 1.716828e+01 2.959427e-01 7.947033e-01 1.525824e+00 1.142494e+00 1.669000e+00 1.750147e+00 2.802112e+00 2.325572e+00 1.981856e+00 2.007330e+00 1.710605e+00 1.850553e+00 3.585393e-04
<GCONST> 8.223190e+01
<MIXTURE> 22 8.827789e-03
<MEAN> 25
 -1.794429e+01 5.161680e+00 -4.549423e+00 7.258225e+00 4.644621e+00 4.842970e-01 1.044290e+01 1.506765e+00 4.196843e+00 3.050093e+00 4.808819e+00 1.848155e+00 -1.877690e-01 -1.826634e-01 -4.349577e-02 4.421112e-02 -1.761740e-01 -1.318530e-01 2.166359e-01 2.572802e-01 4.769255e-01 4.152080e-02 1.596132e-01 1.884985e-01 8.280377e-03
<VARIANCE> 25
 6.743516e+00 1.813255e+01 1.361104e+01 2.225810e+01 1.658541e+01 2.344061e+01 2.442867e+01 1.600424e+01 2.019093e+01 1.771878e+01 1.768572e+01 1.519653e+01 1.067398e+00 1.151049e+00 1.392284e+00 1.889426e+00 1.189602e+00 1.290762e+00 1.656708e+00 1.560578e+00 1.672702e+00 1.765010e+00 1.331895e+00 1.023592e+00 1.721248e-03
<GCONST> 7.745176e+01
<MIXTURE> 23 6.455497e-03
<MEAN> 25
 6.979312e+00 1.755756e+00 1.643722e+00 6.142045e+00 -3.895268e+00 -3.957409e-01 -3.271337e+00 -4.142941e+00 -2.167387e+00 -2.920513e+00 -3.375248e+00 -1.847549e-01 6.448203e-02 4.002509e-01 1.580311e-02 9.659537e-02 -9.288231e-02 1.584812e-01 1.805596e-01 -1.116788e-01 -3.095907e-02 -1.444770e-01 -1.960350e-01 1.562551e-01 -8.291351e-03
<VARIANCE> 25
 8.828228e+00 1.896315e+01 1.686333e+01 5.121998e+01 3.165055e+01 3.874794e+01 3.838485e+01 3.975548e+01 4.168769e+01 3.255421e+01 3.097390e+01 3.857756e+01 1.023059e-01 3.926722e-01 3.246905e-01 3.801959e-01 5.582621e-01 7.406207e-01 7.104193e-01 6.281862e-01 1.010140e+00 9.113909e-01 7.445511e-01 5.802109e-01 9.002685e-05
<GCONST> 6.933585e+01
<MIXTURE> 24 6.455497e-03
<MEAN> 25
 6.979312e+00 1.755756e+00 1.643722e+00 6.142045e+00 -3.895268e+00 -3.957409e-01 -3.271337e+00 -4.142941e+00 -2.167387e+00 -2.920513e+00 -3.375248e+00 -1.847549e-01 6.448203e-02 4.002509e-01 1.580311e-02 9.659537e-02 -9.288231e-02 1.584812e-01 1.805596e-01 -1.116788e-01 -3.095907e-02 -1.444770e-01 -1.960350e-01 1.562551e-01 -8.291351e-03
<VARIANCE> 25
 8.828228e+00 1.896315e+01 1.686333e+01 5.121998e+01 3.165055e+01 3.874794e+01 3.838485e+01 3.975548e+01 4.168769e+01 3.255421e+01 3.097390e+01 3.857756e+01 1.023059e-01 3.926722e-01 3.246905e-01 3.801959e-01 5.582621e-01 7.406207e-01 7.104193e-01 6.281862e-01 1.010140e+00 9.113909e-01 7.445511e-01 5.802109e-01 9.002685e-05
<GCONST> 6.933585e+01
<MIXTURE> 25 1.118642e-02
<MEAN> 25
 -1.026107e+00 3.392953e+00 1.829137e+01 -2.440225e+00 -9.746537e+00 -3.965482e+00 -2.639395e+00 -2.497487e+00 -9.380366e+00 -1.447577e-01 3.568573e+00 -1.287226e+00 -1.259270e-01 6.435997e-01 9.307369e-02 3.564525e-01 1.871307e-01 1.283432e-01 -4.900463e-02 -3.623202e-01 -2.529818e-01 -1.473818e-01 9.897944e-02 -4.739125e-02 -2.410719e-02
<VARIANCE> 25
 5.752916e+00 1.638515e+01 2.449259e+01 2.326179e+01 2.371601e+01 5.423826e+01 1.825733e+01 1.937737e+01 1.826756e+01 3.282586e+01 2.084889e+01 2.372808e+01 4.907463e-01 1.329649e+00 1.448091e+00 1.153900e+00 1.919913e+00 1.700911e+00 1.175596e+00 1.204245e+00 1.316428e+00 1.640318e+00 1.414987e+00 1.245503e+00 1.002364e-03
<GCONST> 7.851534e+01
<MIXTURE> 26 7.727677e-03
<MEAN> 25
 1.854683e+00 -4.399494e+00 -8.816131e+00 -1.225497e+00 7.674309e+00 5.271331e+00 1.787051e+00 -4.171654e-01 3.409318e+00 -6.444198e-01 -1.728833e+00 -1.400206e+00 -5.542599e-01 6.316962e-01 1.570376e-01 6.906049e-01 -4.298450e-03 6.280255e-02 2.952037e-01 2.267205e-01 2.820036e-01 9.372699e-02 3.684782e-01 4.384999e-01 -5.106260e-02
<VARIANCE> 25
 1.897916e+01 3.703669e+01 2.680620e+01 5.227354e+01 3.393717e+01 4.297533e+01 5.205344e+01 4.152597e+01 4.379160e+01 4.566736e+01 3.791296e+01 4.163735e+01 1.365209e+00 1.637905e+00 1.913699e+00 2.195115e+00 2.210738e+00 2.812608e+00 2.430534e+00 2.536055e+00 2.458744e+00 2.111017e+00 2.026272e+00 2.001679e+00 3.082197e-03
<GCONST> 9.282718e+01
<MIXTURE> 27 7.727677e-03
<MEAN> 25
 1.854683e+00 -4.399494e+00 -8.816131e+00 -1.225497e+00 7.674309e+00 5.271331e+00 1.787051e+00 -4.171654e-01 3.409318e+00 -6.444198e-01 -1.728833e+00 -1.400206e+00 -5.542599e-01 6.316962e-01 1.570376e-01 6.906049e-01 -4.298450e-03 6.280255e-02 2.952037e-01 2.267205e-01 2.820036e-01 9.372699e-02 3.684782e-01 4.384999e-01 -5.106260e-02
<VARIANCE> 25
 1.897916e+01 3.703669e+01 2.680620e+01 5.227354e+01 3.393717e+01 4.297533e+01 5.205344e+01 4.152597e+01 4.379160e+01 4.566736e+01 3.791296e+01 4.163735e+01 1.365209e+00 1.637905e+00 1.913699e+00 2.195115e+00 2.210738e+00 2.812608e+00 2.430534e+00 2.536055e+00 2.458744e+00 2.111017e+00 2.026272e+00 2.001679e+00 3.082197e-03
<GCONST> 9.282718e+01
<MIXTURE> 28 5.036674e-03
<MEAN> 25
 -5.411145e+00 6.700697e-02 -1.618669e+00 6.596058e+00 5.182893e+00 3.505447e+00 5.420726e+00 3.079838e+00 3.906460e+00 2.327211e+00 2.601315e+00 3.182363e+00 -1.140612e-01 2.193861e-01 5.248159e-01 7.815375e-01 8.154105e-01 7.028751e-01 5.237448e-01 3.841734e-01 4.447104e-01 4.831874e-01 3.722270e-01 1.880317e-01 -1.639767e-05
<VARIANCE> 25
 1.042755e+01 8.509487e+00 1.219977e+01 1.474702e+01 1.474984e+01 1.758210e+01 1.825456e+01 1.901859e+01 1.747264e+01 1.700769e+01 2.058733e+01 1.497727e+01 2.544711e-01 3.359164e-01 4.111192e-01 4.631346e-01 6.251224e-01 8.738909e-01 1.049392e+00 1.148129e+00 1.114692e+00 1.066576e+00 1.035398e+00 1.056298e+00 1.016256e-06
<GCONST> 6.038533e+01
<MIXTURE> 29 5.036674e-03
<MEAN> 25
 -5.411145e+00 6.700697e-02 -1.618669e+00 6.596058e+00 5.182893e+00 3.505447e+00 5.420726e+00 3.079838e+00 3.906460e+00 2.327211e+00 2.601315e+00 3.182363e+00 -1.140612e-01 2.193861e-01 5.248159e-01 7.815375e-01 8.154105e-01 7.028751e-01 5.237448e-01 3.841734e-01 4.447104e-01 4.831874e-01 3.722270e-01 1.880317e-01 -1.639767e-05
<VARIANCE> 25
 1.042755e+01 8.509487e+00 1.219977e+01 1.474702e+01 1.474984e+01 1.758210e+01 1.825456e+01 1.901859e+01 1.747264e+01 1.700769e+01 2.058733e+01 1.497727e+01 2.544711e-01 3.359164e-01 4.111192e-01 4.631346e-01 6.251224e-01 8.738909e-01 1.049392e+00 1.148129e+00 1.114692e+00 1.066576e+00 1.035398e+00 1.056298e+00 1.016256e-06
<GCONST> 6.038533e+01
<MIXTURE> 30 8.917812e-03
<MEAN> 25
 -4.415116e+00 2.118601e-01 2.917763e-01 8.769062e+00 7.371911e+00 7.369731e+00 8.059068e+00 7.038085e+00 6.747455e+00 4.612794e+00 6.226832e+00 3.494367e+00 -5.092132e-02 6.554450e-02 8.341424e-03 8.580744e-02 2.471121e-02 -2.000231e-02 -1.211314e-02 -5.763450e-02 -3.425424e-02 1.457515e-01 1.695523e-01 1.311428e-01 -1.033378e-03
<VARIANCE> 25
 6.476869e+00 1.080776e+01 1.094762e+01 1.374770e+01 1.621267e+01 1.539934e+01 2.018330e+01 1.755660e+01 1.581904e+01 1.775284e+01 2.609570e+01 1.338231e+01 9.845924e-02 1.988582e-01 3.268131e-01 4.470667e-01 6.108149e-01 7.151142e-01 7.211167e-01 7.846034e-01 8.355888e-01 9.677373e-01 9.863375e-01 8.997856e-01 4.998160e-05
<GCONST> 6.060318e+01
<MIXTURE> 31 4.136493e-03
<MEAN> 25
 -3.867982e+00 -5.274187e+00 6.666187e-01 5.586023e+00 2.817666e+00 1.235227e+00 7.200162e+00 7.020011e+00 1.460501e+00 -6.637970e-02 6.283027e+00 4.064845e+00 3.446495e-01 6.021084e-01 -3.335832e-01 3.626904e-01 2.542406e-01 7.190822e-01 1.317179e-01 -2.806591e-01 5.348213e-01 2.850638e-01 -6.401241e-02 8.896384e-03 -2.366835e-02
<VARIANCE> 25
 6.961698e+00 1.418148e+01 1.554881e+01 1.510279e+01 2.130805e+01 2.215616e+01 2.558432e+01 2.210375e+01 2.887402e+01 2.566580e+01 1.853874e+01 1.670274e+01 1.986122e-01 4.265930e-01 6.693900e-01 6.561790e-01 9.203144e-01 1.040114e+00 1.015359e+00 1.464717e+00 1.361197e+00 1.371722e+00 1.552103e+00 9.684552e-01 3.092941e-04
<GCONST> 7.084956e+01
<MIXTURE> 32 4.136493e-03
<MEAN> 25
 -3.867982e+00 -5.274187e+00 6.666187e-01 5.586023e+00 2.817666e+00 1.235227e+00 7.200162e+00 7.020011e+00 1.460501e+00 -6.637970e-02 6.283027e+00 4.064845e+00 3.446495e-01 6.021084e-01 -3.335832e-01 3.626904e-01 2.542406e-01 7.190822e-01 1.317179e-01 -2.806591e-01 5.348213e-01 2.850638e-01 -6.401241e-02 8.896384e-03 -2.366835e-02
<VARIANCE> 25
 6.961698e+00 1.418148e+01 1.554881e+01 1.510279e+01 2.130805e+01 2.215616e+01 2.558432e+01 2.210375e+01 2.887402e+01 2.566580e+01 1.853874e+01 1.670274e+01 1.986122e-01 4.265930e-01 6.693900e-01 6.561790e-01 9.203144e-01 1.040114e+00 1.015359e+00 1.464717e+00 1.361197e+00 1.371722e+00 1.552103e+00 9.684552e-01 3.092941e-04
<GCONST> 7.084956e+01
<MIXTURE> 33 1.508826e-02
<MEAN> 25
 4.780358e+00 -4.390599e+00 -2.074731e+00 -3.672244e+00 1.737833e-01 -4.885521e+00 -8.132483e+00 3.418631e+00 4.158600e+00 -2.901277e-01 -4.380545e+00 -3.236129e+00 8.632102e-01 -1.389718e+00 -1.945140e+00 -1.942370e+00 1.192393e+00 1.589738e+00 -1.392168e+00 9.968960e-01 8.739048e-01 3.849666e-01 1.188582e-01 -1.185163e+00 4.760767e-02
<VARIANCE> 25
 9.228106e+00 1.945254e+01 2.569612e+01 3.318684e+01 3.489017e+01 3.565882e+01 3.200996e+01 4.305244e+01 4.358600e+01 2.800245e+01 2.542435e+01 2.514445e+01 1.439840e+00 1.751260e+00 2.808163e+00 1.916716e+00 4.404318e+00 2.573153e+00 3.897040e+00 4.965770e+00 2.945309e+00 3.353616e+00 2.663191e+00 2.145993e+00 1.703247e-03
<GCONST> 9.146436e+01
<MIXTURE> 34 1.588179e-02
<MEAN> 25
 8.468395e+00 -1.664484e+00 -5.485214e-01 2.010786e+00 -3.254422e+00 -8.734542e-01 -6.595143e+00 -4.519757e+00 -7.881982e-01 6.696267e-01 -1.569942e+00 -3.145810e+00 2.097389e-02 1.031075e+00 8.636118e-01 2.460994e+00 1.513872e-01 -5.636420e-01 4.392778e-01 -1.379514e+00 -5.941725e-01 2.889739e-01 -4.555615e-01 4.267318e-01 -5.639686e-02
<VARIANCE> 25
 1.021807e+01 3.499982e+01 2.562752e+01 4.637761e+01 4.395226e+01 3.912431e+01 5.211588e+01 5.586228e+01 5.113231e+01 3.257170e+01 3.826427e+01 3.390065e+01 1.064497e+00 2.020090e+00 3.779705e+00 4.206695e+00 5.172838e+00 6.876768e+00 4.723755e+00 5.622316e+00 4.263029e+00 4.221751e+00 4.460015e+00 3.150567e+00 1.227422e-03
<GCONST> 9.813194e+01
<MIXTURE> 35 1.467755e-02
<MEAN> 25
 -2.200028e+00 -5.434191e+00 -8.130610e+00 5.798082e-01 8.516997e+00 -1.289551e+00 1.445184e+00 1.995328e+00 1.021097e+00 3.600528e+00 -1.455961e-01 1.882642e+00 2.880074e-01 -1.241234e+00 -2.606016e-01 -1.544425e+00 8.304324e-01 -4.664372e-01 -7.544190e-01 5.240661e-01 5.356290e-01 3.658088e-01 -5.883789e-01 -6.794245e-01 9.667885e-02
<VARIANCE> 25
 1.545481e+01 2.119966e+01 3.102378e+01 3.732040e+01 3.396886e+01 6.897532e+01 4.910257e+01 4.771401e+01 3.617161e+01 3.136819e+01 2.819629e+01 2.452181e+01 3.135997e+00 3.318757e+00 5.094253e+00 4.866981e+00 4.985828e+00 6.651168e+00 3.769099e+00 4.561529e+00 4.932817e+00 3.306870e+00 3.594087e+00 3.874115e+00 3.551861e-03
<GCONST> 9.956850e+01
<MIXTURE> 36 1.093293e-02
<MEAN> 25
 4.718988e+00 -3.117280e+00 6.773313e+00 3.127632e+00 -9.881204e+00 -8.603326e+00 -5.591418e+00 2.922213e+00 -2.399928e+00 -4.157354e+00 2.509697e+00 3.246104e-01 3.840136e-01 1.711050e-01 -9.314199e-01 1.286141e-01 8.620926e-01 1.085372e-01 -5.045798e-01 -6.895631e-02 4.692190e-01 3.773393e-01 -4.147798e-01 -2.883945e-01 -1.816498e-02
<VARIANCE> 25
 1.023339e+01 2.142432e+01 2.318042e+01 3.017535e+01 3.014899e+01 3.168934e+01 4.671214e+01 3.674488e+01 4.156651e+01 3.332976e+01 2.691634e+01 2.843783e+01 4.328929e-01 7.133943e-01 1.489790e+00 1.329903e+00 1.551212e+00 1.645814e+00 1.975286e+00 1.696779e+00 1.941260e+00 1.969813e+00 1.357055e+00 1.407169e+00 7.262963e-04
<GCONST> 8.248786e+01
<MIXTURE> 37 1.246826e-02
<MEAN> 25
 5.916606e-01 7.749506e+00 1.164142e+01 -5.227065e+00 -7.030188e+00 -2.662807e-02 -3.652526e+00 -6.215306e+00 -4.670063e+00 -1.402206e+00 -2.742326e+00 -2.895341e+00 3.838342e-01 7.809962e-01 -2.129704e+00 2.739423e+00 1.658147e+00 -5.689574e-02 8.921185e-01 6.182723e-03 9.342295e-01 -3.729641e-01 3.103431e-01 -5.992407e-02 -8.945043e-02
<VARIANCE> 25
 1.174453e+01 1.806518e+01 4.063045e+01 3.965215e+01 2.657860e+01 2.920934e+01 3.080356e+01 2.994882e+01 3.627766e+01 2.704684e+01 2.525355e+01 2.448284e+01 2.369064e+00 2.515275e+00 3.952116e+00 3.964991e+00 3.227295e+00 3.591554e+00 2.956529e+00 2.873167e+00 3.526649e+00 3.013876e+00 3.173534e+00 2.279183e+00 2.789999e-03
<GCONST> 9.307319e+01
<MIXTURE> 38 1.154525e-02
<MEAN> 25
 -4.411467e+00 8.256572e+00 4.206274e+00 2.667516e+00 1.093785e+00 -5.793799e+00 -5.592108e-01 -2.869071e+00 -2.551362e+00 -2.607042e+00 -1.525751e+00 -4.096591e-01 -4.436180e+00 1.037526e+00 -2.130777e-02 1.359016e+00 2.538309e+00 1.115003e+00 2.221974e+00 9.742172e-01 6.831172e-01 6.655508e-01 9.370269e-01 4.234340e-01 5.142262e-02
<VARIANCE> 25
 2.920765e+01 3.231101e+01 4.009766e+01 3.518464e+01 4.837938e+01 3.879366e+01 3.408766e+01 3.833692e+01 3.363827e+01 3.262199e+01 2.243519e+01 2.665525e+01 2.291719e+00 4.066153e+00 4.410630e+00 5.354277e+00 4.112029e+00 5.399060e+00 4.789385e+00 4.282729e+00 4.316854e+00 4.592558e+00 4.174327e+00 3.227865e+00 2.167968e-03
<GCONST> 9.912446e+01
<MIXTURE> 39 9.501865e-03
<MEAN> 25
 6.144345e-01 2.350378e+00 1.155642e+01 -7.747101e+00 -9.129281e+00 5.667219e-01 -2.956815e+00 -4.097254e+00 -6.388793e+00 3.733981e-01 -2.201170e+00 -2.729555e+00 -8.971639e-01 1.545410e+00 1.548775e+00 -1.825068e+00 2.675357e-01 1.452508e+00 -8.813880e-01 -1.151147e+00 1.343501e-01 5.459478e-01 -4.395344e-01 -5.353481e-01 7.944359e-03
<VARIANCE> 25
 7.087038e+00 3.004723e+01 2.851203e+01 3.522601e+01 4.190506e+01 5.534673e+01 3.107657e+01 3.382804e+01 3.178725e+01 2.923771e+01 2.944991e+01 2.086477e+01 6.289548e-01 1.687309e+00 1.581867e+00 3.027381e+00 2.313078e+00 2.726006e+00 3.093543e+00 2.748205e+00 2.113871e+00 1.914591e+00 1.806354e+00 2.481524e+00 1.537854e-03
<GCONST> 8.821039e+01
<MIXTURE> 40 1.030800e-02
<MEAN> 25
 -7.691228e+00 2.465833e+00 -2.075032e+00 7.359869e+00 3.678383e+00 5.203836e+00 5.989032e+00 3.511357e+00 4.435647e+00 3.021686e+00 4.881953e+00 1.801897e+00 -8.792106e-02 -1.902777e-01 -9.512030e-02 -3.066152e-01 -2.992821e-01 -2.053124e-01 1.021025e-01 8.492024e-02 -9.723950e-03 6.737131e-02 8.352207e-02 1.515697e-01 2.260581e-03
<VARIANCE> 25
 4.161919e+01 1.773971e+01 2.658130e+01 2.729601e+01 2.133193e+01 1.998287e+01 2.166639e+01 1.643291e+01 1.748003e+01 1.790809e+01 2.061942e+01 1.508192e+01 6.399763e-01 6.403815e-01 8.617646e-01 1.065394e+00 1.256177e+00 1.298344e+00 1.348226e+00 1.166107e+00 1.179430e+00 1.147977e+00 1.122554e+00 1.022901e+00 8.040988e-04
<GCONST> 7.583408e+01
<MIXTURE> 41 6.713375e-03
<MEAN> 25
 7.542226e-01 2.548112e+00 1.091009e+01 -7.097419e+00 -8.905717e+00 -2.375971e+00 -2.523279e+00 -3.949215e+00 -5.783143e+00 2.479332e+00 -1.308899e+00 -1.705853e+00 -1.213493e-01 -6.619852e-01 1.957984e+00 -3.135622e+00 -2.367623e+00 -1.779451e-02 -5.434334e-01 -1.694701e-01 -5.617765e-01 7.672108e-01 -9.037750e-01 -1.294158e-01 8.429617e-02
<VARIANCE> 25
 1.195827e+01 3.161429e+01 3.168858e+01 3.783339e+01 4.543362e+01 4.695653e+01 3.199335e+01 3.197333e+01 3.430154e+01 2.679144e+01 2.821281e+01 2.879302e+01 2.936337e+00 3.050249e+00 3.578240e+00 4.915431e+00 4.720912e+00 5.268511e+00 4.123266e+00 4.107491e+00 3.869718e+00 4.414093e+00 3.334109e+00 2.978859e+00 2.586036e-03
<GCONST> 9.736915e+01
<MIXTURE> 42 1.106211e-02
<MEAN> 25
 -2.585269e+00 3.245672e+00 4.714871e+00 2.716800e+00 -5.181775e-01 -7.864113e+00 9.266809e-01 -8.989977e-01 -1.704320e+00 -5.585439e-01 -2.937665e+00 1.340770e+00 3.980837e+00 -2.400008e-01 1.619712e+00 3.385214e-01 -2.960624e+00 -6.988150e-01 -2.447885e+00 -3.559747e-01 -9.796256e-01 -4.789805e-01 5.180671e-02 -8.648415e-01 1.295054e-02
<VARIANCE> 25
 3.321241e+01 2.167791e+01 5.044958e+01 2.215781e+01 4.065193e+01 3.814431e+01 4.966336e+01 2.864714e+01 2.743785e+01 2.312440e+01 2.101211e+01 1.572667e+01 3.295651e+00 3.938059e+00 5.743828e+00 3.878349e+00 4.214404e+00 5.431704e+00 4.388224e+00 4.992232e+00 5.349731e+00 4.421373e+00 4.079974e+00 3.019605e+00 4.427509e-03
<GCONST> 9.854449e+01
<MIXTURE> 43 7.108249e-03
<MEAN> 25
 3.162422e+00 -6.317925e+00 -2.248469e+00 -5.150786e+00 -7.292128e+00 -3.363011e+00 4.029276e+00 1.393716e+00 -4.920530e+00 -6.945239e+00 -4.336097e+00 -1.291212e+00 2.401393e-01 2.150416e+00 1.888285e+00 -1.199760e-01 -1.405424e+00 -7.782803e-01 -9.744859e-01 -8.027986e-01 8.158355e-01 1.465788e+00 3.486827e-01 5.939876e-03 -4.511677e-02
<VARIANCE> 25
 9.517602e+00 1.977591e+01 2.711540e+01 3.500799e+01 3.872516e+01 3.642723e+01 3.394718e+01 4.021154e+01 4.065071e+01 3.976915e+01 2.639309e+01 2.938620e+01 6.873695e-01 1.257911e+00 1.594050e+00 2.486846e+00 2.425147e+00 2.384897e+00 2.656913e+00 3.034349e+00 2.578775e+00 2.580405e+00 2.314847e+00 1.934600e+00 9.409080e-04
<GCONST> 8.805262e+01
<MIXTURE> 44 7.328289e-03
<MEAN> 25
 -1.388347e+01 1.325365e+00 3.202611e+00 -3.449612e+00 3.855080e+00 1.535983e+00 4.887185e-01 1.971761e+00 1.828903e+00 7.158580e-02 1.613923e+00 1.742705e+00 -2.587391e-01 4.351629e-02 2.095366e-01 3.428102e-01 -1.022526e-01 1.831001e-01 5.108320e-01 8.955462e-02 1.771626e-01 2.010693e-01 -1.874256e-02 1.633904e-01 7.079200e-03
<VARIANCE> 25
 5.025280e+01 2.679476e+01 3.238395e+01 2.938064e+01 2.878646e+01 3.699226e+01 2.791918e+01 3.010250e+01 3.190226e+01 3.341597e+01 2.498554e+01 2.138212e+01 1.159862e+00 1.495705e+00 1.316244e+00 1.422029e+00 2.188159e+00 1.740825e+00 1.673297e+00 1.660738e+00 1.378790e+00 1.875798e+00 1.447370e+00 1.308129e+00 1.460953e-03
<GCONST> 8.556446e+01
<MIXTURE> 45 1.364932e-02
<MEAN> 25
 -1.226830e+01 1.042176e+00 -1.034854e+00 4.638314e-01 6.289884e+00 -1.769061e+00 7.688743e+00 2.294113e+00 1.681376e+00 2.125765e+00 5.714759e-01 3.221552e+00 -2.588899e+00 4.318839e-01 -1.466919e-01 -2.613209e-01 3.867806e-01 -6.186838e-01 8.021310e-01 4.215486e-01 -8.282030e-02 8.379789e-02 1.618989e-01 1.620042e-02 9.846458e-02
<VARIANCE> 25
 2.522238e+01 2.419792e+01 2.510603e+01 3.524352e+01 2.730244e+01 2.347701e+01 2.861856e+01 1.914461e+01 1.747138e+01 2.850444e+01 2.491842e+01 1.400536e+01 1.912872e+00 2.141521e+00 2.540105e+00 2.918354e+00 2.011322e+00 2.478791e+00 2.032521e+00 1.867811e+00 1.527190e+00 2.742783e+00 1.883442e+00 1.171793e+00 2.812081e-03
<GCONST> 8.668521e+01
<MIXTURE> 46 9.336259e-03
<MEAN> 25
 -9.191751e+00 2.278908e+00 1.061542e+00 7.183266e+00 5.973375e+00 2.600503e+00 7.090857e+00 4.492043e+00 5.587538e+00 4.268645e+00 4.626039e+00 2.832600e+00 9.411964e-01 -1.874377e-01 -1.295890e-02 1.043096e+00 4.733633e-01 7.316010e-01 5.119440e-01 6.658221e-01 3.503273e-01 4.434363e-01 5.822330e-01 5.139306e-01 -9.815008e-02
<VARIANCE> 25
 3.510369e+01 4.341338e+01 3.582478e+01 4.758942e+01 4.707529e+01 4.453373e+01 3.833621e+01 3.552871e+01 3.146082e+01 3.238954e+01 2.982662e+01 2.194845e+01 3.704769e+00 3.846503e+00 3.719609e+00 4.054724e+00 4.002760e+00 4.070894e+00 3.377964e+00 2.912809e+00 3.159695e+00 2.750621e+00 2.447733e+00 1.869304e+00 7.900498e-03
<GCONST> 9.828239e+01
<MIXTURE> 47 7.116147e-03
<MEAN> 25
 5.837119e+00 -7.376506e+00 -6.318406e+00 -6.841769e+00 2.443951e+00 7.063474e-01 -3.592296e+00 2.211541e+00 4.314716e+00 8.438458e-01 -3.819621e+00 -6.417280e+00 -1.348230e-01 -1.192621e+00 -4.459661e-01 -4.257477e-01 2.864172e-01 7.959139e-01 7.142810e-01 3.876379e-01 8.488672e-03 -5.600172e-01 -2.105466e-01 -4.858834e-01 3.380257e-02
<VARIANCE> 25
 1.170355e+01 2.036240e+01 2.094127e+01 2.624757e+01 3.437837e+01 4.326068e+01 3.931711e+01 4.183580e+01 4.054023e+01 3.509387e+01 3.880375e+01 2.853554e+01 4.361992e-01 6.688849e-01 1.105246e+00 1.483310e+00 2.174406e+00 2.397954e+00 2.014580e+00 2.154104e+00 1.780737e+00 2.040403e+00 1.817734e+00 1.716717e+00 6.512132e-04
<GCONST> 8.418307e+01
<MIXTURE> 48 7.116147e-03
<MEAN> 25
 5.837119e+00 -7.376506e+00 -6.318406e+00 -6.841769e+00 2.443951e+00 7.063474e-01 -3.592296e+00 2.211541e+00 4.314716e+00 8.438458e-01 -3.819621e+00 -6.417280e+00 -1.348230e-01 -1.192621e+00 -4.459661e-01 -4.257477e-01 2.864172e-01 7.959139e-01 7.142810e-01 3.876379e-01 8.488672e-03 -5.600172e-01 -2.105466e-01 -4.858834e-01 3.380257e-02
<VARIANCE> 25
 1.170355e+01 2.036240e+01 2.094127e+01 2.624757e+01 3.437837e+01 4.326068e+01 3.931711e+01 4.183580e+01 4.054023e+01 3.509387e+01 3.880375e+01 2.853554e+01 4.361992e-01 6.688849e-01 1.105246e+00 1.483310e+00 2.174406e+00 2.397954e+00 2.014580e+00 2.154104e+00 1.780737e+00 2.040403e+00 1.817734e+00 1.716717e+00 6.512132e-04
<GCONST> 8.418307e+01
<MIXTURE> 49 5.548473e-03
<MEAN> 25
 -5.070033e+00 4.026857e-01 1.330417e-01 8.409112e+00 6.101498e+00 5.575381e+00 6.081119e+00 4.456487e+00 4.994846e+00 3.675531e+00 4.873014e+00 2.854456e+00 3.641596e-01 6.534424e-01 6.987314e-01 3.502456e-01 -2.019862e-01 -6.669908e-01 -9.979941e-01 -1.113459e+00 -9.528437e-01 -6.806856e-01 -4.877453e-01 -2.637849e-01 -1.970178e-05
<VARIANCE> 25
 9.546671e+00 1.015167e+01 1.430405e+01 1.600676e+01 1.600602e+01 1.721031e+01 1.943789e+01 1.950968e+01 1.832753e+01 1.803190e+01 2.081273e+01 1.425932e+01 2.793068e-01 2.623053e-01 3.623920e-01 6.126496e-01 8.711023e-01 9.669812e-01 1.000857e+00 1.058745e+00 1.131893e+00 1.217522e+00 1.284394e+00 1.212492e+00 1.476701e-05
<GCONST> 6.441269e+01
<MIXTURE> 50 6.234641e-03
<MEAN> 25
 -4.507213e+00 3.681604e-01 -1.716997e+00 6.080517e+00 3.990160e+00 2.253708e+00 3.774572e+00 1.801295e+00 2.686166e+00 1.258701e+00 2.072511e+00 2.739885e+00 4.495178e-02 1.770569e-01 1.224764e-01 -1.278626e-01 -5.217284e-01 -6.401822e-01 -4.268197e-01 -7.808083e-02 3.665600e-01 6.919013e-01 7.347329e-01 4.501693e-01 -1.699210e-05
<VARIANCE> 25
 1.035908e+01 1.169486e+01 1.467038e+01 1.501247e+01 1.550398e+01 1.777326e+01 1.790846e+01 1.978638e+01 1.794011e+01 1.729955e+01 2.064393e+01 1.533443e+01 1.460219e-01 2.488681e-01 3.888344e-01 5.559672e-01 5.937636e-01 7.259288e-01 9.649297e-01 1.208653e+00 1.165200e+00 9.802735e-01 9.701867e-01 9.502913e-01 9.738701e-07
<GCONST> 5.979844e+01
<MIXTURE> 51 6.234641e-03
<MEAN> 25
 -4.507213e+00 3.681604e-01 -1.716997e+00 6.080517e+00 3.990160e+00 2.253708e+00 3.774572e+00 1.801295e+00 2.686166e+00 1.258701e+00 2.072511e+00 2.739885e+00 4.495178e-02 1.770569e-01 1.224764e-01 -1.278626e-01 -5.217284e-01 -6.401822e-01 -4.268197e-01 -7.808083e-02 3.665600e-01 6.919013e-01 7.347329e-01 4.501693e-01 -1.699210e-05
<VARIANCE> 25
 1.035908e+01 1.169486e+01 1.467038e+01 1.501247e+01 1.550398e+01 1.777326e+01 1.790846e+01 1.978638e+01 1.794011e+01 1.729955e+01 2.064393e+01 1.533443e+01 1.460219e-01 2.488681e-01 3.888344e-01 5.559672e-01 5.937636e-01 7.259288e-01 9.649297e-01 1.208653e+00 1.165200e+00 9.802735e-01 9.701867e-01 9.502913e-01 9.738701e-07
<GCONST> 5.979844e+01
<MIXTURE> 52 6.367945e-03
<MEAN> 25
 9.526823e+00 1.750597e+00 -5.795200e+00 -1.216831e+01 -5.338769e+00 9.168780e+00 -4.284451e+00 -6.131004e+00 -4.425624e+00 -3.150477e+00 4.494155e+00 2.724966e+00 -3.237986e-01 -3.640007e-01 -4.146469e-01 1.497049e+00 9.688661e-01 -8.652088e-01 -3.482164e-01 -9.148393e-01 1.287028e-01 1.241116e+00 4.070246e-01 -2.063141e-01 -2.013576e-02
<VARIANCE> 25
 9.775691e+00 1.650994e+01 2.162632e+01 3.715939e+01 3.836660e+01 2.314709e+01 3.973145e+01 5.931808e+01 3.251805e+01 3.908525e+01 3.284291e+01 2.821539e+01 5.091206e-01 2.023736e+00 1.212879e+00 3.408838e+00 2.652429e+00 2.352313e+00 3.097817e+00 3.601742e+00 2.248579e+00 2.448018e+00 2.201102e+00 1.940894e+00 1.806488e-03
<GCONST> 8.878673e+01
<MIXTURE> 53 6.367945e-03
<MEAN> 25
 9.526823e+00 1.750597e+00 -5.795200e+00 -1.216831e+01 -5.338769e+00 9.168780e+00 -4.284451e+00 -6.131004e+00 -4.425624e+00 -3.150477e+00 4.494155e+00 2.724966e+00 -3.237986e-01 -3.640007e-01 -4.146469e-01 1.497049e+00 9.688661e-01 -8.652088e-01 -3.482164e-01 -9.148393e-01 1.287028e-01 1.241116e+00 4.070246e-01 -2.063141e-01 -2.013576e-02
<VARIANCE> 25
 9.775691e+00 1.650994e+01 2.162632e+01 3.715939e+01 3.836660e+01 2.314709e+01 3.973145e+01 5.931808e+01 3.251805e+01 3.908525e+01 3.284291e+01 2.821539e+01 5.091206e-01 2.023736e+00 1.212879e+00 3.408838e+00 2.652429e+00 2.352313e+00 3.097817e+00 3.601742e+00 2.248579e+00 2.448018e+00 2.201102e+00 1.940894e+00 1.806488e-03
<GCONST> 8.878673e+01
<MIXTURE> 54 7.368620e-03
<MEAN> 25
 -3.632454e+00 5.376042e-02 -6.861313e-01 8.036345e+00 6.480026e+00 4.623237e+00 4.677783e+00 4.595784e+00 4.049678e+00 3.588646e+00 4.455306e+00 2.324903e+00 -2.106341e-03 2.640422e-02 3.449418e-02 4.749323e-02 5.131124e-02 4.713748e-02 3.963560e-02 2.913987e-02 3.071158e-02 2.395548e-02 1.433227e-02 1.470090e-03 -1.206947e-05
<VARIANCE> 25
 9.132750e+00 1.038343e+01 9.301538e+00 1.817479e+01 1.333270e+01 1.353332e+01 1.198225e+01 1.131413e+01 1.135943e+01 1.358421e+01 1.780793e+01 1.253654e+01 4.089820e-02 8.734931e-02 1.543984e-01 2.265612e-01 3.079163e-01 3.969592e-01 4.614891e-01 5.217061e-01 5.421659e-01 5.227194e-01 5.145861e-01 5.164714e-01 1.000438e-06
<GCONST> 4.726696e+01
<MIXTURE> 55 7.368620e-03
<MEAN> 25
 -3.632454e+00 5.376042e-02 -6.861313e-01 8.036345e+00 6.480026e+00 4.623237e+00 4.677783e+00 4.595784e+00 4.049678e+00 3.588646e+00 4.455306e+00 2.324903e+00 -2.106341e-03 2.640422e-02 3.449418e-02 4.749323e-02 5.131124e-02 4.713748e-02 3.963560e-02 2.913987e-02 3.071158e-02 2.395548e-02 1.433227e-02 1.470090e-03 -1.206947e-05
<VARIANCE> 25
 9.132750e+00 1.038343e+01 9.301538e+00 1.817479e+01 1.333270e+01 1.353332e+01 1.198225e+01 1.131413e+01 1.135943e+01 1.358421e+01 1.780793e+01 1.253654e+01 4.089820e-02 8.734931e-02 1.543984e-01 2.265612e-01 3.079163e-01 3.969592e-01 4.614891e-01 5.217061e-01 5.421659e-01 5.227194e-01 5.145861e-01 5.164714e-01 1.000438e-06
<GCONST> 4.726696e+01
<MIXTURE> 56 6.132464e-03
<MEAN> 25
 6.330050e+00 -5.586146e+00 -7.340192e+00 -7.786871e+00 4.694864e+00 4.744560e+00 -2.528053e+00 -1.119151e+00 3.268585e+00 6.686766e-01 -1.796435e+00 -6.967919e+00 -5.013718e-02 5.409253e-03 -5.980186e-02 7.573873e-02 2.087013e-01 2.811961e-02 1.002201e-01 -4.645335e-02 -2.711598e-01 8.466668e-02 6.779297e-03 5.428632e-02 -6.526643e-03
<VARIANCE> 25
 1.223715e+01 3.064508e+01 2.370298e+01 3.947794e+01 3.123201e+01 4.603287e+01 5.385606e+01 3.495020e+01 4.480515e+01 3.316230e+01 3.516401e+01 2.606068e+01 2.232874e-01 4.049950e-01 4.176008e-01 7.296682e-01 8.968651e-01 1.145323e+00 9.028627e-01 8.705013e-01 1.095277e+00 8.912952e-01 1.027674e+00 7.205265e-01 2.638265e-04
<GCONST> 7.528007e+01
<MIXTURE> 57 6.132464e-03
<MEAN> 25
 6.330050e+00 -5.586146e+00 -7.340192e+00 -7.786871e+00 4.694864e+00 4.744560e+00 -2.528053e+00 -1.119151e+00 3.268585e+00 6.686766e-01 -1.796435e+00 -6.967919e+00 -5.013718e-02 5.409253e-03 -5.980186e-02 7.573873e-02 2.087013e-01 2.811961e-02 1.002201e-01 -4.645335e-02 -2.711598e-01 8.466668e-02 6.779297e-03 5.428632e-02 -6.526643e-03
<VARIANCE> 25
 1.223715e+01 3.064508e+01 2.370298e+01 3.947794e+01 3.123201e+01 4.603287e+01 5.385606e+01 3.495020e+01 4.480515e+01 3.316230e+01 3.516401e+01 2.606068e+01 2.232874e-01 4.049950e-01 4.176008e-01 7.296682e-01 8.968651e-01 1.145323e+00 9.028627e-01 8.705013e-01 1.095277e+00 8.912952e-01 1.027674e+00 7.205265e-01 2.638265e-04
<GCONST> 7.528007e+01
<MIXTURE> 58 6.172147e-03
<MEAN> 25
 1.633990e+00 -4.042033e+00 9.161952e+00 -4.525046e+00 -1.222192e+01 -6.548375e+00 2.692618e+00 2.960694e+00 -4.386772e+00 3.510687e+00 1.781770e-01 -3.041171e-01 -1.806215e-02 -1.199420e-02 1.350904e-01 -8.323430e-02 -1.179715e-01 4.231947e-01 1.761292e-01 -1.256902e-01 -1.388091e-01 -7.273509e-02 5.476738e-02 -6.707835e-02 -2.088668e-03
<VARIANCE> 25
 7.037965e+00 1.410438e+01 2.910919e+01 2.677074e+01 2.001500e+01 3.722717e+01 2.654976e+01 3.621404e+01 3.046649e+01 2.857699e+01 2.026462e+01 1.756747e+01 2.348116e-01 9.453734e-01 7.680407e-01 8.920835e-01 7.920378e-01 1.124669e+00 9.910581e-01 1.458438e+00 1.071894e+00 9.204531e-01 9.530504e-01 9.944263e-01 6.675896e-04
<GCONST> 7.431972e+01
<MIXTURE> 59 6.172147e-03
<MEAN> 25
 1.633990e+00 -4.042033e+00 9.161952e+00 -4.525046e+00 -1.222192e+01 -6.548375e+00 2.692618e+00 2.960694e+00 -4.386772e+00 3.510687e+00 1.781770e-01 -3.041171e-01 -1.806215e-02 -1.199420e-02 1.350904e-01 -8.323430e-02 -1.179715e-01 4.231947e-01 1.761292e-01 -1.256902e-01 -1.388091e-01 -7.273509e-02 5.476738e-02 -6.707835e-02 -2.088668e-03
<VARIANCE> 25
 7.037965e+00 1.410438e+01 2.910919e+01 2.677074e+01 2.001500e+01 3.722717e+01 2.654976e+01 3.621404e+01 3.046649e+01 2.857699e+01 2.026462e+01 1.756747e+01 2.348116e-01 9.453734e-01 7.680407e-01 8.920835e-01 7.920378e-01 1.124669e+00 9.910581e-01 1.458438e+00 1.071894e+00 9.204531e-01 9.530504e-01 9.944263e-01 6.675896e-04
<GCONST> 7.431972e+01
<MIXTURE> 60 4.479129e-03
<MEAN> 25
 -3.809986e+00 -7.816829e-02 -1.730279e+00 3.915283e+00 1.713455e+00 2.134250e+00 2.067202e+00 6.838444e-01 2.146276e+00 9.607950e-01 2.221331e+00 1.516330e+00 -2.092051e-02 5.465199e-02 1.017560e-01 9.349819e-02 1.203825e-01 1.563769e-01 1.935528e-01 3.690259e-01 6.001785e-01 6.607439e-01 4.833303e-01 3.380587e-01 -6.102003e-04
<VARIANCE> 25
 7.305193e+00 5.872789e+00 1.135933e+01 1.069029e+01 1.232427e+01 1.516252e+01 1.435951e+01 1.696528e+01 1.198075e+01 1.321174e+01 1.485257e+01 1.302162e+01 8.898216e-02 1.605938e-01 2.603557e-01 4.861856e-01 5.410088e-01 7.061802e-01 7.581998e-01 8.656995e-01 1.069527e+00 9.126293e-01 8.033258e-01 7.963632e-01 2.866896e-05
<GCONST> 5.693149e+01
<MIXTURE> 61 4.479129e-03
<MEAN> 25
 -3.809986e+00 -7.816829e-02 -1.730279e+00 3.915283e+00 1.713455e+00 2.134250e+00 2.067202e+00 6.838444e-01 2.146276e+00 9.607950e-01 2.221331e+00 1.516330e+00 -2.092051e-02 5.465199e-02 1.017560e-01 9.349819e-02 1.203825e-01 1.563769e-01 1.935528e-01 3.690259e-01 6.001785e-01 6.607439e-01 4.833303e-01 3.380587e-01 -6.102003e-04
<VARIANCE> 25
 7.305193e+00 5.872789e+00 1.135933e+01 1.069029e+01 1.232427e+01 1.516252e+01 1.435951e+01 1.696528e+01 1.198075e+01 1.321174e+01 1.485257e+01 1.302162e+01 8.898216e-02 1.605938e-01 2.603557e-01 4.861856e-01 5.410088e-01 7.061802e-01 7.581998e-01 8.656995e-01 1.069527e+00 9.126293e-01 8.033258e-01 7.963632e-01 2.866896e-05
<GCONST> 5.693149e+01
<MIXTURE> 62 3.278034e-03
<MEAN> 25
 -5.066290e+00 1.257902e+00 9.817457e-01 8.784746e+00 6.107726e+00 5.029956e+00 5.465960e+00 3.993582e+00 5.013326e+00 3.870359e+00 4.913967e+00 2.934556e+00 -9.977334e-01 -1.160103e+00 -9.528460e-01 -2.753507e-01 4.324578e-01 1.015052e+00 1.384382e+00 1.535650e+00 1.480826e+00 1.249997e+00 1.067649e+00 7.241403e-01 -1.278465e-03
<VARIANCE> 25
 9.884000e+00 9.934834e+00 1.331533e+01 1.694683e+01 1.739127e+01 1.755483e+01 1.979002e+01 1.919278e+01 1.886950e+01 1.892175e+01 2.182271e+01 1.477190e+01 4.036355e-01 4.349268e-01 5.525365e-01 7.753386e-01 1.031328e+00 1.203348e+00 1.249634e+00 1.311533e+00 1.324252e+00 1.380715e+00 1.392293e+00 1.362383e+00 1.633180e-05
<GCONST> 6.761116e+01
<MIXTURE> 63 4.351215e-03
<MEAN> 25
 -2.789856e+00 5.600611e-01 -4.945507e+00 3.498015e+00 1.913113e+00 2.613343e-01 3.163688e+00 8.653147e-01 2.677758e+00 -1.800376e+00 -9.849991e-01 1.466880e+00 -7.914598e-02 2.544246e-01 2.854422e-01 3.978044e-01 3.334732e-01 4.556623e-01 4.966192e-01 1.309414e-01 2.108389e-01 2.218834e-01 7.052387e-02 1.125631e-01 -6.734894e-03
<VARIANCE> 25
 6.864497e+00 1.511167e+01 1.214755e+01 1.238688e+01 1.667413e+01 2.344640e+01 2.363880e+01 2.057108e+01 2.485620e+01 2.028003e+01 1.624927e+01 1.325905e+01 2.572979e-01 3.500056e-01 6.240382e-01 7.524566e-01 9.902160e-01 1.291310e+00 1.171248e+00 1.360071e+00 1.141562e+00 1.707132e+00 1.315860e+00 1.300393e+00 1.898105e-04
<GCONST> 6.953636e+01
<MIXTURE> 64 4.351215e-03
<MEAN> 25
 -2.789856e+00 5.600611e-01 -4.945507e+00 3.498015e+00 1.913113e+00 2.613343e-01 3.163688e+00 8.653147e-01 2.677758e+00 -1.800376e+00 -9.849991e-01 1.466880e+00 -7.914598e-02 2.544246e-01 2.854422e-01 3.978044e-01 3.334732e-01 4.556623e-01 4.966192e-01 1.309414e-01 2.108389e-01 2.218834e-01 7.052387e-02 1.125631e-01 -6.734894e-03
<VARIANCE> 25
 6.864497e+00 1.511167e+01 1.214755e+01 1.238688e+01 1.667413e+01 2.344640e+01 2.363880e+01 2.057108e+01 2.485620e+01 2.028003e+01 1.624927e+01 1.325905e+01 2.572979e-01 3.500056e-01 6.240382e-01 7.524566e-01 9.902160e-01 1.291310e+00 1.171248e+00 1.360071e+00 1.141562e+00 1.707132e+00 1.315860e+00 1.300393e+00 1.898105e-04
<GCONST> 6.953636e+01
<MIXTURE> 65 1.721197e-02
<MEAN> 25
 6.843162e+00 1.760352e+00 3.045762e-02 1.783418e+00 -3.815387e+00 -2.025531e+00 -5.050324e+00 -6.141210e+00 -3.139171e+00 -2.440223e+00 -3.238702e+00 -1.288301e+00 1.270411e-01 -3.292857e-02 4.935033e-03 2.364793e-01 -6.688763e-02 2.828773e-01 -1.240576e-01 -3.672947e-01 1.438102e-01 -2.129321e-01 -2.022640e-02 -5.961165e-02 -3.448394e-03
<VARIANCE> 25
 1.189694e+01 2.646263e+01 2.355449e+01 3.683374e+01 2.891497e+01 4.758984e+01 4.828038e+01 4.502968e+01 5.263183e+01 4.282571e+01 4.673968e+01 4.450380e+01 4.321378e-01 8.789640e-01 1.520851e+00 1.820611e+00 1.553153e+00 2.218782e+00 2.239396e+00 2.221092e+00 2.585221e+00 1.761032e+00 1.934803e+00 1.481256e+00 5.044786e-04
<GCONST> 8.660512e+01
<MIXTURE> 66 1.191532e-02
<MEAN> 25
 4.962785e+00 -4.326366e+00 -4.722862e+00 -3.949892e+00 2.887263e+00 -3.417677e+00 -8.156704e+00 1.812054e+00 3.168545e+00 1.086497e+00 -4.200691e+00 -3.474961e+00 1.772684e-01 1.669338e+00 1.241343e+00 2.221586e+00 -1.003255e+00 -8.418246e-01 -3.883542e-01 -1.084054e+00 8.778141e-02 -5.227741e-01 2.715054e-01 8.168352e-01 -7.271853e-02
<VARIANCE> 25
 8.557637e+00 1.886637e+01 1.772398e+01 2.324744e+01 2.873265e+01 3.875877e+01 4.028007e+01 3.227546e+01 4.544468e+01 5.204039e+01 2.748218e+01 3.082444e+01 1.056694e+00 1.578138e+00 2.432508e+00 2.437984e+00 3.757616e+00 3.102841e+00 3.589599e+00 3.549641e+00 3.073165e+00 3.321578e+00 2.837586e+00 2.436489e+00 1.333910e-03
<GCONST> 9.067764e+01
<MIXTURE> 67 1.559142e-02
<MEAN> 25
 8.373299e+00 2.241109e+00 -5.271047e+00 -8.198561e+00 -5.146096e-02 3.022611e+00 -3.440988e+00 -2.212411e+00 -3.218395e+00 1.963014e-01 -2.939096e-01 -1.891001e+00 -1.077159e+00 1.708577e+00 7.995903e-01 2.941154e+00 1.376158e+00 -8.420740e-01 1.281322e+00 7.131365e-02 2.876843e-01 4.132907e-01 -2.590736e-01 4.711213e-01 -1.219040e-01
<VARIANCE> 25
 1.340209e+01 3.897036e+01 3.008426e+01 5.585221e+01 5.636085e+01 4.874986e+01 5.662654e+01 5.045139e+01 6.063591e+01 5.640162e+01 5.055512e+01 4.625804e+01 1.963888e+00 3.288934e+00 3.261681e+00 4.356683e+00 4.105030e+00 4.648172e+00 4.447724e+00 4.854767e+00 4.965369e+00 4.571414e+00 4.691850e+00 3.929848e+00 3.178812e-03
<GCONST> 1.022285e+02
<MIXTURE> 68 1.485092e-02
<MEAN> 25
 -2.118604e+00 -2.072168e+00 -5.137002e+00 2.152939e-01 4.715175e+00 -1.211562e+00 3.613517e+00 2.649287e+00 2.683774e+00 1.175591e+00 1.538948e-02 1.572995e+00 2.711670e+00 2.715097e-01 1.390601e-01 -2.605549e+00 -2.057441e+00 -1.051333e+00 -2.619686e+00 -1.105939e+00 -1.081405e+00 -1.052189e+00 -1.930302e+00 -1.348146e+00 1.007241e-01
<VARIANCE> 25
 2.730587e+01 2.932896e+01 5.007364e+01 4.611648e+01 4.347138e+01 4.992155e+01 4.576305e+01 3.629794e+01 3.136017e+01 4.322147e+01 3.606599e+01 2.462097e+01 1.982614e+00 3.447630e+00 5.193375e+00 5.759825e+00 4.066011e+00 5.661409e+00 5.517558e+00 5.428783e+00 6.486730e+00 4.563569e+00 3.900645e+00 3.126326e+00 5.152549e-03
<GCONST> 1.019529e+02
<MIXTURE> 69 1.204884e-02
<MEAN> 25
 3.954784e+00 -4.541706e+00 -3.595480e+00 -2.947722e+00 -2.396745e+00 -7.158929e+00 -1.659272e+00 3.174896e+00 4.949798e-01 -3.836661e+00 -5.748792e+00 4.281658e-01 1.806086e+00 -2.233301e+00 -9.521313e-01 -2.123993e+00 -4.615531e-01 -5.653088e-02 -1.141101e+00 8.218949e-01 -4.842152e-01 -7.814518e-01 -1.917336e+00 -3.702114e-01 6.649547e-02
<VARIANCE> 25
 8.652355e+00 2.441468e+01 2.354671e+01 2.388587e+01 3.963979e+01 3.286630e+01 4.200510e+01 3.642646e+01 3.898862e+01 3.290951e+01 2.852817e+01 2.220290e+01 3.871418e+00 2.593331e+00 3.656549e+00 3.528965e+00 5.283379e+00 4.444626e+00 7.807925e+00 5.182035e+00 4.883444e+00 6.337620e+00 4.221594e+00 3.167311e+00 2.102073e-03
<GCONST> 9.732703e+01
<MIXTURE> 70 1.329190e-02
<MEAN> 25
 6.042029e+00 -3.184846e+00 -3.385177e+00 -4.044343e+00 3.899442e-03 7.764700e-01 -6.940974e+00 -3.654130e+00 3.767416e+00 2.627269e+00 -4.526778e-01 -3.818809e+00 1.139801e+00 -9.370089e-01 -8.901472e-02 -2.442185e+00 -1.187432e+00 1.949915e+00 -1.637049e+00 2.030280e-01 9.863640e-01 3.564699e-02 7.924717e-01 -1.808936e+00 6.453519e-02
<VARIANCE> 25
 1.136308e+01 2.412455e+01 1.848974e+01 4.810743e+01 4.045864e+01 3.771685e+01 3.501226e+01 4.842862e+01 5.373804e+01 2.290677e+01 3.447831e+01 3.692818e+01 2.923188e+00 3.066383e+00 3.372309e+00 4.656044e+00 4.738594e+00 5.127620e+00 4.829511e+00 6.177096e+00 5.159209e+00 4.662330e+00 3.932818e+00 3.068166e+00 3.083338e-03
<GCONST> 9.880412e+01
<MIXTURE> 71 1.406903e-02
<MEAN> 25
 5.677389e+00 5.255828e+00 2.925775e+00 4.313039e+00 -2.615499e+00 -2.362633e+00 -2.286994e+00 -5.265943e+00 -3.847915e+00 -3.388450e+00 -5.023796e+00 -1.116608e+00 -1.591348e+00 -8.353736e-01 1.606708e-01 -2.603749e+00 1.388094e+00 -4.382076e-01 -7.272643e-02 1.060805e+00 5.837383e-01 4.944801e-01 5.020467e-01 -1.942117e-01 3.852160e-02
<VARIANCE> 25
 1.481339e+01 1.818017e+01 2.377399e+01 4.774529e+01 3.235313e+01 3.925095e+01 3.369917e+01 3.122154e+01 4.327367e+01 3.342553e+01 3.193191e+01 3.116148e+01 1.372981e+00 2.539294e+00 5.293630e+00 5.750492e+00 3.512959e+00 5.754027e+00 3.915746e+00 4.310379e+00 3.342090e+00 3.848834e+00 2.891421e+00 3.364670e+00 1.376074e-03
<GCONST> 9.560017e+01
<MIXTURE> 72 8.134747e-03
<MEAN> 25
 3.211256e+00 -3.632848e+00 6.543432e+00 -1.033665e+00 -9.929325e+00 -9.590722e+00 -2.370149e+00 2.238481e+00 -5.938510e+00 -2.008635e+00 -1.359749e+00 8.345912e-01 9.971882e-01 -7.476783e-01 -2.827865e+00 5.135539e-01 2.331167e+00 -7.672141e-01 -1.537812e+00 1.141864e+00 1.633667e+00 -3.783299e-01 -1.201872e+00 3.890269e-01 -8.987764e-03
<VARIANCE> 25
 1.050307e+01 1.867854e+01 3.694812e+01 4.013664e+01 2.889904e+01 3.030769e+01 3.949505e+01 3.476012e+01 4.300264e+01 3.742402e+01 3.494357e+01 2.743071e+01 4.217678e-01 9.603119e-01 2.598252e+00 1.577988e+00 2.547028e+00 2.477832e+00 2.985359e+00 2.886889e+00 2.355323e+00 3.514497e+00 1.871828e+00 1.843511e+00 5.574025e-04
<GCONST> 8.713995e+01
<MIXTURE> 73 1.213625e-02
<MEAN> 25
 -5.340230e+00 -1.061522e+00 -1.783753e+00 4.570063e+00 3.850043e+00 1.586870e+00 6.582706e+00 3.299658e+00 3.991676e+00 2.758887e+00 4.083982e+00 3.358179e+00 7.281397e-01 -1.126843e+00 -5.905012e-01 -2.309189e+00 -1.061108e+00 -1.964151e+00 -8.207032e-01 -8.219534e-02 -9.522715e-01 -5.693437e-01 -8.814906e-01 -3.162524e-01 1.438146e-01
<VARIANCE> 25
 1.204196e+01 1.563234e+01 1.625343e+01 1.950467e+01 1.973504e+01 3.454774e+01 2.309944e+01 1.957977e+01 1.596009e+01 2.010499e+01 2.312369e+01 1.889083e+01 3.512666e+00 2.861600e+00 6.096633e+00 4.476720e+00 5.662963e+00 4.626526e+00 3.876162e+00 3.965719e+00 4.716605e+00 3.889129e+00 3.370647e+00 2.762622e+00 3.816030e-03
<GCONST> 9.261794e+01
<MIXTURE> 74 1.756491e-02
<MEAN> 25
 3.548339e+00 -1.556293e+00 4.792514e+00 8.929343e-01 -7.855204e+00 -7.471039e+00 -1.713253e+00 1.778776e+00 -4.899114e+00 -1.316412e+00 -1.419478e+00 1.226875e+00 4.395515e-01 1.844314e+00 -5.500905e-01 1.732100e+00 1.162446e+00 4.222949e-01 -3.500225e-01 -1.530588e+00 5.648208e-01 -3.363727e-01 -1.382052e-01 -9.789369e-03 -7.824719e-02
<VARIANCE> 25
 1.033669e+01 2.601833e+01 3.870919e+01 4.707566e+01 3.624621e+01 4.042334e+01 4.358509e+01 3.931560e+01 5.419596e+01 3.574831e+01 3.395461e+01 3.826562e+01 1.588531e+00 1.635685e+00 3.450449e+00 2.255707e+00 2.725180e+00 3.379648e+00 3.710088e+00 3.091000e+00 3.565041e+00 3.770258e+00 2.824540e+00 2.623034e+00 1.296134e-03
<GCONST> 9.414335e+01
<MIXTURE> 75 9.711651e-03
<MEAN> 25
 2.103515e+00 -1.127082e+00 1.138948e+01 1.579065e+00 -1.148105e+01 -8.208364e+00 -3.029905e+00 3.971837e-01 -5.805292e+00 -3.100168e+00 2.544899e+00 2.853003e-01 1.785241e+00 -1.460787e+00 5.338396e-01 -9.524211e-02 -2.499006e+00 -3.483406e-01 -1.642493e+00 9.877707e-01 -5.743251e-01 -1.597587e-01 7.809454e-01 -5.095131e-01 3.995965e-02
<VARIANCE> 25
 1.082928e+01 1.674252e+01 2.977714e+01 2.542085e+01 2.344515e+01 3.456806e+01 3.676762e+01 3.375150e+01 3.512791e+01 3.815010e+01 2.201172e+01 1.946639e+01 2.090436e+00 2.175265e+00 4.136144e+00 2.359562e+00 4.056033e+00 4.199363e+00 3.903507e+00 3.038432e+00 4.234435e+00 3.242801e+00 3.014695e+00 2.173130e+00 1.345381e-03
<GCONST> 9.184788e+01
<MIXTURE> 76 1.052359e-02
<MEAN> 25
 -5.270067e+00 6.609425e-01 -3.682282e+00 3.402733e+00 2.964877e+00 1.874530e+00 6.682986e+00 1.557138e+00 2.200663e+00 -8.289095e-01 1.285115e+00 2.862322e+00 4.801793e-02 -5.207114e-01 -2.171169e-01 -9.404575e-01 -4.984462e-01 -5.062509e-01 -1.482677e-01 -2.161075e-01 -7.698624e-01 -4.706416e-01 -3.283764e-01 -2.362539e-02 2.009192e-02
<VARIANCE> 25
 3.784992e+01 2.482770e+01 2.401231e+01 2.291995e+01 2.492095e+01 3.928648e+01 3.527804e+01 2.557979e+01 2.400193e+01 2.064609e+01 1.984671e+01 1.571472e+01 1.044183e+00 1.151063e+00 1.179119e+00 1.248295e+00 1.415043e+00 1.757685e+00 1.960682e+00 1.421203e+00 1.433250e+00 1.875458e+00 1.666990e+00 1.138515e+00 1.202444e-03
<GCONST> 8.215560e+01
<MIXTURE> 77 1.244626e-02
<MEAN> 25
 -9.201290e-01 7.748901e+00 1.258883e+01 -1.048346e+01 -4.593888e+00 5.531809e+00 -6.661531e+00 -6.508498e+00 -7.795776e+00 8.729368e-01 -8.049900e-01 -3.980430e+00 5.287306e-02 9.291194e-02 8.732851e-02 1.912198e-01 -1.213543e-02 -1.995515e-01 8.498994e-02 -4.646868e-02 -6.208280e-02 2.615401e-01 1.748144e-01 8.916281e-03 -1.666107e-02
<VARIANCE> 25
 6.154880e+00 1.192444e+01 2.054642e+01 2.731588e+01 2.542255e+01 4.608815e+01 2.503645e+01 1.841293e+01 3.031030e+01 2.604002e+01 2.920714e+01 2.292829e+01 3.721876e-01 6.565938e-01 5.588609e-01 8.079703e-01 1.248530e+00 1.474683e+00 1.051923e+00 7.672255e-01 8.207955e-01 1.320322e+00 9.403975e-01 8.570341e-01 5.831813e-04
<GCONST> 7.355999e+01
<MIXTURE> 78 9.702551e-03
<MEAN> 25
 -1.030367e+01 5.539615e-01 -9.339105e-01 1.938897e+00 4.944988e+00 -5.553350e+00 4.850090e+00 2.701638e+00 1.955091e+00 2.100831e+00 -2.649662e+00 3.605925e+00 1.719907e+00 -4.995710e-02 -5.607688e-01 8.394518e-01 -3.644435e-01 2.437150e-01 -1.863614e-01 5.024561e-01 5.233053e-01 -1.332021e-01 -3.344345e-01 -7.194276e-01 -5.805547e-02
<VARIANCE> 25
 4.319678e+01 2.196305e+01 3.394613e+01 2.039110e+01 3.101798e+01 3.274189e+01 5.450200e+01 2.690063e+01 1.676016e+01 2.437847e+01 3.293313e+01 1.959271e+01 3.401001e+00 2.644521e+00 2.772916e+00 3.091432e+00 2.850894e+00 2.973543e+00 3.886380e+00 3.366745e+00 2.234981e+00 2.629751e+00 2.562821e+00 2.129282e+00 4.732761e-03
<GCONST> 9.320654e+01
<MIXTURE> 79 1.156824e-02
<MEAN> 25
 1.575648e+00 3.349793e+00 1.010312e+01 -4.197679e+00 -1.028323e+01 -4.812185e-01 -1.759410e+00 -5.328253e+00 -6.899454e+00 -4.499296e-02 -1.042490e+00 -3.024636e+00 1.172946e+00 -6.492942e-01 -1.846900e+00 2.432726e+00 2.794767e-01 -1.727915e+00 1.089533e-01 4.264425e-01 -4.551075e-01 -6.180319e-01 1.922997e-01 6.818442e-01 -3.186373e-02
<VARIANCE> 25
 1.378207e+01 2.109772e+01 6.242552e+01 4.423735e+01 3.430288e+01 4.640200e+01 2.792379e+01 2.730722e+01 3.351134e+01 3.695999e+01 3.850589e+01 2.212123e+01 7.369580e-01 2.372867e+00 2.149907e+00 2.649065e+00 2.211371e+00 3.266941e+00 2.481080e+00 2.631253e+00 2.371609e+00 2.164711e+00 2.030135e+00 2.168319e+00 1.100460e-03
<GCONST> 8.987926e+01
<MIXTURE> 80 7.550998e-03
<MEAN> 25
 -1.468291e+01 3.465880e+00 4.689116e-01 2.799577e+00 2.522928e+00 4.825060e-01 7.377888e+00 2.754051e+00 2.278003e+00 2.381459e+00 4.505292e+00 1.189100e+00 4.256948e+00 -5.757548e-02 1.714311e+00 -1.032006e+00 -2.882881e+00 -2.637550e+00 -2.423633e+00 -1.824545e+00 -1.837977e+00 -1.585420e+00 -1.744589e+00 -6.721262e-01 -4.203779e-02
<VARIANCE> 25
 1.951073e+01 2.140446e+01 3.240656e+01 3.219381e+01 2.831819e+01 3.686551e+01 3.709887e+01 2.721347e+01 2.696531e+01 2.677555e+01 2.621016e+01 1.681561e+01 2.196767e+00 2.493147e+00 2.551472e+00 3.932924e+00 3.149531e+00 2.725255e+00 2.914139e+00 3.412154e+00 2.755490e+00 2.620060e+00 2.673349e+00 2.039723e+00 1.459050e-03
<GCONST> 9.106648e+01
<MIXTURE> 81 8.025434e-03
<MEAN> 25
 -1.128632e+00 4.296647e+00 1.031201e+01 -1.450600e+01 -8.682796e+00 -1.088223e+00 -6.563354e+00 -8.110659e+00 -4.502581e+00 -3.612755e-01 -7.199688e+00 -2.384364e+00 1.169220e-01 -5.765656e-01 3.819302e-02 -4.952507e-01 -4.721926e-01 3.310160e-01 3.074796e-01 1.330768e-01 -1.427437e-01 6.342213e-02 -4.550959e-01 -1.256071e-01 1.199478e-02
<VARIANCE> 25
 9.949990e+00 3.250132e+01 2.679615e+01 2.985645e+01 3.565284e+01 3.210753e+01 4.431188e+01 2.944456e+01 3.902366e+01 3.113879e+01 2.700402e+01 3.055980e+01 7.639408e-01 2.225316e+00 1.729547e+00 2.943319e+00 2.890434e+00 2.148174e+00 3.193931e+00 2.220688e+00 2.357258e+00 2.545680e+00 2.263603e+00 2.043610e+00 1.241841e-03
<GCONST> 8.902094e+01
<MIXTURE> 82 8.213053e-03
<MEAN> 25
 -9.804073e+00 -4.460939e+00 1.200584e+00 -3.591585e+00 4.784770e+00 -5.939870e-02 3.827656e+00 2.999367e-01 2.637713e+00 1.680200e+00 1.725451e+00 3.049337e+00 -1.478928e+00 -3.067022e-01 7.467420e-01 -2.198322e+00 -9.220827e-01 -1.694694e+00 -3.936157e-01 -3.306926e-01 -2.377735e-01 -8.513639e-02 -2.513751e-01 -1.616763e-01 1.588921e-01
<VARIANCE> 25
 1.503782e+01 1.949660e+01 2.555045e+01 3.111897e+01 3.541869e+01 4.417232e+01 3.259576e+01 2.897285e+01 2.817124e+01 2.140882e+01 3.476661e+01 1.441746e+01 3.282461e+00 2.502424e+00 3.378873e+00 3.198923e+00 3.389083e+00 3.721519e+00 3.308960e+00 3.038416e+00 3.231712e+00 2.592668e+00 1.875978e+00 1.494869e+00 3.457763e-03
<GCONST> 9.194989e+01
<MIXTURE> 83 1.167529e-02
<MEAN> 25
 -1.930441e+01 3.835091e+00 -2.679393e+00 4.226581e-01 6.914690e+00 -2.538203e+00 8.679816e+00 2.717380e+00 1.007696e+00 2.102286e+00 8.131773e-01 3.441466e+00 9.353910e-02 -5.277760e-01 5.164589e-02 -3.611362e-01 -4.626880e-01 -2.962748e-01 -1.014797e-01 -2.394723e-03 -4.130586e-02 -2.663939e-01 -7.077193e-02 -1.605875e-01 5.519394e-03
<VARIANCE> 25
 8.123662e+00 1.706192e+01 2.357318e+01 2.304469e+01 1.808549e+01 2.252479e+01 3.837550e+01 1.897233e+01 2.013181e+01 1.977487e+01 1.784903e+01 1.415194e+01 1.113114e+00 1.018693e+00 1.058247e+00 1.723550e+00 1.144322e+00 1.118671e+00 1.728621e+00 1.351633e+00 1.372473e+00 1.758004e+00 1.009568e+00 1.106328e+00 8.531722e-04
<GCONST> 7.704183e+01
<MIXTURE> 84 1.066614e-02
<MEAN> 25
 1.159676e+00 8.623697e+00 5.909842e+00 6.388036e+00 2.461891e+00 -4.962837e-01 -9.116896e-01 -4.691443e+00 -4.080611e+00 -2.457796e+00 -2.617737e+00 -1.481149e+00 -1.461360e+00 -1.056298e+00 -1.326715e+00 1.062869e+00 2.140331e+00 1.464537e+00 1.333795e+00 1.096947e+00 9.646207e-01 3.176101e-01 2.341115e-01 1.618155e-01 -6.422287e-02
<VARIANCE> 25
 1.852626e+01 1.583100e+01 2.765170e+01 2.883036e+01 2.819835e+01 2.819430e+01 2.380000e+01 2.231738e+01 2.573248e+01 2.352593e+01 2.320906e+01 2.137938e+01 2.064633e+00 2.121275e+00 3.520586e+00 2.894258e+00 2.745266e+00 3.513005e+00 2.775031e+00 3.250748e+00 3.744579e+00 3.097569e+00 3.166494e+00 2.665817e+00 3.089831e-03
<GCONST> 9.094410e+01
<MIXTURE> 85 7.591393e-03
<MEAN> 25
 -3.107678e+00 7.799139e+00 5.826136e+00 1.293262e+00 -3.498510e+00 -5.452468e+00 -2.850498e+00 -6.075672e+00 -3.610502e+00 -3.141339e+00 -4.812811e-01 -1.868012e+00 3.927382e+00 3.315022e-01 1.776369e+00 -2.054430e+00 -3.434159e+00 -2.550707e+00 -2.884770e+00 -2.300659e+00 -2.282469e+00 -1.259204e+00 -2.287045e+00 -5.983632e-01 9.935183e-03
<VARIANCE> 25
 4.202904e+01 2.381224e+01 3.682735e+01 3.784299e+01 3.946475e+01 4.201060e+01 3.303853e+01 2.770299e+01 2.669842e+01 2.593813e+01 2.589829e+01 2.038956e+01 2.700467e+00 4.275156e+00 4.040773e+00 5.213757e+00 4.385996e+00 3.905875e+00 3.806118e+00 4.065472e+00 3.907389e+00 3.991203e+00 3.907949e+00 3.467237e+00 5.415724e-03
<GCONST> 9.834613e+01
<MIXTURE> 86 1.273941e-02
<MEAN> 25
 -4.759177e+00 -6.171679e-01 -1.320482e+00 6.343655e+00 4.587364e+00 4.531427e+00 5.848247e+00 4.406410e+00 4.561568e+00 3.516319e+00 4.573838e+00 2.504252e+00 7.971743e-03 1.092031e-02 -7.355668e-02 -1.534293e-01 -3.029195e-01 -1.835982e-01 -2.833142e-01 -3.239247e-01 -3.785712e-01 -3.153151e-01 -2.766975e-01 -9.763357e-02 -1.549945e-03
<VARIANCE> 25
 7.240374e+00 6.991249e+00 1.040299e+01 1.229364e+01 1.494667e+01 1.333882e+01 1.365911e+01 1.282635e+01 1.217421e+01 1.330389e+01 1.642094e+01 1.288988e+01 1.042163e-01 1.855269e-01 3.386733e-01 5.694942e-01 8.023354e-01 6.937212e-01 7.590273e-01 7.082472e-01 7.473624e-01 8.548002e-01 8.787678e-01 8.591458e-01 5.722023e-05
<GCONST> 5.832998e+01
<MIXTURE> 87 1.100681e-02
<MEAN> 25
 -2.246178e+00 3.797153e+00 1.811910e+00 5.642414e+00 4.824739e+00 -1.170885e+00 1.166986e+00 -6.933069e-01 1.167451e+00 -9.437182e-01 -1.833277e+00 4.089600e-01 -2.108886e+00 -2.664036e+00 -8.168604e-01 -2.244373e+00 4.873432e-01 -8.979721e-01 1.004173e+00 1.263795e+00 1.032944e+00 1.151579e+00 9.675492e-01 7.507616e-01 1.053338e-01
<VARIANCE> 25
 2.983265e+01 2.335683e+01 2.605216e+01 2.575956e+01 2.443806e+01 3.374540e+01 2.229095e+01 2.473244e+01 2.558118e+01 2.065239e+01 2.143170e+01 1.758999e+01 3.717449e+00 1.854990e+00 5.208636e+00 3.649252e+00 3.985651e+00 4.469790e+00 5.148987e+00 3.515615e+00 2.973313e+00 2.743844e+00 3.145094e+00 3.141950e+00 3.846202e-03
<GCONST> 9.371237e+01
<MIXTURE> 88 1.256585e-02
<MEAN> 25
 -3.336290e+00 8.168512e-01 -2.580289e+00 5.183812e+00 3.348397e+00 2.956137e+00 4.545045e+00 2.677990e+00 4.400009e+00 5.503891e-01 2.576097e+00 2.916508e+00 2.322653e-01 1.000265e-01 -2.509864e-01 3.499123e-01 3.382059e-01 4.891430e-01 -1.337215e-02 -2.439884e-01 -5.966765e-01 -4.851476e-01 -2.574973e-01 -1.686871e-02 -9.305396e-03
<VARIANCE> 25
 6.235415e+00 1.031795e+01 1.350215e+01 1.458363e+01 1.981918e+01 2.339080e+01 2.207330e+01 1.751962e+01 1.786568e+01 1.809685e+01 1.643933e+01 1.732693e+01 1.119773e+00 1.202992e+00 2.065468e+00 1.991660e+00 2.528815e+00 2.768981e+00 3.476001e+00 1.882231e+00 2.597112e+00 2.562766e+00 2.026393e+00 1.998319e+00 1.559259e-03
<GCONST> 8.128839e+01
<MIXTURE> 89 9.333527e-03
<MEAN> 25
 4.288574e+00 -6.979863e+00 -2.222252e+00 -2.118758e+00 -2.337291e+00 -5.149168e+00 -6.501981e+00 4.867821e+00 4.346603e+00 6.032063e-01 -4.395547e+00 -4.424958e+00 -6.104689e-01 1.048073e-01 1.667085e+00 9.260219e-01 -1.641097e+00 -2.003771e+00 1.471919e+00 1.548259e+00 -1.521722e+00 -7.793767e-01 -1.423544e-01 1.862805e+00 -5.669669e-03
<VARIANCE> 25
 9.416229e+00 2.960995e+01 4.453431e+01 4.424935e+01 2.714558e+01 2.985739e+01 4.923467e+01 5.435877e+01 3.956294e+01 3.299382e+01 3.378487e+01 2.961763e+01 3.109134e-01 6.019321e-01 1.352068e+00 1.632012e+00 1.301448e+00 2.024455e+00 1.870238e+00 3.334863e+00 2.592451e+00 1.913923e+00 2.302719e+00 1.506703e+00 2.670995e-04
<GCONST> 8.436877e+01
<MIXTURE> 90 7.114505e-03
<MEAN> 25
 2.448602e+00 -9.693107e+00 -4.728518e+00 -3.944431e+00 -3.347419e+00 -1.791920e+00 3.279569e+00 1.236102e+00 -7.421712e+00 -1.011649e+01 -3.448232e+00 -7.587061e-01 -1.596609e-01 8.991296e-01 1.164489e+00 -8.477218e-01 -1.601867e+00 -2.037413e-01 6.388506e-01 -2.171508e-01 -1.712584e-01 7.442469e-01 1.788936e-01 -5.515642e-01 -1.106633e-02
<VARIANCE> 25
 8.452208e+00 1.818867e+01 1.980411e+01 2.797304e+01 3.662879e+01 3.200310e+01 3.895198e+01 3.693376e+01 3.609124e+01 2.847433e+01 2.714779e+01 2.606346e+01 2.240523e-01 6.190680e-01 7.815245e-01 1.047317e+00 1.474209e+00 1.597250e+00 1.795652e+00 1.654752e+00 1.799025e+00 1.687352e+00 1.488256e+00 1.305354e+00 2.171469e-04
<GCONST> 7.824358e+01
<MIXTURE> 91 7.852945e-03
<MEAN> 25
 4.732161e+00 -6.348929e+00 -5.846319e+00 -4.394458e+00 3.699192e+00 1.623897e-01 -4.961380e+00 2.332083e+00 4.253832e+00 1.514747e-01 -3.728481e+00 -5.275759e+00 3.501627e-01 9.836789e-01 -4.522232e-02 5.898779e-01 -1.039067e-01 -2.339763e-01 -6.042560e-01 -6.874033e-01 -3.919692e-01 3.368205e-01 1.890417e-01 1.487136e-01 -4.106818e-02
<VARIANCE> 25
 7.935403e+00 2.454133e+01 1.690622e+01 3.011684e+01 3.241240e+01 3.962318e+01 4.372577e+01 3.190237e+01 4.141522e+01 4.154273e+01 2.566441e+01 2.795481e+01 3.875648e-01 8.432285e-01 1.025333e+00 1.343197e+00 2.856376e+00 2.110502e+00 2.338535e+00 2.085230e+00 1.823099e+00 2.192344e+00 1.677351e+00 1.844256e+00 5.554644e-04
<GCONST> 8.347768e+01
<MIXTURE> 92 7.852945e-03
<MEAN> 25
 4.732161e+00 -6.348929e+00 -5.846319e+00 -4.394458e+00 3.699192e+00 1.623897e-01 -4.961380e+00 2.332083e+00 4.253832e+00 1.514747e-01 -3.728481e+00 -5.275759e+00 3.501627e-01 9.836789e-01 -4.522232e-02 5.898779e-01 -1.039067e-01 -2.339763e-01 -6.042560e-01 -6.874033e-01 -3.919692e-01 3.368205e-01 1.890417e-01 1.487136e-01 -4.106818e-02
<VARIANCE> 25
 7.935403e+00 2.454133e+01 1.690622e+01 3.011684e+01 3.241240e+01 3.962318e+01 4.372577e+01 3.190237e+01 4.141522e+01 4.154273e+01 2.566441e+01 2.795481e+01 3.875648e-01 8.432285e-01 1.025333e+00 1.343197e+00 2.856376e+00 2.110502e+00 2.338535e+00 2.085230e+00 1.823099e+00 2.192344e+00 1.677351e+00 1.844256e+00 5.554644e-04
<GCONST> 8.347768e+01
<MIXTURE> 93 6.122769e-03
<MEAN> 25
 -6.816715e+00 -9.429423e-01 -2.417464e+00 5.796921e+00 5.899549e+00 3.907851e+00 6.131129e+00 3.588882e+00 4.107133e+00 2.499336e+00 1.815979e+00 3.688533e+00 -6.232668e-02 -1.574791e-01 -2.534441e-01 -3.300578e-01 -3.341738e-01 -2.856557e-01 -2.178366e-01 -1.700232e-01 -1.661523e-01 -1.575297e-01 -1.019092e-01 -3.543634e-02 -3.056771e-06
<VARIANCE> 25
 9.182913e+00 6.080282e+00 8.200538e+00 1.136539e+01 1.146697e+01 1.600983e+01 1.528685e+01 1.648155e+01 1.480271e+01 1.454522e+01 1.673750e+01 1.348383e+01 8.280747e-02 1.560412e-01 2.671095e-01 3.829479e-01 4.972849e-01 6.412874e-01 7.774433e-01 8.897187e-01 9.139284e-01 8.842751e-01 8.905456e-01 9.154338e-01 1.001779e-06
<GCONST> 5.366593e+01
<MIXTURE> 94 6.122769e-03
<MEAN> 25
 -6.816715e+00 -9.429423e-01 -2.417464e+00 5.796921e+00 5.899549e+00 3.907851e+00 6.131129e+00 3.588882e+00 4.107133e+00 2.499336e+00 1.815979e+00 3.688533e+00 -6.232668e-02 -1.574791e-01 -2.534441e-01 -3.300578e-01 -3.341738e-01 -2.856557e-01 -2.178366e-01 -1.700232e-01 -1.661523e-01 -1.575297e-01 -1.019092e-01 -3.543634e-02 -3.056771e-06
<VARIANCE> 25
 9.182913e+00 6.080282e+00 8.200538e+00 1.136539e+01 1.146697e+01 1.600983e+01 1.528685e+01 1.648155e+01 1.480271e+01 1.454522e+01 1.673750e+01 1.348383e+01 8.280747e-02 1.560412e-01 2.671095e-01 3.829479e-01 4.972849e-01 6.412874e-01 7.774433e-01 8.897187e-01 9.139284e-01 8.842751e-01 8.905456e-01 9.154338e-01 1.001779e-06
<GCONST> 5.366593e+01
<MIXTURE> 95 5.258835e-03
<MEAN> 25
 -5.351973e+00 2.142402e-01 -2.518628e+00 5.002880e+00 3.664388e+00 2.328211e+00 4.785281e+00 1.689807e+00 2.099125e+00 5.122322e-01 8.777813e-01 2.701245e+00 1.590978e-01 1.675773e-01 4.992888e-02 -5.855690e-02 -3.890653e-01 -6.478310e-01 -8.954406e-01 -1.244178e+00 -1.206577e+00 -1.003528e+00 -4.834507e-01 -2.838272e-01 -4.270668e-04
<VARIANCE> 25
 9.327298e+00 8.183562e+00 1.179200e+01 1.276843e+01 1.339809e+01 1.644178e+01 1.676478e+01 1.525302e+01 1.352311e+01 1.410839e+01 1.691494e+01 1.421035e+01 1.935735e-01 2.626935e-01 4.474081e-01 7.112106e-01 9.083818e-01 7.930207e-01 9.834104e-01 1.104658e+00 9.571970e-01 9.878753e-01 1.255705e+00 1.186919e+00 4.344517e-05
<GCONST> 6.289869e+01
<MIXTURE> 96 7.034694e-03
<MEAN> 25
 -4.497155e+00 7.850009e-01 -2.652348e+00 5.332383e+00 3.213703e+00 1.789123e+00 4.350633e+00 1.226575e+00 2.028803e+00 3.027245e-01 1.100953e+00 2.270385e+00 -2.358392e-02 6.945350e-02 3.037375e-01 4.091536e-01 4.132615e-01 3.902814e-01 3.473662e-01 -5.623775e-02 -4.402600e-01 -7.329934e-01 -5.533522e-01 -3.407460e-01 7.689641e-05
<VARIANCE> 25
 1.024160e+01 1.372351e+01 1.133090e+01 1.330171e+01 1.390641e+01 1.739911e+01 2.125399e+01 1.832918e+01 1.827295e+01 1.772412e+01 1.889096e+01 1.498962e+01 1.194101e-01 1.981627e-01 3.384270e-01 3.854731e-01 5.064280e-01 6.893062e-01 8.398627e-01 9.785839e-01 9.325910e-01 8.350554e-01 8.519726e-01 8.235137e-01 1.073607e-06
<GCONST> 5.740999e+01
<MIXTURE> 97 7.034694e-03
<MEAN> 25
 -4.497155e+00 7.850009e-01 -2.652348e+00 5.332383e+00 3.213703e+00 1.789123e+00 4.350633e+00 1.226575e+00 2.028803e+00 3.027245e-01 1.100953e+00 2.270385e+00 -2.358392e-02 6.945350e-02 3.037375e-01 4.091536e-01 4.132615e-01 3.902814e-01 3.473662e-01 -5.623775e-02 -4.402600e-01 -7.329934e-01 -5.533522e-01 -3.407460e-01 7.689641e-05
<VARIANCE> 25
 1.024160e+01 1.372351e+01 1.133090e+01 1.330171e+01 1.390641e+01 1.739911e+01 2.125399e+01 1.832918e+01 1.827295e+01 1.772412e+01 1.889096e+01 1.498962e+01 1.194101e-01 1.981627e-01 3.384270e-01 3.854731e-01 5.064280e-01 6.893062e-01 8.398627e-01 9.785839e-01 9.325910e-01 8.350554e-01 8.519726e-01 8.235137e-01 1.073607e-06
<GCONST> 5.740999e+01
<MIXTURE> 98 9.917808e-03
<MEAN> 25
 -9.716213e-01 1.997563e+00 -7.074548e-01 3.324062e+00 3.282147e+00 2.865792e+00 2.379216e+00 6.026804e-01 2.390195e+00 2.959515e-01 1.570397e-01 3.101828e-01 -1.528794e+00 -1.314473e+00 -9.231358e-01 9.237818e-02 7.187922e-01 6.054573e-01 1.588079e+00 1.256418e+00 1.371496e+00 9.349806e-01 1.260106e+00 7.858560e-01 -2.234826e-02
<VARIANCE> 25
 1.103433e+01 1.626779e+01 2.453143e+01 3.254068e+01 3.445675e+01 3.922443e+01 3.124354e+01 2.786226e+01 2.783039e+01 2.886194e+01 2.607504e+01 2.450012e+01 1.169540e+00 1.270972e+00 2.431534e+00 1.940071e+00 2.191341e+00 3.317621e+00 3.555122e+00 2.188185e+00 2.254030e+00 2.714670e+00 2.252119e+00 2.082242e+00 2.567371e-03
<GCONST> 8.832066e+01
<MIXTURE> 99 6.696178e-03
<MEAN> 25
 -6.181531e+00 9.416249e+00 6.606372e+00 1.365183e+00 1.805926e+00 -4.255422e+00 -1.367159e+00 -4.187714e+00 -3.850726e+00 -3.528552e+00 -1.540676e+00 7.752312e-01 3.401838e-01 -7.630607e-01 3.265790e-01 -9.194214e-02 -1.180147e+00 -4.151114e-01 -4.407868e-01 -4.066583e-01 -1.061843e-01 1.142346e-01 7.439783e-02 5.179679e-01 7.849989e-03
<VARIANCE> 25
 4.281307e+01 1.879831e+01 4.795026e+01 3.836370e+01 4.622952e+01 3.724189e+01 2.238125e+01 2.281944e+01 3.031958e+01 2.258105e+01 1.815507e+01 2.740788e+01 1.678689e+00 1.677264e+00 1.505013e+00 2.088069e+00 3.166440e+00 1.879693e+00 1.456172e+00 1.715156e+00 1.283409e+00 1.699019e+00 1.497312e+00 2.229210e+00 1.396612e-03
<GCONST> 8.687081e+01
<MIXTURE> 100 4.498084e-03
<MEAN> 25
 -1.602201e+00 6.341805e+00 1.029539e+01 -7.456841e+00 -1.077466e+01 -5.069678e+00 -4.930972e+00 -9.946178e+00 -4.733815e+00 -8.573733e-01 -2.722254e+00 -2.710065e+00 2.913669e+00 -1.259950e+00 1.302010e+00 -2.176723e+00 -3.421671e+00 -7.849052e-01 -1.218094e+00 -8.184440e-01 -1.474624e+00 3.433146e-01 -1.651608e+00 -2.845480e-01 2.105468e-03
<VARIANCE> 25
 1.361151e+01 2.104965e+01 2.262879e+01 2.645758e+01 2.301161e+01 2.389616e+01 2.914440e+01 2.191460e+01 2.755451e+01 2.265600e+01 2.243450e+01 2.133532e+01 1.806540e+00 3.950219e+00 2.921291e+00 4.320313e+00 4.181934e+00 4.528703e+00 4.014119e+00 4.333549e+00 4.172974e+00 3.894057e+00 3.912184e+00 3.220852e+00 1.676851e-03
<GCONST> 9.260512e+01
<MIXTURE> 101 6.007792e-03
<MEAN> 25
 7.109046e+00 -3.360701e+00 -4.586541e+00 -5.923962e+00 1.278735e+00 -7.713190e-01 -1.074943e+01 -1.884799e+00 1.557660e+00 3.045868e+00 -1.307352e+00 -5.372303e+00 6.307890e-01 6.932982e-01 -1.413978e+00 -1.573982e+00 1.113924e+00 2.253080e+00 3.145866e-01 -1.542644e+00 -1.146845e+00 9.106970e-01 1.355415e+00 -2.374895e-01 -7.235975e-03
<VARIANCE> 25
 1.033460e+01 1.559307e+01 3.123447e+01 3.834895e+01 3.350834e+01 3.190382e+01 3.075838e+01 3.348695e+01 3.878317e+01 3.535268e+01 4.444223e+01 2.026234e+01 3.532566e-01 6.056340e-01 1.492990e+00 2.091427e+00 1.582919e+00 2.281433e+00 1.965610e+00 1.754234e+00 2.106702e+00 1.971797e+00 1.620680e+00 1.772682e+00 4.259388e-04
<GCONST> 8.289236e+01
<MIXTURE> 102 6.007792e-03
<MEAN> 25
 7.109046e+00 -3.360701e+00 -4.586541e+00 -5.923962e+00 1.278735e+00 -7.713190e-01 -1.074943e+01 -1.884799e+00 1.557660e+00 3.045868e+00 -1.307352e+00 -5.372303e+00 6.307890e-01 6.932982e-01 -1.413978e+00 -1.573982e+00 1.113924e+00 2.253080e+00 3.145866e-01 -1.542644e+00 -1.146845e+00 9.106970e-01 1.355415e+00 -2.374895e-01 -7.235975e-03
<VARIANCE> 25
 1.033460e+01 1.559307e+01 3.123447e+01 3.834895e+01 3.350834e+01 3.190382e+01 3.075838e+01 3.348695e+01 3.878317e+01 3.535268e+01 4.444223e+01 2.026234e+01 3.532566e-01 6.056340e-01 1.492990e+00 2.091427e+00 1.582919e+00 2.281433e+00 1.965610e+00 1.754234e+00 2.106702e+00 1.971797e+00 1.620680e+00 1.772682e+00 4.259388e-04
<GCONST> 8.289236e+01
<MIXTURE> 103 5.694618e-03
<MEAN> 25
 3.265113e+00 -8.486997e+00 -6.163578e+00 -2.924388e+00 -1.378718e+00 -2.044489e+00 2.446617e+00 2.486051e+00 -4.501685e+00 -8.808736e+00 -4.978483e+00 4.407924e-01 -1.172557e-01 -1.498699e+00 -9.580032e-01 3.986742e-01 1.156874e+00 9.711345e-01 1.084650e-01 -2.348370e-01 -8.141631e-01 -9.044278e-01 -8.092969e-02 4.703636e-02 2.749782e-02
<VARIANCE> 25
 9.620842e+00 3.049078e+01 2.213484e+01 3.023141e+01 4.606593e+01 3.354450e+01 4.591770e+01 3.828777e+01 4.235240e+01 3.105340e+01 2.924734e+01 2.467819e+01 6.331355e-01 1.429091e+00 1.562652e+00 1.832387e+00 2.913311e+00 2.437404e+00 2.765814e+00 2.520850e+00 2.394625e+00 2.393405e+00 2.130703e+00 1.986708e+00 7.747895e-04
<GCONST> 8.759278e+01
<MIXTURE> 104 5.694618e-03
<MEAN> 25
 3.265113e+00 -8.486997e+00 -6.163578e+00 -2.924388e+00 -1.378718e+00 -2.044489e+00 2.446617e+00 2.486051e+00 -4.501685e+00 -8.808736e+00 -4.978483e+00 4.407924e-01 -1.172557e-01 -1.498699e+00 -9.580032e-01 3.986742e-01 1.156874e+00 9.711345e-01 1.084650e-01 -2.348370e-01 -8.141631e-01 -9.044278e-01 -8.092969e-02 4.703636e-02 2.749782e-02
<VARIANCE> 25
 9.620842e+00 3.049078e+01 2.213484e+01 3.023141e+01 4.606593e+01 3.354450e+01 4.591770e+01 3.828777e+01 4.235240e+01 3.105340e+01 2.924734e+01 2.467819e+01 6.331355e-01 1.429091e+00 1.562652e+00 1.832387e+00 2.913311e+00 2.437404e+00 2.765814e+00 2.520850e+00 2.394625e+00 2.393405e+00 2.130703e+00 1.986708e+00 7.747895e-04
<GCONST> 8.759278e+01
<MIXTURE> 105 4.710235e-03
<MEAN> 25
 1.911741e+00 -1.503960e+00 1.018542e+01 -2.768234e+00 -1.115024e+01 -5.219299e+00 -3.566104e+00 -3.676432e-01 -4.341279e+00 -2.413134e+00 1.274341e+00 -1.294252e+00 -8.921757e-04 1.333025e-01 1.264407e-01 -5.366499e-02 1.572911e-02 4.139481e-02 -5.827150e-02 3.166751e-02 -5.420357e-02 2.089235e-03 -2.673068e-02 -6.704153e-02 -3.434686e-03
<VARIANCE> 25
 1.319673e+01 2.731960e+01 5.089274e+01 4.376065e+01 3.583432e+01 5.132597e+01 4.001237e+01 4.191378e+01 3.938094e+01 4.435285e+01 3.833251e+01 2.863745e+01 7.800414e-02 2.641470e-01 3.709331e-01 2.735059e-01 3.578559e-01 4.111241e-01 4.672729e-01 4.850011e-01 4.929959e-01 4.605176e-01 4.797173e-01 4.096719e-01 9.533732e-05
<GCONST> 6.701228e+01
<MIXTURE> 106 4.710235e-03
<MEAN> 25
 1.911741e+00 -1.503960e+00 1.018542e+01 -2.768234e+00 -1.115024e+01 -5.219299e+00 -3.566104e+00 -3.676432e-01 -4.341279e+00 -2.413134e+00 1.274341e+00 -1.294252e+00 -8.921757e-04 1.333025e-01 1.264407e-01 -5.366499e-02 1.572911e-02 4.139481e-02 -5.827150e-02 3.166751e-02 -5.420357e-02 2.089235e-03 -2.673068e-02 -6.704153e-02 -3.434686e-03
<VARIANCE> 25
 1.319673e+01 2.731960e+01 5.089274e+01 4.376065e+01 3.583432e+01 5.132597e+01 4.001237e+01 4.191378e+01 3.938094e+01 4.435285e+01 3.833251e+01 2.863745e+01 7.800414e-02 2.641470e-01 3.709331e-01 2.735059e-01 3.578559e-01 4.111241e-01 4.672729e-01 4.850011e-01 4.929959e-01 4.605176e-01 4.797173e-01 4.096719e-01 9.533732e-05
<GCONST> 6.701228e+01
<MIXTURE> 107 5.452374e-03
<MEAN> 25
 8.091599e+00 -3.396027e+00 -6.556867e+00 -7.202409e+00 1.038905e+00 3.089800e+00 -8.894197e+00 -5.398150e+00 -1.111075e+00 3.290624e+00 2.140574e+00 -4.304413e+00 -5.735192e-01 -8.750535e-01 8.407786e-01 1.834349e+00 1.331178e-01 -2.079228e+00 -7.914519e-01 1.069785e+00 1.760594e+00 6.009257e-02 -1.697945e+00 -7.914897e-01 5.496913e-04
<VARIANCE> 25
 1.158110e+01 2.575063e+01 3.628279e+01 5.436062e+01 2.925957e+01 3.094798e+01 4.704233e+01 3.585795e+01 4.464585e+01 3.817014e+01 4.294728e+01 4.281773e+01 3.000858e-01 8.684516e-01 1.233153e+00 2.106796e+00 2.250770e+00 2.463547e+00 2.486964e+00 2.564449e+00 1.992471e+00 2.443137e+00 1.930655e+00 2.400303e+00 6.668423e-04
<GCONST> 8.740745e+01
<MIXTURE> 108 5.452374e-03
<MEAN> 25
 8.091599e+00 -3.396027e+00 -6.556867e+00 -7.202409e+00 1.038905e+00 3.089800e+00 -8.894197e+00 -5.398150e+00 -1.111075e+00 3.290624e+00 2.140574e+00 -4.304413e+00 -5.735192e-01 -8.750535e-01 8.407786e-01 1.834349e+00 1.331178e-01 -2.079228e+00 -7.914519e-01 1.069785e+00 1.760594e+00 6.009257e-02 -1.697945e+00 -7.914897e-01 5.496913e-04
<VARIANCE> 25
 1.158110e+01 2.575063e+01 3.628279e+01 5.436062e+01 2.925957e+01 3.094798e+01 4.704233e+01 3.585795e+01 4.464585e+01 3.817014e+01 4.294728e+01 4.281773e+01 3.000858e-01 8.684516e-01 1.233153e+00 2.106796e+00 2.250770e+00 2.463547e+00 2.486964e+00 2.564449e+00 1.992471e+00 2.443137e+00 1.930655e+00 2.400303e+00 6.668423e-04
<GCONST> 8.740745e+01
<MIXTURE> 109 6.661064e-03
<MEAN> 25
 3.919123e+00 -1.010207e+01 -7.705946e+00 -1.496246e+00 2.790028e+00 -1.073282e-01 -6.404209e-01 1.908300e+00 -1.671787e+00 -7.460876e+00 -5.253647e+00 -3.203602e-01 -5.469900e-04 -1.466867e-01 7.910790e-04 2.965530e-01 1.107075e-01 1.500479e-01 -1.091793e-01 -1.334600e-01 -1.199746e-01 -2.574800e-02 2.252466e-01 -7.453947e-04 -3.559515e-03
<VARIANCE> 25
 8.698199e+00 2.136476e+01 2.100299e+01 3.183365e+01 3.960219e+01 3.447966e+01 4.615811e+01 3.634420e+01 5.009260e+01 3.916745e+01 2.807554e+01 2.731117e+01 1.986817e-01 4.088607e-01 5.317786e-01 6.867165e-01 1.327650e+00 1.070603e+00 1.246031e+00 1.084606e+00 1.085278e+00 1.101055e+00 8.330814e-01 9.217293e-01 1.935929e-04
<GCONST> 7.504448e+01
<MIXTURE> 110 6.661064e-03
<MEAN> 25
 3.919123e+00 -1.010207e+01 -7.705946e+00 -1.496246e+00 2.790028e+00 -1.073282e-01 -6.404209e-01 1.908300e+00 -1.671787e+00 -7.460876e+00 -5.253647e+00 -3.203602e-01 -5.469900e-04 -1.466867e-01 7.910790e-04 2.965530e-01 1.107075e-01 1.500479e-01 -1.091793e-01 -1.334600e-01 -1.199746e-01 -2.574800e-02 2.252466e-01 -7.453947e-04 -3.559515e-03
<VARIANCE> 25
 8.698199e+00 2.136476e+01 2.100299e+01 3.183365e+01 3.960219e+01 3.447966e+01 4.615811e+01 3.634420e+01 5.009260e+01 3.916745e+01 2.807554e+01 2.731117e+01 1.986817e-01 4.088607e-01 5.317786e-01 6.867165e-01 1.327650e+00 1.070603e+00 1.246031e+00 1.084606e+00 1.085278e+00 1.101055e+00 8.330814e-01 9.217293e-01 1.935929e-04
<GCONST> 7.504448e+01
<MIXTURE> 111 4.337247e-03
<MEAN> 25
 -3.902102e+00 -5.767655e-02 -2.488749e+00 1.998809e+00 1.022099e+00 1.295379e+00 1.236934e+00 -5.135153e-01 2.064810e-01 -7.884313e-01 -3.053402e-01 1.687992e+00 -2.501747e-02 -3.376561e-02 -6.009793e-02 -9.789427e-02 -9.576331e-02 3.012474e-02 4.667012e-02 7.712006e-02 -4.072418e-02 -3.174776e-01 -2.472325e-01 -7.900392e-02 -9.306942e-04
<VARIANCE> 25
 7.316337e+00 6.759146e+00 1.105714e+01 1.018451e+01 1.122449e+01 2.251340e+01 1.746103e+01 1.479907e+01 1.068136e+01 1.145269e+01 1.287321e+01 1.072978e+01 7.249391e-02 1.567858e-01 2.477818e-01 4.740998e-01 5.373585e-01 6.393667e-01 7.025490e-01 8.404329e-01 9.444838e-01 1.037393e+00 7.762845e-01 8.817049e-01 2.608596e-05
<GCONST> 5.622594e+01
<MIXTURE> 112 4.337247e-03
<MEAN> 25
 -3.902102e+00 -5.767655e-02 -2.488749e+00 1.998809e+00 1.022099e+00 1.295379e+00 1.236934e+00 -5.135153e-01 2.064810e-01 -7.884313e-01 -3.053402e-01 1.687992e+00 -2.501747e-02 -3.376561e-02 -6.009793e-02 -9.789427e-02 -9.576331e-02 3.012474e-02 4.667012e-02 7.712006e-02 -4.072418e-02 -3.174776e-01 -2.472325e-01 -7.900392e-02 -9.306942e-04
<VARIANCE> 25
 7.316337e+00 6.759146e+00 1.105714e+01 1.018451e+01 1.122449e+01 2.251340e+01 1.746103e+01 1.479907e+01 1.068136e+01 1.145269e+01 1.287321e+01 1.072978e+01 7.249391e-02 1.567858e-01 2.477818e-01 4.740998e-01 5.373585e-01 6.393667e-01 7.025490e-01 8.404329e-01 9.444838e-01 1.037393e+00 7.762845e-01 8.817049e-01 2.608596e-05
<GCONST> 5.622594e+01
<MIXTURE> 113 5.938666e-03
<MEAN> 25
 9.886817e+00 1.826933e+00 -8.317891e+00 -1.681291e+01 -1.231679e+00 6.009892e+00 -5.376753e+00 -1.462022e+00 -5.683011e+00 -9.909459e-01 3.331413e-01 -2.817128e-01 3.708537e-02 7.967944e-04 -5.374373e-02 -1.159757e-01 1.271791e-01 1.609922e-01 4.502136e-02 1.965058e-02 -9.696832e-02 -8.273125e-02 1.714290e-01 6.235899e-02 -1.033978e-03
<VARIANCE> 25
 8.642392e+00 1.601533e+01 3.193104e+01 3.525965e+01 5.074763e+01 3.434794e+01 3.802892e+01 3.931393e+01 3.550449e+01 5.025681e+01 3.427768e+01 2.802901e+01 1.409336e-01 3.115898e-01 3.084428e-01 6.141554e-01 6.099147e-01 6.184576e-01 7.725276e-01 8.389050e-01 1.010597e+00 8.902925e-01 7.223214e-01 7.101691e-01 1.325811e-04
<GCONST> 7.113184e+01
<MIXTURE> 114 5.938666e-03
<MEAN> 25
 9.886817e+00 1.826933e+00 -8.317891e+00 -1.681291e+01 -1.231679e+00 6.009892e+00 -5.376753e+00 -1.462022e+00 -5.683011e+00 -9.909459e-01 3.331413e-01 -2.817128e-01 3.708537e-02 7.967944e-04 -5.374373e-02 -1.159757e-01 1.271791e-01 1.609922e-01 4.502136e-02 1.965058e-02 -9.696832e-02 -8.273125e-02 1.714290e-01 6.235899e-02 -1.033978e-03
<VARIANCE> 25
 8.642392e+00 1.601533e+01 3.193104e+01 3.525965e+01 5.074763e+01 3.434794e+01 3.802892e+01 3.931393e+01 3.550449e+01 5.025681e+01 3.427768e+01 2.802901e+01 1.409336e-01 3.115898e-01 3.084428e-01 6.141554e-01 6.099147e-01 6.184576e-01 7.725276e-01 8.389050e-01 1.010597e+00 8.902925e-01 7.223214e-01 7.101691e-01 1.325811e-04
<GCONST> 7.113184e+01
<MIXTURE> 115 2.935202e-03
<MEAN> 25
 -3.536455e+00 2.506094e-01 -3.409921e+00 3.641155e+00 1.944935e+00 -2.517834e-01 2.570825e+00 -5.428243e-03 1.502854e+00 -3.618118e-01 -3.060720e-01 2.129657e+00 -2.073087e-02 -4.675274e-02 -4.985994e-02 -2.801599e-01 -7.486182e-01 -7.668111e-01 -5.086315e-01 -3.638168e-01 -4.911679e-01 -5.436040e-01 -3.325240e-01 -4.247926e-02 -5.902727e-05
<VARIANCE> 25
 9.007034e+00 1.256306e+01 1.200716e+01 1.143298e+01 1.267723e+01 1.516326e+01 1.509800e+01 2.168072e+01 1.537675e+01 1.679320e+01 1.888040e+01 1.433482e+01 1.967921e-01 3.928226e-01 5.642461e-01 6.266035e-01 6.751598e-01 7.639816e-01 1.032015e+00 1.370255e+00 1.295975e+00 1.006289e+00 1.045366e+00 1.011836e+00 9.203150e-07
<GCONST> 6.030990e+01
<MIXTURE> 116 2.935202e-03
<MEAN> 25
 -3.536455e+00 2.506094e-01 -3.409921e+00 3.641155e+00 1.944935e+00 -2.517834e-01 2.570825e+00 -5.428243e-03 1.502854e+00 -3.618118e-01 -3.060720e-01 2.129657e+00 -2.073087e-02 -4.675274e-02 -4.985994e-02 -2.801599e-01 -7.486182e-01 -7.668111e-01 -5.086315e-01 -3.638168e-01 -4.911679e-01 -5.436040e-01 -3.325240e-01 -4.247926e-02 -5.902727e-05
<VARIANCE> 25
 9.007034e+00 1.256306e+01 1.200716e+01 1.143298e+01 1.267723e+01 1.516326e+01 1.509800e+01 2.168072e+01 1.537675e+01 1.679320e+01 1.888040e+01 1.433482e+01 1.967921e-01 3.928226e-01 5.642461e-01 6.266035e-01 6.751598e-01 7.639816e-01 1.032015e+00 1.370255e+00 1.295975e+00 1.006289e+00 1.045366e+00 1.011836e+00 9.203150e-07
<GCONST> 6.030990e+01
<MIXTURE> 117 6.506003e-03
<MEAN> 25
 -4.642691e+00 1.119614e+00 1.049853e+00 9.756413e+00 6.258403e+00 6.253383e+00 6.462103e+00 5.039935e+00 6.381087e+00 4.927061e+00 6.364097e+00 2.706648e+00 -7.522930e-02 -2.344699e-01 -3.574095e-01 -4.192310e-01 -3.678378e-01 -3.030811e-01 -2.872185e-01 -3.305605e-01 -3.917216e-01 -3.696753e-01 -2.625481e-01 -1.159826e-01 -8.619489e-06
<VARIANCE> 25
 7.187284e+00 8.753088e+00 9.833186e+00 1.430454e+01 1.561281e+01 1.535293e+01 1.771717e+01 1.797857e+01 1.642247e+01 1.636955e+01 1.674428e+01 1.476078e+01 2.165406e-01 3.075160e-01 4.271491e-01 6.175014e-01 8.533009e-01 1.054943e+00 1.176983e+00 1.233475e+00 1.223233e+00 1.194757e+00 1.167033e+00 1.112950e+00 9.998570e-07
<GCONST> 6.043321e+01
<MIXTURE> 118 6.506003e-03
<MEAN> 25
 -4.642691e+00 1.119614e+00 1.049853e+00 9.756413e+00 6.258403e+00 6.253383e+00 6.462103e+00 5.039935e+00 6.381087e+00 4.927061e+00 6.364097e+00 2.706648e+00 -7.522930e-02 -2.344699e-01 -3.574095e-01 -4.192310e-01 -3.678378e-01 -3.030811e-01 -2.872185e-01 -3.305605e-01 -3.917216e-01 -3.696753e-01 -2.625481e-01 -1.159826e-01 -8.619489e-06
<VARIANCE> 25
 7.187284e+00 8.753088e+00 9.833186e+00 1.430454e+01 1.561281e+01 1.535293e+01 1.771717e+01 1.797857e+01 1.642247e+01 1.636955e+01 1.674428e+01 1.476078e+01 2.165406e-01 3.075160e-01 4.271491e-01 6.175014e-01 8.533009e-01 1.054943e+00 1.176983e+00 1.233475e+00 1.223233e+00 1.194757e+00 1.167033e+00 1.112950e+00 9.998570e-07
<GCONST> 6.043321e+01
<MIXTURE> 119 4.297961e-03
<MEAN> 25
 -5.598327e+00 -7.605389e+00 2.616922e+00 2.675442e+00 1.615014e+00 -1.330628e+00 6.964897e+00 7.354084e+00 8.743388e-01 3.219219e-01 6.438272e+00 2.711855e+00 -1.237018e-01 -9.274131e-02 3.625559e-02 -1.466017e-01 -2.711488e-01 -6.622826e-02 8.864725e-02 -1.183021e-01 -3.715717e-01 2.933041e-02 4.863158e-02 -3.933736e-02 2.731205e-05
<VARIANCE> 25
 8.923754e+00 9.345116e+00 1.516995e+01 1.935015e+01 2.128020e+01 2.730938e+01 3.298533e+01 3.007840e+01 2.416090e+01 2.664501e+01 1.848330e+01 2.112323e+01 1.963859e-01 2.768628e-01 5.862248e-01 7.842522e-01 8.723845e-01 1.060778e+00 1.353548e+00 1.239888e+00 1.307880e+00 1.223332e+00 1.409590e+00 9.998199e-01 2.429668e-04
<GCONST> 7.099374e+01
<MIXTURE> 120 4.297961e-03
<MEAN> 25
 -5.598327e+00 -7.605389e+00 2.616922e+00 2.675442e+00 1.615014e+00 -1.330628e+00 6.964897e+00 7.354084e+00 8.743388e-01 3.219219e-01 6.438272e+00 2.711855e+00 -1.237018e-01 -9.274131e-02 3.625559e-02 -1.466017e-01 -2.711488e-01 -6.622826e-02 8.864725e-02 -1.183021e-01 -3.715717e-01 2.933041e-02 4.863158e-02 -3.933736e-02 2.731205e-05
<VARIANCE> 25
 8.923754e+00 9.345116e+00 1.516995e+01 1.935015e+01 2.128020e+01 2.730938e+01 3.298533e+01 3.007840e+01 2.416090e+01 2.664501e+01 1.848330e+01 2.112323e+01 1.963859e-01 2.768628e-01 5.862248e-01 7.842522e-01 8.723845e-01 1.060778e+00 1.353548e+00 1.239888e+00 1.307880e+00 1.223332e+00 1.409590e+00 9.998199e-01 2.429668e-04
<GCONST> 7.099374e+01
<MIXTURE> 121 4.567511e-03
<MEAN> 25
 1.997745e-01 -2.513398e+00 5.257831e+00 -1.284417e+01 -1.260544e+01 -1.704149e+00 1.008940e+00 -5.037650e+00 -4.247966e+00 -4.337188e-01 -5.481516e+00 -4.290610e+00 2.383178e-02 1.373721e-01 -3.702870e-02 8.141215e-02 1.607205e-01 8.749001e-02 -8.727504e-02 -1.956469e-01 -2.768641e-01 -2.567551e-01 -1.154098e-01 4.807569e-03 -7.507115e-03
<VARIANCE> 25
 7.688114e+00 1.564428e+01 1.883142e+01 2.063767e+01 2.443096e+01 2.927602e+01 2.938817e+01 2.505935e+01 3.541681e+01 2.874336e+01 1.969504e+01 2.106853e+01 1.540713e-01 6.432790e-01 6.283658e-01 7.030181e-01 7.656201e-01 1.155632e+00 1.119996e+00 1.137687e+00 1.221832e+00 1.188634e+00 9.388788e-01 8.713682e-01 2.100407e-04
<GCONST> 7.152312e+01
<MIXTURE> 122 4.567511e-03
<MEAN> 25
 1.997745e-01 -2.513398e+00 5.257831e+00 -1.284417e+01 -1.260544e+01 -1.704149e+00 1.008940e+00 -5.037650e+00 -4.247966e+00 -4.337188e-01 -5.481516e+00 -4.290610e+00 2.383178e-02 1.373721e-01 -3.702870e-02 8.141215e-02 1.607205e-01 8.749001e-02 -8.727504e-02 -1.956469e-01 -2.768641e-01 -2.567551e-01 -1.154098e-01 4.807569e-03 -7.507115e-03
<VARIANCE> 25
 7.688114e+00 1.564428e+01 1.883142e+01 2.063767e+01 2.443096e+01 2.927602e+01 2.938817e+01 2.505935e+01 3.541681e+01 2.874336e+01 1.969504e+01 2.106853e+01 1.540713e-01 6.432790e-01 6.283658e-01 7.030181e-01 7.656201e-01 1.155632e+00 1.119996e+00 1.137687e+00 1.221832e+00 1.188634e+00 9.388788e-01 8.713682e-01 2.100407e-04
<GCONST> 7.152312e+01
<MIXTURE> 123 4.393044e-03
<MEAN> 25
 -2.880375e+00 2.912924e+00 -2.441470e+00 5.415126e+00 4.038470e+00 2.931663e+00 5.552302e+00 2.144508e-01 1.626369e+00 -1.501659e+00 -3.925006e-01 6.886299e-01 -4.102828e-01 -6.295385e-01 -7.289391e-01 -5.201266e-01 1.241813e-01 5.543142e-02 3.745899e-01 5.803893e-01 7.063646e-01 7.581736e-01 8.051111e-01 6.746078e-01 -1.795958e-03
<VARIANCE> 25
 6.787238e+00 8.905692e+00 1.492530e+01 1.518983e+01 1.967516e+01 2.385629e+01 2.231037e+01 1.917815e+01 2.120024e+01 1.143431e+01 2.050564e+01 1.694600e+01 2.619922e-01 2.761261e-01 3.920677e-01 1.067527e+00 1.007856e+00 1.117815e+00 1.271606e+00 9.299024e-01 9.107890e-01 1.024869e+00 9.331769e-01 1.065106e+00 1.421432e-04
<GCONST> 6.687979e+01
<MIXTURE> 124 4.069876e-03
<MEAN> 25
 -5.862106e+00 -3.762505e-01 -3.404955e+00 4.982261e+00 4.443823e+00 3.201253e+00 5.709399e+00 2.028077e+00 3.007330e+00 6.795892e-01 1.014139e+00 2.861621e+00 -2.152262e-01 -2.906038e-01 -3.400003e-01 -2.863952e-01 8.931977e-02 5.920185e-01 7.844059e-01 7.936723e-01 6.064781e-01 3.196043e-01 7.641129e-02 1.262741e-02 -3.657168e-04
<VARIANCE> 25
 1.170928e+01 9.218344e+00 1.101208e+01 1.377053e+01 1.199940e+01 1.845240e+01 1.479826e+01 1.739445e+01 1.483981e+01 1.662747e+01 1.888499e+01 1.349988e+01 1.065302e-01 1.676259e-01 2.467537e-01 4.821017e-01 5.799589e-01 7.325552e-01 7.784855e-01 7.942418e-01 8.654301e-01 1.121664e+00 9.648398e-01 9.169970e-01 2.376675e-05
<GCONST> 5.935967e+01
<MIXTURE> 125 4.069876e-03
<MEAN> 25
 -5.862106e+00 -3.762505e-01 -3.404955e+00 4.982261e+00 4.443823e+00 3.201253e+00 5.709399e+00 2.028077e+00 3.007330e+00 6.795892e-01 1.014139e+00 2.861621e+00 -2.152262e-01 -2.906038e-01 -3.400003e-01 -2.863952e-01 8.931977e-02 5.920185e-01 7.844059e-01 7.936723e-01 6.064781e-01 3.196043e-01 7.641129e-02 1.262741e-02 -3.657168e-04
<VARIANCE> 25
 1.170928e+01 9.218344e+00 1.101208e+01 1.377053e+01 1.199940e+01 1.845240e+01 1.479826e+01 1.739445e+01 1.483981e+01 1.662747e+01 1.888499e+01 1.349988e+01 1.065302e-01 1.676259e-01 2.467537e-01 4.821017e-01 5.799589e-01 7.325552e-01 7.784855e-01 7.942418e-01 8.654301e-01 1.121664e+00 9.648398e-01 9.169970e-01 2.376675e-05
<GCONST> 5.935967e+01
<MIXTURE> 126 2.402244e-03
<MEAN> 25
 -3.645188e+00 -6.708029e+00 -5.386467e+00 2.329609e+00 4.236068e+00 -3.412843e+00 -1.773054e-01 3.401742e+00 3.263865e+00 -2.543834e+00 -1.360387e+00 2.972136e+00 -2.479234e-02 -1.583521e-02 -9.157259e-03 -1.507543e-01 -3.496687e-01 -3.613234e-01 -2.482353e-01 -2.071558e-01 -1.406625e-01 -1.093878e-01 -7.866051e-02 -1.691264e-02 -2.011728e-03
<VARIANCE> 25
 7.658956e+00 1.382210e+01 1.388808e+01 1.491711e+01 2.473587e+01 2.470954e+01 2.521846e+01 2.943838e+01 3.091556e+01 2.608299e+01 2.153252e+01 1.890687e+01 1.839690e-01 3.468985e-01 5.052210e-01 5.591360e-01 7.910507e-01 1.008636e+00 1.126610e+00 1.343060e+00 1.309502e+00 1.303618e+00 1.236650e+00 1.143800e+00 2.166272e-04
<GCONST> 7.028633e+01
<MIXTURE> 127 2.402244e-03
<MEAN> 25
 -3.645188e+00 -6.708029e+00 -5.386467e+00 2.329609e+00 4.236068e+00 -3.412843e+00 -1.773054e-01 3.401742e+00 3.263865e+00 -2.543834e+00 -1.360387e+00 2.972136e+00 -2.479234e-02 -1.583521e-02 -9.157259e-03 -1.507543e-01 -3.496687e-01 -3.613234e-01 -2.482353e-01 -2.071558e-01 -1.406625e-01 -1.093878e-01 -7.866051e-02 -1.691264e-02 -2.011728e-03
<VARIANCE> 25
 7.658956e+00 1.382210e+01 1.388808e+01 1.491711e+01 2.473587e+01 2.470954e+01 2.521846e+01 2.943838e+01 3.091556e+01 2.608299e+01 2.153252e+01 1.890687e+01 1.839690e-01 3.468985e-01 5.052210e-01 5.591360e-01 7.910507e-01 1.008636e+00 1.126610e+00 1.343060e+00 1.309502e+00 1.303618e+00 1.236650e+00 1.143800e+00 2.166272e-04
<GCONST> 7.028633e+01
<MIXTURE> 128 3.790457e-03
<MEAN> 25
 -3.867254e+00 1.637859e+00 -3.707672e-01 6.507654e+00 3.629655e+00 1.890461e+00 3.509979e+00 2.267686e+00 3.916518e+00 3.615611e+00 3.645490e+00 3.367858e+00 -3.892410e-01 -2.065696e-01 9.573654e-02 7.314278e-01 1.172351e+00 1.119633e+00 7.380157e-01 1.511919e-01 -4.258794e-01 -8.057651e-01 -7.088089e-01 -3.893970e-01 -7.695107e-05
<VARIANCE> 25
 1.020598e+01 1.189758e+01 1.488325e+01 1.947658e+01 1.997911e+01 2.106186e+01 2.453515e+01 2.469620e+01 2.630165e+01 2.386524e+01 2.703838e+01 1.891282e+01 8.746025e-01 1.131176e+00 1.356122e+00 1.486064e+00 1.602226e+00 1.861250e+00 2.235479e+00 2.315762e+00 2.122820e+00 1.869505e+00 1.748878e+00 1.721664e+00 1.149133e-06
<GCONST> 7.377479e+01
<TRANSP> 3
 0.000000e+00 1.000000e+00 0.000000e+00
 0.000000e+00 9.999990e-01 9.999998e-07
 0.000000e+00 0.000000e+00 0.000000e+00
<ENDHMM>
