~o
<STREAMINFO> 1 25
<VECSIZE> 25<NULLD><MFCC_E_D_N><DIAGC>
~h "jmodel"
<BEGINHMM>
<NUMSTATES> 3
<STATE> 2
<NUMMIXES> 128
<MIXTURE> 1 5.748963e-03
<MEAN> 25
 -2.581107e+00 3.183951e+00 2.300133e+00 8.748368e+00 4.367726e+00 3.443756e+00 4.054425e+00 3.931511e+00 5.837128e+00 5.252306e+00 5.874053e+00 3.075381e+00 -2.001240e+00 -1.633301e+00 -8.649443e-01 1.073203e+00 1.557339e+00 2.230733e+00 2.152003e+00 2.083002e+00 1.693917e+00 1.271423e+00 1.566734e+00 6.135198e-01 -4.684977e-02
<VARIANCE> 25
 1.006325e+01 1.175145e+01 1.503596e+01 1.869382e+01 2.322180e+01 2.215953e+01 2.191917e+01 2.197014e+01 2.101562e+01 2.252152e+01 2.100072e+01 1.708487e+01 1.794228e+00 2.110747e+00 3.023403e+00 3.211982e+00 3.745529e+00 3.354759e+00 3.319066e+00 3.381016e+00 3.519768e+00 3.725624e+00 3.512342e+00 2.831294e+00 3.121833e-03
<GCONST> 8.847633e+01
<MIXTURE> 2 4.549242e-03
<MEAN> 25
 -4.871834e+00 1.319699e+00 9.865085e-01 9.894486e+00 6.692237e+00 7.426762e+00 7.847436e+00 6.951701e+00 8.369860e+00 6.367517e+00 7.609996e+00 3.069814e+00 -6.165031e-02 4.291106e-02 1.429542e-01 2.262386e-01 2.631924e-01 2.800053e-01 2.955022e-01 3.194202e-01 3.518122e-01 3.101392e-01 1.966014e-01 7.836933e-02 4.325196e-06
<VARIANCE> 25
 6.953189e+00 8.934968e+00 1.067965e+01 1.591650e+01 1.721251e+01 1.555259e+01 1.688047e+01 1.849119e+01 1.657429e+01 1.738664e+01 1.823494e+01 1.433648e+01 1.251922e-01 2.276217e-01 3.362207e-01 4.666068e-01 6.515405e-01 8.152120e-01 9.291045e-01 1.002101e+00 1.053690e+00 1.077950e+00 1.074582e+00 1.015291e+00 1.005513e-06
<GCONST> 5.806489e+01
<MIXTURE> 3 4.549242e-03
<MEAN> 25
 -4.871834e+00 1.319699e+00 9.865085e-01 9.894486e+00 6.692237e+00 7.426762e+00 7.847436e+00 6.951701e+00 8.369860e+00 6.367517e+00 7.609996e+00 3.069814e+00 -6.165031e-02 4.291106e-02 1.429542e-01 2.262386e-01 2.631924e-01 2.800053e-01 2.955022e-01 3.194202e-01 3.518122e-01 3.101392e-01 1.966014e-01 7.836933e-02 4.325196e-06
<VARIANCE> 25
 6.953189e+00 8.934968e+00 1.067965e+01 1.591650e+01 1.721251e+01 1.555259e+01 1.688047e+01 1.849119e+01 1.657429e+01 1.738664e+01 1.823494e+01 1.433648e+01 1.251922e-01 2.276217e-01 3.362207e-01 4.666068e-01 6.515405e-01 8.152120e-01 9.291045e-01 1.002101e+00 1.053690e+00 1.077950e+00 1.074582e+00 1.015291e+00 1.005513e-06
<GCONST> 5.806489e+01
<MIXTURE> 4 1.671429e-02
<MEAN> 25
 3.077826e+00 2.637074e+00 -4.034735e+00 5.397572e-01 4.761478e+00 -2.484861e-01 -5.726210e-02 9.953107e-02 1.982320e+00 2.106623e+00 -2.341757e+00 1.959347e-01 -2.567343e+00 1.409811e+00 1.590802e+00 3.006868e+00 8.367618e-01 3.827444e-01 1.495903e+00 8.819658e-01 9.065129e-01 2.046931e-01 1.219642e+00 7.974195e-01 -1.012752e-01
<VARIANCE> 25
 2.025467e+01 2.812201e+01 2.784634e+01 3.777751e+01 4.469220e+01 6.283707e+01 5.911129e+01 5.039772e+01 5.548519e+01 6.335629e+01 4.860534e+01 3.289417e+01 2.442737e+00 5.066953e+00 3.714623e+00 4.593500e+00 4.594218e+00 5.730579e+00 5.527656e+00 5.378702e+00 5.445675e+00 6.311800e+00 5.734575e+00 4.171938e+00 5.624504e-03
<GCONST> 1.042790e+02
<MIXTURE> 5 3.206198e-03
<MEAN> 25
 -3.402111e+00 2.248453e+00 5.229041e-01 9.378557e+00 6.703166e+00 6.348751e+00 7.110314e+00 4.697752e+00 5.508888e+00 3.817657e+00 4.530267e+00 2.557763e+00 -3.153899e-01 7.549955e-01 1.210222e+00 1.024258e+00 2.858523e-01 -1.074139e-01 -7.327808e-02 3.942062e-02 4.774974e-01 6.927476e-01 3.964128e-01 7.396010e-02 9.063804e-06
<VARIANCE> 25
 1.012973e+01 1.404756e+01 2.360872e+01 2.550423e+01 1.992282e+01 1.932422e+01 1.990813e+01 2.016534e+01 2.113187e+01 2.106893e+01 2.475258e+01 1.624997e+01 1.196270e+00 1.227124e+00 1.353200e+00 1.651587e+00 2.283258e+00 2.343976e+00 2.278168e+00 2.251613e+00 2.317206e+00 2.214306e+00 2.058651e+00 1.872610e+00 1.070007e-06
<GCONST> 7.508665e+01
<MIXTURE> 6 5.475854e-03
<MEAN> 25
 8.951365e+00 2.335519e-02 -7.008160e+00 -9.478997e+00 -2.305924e+00 6.457719e+00 -5.298106e+00 -5.908796e+00 -4.026496e+00 6.722124e-01 4.768533e+00 -6.192773e-01 4.582377e-01 7.499887e-01 -2.750530e-01 -1.501948e+00 -7.158654e-01 1.268801e+00 1.461668e+00 2.219138e-01 -1.028521e+00 -1.095105e+00 2.108942e-01 1.089094e+00 -5.706105e-03
<VARIANCE> 25
 1.093689e+01 1.663711e+01 2.186078e+01 4.761503e+01 3.288859e+01 2.711495e+01 4.118996e+01 3.733158e+01 3.634927e+01 4.116998e+01 3.723795e+01 2.729398e+01 2.795280e-01 8.574688e-01 8.619897e-01 2.013467e+00 1.488044e+00 1.794153e+00 2.113565e+00 1.910742e+00 2.454064e+00 1.884901e+00 2.253881e+00 1.396846e+00 5.646342e-04
<GCONST> 8.316461e+01
<MIXTURE> 7 5.475854e-03
<MEAN> 25
 8.951365e+00 2.335519e-02 -7.008160e+00 -9.478997e+00 -2.305924e+00 6.457719e+00 -5.298106e+00 -5.908796e+00 -4.026496e+00 6.722124e-01 4.768533e+00 -6.192773e-01 4.582377e-01 7.499887e-01 -2.750530e-01 -1.501948e+00 -7.158654e-01 1.268801e+00 1.461668e+00 2.219138e-01 -1.028521e+00 -1.095105e+00 2.108942e-01 1.089094e+00 -5.706105e-03
<VARIANCE> 25
 1.093689e+01 1.663711e+01 2.186078e+01 4.761503e+01 3.288859e+01 2.711495e+01 4.118996e+01 3.733158e+01 3.634927e+01 4.116998e+01 3.723795e+01 2.729398e+01 2.795280e-01 8.574688e-01 8.619897e-01 2.013467e+00 1.488044e+00 1.794153e+00 2.113565e+00 1.910742e+00 2.454064e+00 1.884901e+00 2.253881e+00 1.396846e+00 5.646342e-04
<GCONST> 8.316461e+01
<MIXTURE> 8 1.165917e-02
<MEAN> 25
 -4.714731e+00 1.378834e+00 1.225838e+00 9.503719e+00 6.600818e+00 6.253198e+00 6.445613e+00 5.688554e+00 6.664914e+00 5.616744e+00 6.523237e+00 3.143630e+00 -6.201514e-01 -1.418677e+00 -1.076813e+00 -1.717419e+00 -2.317868e-01 -9.345990e-01 -1.835804e-01 -3.001716e-01 -2.398311e-01 -1.638984e-01 -2.098908e-01 8.661440e-02 9.826745e-02
<VARIANCE> 25
 9.314779e+00 9.823209e+00 1.207805e+01 1.632563e+01 1.667840e+01 1.560663e+01 1.824245e+01 1.742898e+01 1.695864e+01 1.732513e+01 1.907578e+01 1.396931e+01 2.753629e+00 2.808218e+00 3.918149e+00 3.757220e+00 3.432543e+00 3.308771e+00 3.114043e+00 3.074743e+00 2.892740e+00 2.661051e+00 2.426292e+00 1.906103e+00 6.682284e-03
<GCONST> 8.632716e+01
<MIXTURE> 9 1.199672e-02
<MEAN> 25
 7.747057e+00 3.015335e+00 -7.009849e+00 -7.852978e+00 -1.553054e+00 5.240156e+00 -3.175699e+00 -5.101008e+00 -5.212940e+00 -2.920566e-01 2.155553e+00 3.576108e-01 1.403961e+00 -5.973461e-01 -4.800953e-01 -1.894736e+00 -1.598297e+00 1.148158e+00 -1.398839e+00 -9.664279e-01 -6.253308e-01 -6.320937e-01 1.040842e+00 -1.857370e-02 6.527803e-02
<VARIANCE> 25
 1.479949e+01 1.868745e+01 2.668075e+01 4.853838e+01 3.812706e+01 2.356733e+01 3.061750e+01 5.758551e+01 3.242177e+01 3.869518e+01 2.727190e+01 2.060583e+01 1.511269e+00 2.113772e+00 2.886853e+00 5.065371e+00 3.915793e+00 2.903423e+00 3.154478e+00 7.311430e+00 4.434477e+00 2.826139e+00 2.840477e+00 1.817850e+00 2.008277e-03
<GCONST> 9.384992e+01
<MIXTURE> 10 6.596976e-03
<MEAN> 25
 8.167762e-01 7.630528e+00 5.369502e+00 7.125091e+00 1.602046e+00 -2.126930e+00 -5.269095e-01 -1.681895e+00 8.749665e-01 8.527661e-01 8.373528e-01 6.350272e-01 -1.915829e+00 -6.674493e-01 -4.625877e-01 3.017441e+00 2.452587e+00 2.707643e+00 2.369319e+00 2.269298e+00 1.856640e+00 1.541631e+00 2.325142e+00 5.250570e-01 -1.378454e-01
<VARIANCE> 25
 1.947615e+01 2.062856e+01 2.225900e+01 2.914317e+01 3.826738e+01 3.488594e+01 3.506186e+01 3.374868e+01 2.752974e+01 2.899141e+01 2.694616e+01 2.510445e+01 2.248741e+00 3.424570e+00 5.520106e+00 5.180900e+00 5.564905e+00 4.456390e+00 4.689977e+00 4.850974e+00 4.381223e+00 5.006638e+00 4.457943e+00 3.190391e+00 2.710289e-03
<GCONST> 9.745200e+01
<MIXTURE> 11 1.633820e-02
<MEAN> 25
 5.235620e+00 3.712816e+00 2.032202e+00 4.822742e+00 -1.579158e+00 -1.832609e+00 -3.478190e+00 -5.036929e+00 -1.826731e+00 -7.621400e-01 -2.778855e+00 -2.283119e+00 -1.714849e-01 5.197494e-01 -1.235311e-01 3.929484e-02 4.092175e-01 5.401897e-02 3.138011e-01 -5.362825e-02 -1.702712e-01 5.365292e-02 -1.338052e-01 1.260694e-01 -2.320252e-02
<VARIANCE> 25
 1.051849e+01 2.973084e+01 2.290559e+01 2.487789e+01 3.220460e+01 2.758150e+01 3.185489e+01 3.515633e+01 3.318785e+01 2.737748e+01 2.782299e+01 2.224002e+01 6.250715e-01 8.888490e-01 1.543243e+00 1.679908e+00 1.628373e+00 2.533884e+00 1.692773e+00 2.748520e+00 1.730184e+00 1.623774e+00 1.662492e+00 1.529501e+00 7.465159e-04
<GCONST> 8.317333e+01
<MIXTURE> 12 5.904134e-03
<MEAN> 25
 9.546679e+00 3.761095e+00 -5.592828e+00 -1.415700e+01 -8.845889e+00 8.396603e+00 -8.055611e-01 -3.950199e+00 -1.901549e+00 -4.621504e+00 1.959719e+00 1.878440e+00 6.013570e-02 3.078492e-01 5.469994e-02 -4.522151e-01 -2.945499e-01 2.850998e-02 2.599381e-01 3.513312e-01 1.773065e-01 -1.872366e-01 -3.815219e-01 1.404327e-01 -5.177981e-03
<VARIANCE> 25
 1.248602e+01 1.795583e+01 2.332250e+01 4.106353e+01 3.569059e+01 2.626115e+01 3.545511e+01 5.524994e+01 3.696437e+01 3.146811e+01 3.214022e+01 2.958643e+01 2.257924e-01 7.107155e-01 5.706876e-01 1.098658e+00 1.341785e+00 1.201352e+00 1.147729e+00 1.305523e+00 1.275049e+00 1.180108e+00 1.209240e+00 1.093061e+00 4.978123e-04
<GCONST> 7.823112e+01
<MIXTURE> 13 5.904134e-03
<MEAN> 25
 9.546679e+00 3.761095e+00 -5.592828e+00 -1.415700e+01 -8.845889e+00 8.396603e+00 -8.055611e-01 -3.950199e+00 -1.901549e+00 -4.621504e+00 1.959719e+00 1.878440e+00 6.013570e-02 3.078492e-01 5.469994e-02 -4.522151e-01 -2.945499e-01 2.850998e-02 2.599381e-01 3.513312e-01 1.773065e-01 -1.872366e-01 -3.815219e-01 1.404327e-01 -5.177981e-03
<VARIANCE> 25
 1.248602e+01 1.795583e+01 2.332250e+01 4.106353e+01 3.569059e+01 2.626115e+01 3.545511e+01 5.524994e+01 3.696437e+01 3.146811e+01 3.214022e+01 2.958643e+01 2.257924e-01 7.107155e-01 5.706876e-01 1.098658e+00 1.341785e+00 1.201352e+00 1.147729e+00 1.305523e+00 1.275049e+00 1.180108e+00 1.209240e+00 1.093061e+00 4.978123e-04
<GCONST> 7.823112e+01
<MIXTURE> 14 6.488954e-03
<MEAN> 25
 -4.233090e+00 9.916413e-02 -2.240189e+00 8.078098e+00 8.096967e+00 7.260288e+00 7.425707e+00 7.444850e+00 7.448994e+00 5.232014e+00 5.468375e+00 4.035976e+00 -2.294127e-01 2.660066e-01 4.579520e-01 1.737615e-01 5.553230e-02 6.392656e-02 1.667156e-01 1.472017e-01 1.906951e-01 5.487396e-01 4.352425e-01 1.189146e-02 -8.281462e-03
<VARIANCE> 25
 9.237470e+00 1.256185e+01 2.908927e+01 1.722265e+01 2.026247e+01 1.693857e+01 1.927798e+01 1.810837e+01 1.954321e+01 2.121625e+01 2.503360e+01 1.758642e+01 9.135250e-01 1.434236e+00 1.872626e+00 1.705431e+00 2.272634e+00 1.932948e+00 2.013865e+00 2.319435e+00 2.361367e+00 2.142247e+00 2.038527e+00 1.767503e+00 9.336404e-04
<GCONST> 8.110508e+01
<MIXTURE> 15 2.475190e-03
<MEAN> 25
 -5.357735e+00 -4.256488e-01 -3.886131e-01 7.229894e+00 5.659631e+00 5.697711e+00 6.186780e+00 5.121085e+00 5.358974e+00 4.213970e+00 5.296363e+00 2.355486e+00 -1.235043e-01 -2.872294e-02 8.973916e-02 2.240461e-01 4.754044e-01 8.229296e-01 1.089599e+00 1.178777e+00 1.034948e+00 7.874944e-01 4.206599e-01 1.348793e-01 2.187792e-04
<VARIANCE> 25
 6.915566e+00 6.869134e+00 9.786731e+00 1.309363e+01 1.378042e+01 1.395100e+01 1.518386e+01 1.516097e+01 1.502716e+01 1.399508e+01 1.591750e+01 1.323222e+01 1.227580e-01 2.025006e-01 3.178619e-01 5.018312e-01 6.903893e-01 8.207961e-01 7.527549e-01 7.775935e-01 9.216080e-01 1.024625e+00 1.045664e+00 1.031470e+00 3.039632e-05
<GCONST> 5.904071e+01
<MIXTURE> 16 2.475190e-03
<MEAN> 25
 -5.357735e+00 -4.256488e-01 -3.886131e-01 7.229894e+00 5.659631e+00 5.697711e+00 6.186780e+00 5.121085e+00 5.358974e+00 4.213970e+00 5.296363e+00 2.355486e+00 -1.235043e-01 -2.872294e-02 8.973916e-02 2.240461e-01 4.754044e-01 8.229296e-01 1.089599e+00 1.178777e+00 1.034948e+00 7.874944e-01 4.206599e-01 1.348793e-01 2.187792e-04
<VARIANCE> 25
 6.915566e+00 6.869134e+00 9.786731e+00 1.309363e+01 1.378042e+01 1.395100e+01 1.518386e+01 1.516097e+01 1.502716e+01 1.399508e+01 1.591750e+01 1.323222e+01 1.227580e-01 2.025006e-01 3.178619e-01 5.018312e-01 6.903893e-01 8.207961e-01 7.527549e-01 7.775935e-01 9.216080e-01 1.024625e+00 1.045664e+00 1.031470e+00 3.039632e-05
<GCONST> 5.904071e+01
<MIXTURE> 17 9.518312e-03
<MEAN> 25
 3.393153e+00 -4.370320e+00 7.749350e+00 4.391261e+00 -5.464611e+00 -5.742581e+00 -2.625759e+00 -2.658438e-01 -3.059378e+00 -4.011034e+00 2.563988e+00 -2.097670e-02 -8.644748e-01 -6.630557e-01 1.582628e+00 -1.596715e+00 -2.191454e+00 -3.751512e-01 8.236711e-01 8.046446e-01 -2.153913e-01 -7.553726e-01 1.407924e+00 4.313636e-02 6.580142e-02
<VARIANCE> 25
 1.157335e+01 3.263345e+01 2.735315e+01 4.114405e+01 3.333988e+01 4.003362e+01 3.807733e+01 2.933231e+01 2.848372e+01 2.675582e+01 2.929761e+01 2.226330e+01 1.154178e+00 2.539356e+00 2.380526e+00 4.103273e+00 2.785203e+00 4.334637e+00 4.047021e+00 4.540661e+00 3.635837e+00 4.230469e+00 3.115095e+00 2.334058e+00 1.490151e-03
<GCONST> 9.320274e+01
<MIXTURE> 18 1.221018e-02
<MEAN> 25
 2.382538e+00 3.068495e+00 8.276973e+00 4.371821e+00 -2.631621e+00 -9.167576e+00 -2.291185e+00 5.237514e-01 -4.593849e+00 -1.764311e+00 -2.575240e-01 4.678430e-01 -6.009422e-01 2.068394e+00 -7.199013e-01 1.293380e+00 2.790630e+00 1.022743e+00 6.389365e-01 -4.547751e-03 8.569400e-01 7.659834e-01 -9.746042e-01 -8.714703e-02 -1.084633e-01
<VARIANCE> 25
 1.486151e+01 2.655926e+01 2.807498e+01 2.230314e+01 3.904285e+01 2.540818e+01 3.739029e+01 2.882579e+01 3.468510e+01 2.758201e+01 3.005851e+01 2.565786e+01 2.111043e+00 2.178572e+00 3.609129e+00 3.479294e+00 4.439976e+00 4.164591e+00 4.109169e+00 4.132669e+00 3.540181e+00 3.318129e+00 3.981209e+00 3.395592e+00 3.241522e-03
<GCONST> 9.490006e+01
<MIXTURE> 19 9.912824e-03
<MEAN> 25
 -9.349422e+00 2.607578e+00 -2.359874e-01 6.093759e-01 4.748125e+00 7.018384e-01 3.922677e+00 1.675861e+00 1.788672e+00 2.427027e+00 1.516986e-01 2.567403e+00 1.889754e+00 1.460664e+00 2.271462e+00 6.633785e-01 -9.632262e-01 -1.002505e+00 -1.224124e+00 -1.326179e+00 -1.380814e+00 -1.027086e+00 -7.150877e-01 -7.648274e-01 5.884556e-03
<VARIANCE> 25
 5.189743e+01 2.498517e+01 4.643531e+01 5.041639e+01 3.061630e+01 4.303827e+01 2.628305e+01 2.751802e+01 2.907577e+01 2.976193e+01 2.852713e+01 2.276364e+01 2.568055e+00 2.091171e+00 2.561355e+00 1.930992e+00 2.779503e+00 1.962355e+00 2.477220e+00 2.157421e+00 1.958198e+00 1.743952e+00 1.896246e+00 1.765243e+00 2.744064e-03
<GCONST> 9.106933e+01
<MIXTURE> 20 6.308331e-03
<MEAN> 25
 -1.414792e+01 7.374275e+00 7.938395e-01 6.128395e+00 4.861075e+00 1.644722e+00 5.144563e+00 8.542612e-01 9.453747e-01 8.064885e-01 2.487516e+00 -3.069742e-01 -3.270667e+00 -8.703786e-01 -1.556627e+00 3.366702e-01 1.539726e+00 2.047829e+00 1.956801e+00 2.069357e+00 2.126937e+00 2.021544e+00 1.679539e+00 9.559551e-01 4.746383e-02
<VARIANCE> 25
 1.965657e+01 2.348651e+01 3.104717e+01 3.698501e+01 3.063825e+01 2.775718e+01 3.022445e+01 3.124956e+01 2.793555e+01 2.799359e+01 2.576768e+01 2.079955e+01 2.103555e+00 2.166964e+00 1.904259e+00 2.523911e+00 2.681447e+00 2.323754e+00 2.355006e+00 2.324916e+00 2.257143e+00 2.673515e+00 2.228178e+00 1.868806e+00 1.874835e-03
<GCONST> 8.923150e+01
<MIXTURE> 21 7.928653e-03
<MEAN> 25
 2.913003e+00 -4.572683e+00 6.993453e+00 -3.595365e-02 -9.796502e+00 -8.091823e+00 -8.315951e-01 4.616479e+00 -2.824168e+00 -3.528347e+00 2.013832e+00 2.193564e-01 -9.003199e-01 1.206628e+00 2.481474e+00 -3.914421e-01 -1.130139e+00 2.086462e-01 5.957747e-01 -1.178520e+00 -1.837569e+00 4.338785e-01 1.132606e+00 1.934736e-01 -5.218651e-03
<VARIANCE> 25
 9.351338e+00 1.764637e+01 2.763861e+01 3.041964e+01 2.459979e+01 2.752161e+01 4.497848e+01 3.107510e+01 4.254806e+01 2.478032e+01 3.341443e+01 1.637795e+01 7.190566e-01 7.901695e-01 1.536942e+00 1.645829e+00 2.297763e+00 2.096529e+00 4.130545e+00 2.536011e+00 1.929781e+00 2.140520e+00 1.794190e+00 1.795040e+00 5.317461e-04
<GCONST> 8.414583e+01
<MIXTURE> 22 8.827789e-03
<MEAN> 25
 -1.791961e+01 7.154276e+00 -4.131893e+00 7.391951e+00 4.602771e+00 2.760909e+00 8.398758e+00 1.748671e+00 5.379515e+00 3.300781e+00 5.715150e+00 1.185470e+00 -3.096278e-01 -2.076378e-01 -1.255636e-01 -1.491548e-01 -7.167309e-03 1.369213e-01 1.806724e-01 1.780636e-01 2.484682e-01 2.072679e-01 1.726470e-01 1.925004e-01 8.861373e-03
<VARIANCE> 25
 8.128139e+00 1.682545e+01 1.738357e+01 2.517108e+01 2.289437e+01 2.083564e+01 1.943833e+01 1.871408e+01 1.813871e+01 2.086483e+01 1.925262e+01 1.378882e+01 1.090820e+00 1.357309e+00 1.363832e+00 1.572044e+00 1.408819e+00 1.526846e+00 1.509059e+00 1.533355e+00 1.614137e+00 1.544600e+00 1.357564e+00 1.168399e+00 1.745779e-03
<GCONST> 7.831241e+01
<MIXTURE> 23 6.455497e-03
<MEAN> 25
 6.666908e+00 2.541515e+00 1.991198e+00 3.361777e+00 -4.197787e+00 -2.175806e+00 -3.238464e+00 -5.180463e+00 -2.400321e+00 -2.707654e+00 -4.302498e+00 -2.030725e+00 1.860709e-03 1.905552e-01 -1.013106e-01 -6.842621e-02 5.015614e-02 -4.644979e-02 1.126922e-01 -5.063527e-02 -1.302066e-02 -6.683517e-02 -8.642013e-02 2.464528e-01 -5.444262e-03
<VARIANCE> 25
 1.149703e+01 2.616166e+01 2.441346e+01 3.286921e+01 3.344397e+01 4.459711e+01 5.036551e+01 4.938906e+01 3.926109e+01 4.179890e+01 3.929606e+01 3.497997e+01 9.878856e-02 2.602601e-01 4.274769e-01 5.715874e-01 6.324044e-01 6.672940e-01 7.763121e-01 9.310460e-01 8.353044e-01 9.929272e-01 1.072214e+00 8.784315e-01 9.787077e-05
<GCONST> 7.236030e+01
<MIXTURE> 24 6.455497e-03
<MEAN> 25
 6.666908e+00 2.541515e+00 1.991198e+00 3.361777e+00 -4.197787e+00 -2.175806e+00 -3.238464e+00 -5.180463e+00 -2.400321e+00 -2.707654e+00 -4.302498e+00 -2.030725e+00 1.860709e-03 1.905552e-01 -1.013106e-01 -6.842621e-02 5.015614e-02 -4.644979e-02 1.126922e-01 -5.063527e-02 -1.302066e-02 -6.683517e-02 -8.642013e-02 2.464528e-01 -5.444262e-03
<VARIANCE> 25
 1.149703e+01 2.616166e+01 2.441346e+01 3.286921e+01 3.344397e+01 4.459711e+01 5.036551e+01 4.938906e+01 3.926109e+01 4.179890e+01 3.929606e+01 3.497997e+01 9.878856e-02 2.602601e-01 4.274769e-01 5.715874e-01 6.324044e-01 6.672940e-01 7.763121e-01 9.310460e-01 8.353044e-01 9.929272e-01 1.072214e+00 8.784315e-01 9.787077e-05
<GCONST> 7.236030e+01
<MIXTURE> 25 1.118642e-02
<MEAN> 25
 -1.298095e+00 -1.881856e-01 1.711190e+01 -1.832067e+00 -9.916893e+00 -4.415143e-02 -2.164718e+00 -2.938064e+00 -7.859134e+00 -5.068828e+00 6.286105e+00 -1.507407e+00 -3.530379e-02 2.038033e-01 -1.128640e-01 -5.465614e-02 4.085390e-01 3.184002e-02 9.220082e-02 1.706540e-01 -3.166946e-01 5.666393e-02 -1.022360e-01 8.656587e-02 -9.130942e-03
<VARIANCE> 25
 5.852374e+00 1.649233e+01 1.790215e+01 1.487347e+01 1.836475e+01 2.806216e+01 1.447299e+01 2.518159e+01 3.064953e+01 2.972890e+01 1.492665e+01 1.139450e+01 6.228790e-01 1.614079e+00 1.369033e+00 1.557932e+00 1.695202e+00 3.053102e+00 1.229069e+00 1.948409e+00 1.394319e+00 1.929222e+00 1.365984e+00 1.177051e+00 1.565504e-03
<GCONST> 7.848035e+01
<MIXTURE> 26 7.727677e-03
<MEAN> 25
 1.949370e+00 -3.720155e+00 -9.818377e+00 -2.131712e+00 7.773393e+00 5.225987e+00 2.317071e+00 -3.806893e-02 3.287707e+00 1.221454e+00 -3.359530e+00 -9.141363e-01 -6.062488e-01 6.927662e-01 2.331932e-01 6.536701e-01 9.668789e-02 8.428627e-02 4.217043e-01 3.462759e-01 1.598846e-01 1.026923e-01 3.693808e-01 2.912683e-01 -4.431510e-02
<VARIANCE> 25
 1.932458e+01 4.305992e+01 2.362119e+01 5.387053e+01 3.528025e+01 3.534233e+01 4.180811e+01 3.862000e+01 3.448016e+01 4.926637e+01 3.712000e+01 3.546780e+01 1.255512e+00 1.946325e+00 1.652449e+00 1.937619e+00 1.950565e+00 2.226413e+00 2.384140e+00 2.615680e+00 2.044753e+00 2.230417e+00 2.052882e+00 1.721905e+00 2.927902e-03
<GCONST> 9.125806e+01
<MIXTURE> 27 7.727677e-03
<MEAN> 25
 1.949370e+00 -3.720155e+00 -9.818377e+00 -2.131712e+00 7.773393e+00 5.225987e+00 2.317071e+00 -3.806893e-02 3.287707e+00 1.221454e+00 -3.359530e+00 -9.141363e-01 -6.062488e-01 6.927662e-01 2.331932e-01 6.536701e-01 9.668789e-02 8.428627e-02 4.217043e-01 3.462759e-01 1.598846e-01 1.026923e-01 3.693808e-01 2.912683e-01 -4.431510e-02
<VARIANCE> 25
 1.932458e+01 4.305992e+01 2.362119e+01 5.387053e+01 3.528025e+01 3.534233e+01 4.180811e+01 3.862000e+01 3.448016e+01 4.926637e+01 3.712000e+01 3.546780e+01 1.255512e+00 1.946325e+00 1.652449e+00 1.937619e+00 1.950565e+00 2.226413e+00 2.384140e+00 2.615680e+00 2.044753e+00 2.230417e+00 2.052882e+00 1.721905e+00 2.927902e-03
<GCONST> 9.125806e+01
<MIXTURE> 28 5.036674e-03
<MEAN> 25
 -5.570319e+00 5.893864e-02 -1.842385e+00 6.640295e+00 5.390570e+00 3.437276e+00 5.156082e+00 3.431405e+00 4.098229e+00 2.409066e+00 2.302759e+00 3.208663e+00 -9.921834e-02 2.069318e-01 5.100689e-01 7.870404e-01 8.428724e-01 7.055057e-01 5.718936e-01 5.037144e-01 4.132177e-01 4.839589e-01 3.789982e-01 2.550749e-01 8.735182e-05
<VARIANCE> 25
 1.123064e+01 8.598385e+00 1.335084e+01 1.451455e+01 1.505875e+01 1.765244e+01 1.898030e+01 2.076859e+01 1.712121e+01 1.616360e+01 2.204467e+01 1.461720e+01 2.515222e-01 3.504228e-01 4.034239e-01 4.491598e-01 6.716698e-01 8.325807e-01 1.061564e+00 1.528833e+00 1.137246e+00 1.004699e+00 1.011198e+00 1.198748e+00 1.172392e-06
<GCONST> 6.117719e+01
<MIXTURE> 29 5.036674e-03
<MEAN> 25
 -5.570319e+00 5.893864e-02 -1.842385e+00 6.640295e+00 5.390570e+00 3.437276e+00 5.156082e+00 3.431405e+00 4.098229e+00 2.409066e+00 2.302759e+00 3.208663e+00 -9.921834e-02 2.069318e-01 5.100689e-01 7.870404e-01 8.428724e-01 7.055057e-01 5.718936e-01 5.037144e-01 4.132177e-01 4.839589e-01 3.789982e-01 2.550749e-01 8.735182e-05
<VARIANCE> 25
 1.123064e+01 8.598385e+00 1.335084e+01 1.451455e+01 1.505875e+01 1.765244e+01 1.898030e+01 2.076859e+01 1.712121e+01 1.616360e+01 2.204467e+01 1.461720e+01 2.515222e-01 3.504228e-01 4.034239e-01 4.491598e-01 6.716698e-01 8.325807e-01 1.061564e+00 1.528833e+00 1.137246e+00 1.004699e+00 1.011198e+00 1.198748e+00 1.172392e-06
<GCONST> 6.117719e+01
<MIXTURE> 30 8.917812e-03
<MEAN> 25
 -4.368962e+00 2.014938e-01 2.066389e-01 8.870866e+00 7.554375e+00 7.327704e+00 7.747342e+00 6.834893e+00 6.631123e+00 4.885467e+00 6.470041e+00 3.408133e+00 -3.119582e-02 1.228773e-02 4.410539e-02 6.042065e-02 5.956324e-02 4.418942e-02 4.652312e-02 2.519551e-03 -1.028671e-02 6.712466e-02 9.346771e-02 6.585892e-02 -7.632638e-04
<VARIANCE> 25
 6.757014e+00 1.156622e+01 1.257522e+01 1.379136e+01 1.622849e+01 1.618480e+01 1.878441e+01 1.734072e+01 1.661409e+01 1.767875e+01 2.437781e+01 1.424227e+01 9.633324e-02 2.104637e-01 3.434144e-01 5.013124e-01 6.220689e-01 7.733223e-01 7.666284e-01 7.885010e-01 8.796585e-01 9.400002e-01 9.236231e-01 8.608060e-01 5.165423e-05
<GCONST> 6.116755e+01
<MIXTURE> 31 4.136493e-03
<MEAN> 25
 -3.009388e+00 -4.628603e+00 5.296441e-01 4.337132e+00 2.710954e+00 3.262334e-01 5.785838e+00 7.266212e+00 2.955442e+00 4.589660e-01 5.507336e+00 3.032771e+00 2.763643e-01 4.993995e-01 -2.878769e-01 3.779577e-01 2.276707e-01 4.251616e-01 1.136234e-01 4.513917e-03 3.506300e-01 2.987141e-01 1.099277e-01 9.693713e-02 -2.109160e-02
<VARIANCE> 25
 7.440942e+00 1.679747e+01 2.163571e+01 1.648268e+01 2.752883e+01 2.914088e+01 2.407388e+01 2.407944e+01 2.240162e+01 2.741551e+01 2.056190e+01 1.747499e+01 1.839662e-01 4.240516e-01 5.586127e-01 7.999576e-01 9.093929e-01 9.821935e-01 1.374755e+00 1.432485e+00 1.212013e+00 1.171790e+00 1.138827e+00 1.173122e+00 2.634036e-04
<GCONST> 7.161312e+01
<MIXTURE> 32 4.136493e-03
<MEAN> 25
 -3.009388e+00 -4.628603e+00 5.296441e-01 4.337132e+00 2.710954e+00 3.262334e-01 5.785838e+00 7.266212e+00 2.955442e+00 4.589660e-01 5.507336e+00 3.032771e+00 2.763643e-01 4.993995e-01 -2.878769e-01 3.779577e-01 2.276707e-01 4.251616e-01 1.136234e-01 4.513917e-03 3.506300e-01 2.987141e-01 1.099277e-01 9.693713e-02 -2.109160e-02
<VARIANCE> 25
 7.440942e+00 1.679747e+01 2.163571e+01 1.648268e+01 2.752883e+01 2.914088e+01 2.407388e+01 2.407944e+01 2.240162e+01 2.741551e+01 2.056190e+01 1.747499e+01 1.839662e-01 4.240516e-01 5.586127e-01 7.999576e-01 9.093929e-01 9.821935e-01 1.374755e+00 1.432485e+00 1.212013e+00 1.171790e+00 1.138827e+00 1.173122e+00 2.634036e-04
<GCONST> 7.161312e+01
<MIXTURE> 33 1.508826e-02
<MEAN> 25
 4.679839e+00 -4.642684e+00 2.248249e-01 -1.537167e+00 -1.786255e+00 -3.711696e+00 -6.450212e+00 3.453480e+00 1.954401e+00 2.994302e-01 -3.194941e+00 -2.841909e+00 5.278907e-01 -1.201792e+00 -2.156744e+00 -2.019366e+00 1.247772e+00 1.882979e+00 -4.732302e-01 1.334992e-01 1.329923e+00 5.182338e-01 -4.272710e-01 -1.593893e+00 2.668691e-02
<VARIANCE> 25
 9.648196e+00 3.708440e+01 3.134491e+01 2.677774e+01 4.738724e+01 3.950517e+01 2.959159e+01 4.443961e+01 3.350645e+01 3.477124e+01 2.980042e+01 2.364243e+01 8.409472e-01 1.613619e+00 1.885230e+00 1.542694e+00 2.900128e+00 2.763333e+00 3.696919e+00 5.571258e+00 3.497187e+00 2.843837e+00 3.164816e+00 2.468253e+00 1.500189e-03
<GCONST> 9.122372e+01
<MIXTURE> 34 1.588179e-02
<MEAN> 25
 8.466772e+00 -1.834164e+00 6.895612e-01 2.435190e+00 -3.836861e+00 -5.898849e-01 -5.506182e+00 -4.060900e+00 -1.996919e+00 -8.435397e-01 -1.749613e+00 -3.029890e+00 -1.454506e-02 1.334547e+00 9.523091e-01 2.282762e+00 7.397687e-02 -2.147029e-01 1.292289e+00 -1.253134e+00 -8.125259e-01 6.069396e-02 -7.148004e-01 4.225883e-01 -5.952704e-02
<VARIANCE> 25
 7.635912e+00 4.032752e+01 3.025358e+01 5.301306e+01 3.857139e+01 4.797579e+01 4.908990e+01 5.317804e+01 4.546358e+01 3.973763e+01 4.498760e+01 2.868199e+01 1.152095e+00 1.835380e+00 5.020580e+00 3.380385e+00 4.845432e+00 6.538610e+00 6.046679e+00 5.931626e+00 4.393465e+00 4.920015e+00 4.249193e+00 3.401230e+00 1.162573e-03
<GCONST> 9.871246e+01
<MIXTURE> 35 1.467755e-02
<MEAN> 25
 -1.950992e+00 -5.654776e+00 -9.973505e+00 -2.803781e+00 1.052340e+01 4.776379e-01 6.663316e-01 8.284667e-01 -3.604377e-01 6.179523e+00 -2.086070e+00 2.758770e+00 3.419713e-01 -1.317818e+00 -9.322819e-01 -1.212839e+00 1.204146e-01 -6.773684e-01 -7.054245e-01 2.705662e-01 -4.965128e-01 7.362231e-01 -2.778776e-01 -2.417047e-01 9.884436e-02
<VARIANCE> 25
 1.822909e+01 2.853852e+01 4.730580e+01 5.354780e+01 3.296095e+01 5.058655e+01 4.405976e+01 3.648447e+01 6.186430e+01 3.257576e+01 3.940510e+01 2.737536e+01 2.463954e+00 4.762560e+00 7.231657e+00 5.058193e+00 4.064585e+00 3.868511e+00 4.082656e+00 4.831546e+00 4.980351e+00 4.534409e+00 2.816485e+00 2.957236e+00 4.698840e-03
<GCONST> 1.011075e+02
<MIXTURE> 36 1.093293e-02
<MEAN> 25
 3.232075e+00 -2.780240e+00 5.804925e+00 2.446606e+00 -7.652075e+00 -6.859313e+00 -2.980764e+00 4.138098e+00 -1.419591e-01 -4.103191e+00 2.204735e+00 -3.005243e-02 1.569652e-01 3.239243e-01 -6.436676e-01 -1.896379e-01 1.100975e+00 3.393103e-02 -6.795454e-01 -2.166134e-01 1.527226e-01 7.050736e-01 -4.239259e-01 -1.937321e-01 -2.295375e-02
<VARIANCE> 25
 9.551579e+00 1.795518e+01 2.406796e+01 2.115451e+01 3.887825e+01 2.461561e+01 4.004414e+01 2.574701e+01 3.700144e+01 3.040273e+01 3.087222e+01 2.002699e+01 4.918536e-01 5.269002e-01 1.528848e+00 1.037542e+00 1.325714e+00 1.903771e+00 2.308732e+00 1.902964e+00 2.067878e+00 1.957841e+00 1.239742e+00 1.358746e+00 7.329712e-04
<GCONST> 8.079717e+01
<MIXTURE> 37 1.246826e-02
<MEAN> 25
 5.504918e-01 7.586988e+00 1.204244e+01 -5.496599e+00 -7.894207e+00 -9.203309e-01 -4.946778e+00 -8.217241e+00 -3.745858e+00 -1.039718e+00 -3.426811e+00 -1.343489e+00 2.180892e-01 6.479185e-01 -1.379509e+00 3.486730e+00 1.954596e+00 -2.994996e-01 1.059962e+00 4.075143e-01 5.357728e-01 -2.671733e-01 5.292612e-01 -1.108644e-01 -9.394269e-02
<VARIANCE> 25
 1.550792e+01 2.648924e+01 3.028086e+01 4.985444e+01 3.411651e+01 3.305561e+01 4.320297e+01 3.542883e+01 3.798707e+01 3.574210e+01 3.854261e+01 3.034465e+01 2.921022e+00 3.326650e+00 2.959677e+00 4.255817e+00 4.537247e+00 3.698893e+00 4.134814e+00 3.768396e+00 3.375004e+00 3.657810e+00 3.786335e+00 2.764518e+00 3.847698e-03
<GCONST> 9.759898e+01
<MIXTURE> 38 1.154525e-02
<MEAN> 25
 -4.969179e+00 8.133653e+00 5.050929e+00 2.368279e+00 1.741168e+00 -6.101348e+00 4.730343e-01 -2.502937e+00 -3.717487e+00 -2.436706e+00 -1.190039e+00 6.916490e-01 -4.233554e+00 1.257009e+00 -6.455601e-01 9.754877e-01 2.499780e+00 9.881437e-01 1.917823e+00 5.453637e-01 6.247188e-01 6.217777e-01 8.339881e-01 5.285039e-01 4.296671e-02
<VARIANCE> 25
 2.966887e+01 3.089923e+01 3.675572e+01 3.389179e+01 4.790165e+01 3.667056e+01 3.990462e+01 3.847746e+01 3.606100e+01 3.123011e+01 2.188214e+01 3.584660e+01 2.539922e+00 3.680312e+00 4.275659e+00 5.919890e+00 4.010688e+00 5.501122e+00 4.398332e+00 5.358723e+00 4.277061e+00 4.331532e+00 4.083189e+00 3.260017e+00 2.075555e-03
<GCONST> 9.944495e+01
<MIXTURE> 39 9.501865e-03
<MEAN> 25
 9.733742e-01 1.680794e+00 1.099451e+01 -7.927256e+00 -1.133965e+01 -1.011455e+00 -2.501561e+00 -6.245180e+00 -4.353033e+00 2.723481e-02 -2.141494e+00 -2.100509e+00 -7.614573e-01 1.564877e+00 1.592927e+00 -1.399004e+00 -1.113153e-01 1.367970e+00 -9.621131e-01 -1.367012e+00 5.080680e-01 3.017352e-01 -2.882915e-01 -3.651765e-02 2.400938e-03
<VARIANCE> 25
 8.498772e+00 3.288150e+01 3.285464e+01 4.244790e+01 3.534903e+01 3.872375e+01 3.986962e+01 3.706801e+01 4.072138e+01 3.688696e+01 4.441042e+01 2.581824e+01 7.030685e-01 1.455503e+00 1.438520e+00 2.655754e+00 2.792609e+00 2.780421e+00 3.271962e+00 2.583351e+00 2.777884e+00 2.446946e+00 2.194697e+00 2.048181e+00 1.101355e-03
<GCONST> 8.985516e+01
<MIXTURE> 40 1.030800e-02
<MEAN> 25
 -6.905025e+00 2.837943e+00 -4.212241e+00 6.047905e+00 4.610301e+00 5.511368e+00 5.031265e+00 4.617943e+00 5.771557e+00 4.621830e+00 3.138401e+00 1.610784e+00 -1.494660e-01 -2.402039e-01 -1.431574e-01 -1.135323e-01 -1.728705e-01 -2.089636e-01 1.504435e-01 -1.348942e-01 -8.939052e-02 1.335375e-02 1.135331e-01 -2.202892e-02 -1.322568e-03
<VARIANCE> 25
 3.252840e+01 1.565844e+01 2.930095e+01 2.531517e+01 2.335720e+01 1.595296e+01 1.710049e+01 1.464851e+01 1.707863e+01 1.458099e+01 2.021425e+01 1.564162e+01 5.849816e-01 6.069837e-01 8.956584e-01 9.506077e-01 1.113761e+00 1.311371e+00 1.168407e+00 1.369573e+00 1.188586e+00 1.137366e+00 1.170516e+00 9.299210e-01 6.671750e-04
<GCONST> 7.423343e+01
<MIXTURE> 41 6.713375e-03
<MEAN> 25
 9.871039e-01 2.485862e+00 1.205184e+01 -6.390559e+00 -9.429761e+00 -2.905623e+00 -2.458894e+00 -4.165462e+00 -6.120355e+00 2.518663e+00 -8.520958e-01 -1.485715e+00 -4.842337e-03 -1.004804e+00 1.950131e+00 -3.053650e+00 -2.466614e+00 -1.427838e-01 -3.719990e-01 -5.675510e-01 -1.202096e+00 8.679668e-01 -4.951480e-01 1.722131e-01 8.998063e-02
<VARIANCE> 25
 1.027931e+01 3.014215e+01 3.791000e+01 3.479592e+01 4.028716e+01 3.721455e+01 3.433154e+01 2.880237e+01 3.608715e+01 2.441776e+01 3.294762e+01 2.393405e+01 2.732507e+00 3.211852e+00 3.861784e+00 4.088343e+00 4.236503e+00 5.004664e+00 4.132070e+00 4.712476e+00 4.231234e+00 3.803452e+00 4.309218e+00 2.711266e+00 2.665622e-03
<GCONST> 9.679212e+01
<MIXTURE> 42 1.106211e-02
<MEAN> 25
 -2.514814e+00 3.781403e+00 5.027675e+00 2.086495e+00 1.598216e+00 -6.720141e+00 -3.103690e-01 -2.090703e+00 -3.042418e+00 1.624569e-01 -2.228217e+00 1.648546e+00 3.557552e+00 -6.193146e-01 2.531773e+00 7.168387e-01 -3.154840e+00 -3.608204e-01 -2.437020e+00 -8.275985e-01 -4.664598e-01 -1.689373e+00 1.179078e+00 -1.256642e+00 3.603818e-02
<VARIANCE> 25
 3.246747e+01 2.782454e+01 4.739594e+01 2.113276e+01 2.951887e+01 3.614040e+01 3.826748e+01 2.689557e+01 2.792474e+01 2.736676e+01 1.675593e+01 1.672936e+01 3.223211e+00 3.496413e+00 6.620853e+00 4.616645e+00 3.857363e+00 5.098641e+00 3.597678e+00 6.595706e+00 6.623156e+00 5.260629e+00 3.344967e+00 2.288889e+00 4.209696e-03
<GCONST> 9.794986e+01
<MIXTURE> 43 7.108249e-03
<MEAN> 25
 3.092000e+00 -6.287997e+00 -1.966776e+00 -4.825926e+00 -7.414674e+00 -3.372211e+00 4.128126e+00 1.545174e+00 -4.599797e+00 -6.961411e+00 -4.130066e+00 -1.266797e+00 2.167857e-01 2.119400e+00 1.862508e+00 -1.015800e-01 -1.347626e+00 -8.552089e-01 -9.709190e-01 -7.587205e-01 7.580152e-01 1.428625e+00 3.817285e-01 5.043663e-02 -4.456125e-02
<VARIANCE> 25
 9.844340e+00 2.036523e+01 2.798636e+01 3.667945e+01 3.705676e+01 3.688180e+01 3.301254e+01 3.989271e+01 4.222109e+01 3.729639e+01 2.654030e+01 2.857098e+01 6.695908e-01 1.236585e+00 1.583511e+00 2.531103e+00 2.414538e+00 2.401126e+00 2.556561e+00 2.964757e+00 2.602973e+00 2.533997e+00 2.271020e+00 1.973255e+00 9.419539e-04
<GCONST> 8.797900e+01
<MIXTURE> 44 7.328289e-03
<MEAN> 25
 -1.416188e+01 2.376874e+00 3.333570e+00 -4.168698e+00 4.522607e+00 -7.119877e-01 5.308253e-01 1.461220e+00 -7.243927e-01 3.269889e-01 1.144219e+00 2.616885e+00 -3.064446e-01 3.719060e-02 1.438332e-01 2.596103e-01 6.409801e-02 4.788507e-01 4.867150e-01 3.466104e-01 1.813128e-01 1.315298e-01 -4.592725e-02 -4.751378e-02 3.465884e-03
<VARIANCE> 25
 5.508685e+01 2.349680e+01 3.172814e+01 2.924358e+01 2.598032e+01 4.420121e+01 2.453371e+01 3.050598e+01 5.071564e+01 2.736845e+01 2.385137e+01 2.910362e+01 1.117053e+00 1.240062e+00 1.391787e+00 1.111295e+00 1.836857e+00 1.652612e+00 1.655357e+00 1.797631e+00 1.918864e+00 1.266105e+00 1.263975e+00 1.415389e+00 1.246638e-03
<GCONST> 8.513287e+01
<MIXTURE> 45 1.364932e-02
<MEAN> 25
 -1.151848e+01 3.436364e+00 -1.448004e+00 2.271568e+00 5.829049e+00 -9.702996e-01 4.639532e+00 2.070610e+00 2.748659e+00 2.143538e+00 1.348689e+00 2.828607e+00 -2.703360e+00 4.580064e-01 -6.019757e-01 -4.069799e-01 3.467003e-01 -2.354580e-01 4.035878e-01 1.185998e-02 -1.339065e-01 -1.012137e-01 1.006442e-01 2.577323e-01 1.042126e-01
<VARIANCE> 25
 3.132648e+01 2.706887e+01 3.715240e+01 3.152289e+01 2.628722e+01 3.720223e+01 2.800277e+01 2.712538e+01 3.453542e+01 2.014605e+01 2.825592e+01 1.619421e+01 2.222152e+00 2.943310e+00 2.756711e+00 2.796757e+00 2.524596e+00 2.451932e+00 2.444201e+00 2.669890e+00 1.994880e+00 1.816167e+00 2.068596e+00 1.975149e+00 4.397541e-03
<GCONST> 9.083201e+01
<MIXTURE> 46 9.336259e-03
<MEAN> 25
 -9.312509e+00 2.317540e+00 1.036759e+00 7.388318e+00 6.000321e+00 3.164329e+00 6.909826e+00 4.528143e+00 5.662357e+00 4.651379e+00 4.849381e+00 2.933534e+00 1.030250e+00 -2.194242e-01 1.302084e-02 9.846705e-01 6.005109e-01 9.199179e-01 4.030882e-01 6.580540e-01 4.600859e-01 5.040601e-01 6.348501e-01 5.596354e-01 -1.026686e-01
<VARIANCE> 25
 3.428657e+01 4.281530e+01 3.984726e+01 4.966234e+01 4.977208e+01 4.144247e+01 3.731730e+01 3.551322e+01 3.318069e+01 3.029447e+01 2.890979e+01 2.050995e+01 3.842689e+00 4.080869e+00 3.859417e+00 4.060019e+00 4.128119e+00 3.659378e+00 3.331562e+00 3.178255e+00 2.951915e+00 2.809231e+00 2.285460e+00 1.819805e+00 8.004109e-03
<GCONST> 9.823996e+01
<MIXTURE> 47 7.116147e-03
<MEAN> 25
 5.854274e+00 -6.645823e+00 -6.721864e+00 -5.805784e+00 1.272960e+00 1.671650e+00 -2.117097e+00 6.217136e-02 4.236893e+00 7.155992e-01 -3.611562e+00 -5.570970e+00 -1.352712e-01 -1.270381e+00 -5.680467e-01 -4.486022e-01 5.636935e-01 1.067998e+00 9.948938e-01 3.595395e-01 1.760726e-01 -7.744129e-01 -6.313024e-01 -6.707860e-01 3.084651e-02
<VARIANCE> 25
 1.181695e+01 1.865822e+01 1.963171e+01 3.639520e+01 4.664325e+01 4.879239e+01 3.555381e+01 4.475841e+01 3.945005e+01 3.951508e+01 5.136700e+01 3.261838e+01 4.365593e-01 8.732813e-01 1.002942e+00 1.621068e+00 1.680394e+00 1.950596e+00 1.754637e+00 2.072277e+00 1.861564e+00 1.958710e+00 1.985130e+00 1.807675e+00 5.444417e-04
<GCONST> 8.484779e+01
<MIXTURE> 48 7.116147e-03
<MEAN> 25
 5.854274e+00 -6.645823e+00 -6.721864e+00 -5.805784e+00 1.272960e+00 1.671650e+00 -2.117097e+00 6.217136e-02 4.236893e+00 7.155992e-01 -3.611562e+00 -5.570970e+00 -1.352712e-01 -1.270381e+00 -5.680467e-01 -4.486022e-01 5.636935e-01 1.067998e+00 9.948938e-01 3.595395e-01 1.760726e-01 -7.744129e-01 -6.313024e-01 -6.707860e-01 3.084651e-02
<VARIANCE> 25
 1.181695e+01 1.865822e+01 1.963171e+01 3.639520e+01 4.664325e+01 4.879239e+01 3.555381e+01 4.475841e+01 3.945005e+01 3.951508e+01 5.136700e+01 3.261838e+01 4.365593e-01 8.732813e-01 1.002942e+00 1.621068e+00 1.680394e+00 1.950596e+00 1.754637e+00 2.072277e+00 1.861564e+00 1.958710e+00 1.985130e+00 1.807675e+00 5.444417e-04
<GCONST> 8.484779e+01
<MIXTURE> 49 5.548473e-03
<MEAN> 25
 -4.953604e+00 6.286177e-01 -2.990119e-01 8.048363e+00 6.278234e+00 5.400003e+00 5.990290e+00 4.672948e+00 4.793917e+00 3.903793e+00 4.658267e+00 2.574753e+00 3.355564e-01 6.608767e-01 7.432238e-01 3.704286e-01 -2.319022e-01 -6.688249e-01 -8.921067e-01 -1.063549e+00 -9.751807e-01 -6.372898e-01 -3.780352e-01 -2.219792e-01 7.071173e-06
<VARIANCE> 25
 9.148020e+00 1.021658e+01 1.629766e+01 1.707454e+01 1.602924e+01 1.868902e+01 1.883325e+01 1.913572e+01 1.827306e+01 1.753297e+01 2.077950e+01 1.449733e+01 2.740930e-01 2.591928e-01 3.699825e-01 5.811480e-01 8.806374e-01 9.184951e-01 1.087753e+00 1.036129e+00 1.159753e+00 1.245323e+00 1.385383e+00 1.202701e+00 1.475266e-05
<GCONST> 6.466009e+01
<MIXTURE> 50 6.234641e-03
<MEAN> 25
 -4.362329e+00 7.213082e-01 -1.871715e+00 5.824508e+00 4.222038e+00 2.409670e+00 3.922813e+00 2.291443e+00 3.043965e+00 1.291770e+00 1.280026e+00 2.429880e+00 6.462035e-02 2.158409e-01 1.399911e-01 -1.295956e-01 -6.114842e-01 -6.066930e-01 -2.796913e-01 5.101015e-02 5.139020e-01 8.043600e-01 7.130456e-01 3.442391e-01 1.342958e-04
<VARIANCE> 25
 1.011474e+01 1.304058e+01 1.440941e+01 1.682650e+01 1.586130e+01 1.983149e+01 1.728023e+01 1.865886e+01 1.763783e+01 1.717858e+01 2.430552e+01 1.441748e+01 1.331145e-01 2.501481e-01 3.780626e-01 5.028887e-01 6.057705e-01 6.794063e-01 1.015563e+00 1.133722e+00 1.165696e+00 1.012259e+00 8.796465e-01 1.086530e+00 1.240061e-06
<GCONST> 6.013046e+01
<MIXTURE> 51 6.234641e-03
<MEAN> 25
 -4.362329e+00 7.213082e-01 -1.871715e+00 5.824508e+00 4.222038e+00 2.409670e+00 3.922813e+00 2.291443e+00 3.043965e+00 1.291770e+00 1.280026e+00 2.429880e+00 6.462035e-02 2.158409e-01 1.399911e-01 -1.295956e-01 -6.114842e-01 -6.066930e-01 -2.796913e-01 5.101015e-02 5.139020e-01 8.043600e-01 7.130456e-01 3.442391e-01 1.342958e-04
<VARIANCE> 25
 1.011474e+01 1.304058e+01 1.440941e+01 1.682650e+01 1.586130e+01 1.983149e+01 1.728023e+01 1.865886e+01 1.763783e+01 1.717858e+01 2.430552e+01 1.441748e+01 1.331145e-01 2.501481e-01 3.780626e-01 5.028887e-01 6.057705e-01 6.794063e-01 1.015563e+00 1.133722e+00 1.165696e+00 1.012259e+00 8.796465e-01 1.086530e+00 1.240061e-06
<GCONST> 6.013046e+01
<MIXTURE> 52 6.367945e-03
<MEAN> 25
 9.123421e+00 1.875204e+00 -6.733926e+00 -1.259702e+01 -4.331923e+00 8.680738e+00 -2.928669e+00 -4.160631e+00 -4.300838e+00 -2.067793e+00 4.092661e+00 1.766958e+00 -3.649853e-01 -4.382817e-01 -3.539453e-02 1.006014e+00 1.241834e+00 -2.854716e-01 -6.860737e-01 -4.874631e-01 5.318303e-02 1.192587e+00 4.741687e-01 -5.001217e-01 -1.170848e-02
<VARIANCE> 25
 1.189286e+01 2.214199e+01 2.406919e+01 3.866010e+01 3.970492e+01 2.690316e+01 3.811972e+01 5.826550e+01 3.783179e+01 4.040532e+01 3.715468e+01 3.355593e+01 4.214860e-01 1.307372e+00 1.217886e+00 2.476549e+00 2.386246e+00 2.100721e+00 3.154369e+00 2.463446e+00 2.565344e+00 2.459977e+00 2.387208e+00 2.063865e+00 1.320313e-03
<GCONST> 8.847340e+01
<MIXTURE> 53 6.367945e-03
<MEAN> 25
 9.123421e+00 1.875204e+00 -6.733926e+00 -1.259702e+01 -4.331923e+00 8.680738e+00 -2.928669e+00 -4.160631e+00 -4.300838e+00 -2.067793e+00 4.092661e+00 1.766958e+00 -3.649853e-01 -4.382817e-01 -3.539453e-02 1.006014e+00 1.241834e+00 -2.854716e-01 -6.860737e-01 -4.874631e-01 5.318303e-02 1.192587e+00 4.741687e-01 -5.001217e-01 -1.170848e-02
<VARIANCE> 25
 1.189286e+01 2.214199e+01 2.406919e+01 3.866010e+01 3.970492e+01 2.690316e+01 3.811972e+01 5.826550e+01 3.783179e+01 4.040532e+01 3.715468e+01 3.355593e+01 4.214860e-01 1.307372e+00 1.217886e+00 2.476549e+00 2.386246e+00 2.100721e+00 3.154369e+00 2.463446e+00 2.565344e+00 2.459977e+00 2.387208e+00 2.063865e+00 1.320313e-03
<GCONST> 8.847340e+01
<MIXTURE> 54 7.368620e-03
<MEAN> 25
 -3.631457e+00 6.142098e-02 -6.964796e-01 8.034399e+00 6.474433e+00 4.620842e+00 4.685519e+00 4.600284e+00 4.046370e+00 3.597771e+00 4.446824e+00 2.320109e+00 -2.429015e-03 2.537172e-02 3.405090e-02 4.803972e-02 4.753491e-02 4.379445e-02 3.606020e-02 2.848520e-02 3.218620e-02 2.194840e-02 1.275786e-02 4.198812e-03 -1.132996e-05
<VARIANCE> 25
 9.110682e+00 1.037887e+01 9.323652e+00 1.814322e+01 1.331114e+01 1.350949e+01 1.197908e+01 1.124977e+01 1.133443e+01 1.352742e+01 1.778321e+01 1.251248e+01 4.078155e-02 8.780207e-02 1.537423e-01 2.261103e-01 3.128101e-01 3.993533e-01 4.630145e-01 5.200375e-01 5.428521e-01 5.248888e-01 5.164100e-01 5.171815e-01 1.006320e-06
<GCONST> 4.727980e+01
<MIXTURE> 55 7.368620e-03
<MEAN> 25
 -3.631457e+00 6.142098e-02 -6.964796e-01 8.034399e+00 6.474433e+00 4.620842e+00 4.685519e+00 4.600284e+00 4.046370e+00 3.597771e+00 4.446824e+00 2.320109e+00 -2.429015e-03 2.537172e-02 3.405090e-02 4.803972e-02 4.753491e-02 4.379445e-02 3.606020e-02 2.848520e-02 3.218620e-02 2.194840e-02 1.275786e-02 4.198812e-03 -1.132996e-05
<VARIANCE> 25
 9.110682e+00 1.037887e+01 9.323652e+00 1.814322e+01 1.331114e+01 1.350949e+01 1.197908e+01 1.124977e+01 1.133443e+01 1.352742e+01 1.778321e+01 1.251248e+01 4.078155e-02 8.780207e-02 1.537423e-01 2.261103e-01 3.128101e-01 3.993533e-01 4.630145e-01 5.200375e-01 5.428521e-01 5.248888e-01 5.164100e-01 5.171815e-01 1.006320e-06
<GCONST> 4.727980e+01
<MIXTURE> 56 6.132464e-03
<MEAN> 25
 6.275367e+00 -6.562581e+00 -7.627646e+00 -8.103508e+00 2.986526e+00 5.587101e+00 -1.944952e+00 -9.006984e-01 3.006689e+00 1.089814e+00 -1.316485e+00 -7.068896e+00 1.601639e-02 1.353693e-02 -9.623396e-02 4.464894e-02 2.002974e-01 2.046342e-02 2.405353e-01 -9.956551e-02 -8.180048e-02 -1.314703e-01 -3.166560e-01 1.631591e-01 -7.653346e-03
<VARIANCE> 25
 9.206478e+00 2.267332e+01 2.485753e+01 5.530738e+01 3.630888e+01 4.629702e+01 4.504932e+01 3.773843e+01 3.065197e+01 3.005218e+01 4.205970e+01 2.773004e+01 2.022281e-01 4.839276e-01 4.341256e-01 7.404893e-01 7.189388e-01 1.101744e+00 7.716593e-01 1.441746e+00 7.572706e-01 8.114074e-01 9.965805e-01 8.659899e-01 2.206543e-04
<GCONST> 7.462817e+01
<MIXTURE> 57 6.132464e-03
<MEAN> 25
 6.275367e+00 -6.562581e+00 -7.627646e+00 -8.103508e+00 2.986526e+00 5.587101e+00 -1.944952e+00 -9.006984e-01 3.006689e+00 1.089814e+00 -1.316485e+00 -7.068896e+00 1.601639e-02 1.353693e-02 -9.623396e-02 4.464894e-02 2.002974e-01 2.046342e-02 2.405353e-01 -9.956551e-02 -8.180048e-02 -1.314703e-01 -3.166560e-01 1.631591e-01 -7.653346e-03
<VARIANCE> 25
 9.206478e+00 2.267332e+01 2.485753e+01 5.530738e+01 3.630888e+01 4.629702e+01 4.504932e+01 3.773843e+01 3.065197e+01 3.005218e+01 4.205970e+01 2.773004e+01 2.022281e-01 4.839276e-01 4.341256e-01 7.404893e-01 7.189388e-01 1.101744e+00 7.716593e-01 1.441746e+00 7.572706e-01 8.114074e-01 9.965805e-01 8.659899e-01 2.206543e-04
<GCONST> 7.462817e+01
<MIXTURE> 58 6.172147e-03
<MEAN> 25
 1.977641e+00 -2.795700e+00 7.070707e+00 -4.343623e+00 -1.193070e+01 -5.130402e+00 2.451350e+00 2.144812e+00 -1.961149e+00 4.257764e-01 9.286979e-01 -6.703599e-01 -1.164683e-01 1.479059e-02 -9.830090e-02 -1.433214e-01 4.025246e-02 8.522636e-02 4.004204e-01 2.875195e-01 2.769628e-02 4.103529e-02 -1.283088e-01 1.072936e-02 -4.547700e-03
<VARIANCE> 25
 6.788438e+00 1.289532e+01 2.690808e+01 2.564704e+01 2.591982e+01 3.944598e+01 2.958657e+01 3.186470e+01 4.138432e+01 3.179430e+01 2.549173e+01 1.685856e+01 2.885556e-01 9.117286e-01 6.932741e-01 1.220090e+00 8.316140e-01 1.040163e+00 1.176911e+00 1.310861e+00 1.137695e+00 1.091543e+00 9.119077e-01 9.048463e-01 7.111734e-04
<GCONST> 7.554170e+01
<MIXTURE> 59 6.172147e-03
<MEAN> 25
 1.977641e+00 -2.795700e+00 7.070707e+00 -4.343623e+00 -1.193070e+01 -5.130402e+00 2.451350e+00 2.144812e+00 -1.961149e+00 4.257764e-01 9.286979e-01 -6.703599e-01 -1.164683e-01 1.479059e-02 -9.830090e-02 -1.433214e-01 4.025246e-02 8.522636e-02 4.004204e-01 2.875195e-01 2.769628e-02 4.103529e-02 -1.283088e-01 1.072936e-02 -4.547700e-03
<VARIANCE> 25
 6.788438e+00 1.289532e+01 2.690808e+01 2.564704e+01 2.591982e+01 3.944598e+01 2.958657e+01 3.186470e+01 4.138432e+01 3.179430e+01 2.549173e+01 1.685856e+01 2.885556e-01 9.117286e-01 6.932741e-01 1.220090e+00 8.316140e-01 1.040163e+00 1.176911e+00 1.310861e+00 1.137695e+00 1.091543e+00 9.119077e-01 9.048463e-01 7.111734e-04
<GCONST> 7.554170e+01
<MIXTURE> 60 4.479129e-03
<MEAN> 25
 -4.115483e+00 -3.399685e-01 -1.591759e+00 3.526434e+00 1.554593e+00 1.861585e+00 1.825801e+00 1.804017e+00 2.481733e+00 1.654750e+00 2.151445e+00 1.902334e+00 -3.772324e-02 6.913647e-02 1.054109e-01 1.285628e-01 1.412292e-01 8.483224e-02 1.321631e-01 3.382853e-01 5.070512e-01 6.626270e-01 5.933755e-01 3.239455e-01 -9.537887e-04
<VARIANCE> 25
 6.691360e+00 5.231739e+00 1.194553e+01 1.102252e+01 1.465634e+01 1.617933e+01 1.341921e+01 1.165687e+01 1.326266e+01 1.554538e+01 1.579711e+01 1.148244e+01 8.410773e-02 1.679558e-01 2.763203e-01 4.159316e-01 5.749757e-01 7.065449e-01 8.402255e-01 8.352646e-01 9.773189e-01 8.256201e-01 8.501666e-01 8.031318e-01 2.525981e-05
<GCONST> 5.657289e+01
<MIXTURE> 61 4.479129e-03
<MEAN> 25
 -4.115483e+00 -3.399685e-01 -1.591759e+00 3.526434e+00 1.554593e+00 1.861585e+00 1.825801e+00 1.804017e+00 2.481733e+00 1.654750e+00 2.151445e+00 1.902334e+00 -3.772324e-02 6.913647e-02 1.054109e-01 1.285628e-01 1.412292e-01 8.483224e-02 1.321631e-01 3.382853e-01 5.070512e-01 6.626270e-01 5.933755e-01 3.239455e-01 -9.537887e-04
<VARIANCE> 25
 6.691360e+00 5.231739e+00 1.194553e+01 1.102252e+01 1.465634e+01 1.617933e+01 1.341921e+01 1.165687e+01 1.326266e+01 1.554538e+01 1.579711e+01 1.148244e+01 8.410773e-02 1.679558e-01 2.763203e-01 4.159316e-01 5.749757e-01 7.065449e-01 8.402255e-01 8.352646e-01 9.773189e-01 8.256201e-01 8.501666e-01 8.031318e-01 2.525981e-05
<GCONST> 5.657289e+01
<MIXTURE> 62 3.278034e-03
<MEAN> 25
 -5.099533e+00 1.273106e+00 9.317671e-01 8.767327e+00 6.131995e+00 5.038928e+00 5.464255e+00 4.063611e+00 5.021001e+00 3.929721e+00 4.863850e+00 2.945627e+00 -9.921974e-01 -1.159330e+00 -9.493200e-01 -2.731934e-01 4.384739e-01 1.010341e+00 1.378300e+00 1.545715e+00 1.460317e+00 1.234766e+00 1.047775e+00 7.349252e-01 -1.278758e-03
<VARIANCE> 25
 9.989178e+00 1.008778e+01 1.363112e+01 1.678105e+01 1.733106e+01 1.746493e+01 1.983142e+01 1.929842e+01 1.872796e+01 1.853555e+01 2.209984e+01 1.466048e+01 4.071988e-01 4.304494e-01 5.544170e-01 7.778542e-01 1.034928e+00 1.186884e+00 1.244970e+00 1.342874e+00 1.353031e+00 1.359159e+00 1.444850e+00 1.372632e+00 1.666026e-05
<GCONST> 6.771140e+01
<MIXTURE> 63 4.351215e-03
<MEAN> 25
 -2.987146e+00 7.073410e-01 -6.041502e+00 2.039289e+00 3.290806e+00 6.035331e-01 2.739821e+00 2.805763e+00 4.172528e+00 5.616295e-02 -2.313257e+00 1.719003e+00 -1.355043e-01 3.400057e-01 3.951651e-01 3.697650e-01 4.665720e-01 4.005055e-01 4.765164e-01 3.182956e-01 6.348161e-02 9.736908e-02 5.641433e-02 1.130382e-01 -5.154270e-03
<VARIANCE> 25
 6.977175e+00 1.540708e+01 1.635867e+01 1.490111e+01 2.229771e+01 2.131358e+01 1.843675e+01 2.149744e+01 2.124253e+01 1.692304e+01 1.620477e+01 1.243519e+01 2.126102e-01 4.061331e-01 6.073437e-01 5.592126e-01 9.803290e-01 1.281973e+00 1.148982e+00 1.258435e+00 1.412687e+00 1.442830e+00 1.406767e+00 1.126194e+00 1.853898e-04
<GCONST> 6.910444e+01
<MIXTURE> 64 4.351215e-03
<MEAN> 25
 -2.987146e+00 7.073410e-01 -6.041502e+00 2.039289e+00 3.290806e+00 6.035331e-01 2.739821e+00 2.805763e+00 4.172528e+00 5.616295e-02 -2.313257e+00 1.719003e+00 -1.355043e-01 3.400057e-01 3.951651e-01 3.697650e-01 4.665720e-01 4.005055e-01 4.765164e-01 3.182956e-01 6.348161e-02 9.736908e-02 5.641433e-02 1.130382e-01 -5.154270e-03
<VARIANCE> 25
 6.977175e+00 1.540708e+01 1.635867e+01 1.490111e+01 2.229771e+01 2.131358e+01 1.843675e+01 2.149744e+01 2.124253e+01 1.692304e+01 1.620477e+01 1.243519e+01 2.126102e-01 4.061331e-01 6.073437e-01 5.592126e-01 9.803290e-01 1.281973e+00 1.148982e+00 1.258435e+00 1.412687e+00 1.442830e+00 1.406767e+00 1.126194e+00 1.853898e-04
<GCONST> 6.910444e+01
<MIXTURE> 65 1.721197e-02
<MEAN> 25
 6.116617e+00 1.569935e+00 -8.674952e-01 1.060406e+00 -4.794651e+00 -2.061287e+00 -5.471852e+00 -7.445670e+00 -2.018879e+00 -2.264594e+00 -3.792052e+00 -8.181535e-01 1.179699e-01 3.584605e-02 1.116464e-01 1.965988e-01 -3.058078e-01 2.940382e-01 -8.213644e-02 2.399768e-02 2.868026e-01 2.278131e-02 1.243993e-01 -1.288526e-01 -3.573569e-03
<VARIANCE> 25
 1.008455e+01 1.872826e+01 3.573620e+01 2.912708e+01 3.475168e+01 5.506164e+01 4.102819e+01 6.209717e+01 4.317739e+01 4.059121e+01 5.268780e+01 3.971803e+01 3.841742e-01 8.728427e-01 1.264983e+00 1.874860e+00 1.915582e+00 2.030195e+00 1.902274e+00 2.512622e+00 2.721034e+00 2.441125e+00 1.908878e+00 1.649261e+00 4.575269e-04
<GCONST> 8.669461e+01
<MIXTURE> 66 1.191532e-02
<MEAN> 25
 5.795783e+00 -4.495512e+00 -5.683757e+00 -4.915993e+00 2.034684e+00 -4.162557e+00 -6.846670e+00 1.476863e+00 -8.504853e-02 -2.287688e-01 -6.098166e+00 -2.886728e+00 -7.469196e-02 1.790799e+00 2.279608e+00 2.454705e+00 -1.195556e+00 -1.300065e+00 9.231471e-03 -6.309987e-01 2.929952e-02 -3.512905e-01 -6.334129e-02 7.974293e-01 -5.962529e-02
<VARIANCE> 25
 1.263434e+01 2.288187e+01 2.785883e+01 3.067915e+01 4.150763e+01 4.966285e+01 4.927345e+01 4.060964e+01 6.886517e+01 7.691683e+01 3.619051e+01 3.347898e+01 1.174640e+00 2.301394e+00 3.125605e+00 2.260021e+00 3.767894e+00 3.982881e+00 3.813907e+00 4.437179e+00 3.874689e+00 4.502059e+00 3.605996e+00 3.410734e+00 1.650184e-03
<GCONST> 9.671986e+01
<MIXTURE> 67 1.559142e-02
<MEAN> 25
 8.692720e+00 2.108705e+00 -6.221759e+00 -8.088480e+00 8.609313e-01 3.213057e+00 -3.183236e+00 -2.481469e+00 -3.774793e+00 8.578710e-01 1.428212e-01 -1.435881e+00 -1.074283e+00 1.792336e+00 1.029753e+00 3.013838e+00 1.377067e+00 -5.094343e-01 1.290440e+00 1.773830e-01 1.273628e-01 2.129827e-01 -3.561396e-01 5.331703e-01 -1.258851e-01
<VARIANCE> 25
 1.279904e+01 3.839528e+01 3.161145e+01 5.458661e+01 4.784157e+01 5.217436e+01 5.985621e+01 5.303275e+01 6.349072e+01 5.559061e+01 5.521390e+01 4.800641e+01 2.112497e+00 3.403807e+00 3.276072e+00 4.385599e+00 4.335238e+00 4.443561e+00 4.585261e+00 5.008089e+00 5.258739e+00 4.629955e+00 5.123518e+00 3.789680e+00 3.245520e-03
<GCONST> 1.026923e+02
<MIXTURE> 68 1.485092e-02
<MEAN> 25
 -1.849415e+00 -7.164676e-01 -3.915398e+00 1.584293e+00 5.477861e+00 5.767640e-01 2.051225e+00 1.746039e+00 2.289091e+00 2.710376e+00 1.706185e-01 1.138725e+00 2.730036e+00 6.004697e-01 4.867893e-01 -1.943070e+00 -2.006121e+00 -1.230815e+00 -2.651434e+00 -2.140388e+00 -2.005857e+00 -1.369462e+00 -1.212002e+00 -1.094871e+00 1.065524e-01
<VARIANCE> 25
 2.284079e+01 3.772426e+01 5.010664e+01 4.499084e+01 3.721915e+01 5.972895e+01 4.148392e+01 4.357637e+01 4.352065e+01 3.927571e+01 3.175884e+01 2.489632e+01 1.794305e+00 3.153611e+00 7.301642e+00 6.097352e+00 4.522480e+00 5.281208e+00 5.332751e+00 6.563850e+00 5.478113e+00 4.529369e+00 5.779524e+00 2.809989e+00 5.236597e-03
<GCONST> 1.027541e+02
<MIXTURE> 69 1.204884e-02
<MEAN> 25
 4.558080e+00 -4.087622e+00 -3.524133e+00 -3.494016e+00 -3.323238e+00 -7.837474e+00 -1.151402e+00 2.150259e+00 -8.919479e-02 -4.478142e+00 -5.647190e+00 9.937228e-01 1.633028e+00 -2.211997e+00 -1.303644e+00 -2.225013e+00 -5.133226e-01 -2.962989e-01 -4.855883e-01 6.019835e-01 -6.017507e-01 -1.417501e+00 -2.143419e+00 -2.149699e-01 6.167215e-02
<VARIANCE> 25
 8.954919e+00 2.185549e+01 2.730772e+01 2.579719e+01 4.331459e+01 3.540313e+01 4.763383e+01 3.106354e+01 4.101499e+01 3.916336e+01 3.041499e+01 2.389738e+01 3.488139e+00 2.869974e+00 3.314122e+00 3.612780e+00 5.630580e+00 4.917958e+00 7.064369e+00 6.013779e+00 5.756002e+00 5.733727e+00 4.352728e+00 3.669451e+00 2.420478e-03
<GCONST> 9.848650e+01
<MIXTURE> 70 1.329190e-02
<MEAN> 25
 6.531505e+00 -1.324879e+00 -3.650008e+00 -4.240058e+00 3.230982e-01 -2.975725e-02 -7.125285e+00 -4.129338e+00 5.259702e-01 4.040456e+00 1.107987e+00 -4.650153e+00 1.682586e+00 -1.412119e+00 -8.126455e-01 -2.100620e+00 -1.399966e+00 1.452504e+00 -1.176926e+00 -5.754791e-01 4.484537e-01 -2.577082e-01 1.040352e+00 -1.284179e+00 6.253169e-02
<VARIANCE> 25
 1.068820e+01 2.389324e+01 2.891037e+01 4.541711e+01 3.389845e+01 3.908249e+01 3.893691e+01 4.113369e+01 4.186071e+01 3.284941e+01 3.986372e+01 2.707451e+01 2.954063e+00 2.823349e+00 3.837324e+00 4.860224e+00 4.412135e+00 5.297198e+00 5.776711e+00 7.304740e+00 6.087801e+00 4.555278e+00 4.776546e+00 3.537018e+00 2.248468e-03
<GCONST> 9.944084e+01
<MIXTURE> 71 1.406903e-02
<MEAN> 25
 5.883723e+00 4.754591e+00 4.122608e+00 3.510108e+00 -3.459704e+00 -3.396285e+00 -3.435097e+00 -6.210910e+00 -4.898932e+00 -2.309896e+00 -4.296331e+00 -2.932881e+00 -1.509868e+00 -8.747541e-01 -1.564452e-01 -1.597053e+00 1.164554e+00 -3.435384e-01 2.465386e-01 1.444529e+00 3.327525e-01 -1.762545e-01 4.919997e-01 3.480865e-01 3.944584e-02
<VARIANCE> 25
 1.888134e+01 2.715484e+01 2.262011e+01 4.458049e+01 4.021674e+01 3.753661e+01 3.794104e+01 4.019611e+01 3.651153e+01 4.012331e+01 3.836831e+01 3.168763e+01 1.621894e+00 3.055974e+00 4.888088e+00 4.714454e+00 5.189420e+00 4.795386e+00 4.692413e+00 5.258285e+00 3.907767e+00 3.653220e+00 3.698883e+00 3.325063e+00 1.323166e-03
<GCONST> 9.784346e+01
<MIXTURE> 72 8.134747e-03
<MEAN> 25
 2.963893e+00 -3.265946e+00 7.763864e+00 -4.583237e-01 -9.182119e+00 -9.265137e+00 -1.995163e+00 1.337177e+00 -6.181832e+00 -3.013535e+00 2.017477e-01 1.069383e+00 8.844957e-01 -7.632468e-01 -2.613665e+00 6.248451e-01 2.079592e+00 -8.616521e-01 -1.465056e+00 1.735712e+00 1.863630e+00 -4.262988e-01 -1.449705e+00 2.633342e-01 -1.191134e-02
<VARIANCE> 25
 9.566953e+00 1.651003e+01 3.787191e+01 3.854102e+01 3.067755e+01 2.646623e+01 3.173750e+01 3.423119e+01 3.962038e+01 3.373411e+01 4.108527e+01 2.264058e+01 3.621523e-01 1.398660e+00 1.560362e+00 1.385495e+00 2.395896e+00 2.562690e+00 2.793381e+00 2.731980e+00 2.158388e+00 2.635105e+00 1.741667e+00 1.803377e+00 7.789954e-04
<GCONST> 8.568159e+01
<MIXTURE> 73 1.213625e-02
<MEAN> 25
 -5.612057e+00 -6.718503e-01 -1.373986e+00 4.767421e+00 4.293085e+00 2.367404e+00 5.486944e+00 3.438059e+00 4.360561e+00 3.475973e+00 4.094851e+00 2.952938e+00 8.047743e-01 -9.798194e-01 -8.279342e-01 -2.562903e+00 -1.247005e+00 -1.726793e+00 -9.461912e-01 -5.003346e-01 -9.448152e-01 -7.121221e-01 -1.066448e+00 -3.160309e-01 1.533274e-01
<VARIANCE> 25
 1.260865e+01 1.409834e+01 1.520583e+01 2.303155e+01 2.279739e+01 2.587824e+01 2.002557e+01 2.018237e+01 1.769925e+01 1.890807e+01 2.338627e+01 1.586296e+01 3.984426e+00 3.138792e+00 6.587107e+00 4.807601e+00 6.025877e+00 4.509311e+00 4.346521e+00 4.277797e+00 3.893658e+00 4.156635e+00 3.552530e+00 2.662359e+00 4.289057e-03
<GCONST> 9.288283e+01
<MIXTURE> 74 1.756491e-02
<MEAN> 25
 2.900470e+00 -2.353312e+00 7.161542e+00 4.190122e-01 -6.748638e+00 -6.688535e+00 -1.297030e+00 2.345766e+00 -4.147442e+00 -1.731641e+00 1.486322e+00 2.559144e-01 2.101316e-01 1.772890e+00 -8.107477e-01 1.161392e+00 1.433315e+00 7.516477e-02 1.703595e-02 -9.989443e-01 3.654546e-01 1.801317e-01 -7.085507e-01 1.575398e-01 -7.923074e-02
<VARIANCE> 25
 1.150230e+01 2.862433e+01 3.156405e+01 3.769156e+01 2.936769e+01 3.498341e+01 3.410997e+01 3.420006e+01 3.710172e+01 2.904167e+01 3.699757e+01 2.240118e+01 1.385337e+00 1.376153e+00 2.945750e+00 2.009730e+00 3.087956e+00 3.993398e+00 4.604990e+00 4.510921e+00 3.393572e+00 3.011419e+00 2.737699e+00 2.438312e+00 1.293736e-03
<GCONST> 9.206600e+01
<MIXTURE> 75 9.711651e-03
<MEAN> 25
 2.163692e+00 -3.479329e+00 1.156947e+01 2.122808e+00 -1.039494e+01 -6.342425e+00 -4.246666e+00 -2.002850e-01 -4.890650e+00 -5.182410e+00 4.500918e+00 -1.617892e-01 1.698075e+00 -1.902952e+00 4.572809e-01 -1.083646e-01 -2.390139e+00 5.417122e-01 -1.795944e+00 7.976775e-01 1.799719e-01 -6.382625e-01 1.146101e+00 -8.414315e-01 4.811309e-02
<VARIANCE> 25
 1.325321e+01 2.303863e+01 3.134189e+01 2.267523e+01 2.144093e+01 2.978481e+01 2.927881e+01 3.569234e+01 2.878853e+01 2.383396e+01 1.678709e+01 1.953221e+01 2.452236e+00 1.589334e+00 4.253113e+00 2.364045e+00 3.426042e+00 5.230207e+00 4.399940e+00 3.553106e+00 3.506234e+00 3.960622e+00 3.869492e+00 2.253807e+00 1.417769e-03
<GCONST> 9.151106e+01
<MIXTURE> 76 1.052359e-02
<MEAN> 25
 -4.540137e+00 8.747143e-01 -4.041124e+00 2.781907e+00 5.057107e+00 9.925748e-01 3.546917e+00 1.783700e+00 3.412257e+00 1.627964e+00 -6.510672e-01 2.156782e+00 -2.046442e-01 -4.436040e-01 -2.980394e-01 -6.271853e-01 -5.157300e-01 -7.431295e-01 -5.760050e-01 -4.178190e-01 -4.629461e-01 -2.792314e-01 -1.346275e-01 -1.154158e-01 1.564294e-02
<VARIANCE> 25
 2.775852e+01 2.715898e+01 2.770849e+01 2.245626e+01 3.037401e+01 3.463539e+01 2.225905e+01 3.087833e+01 2.413635e+01 2.104323e+01 2.499705e+01 1.666428e+01 8.903065e-01 8.053481e-01 1.899158e+00 1.495775e+00 1.592015e+00 1.389229e+00 1.666215e+00 1.682009e+00 1.688631e+00 1.449262e+00 1.526047e+00 1.518308e+00 1.171559e-03
<GCONST> 8.228058e+01
<MIXTURE> 77 1.244626e-02
<MEAN> 25
 -6.403728e-01 8.195851e+00 1.122620e+01 -9.786247e+00 -5.646722e+00 -1.706458e-01 -8.761236e+00 -6.675341e+00 -3.551300e+00 -3.604153e-01 -3.985040e+00 -2.471708e+00 7.620402e-02 1.373500e-01 -2.527316e-02 2.762360e-01 -4.614820e-02 -1.241016e-02 -6.772785e-02 -1.089824e-01 2.643532e-03 2.020016e-02 -9.827881e-02 5.910786e-02 -1.454471e-02
<VARIANCE> 25
 9.258911e+00 1.799349e+01 3.243161e+01 4.915887e+01 4.528852e+01 3.523977e+01 3.402910e+01 3.196914e+01 3.709774e+01 2.983181e+01 3.681339e+01 3.900216e+01 2.909827e-01 6.727713e-01 7.117165e-01 1.053872e+00 1.109440e+00 9.310319e-01 1.157372e+00 1.155039e+00 9.448811e-01 9.969931e-01 1.009061e+00 9.405724e-01 5.574313e-04
<GCONST> 7.788264e+01
<MIXTURE> 78 9.702551e-03
<MEAN> 25
 -1.020234e+01 1.750722e+00 -1.339826e+00 1.408399e+00 4.935920e+00 -3.402103e+00 3.668831e+00 1.967357e+00 1.658674e+00 1.174741e+00 -5.840976e-01 3.233372e+00 1.843329e+00 -1.739601e-01 1.875616e-01 5.113356e-01 -2.674880e-02 3.490926e-02 -3.690891e-01 -6.215893e-02 1.953927e-01 4.130257e-02 -3.540688e-01 -4.730024e-01 -4.621280e-02
<VARIANCE> 25
 4.422743e+01 2.957322e+01 3.449872e+01 3.295114e+01 3.372824e+01 3.916188e+01 3.262745e+01 3.228872e+01 3.987828e+01 2.566587e+01 2.553635e+01 2.629812e+01 4.911697e+00 2.224092e+00 2.685633e+00 2.721945e+00 2.878772e+00 3.204741e+00 3.103850e+00 2.868823e+00 2.368311e+00 2.141582e+00 2.168998e+00 2.521435e+00 4.705937e-03
<GCONST> 9.449826e+01
<MIXTURE> 79 1.156824e-02
<MEAN> 25
 1.704336e+00 7.011777e-01 1.121070e+01 -4.872741e+00 -1.085984e+01 -7.845877e-01 -1.706509e+00 -5.513332e+00 -7.570890e+00 -6.676342e-01 -4.243689e-01 -2.498829e+00 1.214578e+00 -4.541628e-01 -1.616679e+00 2.090631e+00 4.855364e-01 -1.744155e+00 5.908484e-01 7.776489e-01 -4.838134e-02 -3.145635e-01 3.878328e-01 3.548090e-01 -4.001225e-02
<VARIANCE> 25
 1.266858e+01 2.193049e+01 4.186197e+01 4.540259e+01 2.905752e+01 4.046489e+01 3.373251e+01 3.592386e+01 3.875120e+01 3.263208e+01 5.235310e+01 2.483650e+01 7.737559e-01 1.798912e+00 1.570305e+00 1.843389e+00 1.919617e+00 2.961357e+00 2.644160e+00 2.884367e+00 2.513186e+00 2.763204e+00 1.834775e+00 1.951718e+00 1.043901e-03
<GCONST> 8.911800e+01
<MIXTURE> 80 7.550998e-03
<MEAN> 25
 -1.470776e+01 3.983888e+00 8.034949e-01 2.603788e+00 2.513762e+00 1.185658e+00 6.426988e+00 2.519463e+00 2.534211e+00 2.415898e+00 4.664718e+00 1.365032e+00 4.289168e+00 -1.086575e-02 1.645667e+00 -1.094637e+00 -2.907369e+00 -2.741776e+00 -2.300618e+00 -2.025827e+00 -1.925983e+00 -1.680154e+00 -1.634500e+00 -5.990773e-01 -4.452773e-02
<VARIANCE> 25
 2.106609e+01 1.947473e+01 3.447440e+01 3.759457e+01 2.982815e+01 3.125270e+01 2.780267e+01 2.804733e+01 2.801106e+01 2.836386e+01 2.816926e+01 1.939695e+01 2.313671e+00 2.617632e+00 2.626128e+00 4.128660e+00 3.347347e+00 2.720292e+00 2.994897e+00 3.145036e+00 2.821191e+00 2.652407e+00 2.743842e+00 2.106208e+00 1.488552e-03
<GCONST> 9.150159e+01
<MIXTURE> 81 8.025434e-03
<MEAN> 25
 -1.117049e+00 4.053712e+00 1.018470e+01 -1.473799e+01 -9.023314e+00 -1.407871e+00 -6.746691e+00 -8.401170e+00 -4.161916e+00 -4.128431e-01 -7.529442e+00 -2.249470e+00 1.338829e-01 -5.899112e-01 -3.543079e-03 -5.542800e-01 -4.616528e-01 3.350092e-01 3.222879e-01 1.294364e-01 -1.403968e-01 1.066255e-01 -4.665432e-01 -1.262509e-01 1.152980e-02
<VARIANCE> 25
 1.011471e+01 3.274311e+01 2.689108e+01 2.984340e+01 3.446934e+01 3.052322e+01 4.528978e+01 2.832425e+01 3.810885e+01 3.182166e+01 2.563740e+01 3.108816e+01 7.692985e-01 2.278905e+00 1.544396e+00 2.862615e+00 2.665250e+00 2.120768e+00 3.275733e+00 2.298681e+00 2.347617e+00 2.533889e+00 2.306386e+00 2.086184e+00 1.192434e-03
<GCONST> 8.875535e+01
<MIXTURE> 82 8.213053e-03
<MEAN> 25
 -9.944046e+00 -3.766121e+00 1.639818e+00 -3.045170e+00 3.283086e+00 4.193898e-02 2.184466e+00 6.509778e-01 2.507868e+00 1.733862e+00 1.735729e+00 3.291947e+00 -1.292234e+00 -1.373083e-01 2.118136e-01 -2.511431e+00 -1.086618e+00 -1.269332e+00 -9.275466e-01 -8.322150e-01 -3.477712e-01 -5.001401e-01 -2.736315e-01 -6.692293e-02 1.735353e-01
<VARIANCE> 25
 1.747653e+01 2.563360e+01 3.183849e+01 2.988126e+01 3.223737e+01 4.027589e+01 3.125031e+01 3.366496e+01 3.538417e+01 2.423709e+01 2.977802e+01 1.825419e+01 3.727429e+00 2.975731e+00 3.453320e+00 3.444006e+00 3.555670e+00 3.173063e+00 3.075298e+00 3.180343e+00 2.822692e+00 2.436594e+00 2.424258e+00 1.905061e+00 3.840217e-03
<GCONST> 9.357121e+01
<MIXTURE> 83 1.167529e-02
<MEAN> 25
 -2.020479e+01 4.873356e+00 -1.979688e-02 -3.320250e+00 8.623367e+00 -4.479611e+00 5.373333e+00 1.764723e+00 -2.747549e+00 3.263457e+00 -2.028530e-01 4.260790e+00 -1.507720e-01 -2.416453e-01 3.012440e-01 -1.323053e-01 -3.240215e-01 5.713782e-03 -1.360142e-01 9.083252e-02 2.418832e-01 1.518509e-01 -2.381866e-01 -2.380517e-01 1.268222e-03
<VARIANCE> 25
 7.576753e+00 1.171985e+01 2.470032e+01 2.771576e+01 1.594356e+01 3.109418e+01 1.678378e+01 2.257853e+01 3.469986e+01 1.750165e+01 1.822770e+01 1.268828e+01 1.120946e+00 7.813655e-01 1.154655e+00 7.724344e-01 1.157997e+00 1.107029e+00 1.788490e+00 1.458013e+00 1.937212e+00 1.347025e+00 1.246664e+00 8.962754e-01 8.346809e-04
<GCONST> 7.589977e+01
<MIXTURE> 84 1.066614e-02
<MEAN> 25
 9.665629e-01 8.862594e+00 5.961555e+00 6.708058e+00 2.787039e+00 -1.300112e+00 -2.015952e+00 -3.918422e+00 -3.042370e+00 -3.155453e+00 -2.396128e+00 -1.941998e+00 -1.359765e+00 -8.920985e-01 -1.143557e+00 9.897979e-01 1.899812e+00 1.506992e+00 1.332186e+00 1.201087e+00 1.091652e+00 4.973003e-01 3.186893e-02 3.174417e-01 -6.443027e-02
<VARIANCE> 25
 1.819554e+01 1.460349e+01 2.320532e+01 2.413254e+01 2.752505e+01 2.323555e+01 2.229685e+01 2.247096e+01 2.518655e+01 2.049807e+01 2.016809e+01 2.433893e+01 2.176365e+00 2.363747e+00 3.065317e+00 2.933093e+00 3.132286e+00 2.876558e+00 2.949096e+00 3.118178e+00 2.790783e+00 2.650226e+00 3.227036e+00 2.680611e+00 2.947900e-03
<GCONST> 8.956070e+01
<MIXTURE> 85 7.591393e-03
<MEAN> 25
 -2.985396e+00 8.052807e+00 5.890801e+00 1.291419e+00 -3.236563e+00 -5.079655e+00 -3.020115e+00 -5.808215e+00 -3.601491e+00 -2.955663e+00 -5.346010e-01 -1.937762e+00 3.864604e+00 3.295523e-01 1.882657e+00 -2.035690e+00 -3.371059e+00 -2.527553e+00 -2.896334e+00 -2.369864e+00 -2.348093e+00 -1.279820e+00 -2.174299e+00 -6.189014e-01 1.441825e-02
<VARIANCE> 25
 4.158939e+01 2.339793e+01 3.781929e+01 3.723462e+01 4.023065e+01 4.167040e+01 3.128812e+01 3.034195e+01 2.611963e+01 2.660886e+01 2.570492e+01 2.000011e+01 2.828614e+00 4.204738e+00 4.739689e+00 5.083444e+00 4.368539e+00 3.867003e+00 3.787273e+00 4.036397e+00 3.988230e+00 3.945684e+00 4.254462e+00 3.376015e+00 5.983560e-03
<GCONST> 9.865778e+01
<MIXTURE> 86 1.273941e-02
<MEAN> 25
 -4.725825e+00 -2.460519e-01 -2.043792e+00 6.194363e+00 4.826821e+00 4.005946e+00 5.284382e+00 4.443857e+00 4.242267e+00 3.865360e+00 4.638313e+00 2.595012e+00 -7.387470e-03 -3.784551e-02 -7.140925e-02 -2.197100e-02 -1.748766e-01 -1.730642e-01 -2.553218e-01 -3.092557e-01 -2.622665e-01 -4.097351e-01 -2.680413e-01 4.383488e-02 -2.274330e-03
<VARIANCE> 25
 6.710173e+00 7.463228e+00 1.275080e+01 1.036311e+01 1.386145e+01 1.408373e+01 1.278950e+01 1.066730e+01 1.396480e+01 1.373844e+01 1.560963e+01 1.076562e+01 9.279053e-02 1.860491e-01 3.476675e-01 5.355604e-01 7.423089e-01 6.226541e-01 8.298866e-01 6.948066e-01 8.209426e-01 8.765172e-01 9.457968e-01 8.965779e-01 5.630685e-05
<GCONST> 5.797418e+01
<MIXTURE> 87 1.100681e-02
<MEAN> 25
 -3.268490e+00 4.434247e+00 2.175416e+00 5.285258e+00 5.486434e+00 -4.810515e-01 1.473799e+00 -1.554913e+00 -6.372716e-01 -4.400464e-01 -1.671386e+00 3.517522e-01 -1.817281e+00 -2.894663e+00 -2.398503e+00 -2.159798e+00 8.702687e-01 -2.273482e-01 8.934143e-01 9.263687e-01 8.730758e-01 1.256815e+00 7.054230e-01 1.185282e+00 9.592046e-02
<VARIANCE> 25
 2.989193e+01 2.826223e+01 3.068559e+01 3.263839e+01 2.290973e+01 3.347845e+01 2.188466e+01 2.471849e+01 2.268457e+01 1.950679e+01 2.018721e+01 1.940478e+01 3.441854e+00 2.945812e+00 3.827197e+00 3.088339e+00 5.501841e+00 4.075794e+00 3.761383e+00 3.605942e+00 3.944167e+00 3.457281e+00 2.715991e+00 2.352489e+00 4.264256e-03
<GCONST> 9.410768e+01
<MIXTURE> 88 1.256585e-02
<MEAN> 25
 -3.763093e+00 1.174397e+00 -3.909622e+00 4.646937e+00 5.585865e+00 3.342809e+00 4.748518e+00 4.164568e+00 4.427484e+00 2.815659e+00 8.747211e-01 2.083652e+00 1.096312e-01 1.835701e-01 9.008115e-02 3.430939e-01 4.491021e-02 1.674553e-01 -2.165468e-01 -6.071798e-01 -2.698021e-01 -1.052671e-01 6.315610e-02 -5.092534e-02 -1.451647e-03
<VARIANCE> 25
 7.686430e+00 9.978120e+00 1.956008e+01 1.178613e+01 2.028057e+01 2.343661e+01 1.615983e+01 1.741140e+01 1.586282e+01 1.672851e+01 1.929155e+01 1.572625e+01 1.024637e+00 1.304041e+00 2.476557e+00 1.654918e+00 2.247244e+00 2.059101e+00 2.235735e+00 2.252448e+00 2.311120e+00 2.304162e+00 2.055172e+00 2.207467e+00 1.395421e-03
<GCONST> 8.028598e+01
<MIXTURE> 89 9.333527e-03
<MEAN> 25
 4.869047e+00 -5.871195e+00 -2.152512e+00 -1.178903e+00 -2.681104e+00 -2.965209e+00 -2.849581e+00 3.972475e+00 4.260447e+00 -3.055960e+00 -5.183646e+00 -3.422223e+00 -5.296285e-01 -6.718818e-02 1.778183e+00 1.258878e+00 -1.885965e+00 -1.757275e+00 5.312952e-01 1.060217e+00 -6.293133e-01 -1.019986e+00 4.014640e-01 1.515965e+00 -4.792306e-04
<VARIANCE> 25
 1.063761e+01 2.702781e+01 2.769948e+01 3.090827e+01 2.762163e+01 3.857769e+01 6.023150e+01 3.477745e+01 3.232877e+01 2.764001e+01 2.882211e+01 2.285182e+01 3.818733e-01 6.874147e-01 1.455010e+00 1.202917e+00 1.503421e+00 2.333323e+00 2.083926e+00 1.792724e+00 1.797499e+00 1.470375e+00 2.403265e+00 1.238733e+00 3.334777e-04
<GCONST> 8.211666e+01
<MIXTURE> 90 7.114505e-03
<MEAN> 25
 2.451492e+00 -9.099591e+00 -4.307943e+00 -3.391696e+00 -3.718136e+00 -1.801967e+00 3.422145e+00 1.534944e+00 -6.714529e+00 -9.982887e+00 -3.417034e+00 -5.031433e-01 -1.708132e-01 8.882658e-01 1.127000e+00 -8.714113e-01 -1.582951e+00 -2.879024e-01 6.169914e-01 -1.716282e-01 -1.691567e-01 7.396469e-01 2.317313e-01 -5.136016e-01 -1.049135e-02
<VARIANCE> 25
 8.540112e+00 2.111770e+01 2.133704e+01 3.091801e+01 3.611173e+01 3.092731e+01 3.641235e+01 3.715091e+01 4.089291e+01 2.663301e+01 2.634002e+01 2.527998e+01 2.106846e-01 5.831725e-01 7.802604e-01 1.007905e+00 1.437120e+00 1.600741e+00 1.730665e+00 1.611927e+00 1.711506e+00 1.610540e+00 1.457309e+00 1.248402e+00 2.063175e-04
<GCONST> 7.800439e+01
<MIXTURE> 91 7.852945e-03
<MEAN> 25
 5.664310e+00 -5.877275e+00 -7.860485e+00 -5.485341e+00 3.137032e+00 2.032461e+00 -2.641004e+00 -1.781106e-01 2.764383e+00 2.673425e-01 -4.773586e+00 -5.158161e+00 2.103857e-01 1.136933e+00 -1.310234e-01 6.478431e-01 1.842203e-02 -5.763158e-01 -4.207225e-01 -6.366970e-02 -7.121254e-02 3.724731e-01 -3.235040e-01 1.927908e-01 -3.658548e-02
<VARIANCE> 25
 7.716336e+00 2.443050e+01 1.679585e+01 5.070580e+01 3.822062e+01 4.955291e+01 3.788642e+01 3.830403e+01 3.707275e+01 5.271027e+01 3.644526e+01 3.007946e+01 3.564189e-01 7.245696e-01 1.001930e+00 1.160552e+00 1.876754e+00 1.677145e+00 1.964592e+00 2.297481e+00 1.804378e+00 1.639698e+00 1.942296e+00 1.575597e+00 6.282686e-04
<GCONST> 8.361861e+01
<MIXTURE> 92 7.852945e-03
<MEAN> 25
 5.664310e+00 -5.877275e+00 -7.860485e+00 -5.485341e+00 3.137032e+00 2.032461e+00 -2.641004e+00 -1.781106e-01 2.764383e+00 2.673425e-01 -4.773586e+00 -5.158161e+00 2.103857e-01 1.136933e+00 -1.310234e-01 6.478431e-01 1.842203e-02 -5.763158e-01 -4.207225e-01 -6.366970e-02 -7.121254e-02 3.724731e-01 -3.235040e-01 1.927908e-01 -3.658548e-02
<VARIANCE> 25
 7.716336e+00 2.443050e+01 1.679585e+01 5.070580e+01 3.822062e+01 4.955291e+01 3.788642e+01 3.830403e+01 3.707275e+01 5.271027e+01 3.644526e+01 3.007946e+01 3.564189e-01 7.245696e-01 1.001930e+00 1.160552e+00 1.876754e+00 1.677145e+00 1.964592e+00 2.297481e+00 1.804378e+00 1.639698e+00 1.942296e+00 1.575597e+00 6.282686e-04
<GCONST> 8.361861e+01
<MIXTURE> 93 6.122769e-03
<MEAN> 25
 -6.704576e+00 -8.151242e-01 -2.472388e+00 5.863449e+00 5.828149e+00 3.912785e+00 6.195445e+00 3.641755e+00 4.034447e+00 2.550065e+00 1.795794e+00 3.590527e+00 -6.289199e-02 -1.631734e-01 -2.525273e-01 -3.128149e-01 -3.655841e-01 -3.089685e-01 -2.440577e-01 -1.729198e-01 -1.411393e-01 -1.855584e-01 -1.276278e-01 -8.799762e-03 2.372094e-05
<VARIANCE> 25
 9.280108e+00 6.530720e+00 8.124974e+00 1.125705e+01 1.137595e+01 1.554020e+01 1.501551e+01 1.600532e+01 1.462726e+01 1.419472e+01 1.634776e+01 1.347278e+01 8.059962e-02 1.517378e-01 2.584618e-01 3.810242e-01 5.172614e-01 6.426954e-01 7.806969e-01 8.628014e-01 9.135804e-01 8.907764e-01 8.875208e-01 9.149962e-01 1.000770e-06
<GCONST> 5.350757e+01
<MIXTURE> 94 6.122769e-03
<MEAN> 25
 -6.704576e+00 -8.151242e-01 -2.472388e+00 5.863449e+00 5.828149e+00 3.912785e+00 6.195445e+00 3.641755e+00 4.034447e+00 2.550065e+00 1.795794e+00 3.590527e+00 -6.289199e-02 -1.631734e-01 -2.525273e-01 -3.128149e-01 -3.655841e-01 -3.089685e-01 -2.440577e-01 -1.729198e-01 -1.411393e-01 -1.855584e-01 -1.276278e-01 -8.799762e-03 2.372094e-05
<VARIANCE> 25
 9.280108e+00 6.530720e+00 8.124974e+00 1.125705e+01 1.137595e+01 1.554020e+01 1.501551e+01 1.600532e+01 1.462726e+01 1.419472e+01 1.634776e+01 1.347278e+01 8.059962e-02 1.517378e-01 2.584618e-01 3.810242e-01 5.172614e-01 6.426954e-01 7.806969e-01 8.628014e-01 9.135804e-01 8.907764e-01 8.875208e-01 9.149962e-01 1.000770e-06
<GCONST> 5.350757e+01
<MIXTURE> 95 5.258835e-03
<MEAN> 25
 -5.132382e+00 4.800984e-01 -3.456345e+00 4.566647e+00 4.316672e+00 3.205315e+00 4.521130e+00 2.054453e+00 2.519161e+00 5.105519e-01 1.273960e-01 2.465399e+00 1.216656e-01 8.522073e-02 7.174512e-02 -1.158850e-01 -3.102107e-01 -6.905904e-01 -9.909775e-01 -1.250856e+00 -1.236846e+00 -1.013839e+00 -6.455842e-01 -1.439352e-01 -1.328209e-03
<VARIANCE> 25
 9.118256e+00 8.567906e+00 1.486155e+01 1.170636e+01 1.170381e+01 1.586338e+01 1.542199e+01 1.460155e+01 1.347929e+01 1.470037e+01 2.016413e+01 1.353644e+01 2.201454e-01 2.730621e-01 4.375801e-01 6.485715e-01 8.932699e-01 1.350895e+00 1.113253e+00 8.516338e-01 9.146257e-01 9.872089e-01 9.827622e-01 1.066547e+00 4.937976e-05
<GCONST> 6.309585e+01
<MIXTURE> 96 7.034694e-03
<MEAN> 25
 -4.890569e+00 -4.255180e-01 -2.257064e+00 5.126375e+00 3.753863e+00 1.749949e+00 3.458465e+00 1.853171e+00 2.484616e+00 8.032508e-01 9.709072e-01 2.774876e+00 -2.493326e-02 9.756570e-02 2.265129e-01 3.912453e-01 5.516829e-01 5.047673e-01 2.724581e-01 -1.225260e-01 -4.530887e-01 -6.456198e-01 -6.119821e-01 -3.169067e-01 3.790070e-05
<VARIANCE> 25
 1.193392e+01 1.036673e+01 1.289250e+01 1.467021e+01 1.585059e+01 1.920725e+01 1.772167e+01 1.922870e+01 1.769626e+01 1.843187e+01 2.027065e+01 1.432189e+01 1.190177e-01 2.157442e-01 3.197756e-01 4.012846e-01 5.230290e-01 6.718136e-01 8.684915e-01 1.019776e+00 9.417823e-01 8.725670e-01 8.927866e-01 1.042969e+00 1.120033e-06
<GCONST> 5.816299e+01
<MIXTURE> 97 7.034694e-03
<MEAN> 25
 -4.890569e+00 -4.255180e-01 -2.257064e+00 5.126375e+00 3.753863e+00 1.749949e+00 3.458465e+00 1.853171e+00 2.484616e+00 8.032508e-01 9.709072e-01 2.774876e+00 -2.493326e-02 9.756570e-02 2.265129e-01 3.912453e-01 5.516829e-01 5.047673e-01 2.724581e-01 -1.225260e-01 -4.530887e-01 -6.456198e-01 -6.119821e-01 -3.169067e-01 3.790070e-05
<VARIANCE> 25
 1.193392e+01 1.036673e+01 1.289250e+01 1.467021e+01 1.585059e+01 1.920725e+01 1.772167e+01 1.922870e+01 1.769626e+01 1.843187e+01 2.027065e+01 1.432189e+01 1.190177e-01 2.157442e-01 3.197756e-01 4.012846e-01 5.230290e-01 6.718136e-01 8.684915e-01 1.019776e+00 9.417823e-01 8.725670e-01 8.927866e-01 1.042969e+00 1.120033e-06
<GCONST> 5.816299e+01
<MIXTURE> 98 9.917808e-03
<MEAN> 25
 -1.227445e+00 2.002553e+00 -1.262634e+00 4.014565e+00 3.834407e+00 1.846051e+00 2.062318e+00 1.411663e+00 2.826081e+00 1.337012e+00 -1.949066e-01 3.596873e-01 -1.384650e+00 -1.192000e+00 -1.119774e+00 -3.027957e-02 4.339997e-01 6.093895e-01 1.146976e+00 1.076931e+00 1.507409e+00 1.240288e+00 1.162913e+00 9.609740e-01 -2.484099e-02
<VARIANCE> 25
 1.354946e+01 1.871459e+01 3.019968e+01 2.729279e+01 4.298867e+01 3.545075e+01 2.791254e+01 2.658350e+01 2.889436e+01 2.593973e+01 2.404315e+01 2.097507e+01 1.475940e+00 1.409486e+00 2.012552e+00 2.210278e+00 2.804059e+00 2.840661e+00 2.463872e+00 3.224318e+00 2.517996e+00 2.724174e+00 2.396898e+00 1.972803e+00 2.221655e-03
<GCONST> 8.872044e+01
<MIXTURE> 99 6.696178e-03
<MEAN> 25
 -5.136915e+00 8.650841e+00 4.618195e+00 2.171764e+00 2.448971e+00 -6.288619e+00 -1.312663e+00 -4.189020e+00 -4.004542e+00 -2.790375e+00 -1.552489e+00 8.435235e-01 2.565210e-01 -4.846033e-01 -1.107785e-01 -5.093047e-01 -7.635048e-01 -3.038512e-01 -4.114384e-01 -4.223441e-01 -9.858433e-02 6.996008e-03 2.573588e-01 2.021776e-01 5.352407e-03
<VARIANCE> 25
 3.636490e+01 1.979588e+01 4.416653e+01 3.414973e+01 3.115821e+01 3.898218e+01 3.360765e+01 2.346465e+01 3.897563e+01 2.861456e+01 1.949777e+01 4.712532e+01 1.766915e+00 1.370353e+00 1.874934e+00 1.490417e+00 2.178557e+00 2.182145e+00 1.509436e+00 1.709030e+00 1.646076e+00 1.402980e+00 1.623832e+00 1.674124e+00 1.404364e-03
<GCONST> 8.714459e+01
<MIXTURE> 100 4.498084e-03
<MEAN> 25
 -1.598764e+00 6.344874e+00 1.027876e+01 -7.461975e+00 -1.078088e+01 -5.073865e+00 -4.941176e+00 -9.967621e+00 -4.720115e+00 -8.548475e-01 -2.732197e+00 -2.708094e+00 2.917274e+00 -1.260763e+00 1.299744e+00 -2.185577e+00 -3.419307e+00 -7.838712e-01 -1.218405e+00 -8.201609e-01 -1.475568e+00 3.464734e-01 -1.654883e+00 -2.860998e-01 2.031685e-03
<VARIANCE> 25
 1.362439e+01 2.105566e+01 2.248052e+01 2.642496e+01 2.302117e+01 2.372837e+01 2.910709e+01 2.171112e+01 2.749527e+01 2.264841e+01 2.241306e+01 2.133786e+01 1.800765e+00 3.953826e+00 2.919744e+00 4.286225e+00 4.183885e+00 4.536737e+00 4.015668e+00 4.340413e+00 4.167233e+00 3.895661e+00 3.912536e+00 3.224523e+00 1.676363e-03
<GCONST> 9.257142e+01
<MIXTURE> 101 6.007792e-03
<MEAN> 25
 7.732662e+00 -3.493535e+00 -5.850205e+00 -6.453581e+00 7.939565e-01 -1.121806e+00 -1.015334e+01 -1.776099e+00 1.601548e+00 2.634491e+00 -2.411645e+00 -5.040607e+00 6.422751e-01 6.370936e-01 -1.437696e+00 -1.600551e+00 1.030794e+00 2.234363e+00 2.350458e-01 -1.425486e+00 -9.977016e-01 9.661714e-01 1.306748e+00 -4.435141e-01 -6.229928e-03
<VARIANCE> 25
 1.059107e+01 1.869216e+01 3.142925e+01 4.227797e+01 3.577678e+01 3.613214e+01 3.717563e+01 3.828200e+01 3.698108e+01 4.263274e+01 5.010562e+01 2.419389e+01 3.048426e-01 6.640018e-01 1.157072e+00 1.528612e+00 1.604578e+00 2.117817e+00 2.050793e+00 1.971719e+00 2.426890e+00 2.144998e+00 1.761339e+00 1.936033e+00 3.716291e-04
<GCONST> 8.388750e+01
<MIXTURE> 102 6.007792e-03
<MEAN> 25
 7.732662e+00 -3.493535e+00 -5.850205e+00 -6.453581e+00 7.939565e-01 -1.121806e+00 -1.015334e+01 -1.776099e+00 1.601548e+00 2.634491e+00 -2.411645e+00 -5.040607e+00 6.422751e-01 6.370936e-01 -1.437696e+00 -1.600551e+00 1.030794e+00 2.234363e+00 2.350458e-01 -1.425486e+00 -9.977016e-01 9.661714e-01 1.306748e+00 -4.435141e-01 -6.229928e-03
<VARIANCE> 25
 1.059107e+01 1.869216e+01 3.142925e+01 4.227797e+01 3.577678e+01 3.613214e+01 3.717563e+01 3.828200e+01 3.698108e+01 4.263274e+01 5.010562e+01 2.419389e+01 3.048426e-01 6.640018e-01 1.157072e+00 1.528612e+00 1.604578e+00 2.117817e+00 2.050793e+00 1.971719e+00 2.426890e+00 2.144998e+00 1.761339e+00 1.936033e+00 3.716291e-04
<GCONST> 8.388750e+01
<MIXTURE> 103 5.694618e-03
<MEAN> 25
 3.272555e+00 -9.194975e+00 -5.975681e+00 -3.075012e+00 -1.122715e+00 -1.898167e+00 2.281317e+00 2.323575e+00 -4.321130e+00 -8.925721e+00 -5.098902e+00 3.641035e-01 -1.698917e-01 -1.447405e+00 -9.655026e-01 2.981403e-01 1.213926e+00 1.024032e+00 1.929725e-01 -3.037817e-01 -7.369814e-01 -8.882642e-01 -5.590913e-02 1.185600e-01 2.629787e-02
<VARIANCE> 25
 1.035862e+01 2.143545e+01 2.269156e+01 3.142240e+01 4.913041e+01 3.422316e+01 4.549237e+01 3.726193e+01 4.302209e+01 3.108397e+01 2.939938e+01 2.581231e+01 6.242221e-01 1.243015e+00 1.548543e+00 2.075686e+00 2.842120e+00 2.325930e+00 2.858102e+00 2.619107e+00 2.513411e+00 2.517172e+00 2.051742e+00 2.030307e+00 7.984752e-04
<GCONST> 8.756683e+01
<MIXTURE> 104 5.694618e-03
<MEAN> 25
 3.272555e+00 -9.194975e+00 -5.975681e+00 -3.075012e+00 -1.122715e+00 -1.898167e+00 2.281317e+00 2.323575e+00 -4.321130e+00 -8.925721e+00 -5.098902e+00 3.641035e-01 -1.698917e-01 -1.447405e+00 -9.655026e-01 2.981403e-01 1.213926e+00 1.024032e+00 1.929725e-01 -3.037817e-01 -7.369814e-01 -8.882642e-01 -5.590913e-02 1.185600e-01 2.629787e-02
<VARIANCE> 25
 1.035862e+01 2.143545e+01 2.269156e+01 3.142240e+01 4.913041e+01 3.422316e+01 4.549237e+01 3.726193e+01 4.302209e+01 3.108397e+01 2.939938e+01 2.581231e+01 6.242221e-01 1.243015e+00 1.548543e+00 2.075686e+00 2.842120e+00 2.325930e+00 2.858102e+00 2.619107e+00 2.513411e+00 2.517172e+00 2.051742e+00 2.030307e+00 7.984752e-04
<GCONST> 8.756683e+01
<MIXTURE> 105 4.710235e-03
<MEAN> 25
 1.293052e+00 -2.040526e+00 1.024138e+01 -2.615586e+00 -1.158573e+01 -3.830869e+00 -3.116588e+00 -4.841210e-01 -4.230400e+00 -4.360108e+00 2.196029e+00 -1.009731e+00 5.039180e-02 6.240656e-03 -4.327818e-02 -4.349821e-02 -1.573995e-01 -8.582140e-02 2.425267e-02 1.670299e-01 9.710877e-03 3.885570e-02 5.008235e-02 -5.916797e-02 -3.438404e-03
<VARIANCE> 25
 1.481384e+01 2.378674e+01 4.787408e+01 3.870926e+01 3.074165e+01 4.696391e+01 3.786468e+01 4.009425e+01 3.907766e+01 4.007059e+01 4.284748e+01 2.583301e+01 8.950224e-02 1.646845e-01 3.174908e-01 3.968929e-01 4.776745e-01 4.350135e-01 4.456629e-01 4.537043e-01 4.503943e-01 4.158282e-01 3.830464e-01 3.976307e-01 7.976804e-05
<GCONST> 6.585037e+01
<MIXTURE> 106 4.710235e-03
<MEAN> 25
 1.293052e+00 -2.040526e+00 1.024138e+01 -2.615586e+00 -1.158573e+01 -3.830869e+00 -3.116588e+00 -4.841210e-01 -4.230400e+00 -4.360108e+00 2.196029e+00 -1.009731e+00 5.039180e-02 6.240656e-03 -4.327818e-02 -4.349821e-02 -1.573995e-01 -8.582140e-02 2.425267e-02 1.670299e-01 9.710877e-03 3.885570e-02 5.008235e-02 -5.916797e-02 -3.438404e-03
<VARIANCE> 25
 1.481384e+01 2.378674e+01 4.787408e+01 3.870926e+01 3.074165e+01 4.696391e+01 3.786468e+01 4.009425e+01 3.907766e+01 4.007059e+01 4.284748e+01 2.583301e+01 8.950224e-02 1.646845e-01 3.174908e-01 3.968929e-01 4.776745e-01 4.350135e-01 4.456629e-01 4.537043e-01 4.503943e-01 4.158282e-01 3.830464e-01 3.976307e-01 7.976804e-05
<GCONST> 6.585037e+01
<MIXTURE> 107 5.452374e-03
<MEAN> 25
 8.309845e+00 -1.870651e+00 -7.231784e+00 -6.667565e+00 1.806943e+00 4.149878e+00 -8.544979e+00 -6.595913e+00 -1.855575e+00 2.932985e+00 2.087788e+00 -4.156211e+00 -6.367079e-01 -8.811170e-01 1.049121e+00 1.797578e+00 3.165507e-02 -2.184171e+00 -7.132417e-01 9.368694e-01 1.576767e+00 2.247750e-02 -1.638686e+00 -6.314582e-01 -4.859512e-04
<VARIANCE> 25
 9.586212e+00 2.119445e+01 2.838131e+01 5.713330e+01 3.407120e+01 3.437849e+01 4.290639e+01 5.121250e+01 4.074081e+01 3.280783e+01 4.668079e+01 2.798825e+01 3.192459e-01 1.066531e+00 1.427260e+00 2.030338e+00 2.048076e+00 3.006013e+00 2.389866e+00 2.513726e+00 2.069866e+00 2.809949e+00 1.656061e+00 2.035606e+00 6.602257e-04
<GCONST> 8.703606e+01
<MIXTURE> 108 5.452374e-03
<MEAN> 25
 8.309845e+00 -1.870651e+00 -7.231784e+00 -6.667565e+00 1.806943e+00 4.149878e+00 -8.544979e+00 -6.595913e+00 -1.855575e+00 2.932985e+00 2.087788e+00 -4.156211e+00 -6.367079e-01 -8.811170e-01 1.049121e+00 1.797578e+00 3.165507e-02 -2.184171e+00 -7.132417e-01 9.368694e-01 1.576767e+00 2.247750e-02 -1.638686e+00 -6.314582e-01 -4.859512e-04
<VARIANCE> 25
 9.586212e+00 2.119445e+01 2.838131e+01 5.713330e+01 3.407120e+01 3.437849e+01 4.290639e+01 5.121250e+01 4.074081e+01 3.280783e+01 4.668079e+01 2.798825e+01 3.192459e-01 1.066531e+00 1.427260e+00 2.030338e+00 2.048076e+00 3.006013e+00 2.389866e+00 2.513726e+00 2.069866e+00 2.809949e+00 1.656061e+00 2.035606e+00 6.602257e-04
<GCONST> 8.703606e+01
<MIXTURE> 109 6.661064e-03
<MEAN> 25
 3.862061e+00 -9.343072e+00 -7.667285e+00 -8.395115e-01 1.640076e+00 4.996622e-01 -1.327108e-01 5.466243e-01 -1.371945e+00 -6.981245e+00 -5.346702e+00 -3.875776e-02 -3.473386e-02 -7.899019e-02 -2.619988e-02 2.349996e-01 2.560472e-01 5.315224e-02 -1.353804e-02 -1.025850e-01 -5.272203e-02 -1.358527e-01 6.860684e-02 3.384965e-02 -3.254297e-03
<VARIANCE> 25
 8.890044e+00 2.098216e+01 1.964510e+01 3.266203e+01 4.672284e+01 3.362679e+01 4.116732e+01 3.829488e+01 4.359724e+01 3.811165e+01 2.734403e+01 2.799824e+01 1.791140e-01 4.011092e-01 5.387097e-01 6.866832e-01 1.182055e+00 9.517318e-01 1.196129e+00 1.320459e+00 1.000396e+00 9.151107e-01 8.737988e-01 1.124064e+00 1.690572e-04
<GCONST> 7.457384e+01
<MIXTURE> 110 6.661064e-03
<MEAN> 25
 3.862061e+00 -9.343072e+00 -7.667285e+00 -8.395115e-01 1.640076e+00 4.996622e-01 -1.327108e-01 5.466243e-01 -1.371945e+00 -6.981245e+00 -5.346702e+00 -3.875776e-02 -3.473386e-02 -7.899019e-02 -2.619988e-02 2.349996e-01 2.560472e-01 5.315224e-02 -1.353804e-02 -1.025850e-01 -5.272203e-02 -1.358527e-01 6.860684e-02 3.384965e-02 -3.254297e-03
<VARIANCE> 25
 8.890044e+00 2.098216e+01 1.964510e+01 3.266203e+01 4.672284e+01 3.362679e+01 4.116732e+01 3.829488e+01 4.359724e+01 3.811165e+01 2.734403e+01 2.799824e+01 1.791140e-01 4.011092e-01 5.387097e-01 6.866832e-01 1.182055e+00 9.517318e-01 1.196129e+00 1.320459e+00 1.000396e+00 9.151107e-01 8.737988e-01 1.124064e+00 1.690572e-04
<GCONST> 7.457384e+01
<MIXTURE> 111 4.337247e-03
<MEAN> 25
 -4.229420e+00 -8.675435e-01 -1.710495e+00 1.788528e+00 8.445461e-01 8.149810e-01 3.530823e-01 3.632601e-01 1.817475e-01 -6.447996e-01 -7.294611e-01 1.939858e+00 -3.161967e-02 -3.117451e-02 -6.591664e-02 -9.762027e-02 -5.639732e-02 4.291433e-03 3.883676e-03 -3.940265e-02 -1.577538e-01 -1.699201e-01 -1.787413e-01 -9.654568e-02 -4.151387e-04
<VARIANCE> 25
 8.174006e+00 5.097447e+00 1.051406e+01 9.708601e+00 1.423654e+01 2.375199e+01 1.474346e+01 1.314290e+01 1.143826e+01 1.259547e+01 1.365447e+01 1.126940e+01 7.960631e-02 1.595541e-01 2.754747e-01 4.262099e-01 6.006941e-01 7.113612e-01 8.164479e-01 8.398869e-01 9.157352e-01 9.099715e-01 8.849821e-01 8.409877e-01 2.385290e-05
<GCONST> 5.654200e+01
<MIXTURE> 112 4.337247e-03
<MEAN> 25
 -4.229420e+00 -8.675435e-01 -1.710495e+00 1.788528e+00 8.445461e-01 8.149810e-01 3.530823e-01 3.632601e-01 1.817475e-01 -6.447996e-01 -7.294611e-01 1.939858e+00 -3.161967e-02 -3.117451e-02 -6.591664e-02 -9.762027e-02 -5.639732e-02 4.291433e-03 3.883676e-03 -3.940265e-02 -1.577538e-01 -1.699201e-01 -1.787413e-01 -9.654568e-02 -4.151387e-04
<VARIANCE> 25
 8.174006e+00 5.097447e+00 1.051406e+01 9.708601e+00 1.423654e+01 2.375199e+01 1.474346e+01 1.314290e+01 1.143826e+01 1.259547e+01 1.365447e+01 1.126940e+01 7.960631e-02 1.595541e-01 2.754747e-01 4.262099e-01 6.006941e-01 7.113612e-01 8.164479e-01 8.398869e-01 9.157352e-01 9.099715e-01 8.849821e-01 8.409877e-01 2.385290e-05
<GCONST> 5.654200e+01
<MIXTURE> 113 5.938666e-03
<MEAN> 25
 9.620192e+00 1.825803e+00 -8.880733e+00 -1.633392e+01 -1.621054e+00 5.871768e+00 -5.036279e+00 -2.186288e+00 -5.444842e+00 -6.316746e-01 4.436370e-01 3.549471e-01 -1.032183e-02 4.383778e-02 -5.949762e-02 -1.371154e-01 8.075316e-02 1.213449e-01 2.143662e-02 2.588753e-03 -6.440625e-02 -9.298407e-03 1.937309e-01 4.084999e-02 -1.293239e-03
<VARIANCE> 25
 1.009874e+01 1.576388e+01 2.797784e+01 3.937627e+01 5.471093e+01 3.280100e+01 3.827654e+01 4.421248e+01 3.616785e+01 4.394504e+01 3.481070e+01 3.123409e+01 1.230359e-01 3.552129e-01 2.996715e-01 6.131124e-01 6.835957e-01 7.159606e-01 8.327284e-01 8.656566e-01 9.475071e-01 8.877485e-01 7.334757e-01 7.312101e-01 1.246257e-04
<GCONST> 7.165795e+01
<MIXTURE> 114 5.938666e-03
<MEAN> 25
 9.620192e+00 1.825803e+00 -8.880733e+00 -1.633392e+01 -1.621054e+00 5.871768e+00 -5.036279e+00 -2.186288e+00 -5.444842e+00 -6.316746e-01 4.436370e-01 3.549471e-01 -1.032183e-02 4.383778e-02 -5.949762e-02 -1.371154e-01 8.075316e-02 1.213449e-01 2.143662e-02 2.588753e-03 -6.440625e-02 -9.298407e-03 1.937309e-01 4.084999e-02 -1.293239e-03
<VARIANCE> 25
 1.009874e+01 1.576388e+01 2.797784e+01 3.937627e+01 5.471093e+01 3.280100e+01 3.827654e+01 4.421248e+01 3.616785e+01 4.394504e+01 3.481070e+01 3.123409e+01 1.230359e-01 3.552129e-01 2.996715e-01 6.131124e-01 6.835957e-01 7.159606e-01 8.327284e-01 8.656566e-01 9.475071e-01 8.877485e-01 7.334757e-01 7.312101e-01 1.246257e-04
<GCONST> 7.165795e+01
<MIXTURE> 115 2.935202e-03
<MEAN> 25
 -3.854872e+00 -4.497172e-01 -3.443730e+00 3.450044e+00 2.417748e+00 -4.361226e-01 2.236535e+00 3.864224e-01 1.557946e+00 6.471925e-02 -2.158338e-01 2.400841e+00 3.243354e-02 -6.318793e-02 -2.203295e-01 -4.012187e-01 -6.068397e-01 -7.169688e-01 -6.107891e-01 -5.061586e-01 -4.376200e-01 -4.657509e-01 -3.767880e-01 -1.301627e-01 1.450223e-05
<VARIANCE> 25
 9.269856e+00 1.111779e+01 1.554532e+01 1.316351e+01 1.335696e+01 1.663454e+01 1.635023e+01 2.082227e+01 1.766323e+01 1.735287e+01 1.918325e+01 1.496715e+01 1.919611e-01 3.267033e-01 4.648261e-01 5.550667e-01 6.653039e-01 7.915345e-01 1.000922e+00 1.130779e+00 1.060281e+00 9.612415e-01 1.056390e+00 1.049728e+00 9.837759e-07
<GCONST> 6.017152e+01
<MIXTURE> 116 2.935202e-03
<MEAN> 25
 -3.854872e+00 -4.497172e-01 -3.443730e+00 3.450044e+00 2.417748e+00 -4.361226e-01 2.236535e+00 3.864224e-01 1.557946e+00 6.471925e-02 -2.158338e-01 2.400841e+00 3.243354e-02 -6.318793e-02 -2.203295e-01 -4.012187e-01 -6.068397e-01 -7.169688e-01 -6.107891e-01 -5.061586e-01 -4.376200e-01 -4.657509e-01 -3.767880e-01 -1.301627e-01 1.450223e-05
<VARIANCE> 25
 9.269856e+00 1.111779e+01 1.554532e+01 1.316351e+01 1.335696e+01 1.663454e+01 1.635023e+01 2.082227e+01 1.766323e+01 1.735287e+01 1.918325e+01 1.496715e+01 1.919611e-01 3.267033e-01 4.648261e-01 5.550667e-01 6.653039e-01 7.915345e-01 1.000922e+00 1.130779e+00 1.060281e+00 9.612415e-01 1.056390e+00 1.049728e+00 9.837759e-07
<GCONST> 6.017152e+01
<MIXTURE> 117 6.506003e-03
<MEAN> 25
 -4.629817e+00 1.144779e+00 1.002885e+00 9.728701e+00 6.253969e+00 6.245347e+00 6.471935e+00 5.048032e+00 6.342404e+00 4.903839e+00 6.299456e+00 2.672191e+00 -7.194448e-02 -2.365949e-01 -3.620089e-01 -4.142108e-01 -3.739729e-01 -3.068517e-01 -2.939491e-01 -3.339269e-01 -3.777843e-01 -3.697654e-01 -2.657205e-01 -1.035373e-01 3.705465e-06
<VARIANCE> 25
 7.138543e+00 8.740979e+00 9.979986e+00 1.427870e+01 1.558207e+01 1.525912e+01 1.759116e+01 1.779912e+01 1.644166e+01 1.630758e+01 1.703476e+01 1.475279e+01 2.175895e-01 3.059645e-01 4.326036e-01 6.145372e-01 8.526412e-01 1.049574e+00 1.171496e+00 1.224610e+00 1.231892e+00 1.196738e+00 1.160097e+00 1.122559e+00 1.008046e-06
<GCONST> 6.043617e+01
<MIXTURE> 118 6.506003e-03
<MEAN> 25
 -4.629817e+00 1.144779e+00 1.002885e+00 9.728701e+00 6.253969e+00 6.245347e+00 6.471935e+00 5.048032e+00 6.342404e+00 4.903839e+00 6.299456e+00 2.672191e+00 -7.194448e-02 -2.365949e-01 -3.620089e-01 -4.142108e-01 -3.739729e-01 -3.068517e-01 -2.939491e-01 -3.339269e-01 -3.777843e-01 -3.697654e-01 -2.657205e-01 -1.035373e-01 3.705465e-06
<VARIANCE> 25
 7.138543e+00 8.740979e+00 9.979986e+00 1.427870e+01 1.558207e+01 1.525912e+01 1.759116e+01 1.779912e+01 1.644166e+01 1.630758e+01 1.703476e+01 1.475279e+01 2.175895e-01 3.059645e-01 4.326036e-01 6.145372e-01 8.526412e-01 1.049574e+00 1.171496e+00 1.224610e+00 1.231892e+00 1.196738e+00 1.160097e+00 1.122559e+00 1.008046e-06
<GCONST> 6.043617e+01
<MIXTURE> 119 4.297961e-03
<MEAN> 25
 -4.812359e+00 -7.302422e+00 2.335704e+00 1.818363e+00 1.891795e+00 -1.447692e-01 5.513892e+00 6.266094e+00 1.286696e+00 6.103755e-01 6.271854e+00 1.659092e+00 -6.171330e-02 -5.709097e-02 8.773652e-02 -2.135728e-02 -1.640978e-01 -2.386710e-01 -4.044273e-02 -2.443867e-02 -1.212900e-01 -7.810247e-02 3.119313e-02 -3.811102e-02 1.059959e-03
<VARIANCE> 25
 8.469926e+00 1.101270e+01 1.618127e+01 1.992333e+01 2.371508e+01 2.399348e+01 2.462168e+01 2.726232e+01 2.392685e+01 2.859169e+01 2.133684e+01 1.970033e+01 1.565706e-01 2.900808e-01 5.164348e-01 6.508539e-01 8.214653e-01 1.033829e+00 1.084335e+00 1.234698e+00 1.242116e+00 1.213537e+00 1.411298e+00 1.083150e+00 2.252132e-04
<GCONST> 7.006302e+01
<MIXTURE> 120 4.297961e-03
<MEAN> 25
 -4.812359e+00 -7.302422e+00 2.335704e+00 1.818363e+00 1.891795e+00 -1.447692e-01 5.513892e+00 6.266094e+00 1.286696e+00 6.103755e-01 6.271854e+00 1.659092e+00 -6.171330e-02 -5.709097e-02 8.773652e-02 -2.135728e-02 -1.640978e-01 -2.386710e-01 -4.044273e-02 -2.443867e-02 -1.212900e-01 -7.810247e-02 3.119313e-02 -3.811102e-02 1.059959e-03
<VARIANCE> 25
 8.469926e+00 1.101270e+01 1.618127e+01 1.992333e+01 2.371508e+01 2.399348e+01 2.462168e+01 2.726232e+01 2.392685e+01 2.859169e+01 2.133684e+01 1.970033e+01 1.565706e-01 2.900808e-01 5.164348e-01 6.508539e-01 8.214653e-01 1.033829e+00 1.084335e+00 1.234698e+00 1.242116e+00 1.213537e+00 1.411298e+00 1.083150e+00 2.252132e-04
<GCONST> 7.006302e+01
<MIXTURE> 121 4.567511e-03
<MEAN> 25
 2.063770e-01 -2.514814e+00 5.138081e+00 -1.286505e+01 -1.262192e+01 -1.674386e+00 1.003503e+00 -5.081919e+00 -4.178066e+00 -4.915678e-01 -5.491253e+00 -4.306726e+00 2.289098e-02 1.339988e-01 -4.233548e-02 8.128823e-02 1.586277e-01 7.778077e-02 -7.824508e-02 -1.834031e-01 -2.696821e-01 -2.575609e-01 -1.151456e-01 1.680044e-03 -7.482574e-03
<VARIANCE> 25
 7.718989e+00 1.564766e+01 1.741996e+01 2.069768e+01 2.457764e+01 2.927273e+01 2.952106e+01 2.477753e+01 3.548312e+01 2.826248e+01 1.981953e+01 2.117508e+01 1.550127e-01 6.429025e-01 6.220186e-01 7.060608e-01 7.707126e-01 1.147250e+00 1.115905e+00 1.124712e+00 1.216120e+00 1.190274e+00 9.426839e-01 8.706295e-01 2.121012e-04
<GCONST> 7.144129e+01
<MIXTURE> 122 4.567511e-03
<MEAN> 25
 2.063770e-01 -2.514814e+00 5.138081e+00 -1.286505e+01 -1.262192e+01 -1.674386e+00 1.003503e+00 -5.081919e+00 -4.178066e+00 -4.915678e-01 -5.491253e+00 -4.306726e+00 2.289098e-02 1.339988e-01 -4.233548e-02 8.128823e-02 1.586277e-01 7.778077e-02 -7.824508e-02 -1.834031e-01 -2.696821e-01 -2.575609e-01 -1.151456e-01 1.680044e-03 -7.482574e-03
<VARIANCE> 25
 7.718989e+00 1.564766e+01 1.741996e+01 2.069768e+01 2.457764e+01 2.927273e+01 2.952106e+01 2.477753e+01 3.548312e+01 2.826248e+01 1.981953e+01 2.117508e+01 1.550127e-01 6.429025e-01 6.220186e-01 7.060608e-01 7.707126e-01 1.147250e+00 1.115905e+00 1.124712e+00 1.216120e+00 1.190274e+00 9.426839e-01 8.706295e-01 2.121012e-04
<GCONST> 7.144129e+01
<MIXTURE> 123 4.393044e-03
<MEAN> 25
 -3.633924e+00 2.274497e+00 -1.470006e+00 5.205875e+00 5.139763e+00 3.191223e+00 3.380417e+00 1.402004e+00 1.762967e+00 1.245736e-01 -1.158792e+00 4.715812e-01 -4.188877e-01 -7.009580e-01 -8.937970e-01 -4.528202e-01 -2.940906e-01 -7.999074e-02 4.034284e-01 4.996923e-01 7.940989e-01 7.942579e-01 5.321845e-01 5.181057e-01 -3.911903e-03
<VARIANCE> 25
 9.169069e+00 1.161948e+01 1.658533e+01 1.594580e+01 2.157867e+01 2.445492e+01 1.926091e+01 1.809833e+01 1.940751e+01 1.747180e+01 1.912055e+01 1.642707e+01 3.923406e-01 2.733862e-01 5.433546e-01 7.091511e-01 1.038369e+00 1.216589e+00 1.132464e+00 1.409607e+00 1.061331e+00 1.136188e+00 1.257171e+00 1.269748e+00 1.010708e-04
<GCONST> 6.886196e+01
<MIXTURE> 124 4.069876e-03
<MEAN> 25
 -6.032013e+00 -6.990846e-01 -3.678179e+00 5.024279e+00 5.037528e+00 3.543369e+00 5.422409e+00 2.684708e+00 3.538833e+00 1.523508e+00 8.440386e-01 2.633923e+00 -2.181116e-01 -3.101114e-01 -3.600123e-01 -2.513136e-01 1.835570e-01 5.156302e-01 7.758453e-01 7.907498e-01 6.272886e-01 2.955362e-01 -8.413261e-02 1.422586e-02 -5.577396e-04
<VARIANCE> 25
 1.123394e+01 9.008134e+00 1.446389e+01 1.189726e+01 1.166165e+01 1.928846e+01 1.438751e+01 1.561686e+01 1.538011e+01 1.484629e+01 1.836418e+01 1.478269e+01 9.687137e-02 1.663276e-01 2.707470e-01 4.045883e-01 5.891649e-01 7.722368e-01 7.400969e-01 8.847466e-01 9.098758e-01 1.029482e+00 1.225298e+00 9.424356e-01 2.255557e-05
<GCONST> 5.940559e+01
<MIXTURE> 125 4.069876e-03
<MEAN> 25
 -6.032013e+00 -6.990846e-01 -3.678179e+00 5.024279e+00 5.037528e+00 3.543369e+00 5.422409e+00 2.684708e+00 3.538833e+00 1.523508e+00 8.440386e-01 2.633923e+00 -2.181116e-01 -3.101114e-01 -3.600123e-01 -2.513136e-01 1.835570e-01 5.156302e-01 7.758453e-01 7.907498e-01 6.272886e-01 2.955362e-01 -8.413261e-02 1.422586e-02 -5.577396e-04
<VARIANCE> 25
 1.123394e+01 9.008134e+00 1.446389e+01 1.189726e+01 1.166165e+01 1.928846e+01 1.438751e+01 1.561686e+01 1.538011e+01 1.484629e+01 1.836418e+01 1.478269e+01 9.687137e-02 1.663276e-01 2.707470e-01 4.045883e-01 5.891649e-01 7.722368e-01 7.400969e-01 8.847466e-01 9.098758e-01 1.029482e+00 1.225298e+00 9.424356e-01 2.255557e-05
<GCONST> 5.940559e+01
<MIXTURE> 126 2.402244e-03
<MEAN> 25
 -3.618738e+00 -6.396625e+00 -5.307483e+00 2.056458e+00 4.255338e+00 -2.957733e+00 2.246620e-01 3.568622e+00 3.600756e+00 -2.356744e+00 -1.705280e+00 2.912835e+00 -3.079155e-03 -3.460809e-03 -5.814031e-02 -1.263359e-01 -3.111434e-01 -3.960270e-01 -2.132277e-01 -1.469329e-01 -1.050696e-01 -1.401498e-01 -1.214052e-01 -1.494126e-02 -1.953072e-03
<VARIANCE> 25
 7.847029e+00 1.479795e+01 1.457624e+01 1.641565e+01 2.498464e+01 2.380752e+01 2.314800e+01 2.952512e+01 3.182881e+01 2.636053e+01 2.155966e+01 1.926749e+01 1.674495e-01 3.402438e-01 5.007406e-01 5.768243e-01 8.310607e-01 9.908071e-01 1.108783e+00 1.342094e+00 1.282638e+00 1.306084e+00 1.238248e+00 1.164855e+00 2.091193e-04
<GCONST> 7.036187e+01
<MIXTURE> 127 2.402244e-03
<MEAN> 25
 -3.618738e+00 -6.396625e+00 -5.307483e+00 2.056458e+00 4.255338e+00 -2.957733e+00 2.246620e-01 3.568622e+00 3.600756e+00 -2.356744e+00 -1.705280e+00 2.912835e+00 -3.079155e-03 -3.460809e-03 -5.814031e-02 -1.263359e-01 -3.111434e-01 -3.960270e-01 -2.132277e-01 -1.469329e-01 -1.050696e-01 -1.401498e-01 -1.214052e-01 -1.494126e-02 -1.953072e-03
<VARIANCE> 25
 7.847029e+00 1.479795e+01 1.457624e+01 1.641565e+01 2.498464e+01 2.380752e+01 2.314800e+01 2.952512e+01 3.182881e+01 2.636053e+01 2.155966e+01 1.926749e+01 1.674495e-01 3.402438e-01 5.007406e-01 5.768243e-01 8.310607e-01 9.908071e-01 1.108783e+00 1.342094e+00 1.282638e+00 1.306084e+00 1.238248e+00 1.164855e+00 2.091193e-04
<GCONST> 7.036187e+01
<MIXTURE> 128 3.790457e-03
<MEAN> 25
 -3.950675e+00 1.604543e+00 -4.743456e-01 6.533570e+00 3.641668e+00 1.780510e+00 3.509515e+00 2.508888e+00 4.025418e+00 3.679608e+00 3.639771e+00 3.483179e+00 -3.851509e-01 -1.929007e-01 9.574222e-02 7.155331e-01 1.197047e+00 1.148160e+00 7.413868e-01 1.344618e-01 -4.346488e-01 -7.444473e-01 -7.132727e-01 -3.724300e-01 4.233002e-05
<VARIANCE> 25
 1.048420e+01 1.183409e+01 1.534747e+01 1.899112e+01 2.004230e+01 2.085861e+01 2.398107e+01 2.500131e+01 2.593917e+01 2.325451e+01 2.684320e+01 1.785689e+01 8.731549e-01 1.121446e+00 1.337854e+00 1.478824e+00 1.559998e+00 1.825086e+00 2.212276e+00 2.446083e+00 2.097450e+00 1.880285e+00 1.780552e+00 1.782944e+00 1.194047e-06
<GCONST> 7.373444e+01
<TRANSP> 3
 0.000000e+00 1.000000e+00 0.000000e+00
 0.000000e+00 9.999990e-01 9.999998e-07
 0.000000e+00 0.000000e+00 0.000000e+00
<ENDHMM>
