~o
<STREAMINFO> 1 25
<VECSIZE> 25<NULLD><MFCC_E_D_N><DIAGC>
~h "jmodel"
<BEGINHMM>
<NUMSTATES> 3
<STATE> 2
<NUMMIXES> 128
<MIXTURE> 1 5.748963e-03
<MEAN> 25
 -2.555068e+00 3.229473e+00 2.255494e+00 8.701585e+00 4.376462e+00 3.479203e+00 4.052474e+00 3.924365e+00 5.838789e+00 5.225521e+00 5.842522e+00 3.033386e+00 -1.989829e+00 -1.627288e+00 -8.640155e-01 1.073181e+00 1.561216e+00 2.232543e+00 2.162230e+00 2.081885e+00 1.698404e+00 1.274027e+00 1.557221e+00 6.210476e-01 -4.664158e-02
<VARIANCE> 25
 1.007864e+01 1.193663e+01 1.520054e+01 1.886786e+01 2.300219e+01 2.207319e+01 2.172609e+01 2.181627e+01 2.083521e+01 2.244518e+01 2.098931e+01 1.720013e+01 1.799997e+00 2.101152e+00 3.001343e+00 3.184289e+00 3.708665e+00 3.329544e+00 3.298359e+00 3.353604e+00 3.494922e+00 3.698168e+00 3.497327e+00 2.818214e+00 3.105124e-03
<GCONST> 8.840059e+01
<MIXTURE> 2 4.549242e-03
<MEAN> 25
 -4.857441e+00 1.333547e+00 9.615874e-01 9.881542e+00 6.704120e+00 7.403708e+00 7.834646e+00 6.973513e+00 8.362770e+00 6.383714e+00 7.598901e+00 3.044414e+00 -6.433737e-02 3.722387e-02 1.399662e-01 2.220911e-01 2.612716e-01 2.789288e-01 2.984426e-01 3.241227e-01 3.539623e-01 3.061183e-01 1.946814e-01 7.887719e-02 -1.862764e-06
<VARIANCE> 25
 6.998795e+00 8.972633e+00 1.085039e+01 1.592249e+01 1.719858e+01 1.559837e+01 1.686578e+01 1.846013e+01 1.654120e+01 1.734312e+01 1.818546e+01 1.449240e+01 1.259594e-01 2.301136e-01 3.365205e-01 4.686284e-01 6.502109e-01 8.127772e-01 9.279191e-01 1.003655e+00 1.051383e+00 1.075393e+00 1.072476e+00 1.009964e+00 9.978889e-07
<GCONST> 5.809308e+01
<MIXTURE> 3 4.549242e-03
<MEAN> 25
 -4.857441e+00 1.333547e+00 9.615874e-01 9.881542e+00 6.704120e+00 7.403708e+00 7.834646e+00 6.973513e+00 8.362770e+00 6.383714e+00 7.598901e+00 3.044414e+00 -6.433737e-02 3.722387e-02 1.399662e-01 2.220911e-01 2.612716e-01 2.789288e-01 2.984426e-01 3.241227e-01 3.539623e-01 3.061183e-01 1.946814e-01 7.887719e-02 -1.862764e-06
<VARIANCE> 25
 6.998795e+00 8.972633e+00 1.085039e+01 1.592249e+01 1.719858e+01 1.559837e+01 1.686578e+01 1.846013e+01 1.654120e+01 1.734312e+01 1.818546e+01 1.449240e+01 1.259594e-01 2.301136e-01 3.365205e-01 4.686284e-01 6.502109e-01 8.127772e-01 9.279191e-01 1.003655e+00 1.051383e+00 1.075393e+00 1.072476e+00 1.009964e+00 9.978889e-07
<GCONST> 5.809308e+01
<MIXTURE> 4 1.671429e-02
<MEAN> 25
 3.334223e+00 2.527818e+00 -3.679824e+00 8.960789e-01 4.135699e+00 -6.418730e-01 -3.473050e-02 1.809482e-01 1.632194e+00 1.240462e+00 -1.912802e+00 1.039652e-01 -2.778797e+00 1.190752e+00 1.727518e+00 2.846163e+00 8.642085e-01 2.370832e-01 1.507999e+00 1.078435e+00 8.479565e-01 3.198977e-01 1.077835e+00 1.045914e+00 -9.585229e-02
<VARIANCE> 25
 2.235191e+01 2.766622e+01 2.896532e+01 3.717075e+01 4.327697e+01 6.781687e+01 6.535033e+01 5.149909e+01 5.240488e+01 5.850749e+01 4.730682e+01 3.411335e+01 2.262628e+00 4.773755e+00 3.779644e+00 5.337531e+00 4.789280e+00 6.952224e+00 5.681491e+00 5.234266e+00 5.773398e+00 6.290362e+00 6.098795e+00 4.478172e+00 6.431732e-03
<GCONST> 1.050109e+02
<MIXTURE> 5 3.206198e-03
<MEAN> 25
 -3.408870e+00 2.190469e+00 5.920718e-01 9.414374e+00 6.696907e+00 6.311128e+00 7.102971e+00 4.732871e+00 5.493883e+00 3.852007e+00 4.645565e+00 2.596682e+00 -3.253669e-01 7.494076e-01 1.221395e+00 1.029574e+00 3.053159e-01 -9.964111e-02 -8.158321e-02 3.564792e-02 4.602477e-01 6.822171e-01 4.024460e-01 8.707087e-02 -2.917801e-05
<VARIANCE> 25
 1.025610e+01 1.394885e+01 2.357810e+01 2.565128e+01 2.018855e+01 1.939556e+01 2.011296e+01 2.038049e+01 2.138033e+01 2.127103e+01 2.413019e+01 1.637234e+01 1.207442e+00 1.246743e+00 1.359488e+00 1.674351e+00 2.282439e+00 2.372874e+00 2.298571e+00 2.272889e+00 2.313330e+00 2.235571e+00 2.081640e+00 1.870317e+00 9.993092e-07
<GCONST> 7.516060e+01
<MIXTURE> 6 5.475854e-03
<MEAN> 25
 9.701625e+00 -4.177870e-01 -6.686174e+00 -1.104042e+01 -2.113021e+00 6.737139e+00 -5.907021e+00 -5.294624e+00 -3.642720e+00 1.830064e+00 4.635402e+00 -1.257055e+00 4.840241e-01 8.964938e-01 -3.524921e-01 -1.465846e+00 -6.363367e-01 1.314049e+00 1.536138e+00 2.479193e-01 -1.218037e+00 -1.214575e+00 3.215849e-01 1.225200e+00 -8.208061e-03
<VARIANCE> 25
 8.954301e+00 1.708138e+01 2.395540e+01 3.915530e+01 3.675214e+01 3.063606e+01 4.410437e+01 3.802894e+01 4.084455e+01 3.945369e+01 4.210292e+01 2.840324e+01 3.119589e-01 8.580338e-01 9.459782e-01 1.982324e+00 1.606468e+00 2.014581e+00 1.918281e+00 2.050290e+00 2.395958e+00 1.970562e+00 2.246946e+00 1.446463e+00 5.867812e-04
<GCONST> 8.388811e+01
<MIXTURE> 7 5.475854e-03
<MEAN> 25
 9.701625e+00 -4.177870e-01 -6.686174e+00 -1.104042e+01 -2.113021e+00 6.737139e+00 -5.907021e+00 -5.294624e+00 -3.642720e+00 1.830064e+00 4.635402e+00 -1.257055e+00 4.840241e-01 8.964938e-01 -3.524921e-01 -1.465846e+00 -6.363367e-01 1.314049e+00 1.536138e+00 2.479193e-01 -1.218037e+00 -1.214575e+00 3.215849e-01 1.225200e+00 -8.208061e-03
<VARIANCE> 25
 8.954301e+00 1.708138e+01 2.395540e+01 3.915530e+01 3.675214e+01 3.063606e+01 4.410437e+01 3.802894e+01 4.084455e+01 3.945369e+01 4.210292e+01 2.840324e+01 3.119589e-01 8.580338e-01 9.459782e-01 1.982324e+00 1.606468e+00 2.014581e+00 1.918281e+00 2.050290e+00 2.395958e+00 1.970562e+00 2.246946e+00 1.446463e+00 5.867812e-04
<GCONST> 8.388811e+01
<MIXTURE> 8 1.165917e-02
<MEAN> 25
 -4.726453e+00 1.366219e+00 1.280115e+00 9.538581e+00 6.575812e+00 6.259912e+00 6.471178e+00 5.689181e+00 6.664521e+00 5.621380e+00 6.546360e+00 3.154677e+00 -6.324787e-01 -1.426403e+00 -1.066293e+00 -1.729843e+00 -2.296697e-01 -9.466903e-01 -1.749057e-01 -2.917299e-01 -2.511514e-01 -1.696543e-01 -2.131250e-01 8.060780e-02 9.891948e-02
<VARIANCE> 25
 9.330826e+00 9.839561e+00 1.168316e+01 1.624369e+01 1.660967e+01 1.569483e+01 1.813952e+01 1.749486e+01 1.703883e+01 1.741953e+01 1.923075e+01 1.398461e+01 2.759100e+00 2.813038e+00 3.914074e+00 3.756239e+00 3.451390e+00 3.312893e+00 3.130295e+00 3.081825e+00 2.869991e+00 2.663793e+00 2.431654e+00 1.900470e+00 6.677411e-03
<GCONST> 8.631950e+01
<MIXTURE> 9 1.199672e-02
<MEAN> 25
 9.261863e+00 3.356218e+00 -6.133059e+00 -1.059473e+01 -2.224969e+00 4.943169e+00 -2.209043e+00 -2.287014e+00 -5.358324e+00 -1.226807e+00 5.669985e-01 -2.927193e-02 1.440678e+00 -1.319428e-01 -4.697109e-01 -2.692872e+00 -1.654621e+00 8.437520e-01 -9.753964e-01 -2.263181e-01 -1.882854e-01 -5.730767e-01 6.120805e-01 -1.609464e-01 7.330350e-02
<VARIANCE> 25
 1.233296e+01 2.148246e+01 3.405563e+01 5.401639e+01 5.009109e+01 3.221391e+01 4.310909e+01 5.194537e+01 4.209918e+01 4.140025e+01 3.587038e+01 2.677037e+01 2.087909e+00 2.432195e+00 4.605794e+00 4.865158e+00 4.984097e+00 4.081861e+00 4.202875e+00 6.029603e+00 5.018642e+00 4.071145e+00 3.992282e+00 2.799582e+00 2.200419e-03
<GCONST> 9.876585e+01
<MIXTURE> 10 6.596976e-03
<MEAN> 25
 8.222217e-01 7.626940e+00 5.374630e+00 7.148187e+00 1.585609e+00 -2.116354e+00 -5.183410e-01 -1.686040e+00 8.754242e-01 8.568335e-01 8.425324e-01 6.547745e-01 -1.924507e+00 -6.713392e-01 -4.590093e-01 3.025014e+00 2.464324e+00 2.708001e+00 2.372775e+00 2.276057e+00 1.861176e+00 1.545801e+00 2.333131e+00 5.244970e-01 -1.380796e-01
<VARIANCE> 25
 1.953222e+01 2.075838e+01 2.229523e+01 2.904506e+01 3.829503e+01 3.492747e+01 3.512393e+01 3.382066e+01 2.760044e+01 2.904834e+01 2.697335e+01 2.500658e+01 2.233791e+00 3.429284e+00 5.531900e+00 5.178746e+00 5.550943e+00 4.475350e+00 4.700135e+00 4.844668e+00 4.386841e+00 5.018975e+00 4.449636e+00 3.189184e+00 2.699902e-03
<GCONST> 9.746354e+01
<MIXTURE> 11 1.633820e-02
<MEAN> 25
 6.294604e+00 3.845747e+00 2.392221e+00 4.732213e+00 -1.230505e+00 -1.856129e+00 -3.632840e+00 -5.149015e+00 -1.276119e+00 2.829248e-01 -1.590661e+00 -2.576595e+00 -3.282372e-01 4.938764e-01 -1.687322e-01 1.011011e-01 7.596333e-01 -1.480083e-01 2.151600e-02 -1.237976e-01 -3.814504e-02 1.873500e-01 -5.382767e-01 1.431068e-01 -2.279311e-02
<VARIANCE> 25
 9.283099e+00 3.696767e+01 2.024675e+01 2.318364e+01 3.658328e+01 2.716783e+01 3.456736e+01 3.358609e+01 3.457751e+01 3.059807e+01 2.543963e+01 1.915993e+01 7.070636e-01 1.020158e+00 1.912855e+00 1.603978e+00 2.106355e+00 1.942775e+00 2.869639e+00 2.091421e+00 1.816949e+00 2.241692e+00 1.921211e+00 1.144431e+00 9.906659e-04
<GCONST> 8.431915e+01
<MIXTURE> 12 5.904134e-03
<MEAN> 25
 1.064428e+01 3.496655e+00 -4.228162e+00 -1.666645e+01 -8.475297e+00 9.118926e+00 -7.398712e-01 -2.443860e+00 -1.194571e+00 -5.183872e+00 1.453708e+00 9.021378e-01 9.916788e-02 1.739475e-01 5.203558e-02 -2.748048e-01 -2.528021e-01 1.140312e-01 3.434468e-01 3.528927e-01 1.300280e-01 -4.072619e-01 -3.204777e-01 -5.845065e-02 -6.376162e-03
<VARIANCE> 25
 8.390443e+00 2.016754e+01 2.235205e+01 3.725216e+01 3.922217e+01 3.107294e+01 3.893642e+01 4.806355e+01 4.371103e+01 3.575554e+01 3.609568e+01 2.723089e+01 2.390995e-01 7.847656e-01 6.604154e-01 1.206838e+00 1.126039e+00 1.107466e+00 1.098224e+00 1.371344e+00 1.162026e+00 1.133317e+00 1.195461e+00 1.025036e+00 5.327270e-04
<GCONST> 7.835880e+01
<MIXTURE> 13 5.904134e-03
<MEAN> 25
 1.064428e+01 3.496655e+00 -4.228162e+00 -1.666645e+01 -8.475297e+00 9.118926e+00 -7.398712e-01 -2.443860e+00 -1.194571e+00 -5.183872e+00 1.453708e+00 9.021378e-01 9.916788e-02 1.739475e-01 5.203558e-02 -2.748048e-01 -2.528021e-01 1.140312e-01 3.434468e-01 3.528927e-01 1.300280e-01 -4.072619e-01 -3.204777e-01 -5.845065e-02 -6.376162e-03
<VARIANCE> 25
 8.390443e+00 2.016754e+01 2.235205e+01 3.725216e+01 3.922217e+01 3.107294e+01 3.893642e+01 4.806355e+01 4.371103e+01 3.575554e+01 3.609568e+01 2.723089e+01 2.390995e-01 7.847656e-01 6.604154e-01 1.206838e+00 1.126039e+00 1.107466e+00 1.098224e+00 1.371344e+00 1.162026e+00 1.133317e+00 1.195461e+00 1.025036e+00 5.327270e-04
<GCONST> 7.835880e+01
<MIXTURE> 14 6.488954e-03
<MEAN> 25
 -4.198891e+00 -1.268094e-01 -6.871196e-01 8.494919e+00 7.421099e+00 7.469340e+00 7.727288e+00 7.474008e+00 7.278001e+00 5.129911e+00 6.378312e+00 3.894665e+00 -2.621450e-01 1.954294e-01 3.373952e-01 3.063992e-01 2.712335e-02 6.846026e-02 9.817030e-02 1.435446e-01 3.235337e-01 5.567527e-01 4.853093e-01 5.733159e-02 -9.099459e-03
<VARIANCE> 25
 9.142161e+00 1.452791e+01 2.137698e+01 2.079461e+01 2.020775e+01 1.915263e+01 2.086677e+01 2.058147e+01 1.967759e+01 2.362392e+01 2.509476e+01 1.660702e+01 9.256656e-01 1.573715e+00 1.894078e+00 2.044910e+00 2.159532e+00 2.218390e+00 2.221062e+00 2.281321e+00 2.276623e+00 2.462507e+00 2.159069e+00 1.760182e+00 1.020523e-03
<GCONST> 8.221939e+01
<MIXTURE> 15 2.475190e-03
<MEAN> 25
 -5.294331e+00 -5.303142e-01 -3.371190e-01 7.282226e+00 5.734091e+00 5.633886e+00 5.998654e+00 4.992210e+00 5.085580e+00 4.185487e+00 5.445430e+00 2.612352e+00 -1.333178e-01 -3.285199e-02 8.642621e-02 2.603743e-01 4.933772e-01 7.793458e-01 1.072968e+00 1.192178e+00 1.064160e+00 7.777935e-01 4.216992e-01 1.256147e-01 4.753338e-05
<VARIANCE> 25
 7.625179e+00 6.099843e+00 9.708714e+00 1.289411e+01 1.380100e+01 1.421940e+01 1.479361e+01 1.460604e+01 1.410845e+01 1.394187e+01 1.494857e+01 1.252794e+01 1.290088e-01 2.027059e-01 3.196802e-01 5.063449e-01 6.866269e-01 7.800224e-01 7.477698e-01 7.801136e-01 8.915969e-01 1.025761e+00 1.049686e+00 1.056349e+00 2.820581e-05
<GCONST> 5.869547e+01
<MIXTURE> 16 2.475190e-03
<MEAN> 25
 -5.294331e+00 -5.303142e-01 -3.371190e-01 7.282226e+00 5.734091e+00 5.633886e+00 5.998654e+00 4.992210e+00 5.085580e+00 4.185487e+00 5.445430e+00 2.612352e+00 -1.333178e-01 -3.285199e-02 8.642621e-02 2.603743e-01 4.933772e-01 7.793458e-01 1.072968e+00 1.192178e+00 1.064160e+00 7.777935e-01 4.216992e-01 1.256147e-01 4.753338e-05
<VARIANCE> 25
 7.625179e+00 6.099843e+00 9.708714e+00 1.289411e+01 1.380100e+01 1.421940e+01 1.479361e+01 1.460604e+01 1.410845e+01 1.394187e+01 1.494857e+01 1.252794e+01 1.290088e-01 2.027059e-01 3.196802e-01 5.063449e-01 6.866269e-01 7.800224e-01 7.477698e-01 7.801136e-01 8.915969e-01 1.025761e+00 1.049686e+00 1.056349e+00 2.820581e-05
<GCONST> 5.869547e+01
<MIXTURE> 17 9.518312e-03
<MEAN> 25
 4.042836e+00 -1.559995e+00 5.832146e+00 2.327590e+00 -5.396811e+00 -5.338970e+00 -4.078803e+00 -4.001064e-01 -1.691431e+00 -2.894897e+00 1.979029e-01 -3.504541e-01 -9.316161e-01 -1.071849e+00 1.569546e+00 -2.035044e+00 -2.082077e+00 -4.681962e-01 1.195809e-01 7.175468e-01 -3.189811e-01 -3.574485e-01 8.479819e-01 4.582597e-01 7.593726e-02
<VARIANCE> 25
 1.691913e+01 3.093758e+01 2.685476e+01 3.464625e+01 4.138633e+01 5.152464e+01 4.071451e+01 3.452769e+01 3.659530e+01 2.490001e+01 2.936952e+01 2.614076e+01 2.607293e+00 2.324529e+00 3.822847e+00 2.865427e+00 3.831803e+00 5.562499e+00 4.367451e+00 4.084463e+00 3.543448e+00 3.601683e+00 2.743219e+00 2.468207e+00 1.933934e-03
<GCONST> 9.576180e+01
<MIXTURE> 18 1.221018e-02
<MEAN> 25
 2.897051e+00 2.259770e+00 6.596605e+00 4.208157e+00 -3.129683e+00 -7.817309e+00 -8.255650e-01 -2.041649e+00 -2.868377e+00 -1.987993e+00 5.576145e-02 -2.068298e-01 -1.143811e+00 2.362254e+00 -6.638145e-01 7.402965e-01 3.401075e+00 2.836331e-01 7.673908e-01 9.388284e-02 4.837761e-01 1.151606e+00 -1.017387e+00 1.848117e-01 -1.007170e-01
<VARIANCE> 25
 1.455164e+01 2.904567e+01 2.640581e+01 2.491220e+01 3.671042e+01 2.962713e+01 3.057522e+01 2.587827e+01 3.881137e+01 3.044897e+01 3.125262e+01 2.467125e+01 2.150915e+00 2.338727e+00 3.798803e+00 5.250851e+00 3.161147e+00 5.931642e+00 3.903877e+00 4.158297e+00 3.609361e+00 3.897493e+00 4.340184e+00 2.718964e+00 3.368535e-03
<GCONST> 9.561594e+01
<MIXTURE> 19 9.912824e-03
<MEAN> 25
 -1.026453e+01 5.708139e-02 8.460173e-01 6.620236e-01 2.809334e+00 1.505017e+00 5.136258e+00 1.316536e+00 6.200579e-01 2.633437e+00 6.305273e-01 2.316467e+00 2.125832e+00 1.634916e+00 1.961414e+00 9.835911e-01 -1.021841e+00 -1.233880e+00 -1.235386e+00 -1.055316e+00 -1.732146e+00 -1.363738e+00 -5.875719e-01 -9.676318e-01 -2.375146e-04
<VARIANCE> 25
 4.496481e+01 4.014962e+01 4.402309e+01 4.546439e+01 3.392474e+01 3.361706e+01 4.057184e+01 2.748494e+01 3.885896e+01 3.517369e+01 2.814492e+01 1.728424e+01 2.516998e+00 2.417013e+00 1.963253e+00 2.276588e+00 2.216694e+00 2.517725e+00 2.893775e+00 2.586420e+00 2.210825e+00 2.341319e+00 2.170707e+00 1.700284e+00 2.111508e-03
<GCONST> 9.233500e+01
<MIXTURE> 20 6.308331e-03
<MEAN> 25
 -1.412017e+01 7.396276e+00 6.547505e-01 6.011599e+00 4.847426e+00 1.442723e+00 5.354076e+00 8.008517e-01 1.051529e+00 8.461555e-01 2.371510e+00 -3.595119e-01 -3.247215e+00 -8.642761e-01 -1.538335e+00 3.504750e-01 1.512379e+00 2.068644e+00 1.970866e+00 2.046961e+00 2.122265e+00 2.031958e+00 1.685768e+00 9.664742e-01 4.670317e-02
<VARIANCE> 25
 1.964929e+01 2.312336e+01 3.294067e+01 3.792991e+01 3.037350e+01 2.995423e+01 3.146164e+01 3.131492e+01 2.893542e+01 2.818166e+01 2.730400e+01 2.085088e+01 2.153234e+00 2.157773e+00 1.954792e+00 2.544238e+00 2.717189e+00 2.286436e+00 2.282768e+00 2.291973e+00 2.247844e+00 2.616260e+00 2.214815e+00 1.881935e+00 1.881590e-03
<GCONST> 8.949562e+01
<MIXTURE> 21 7.928653e-03
<MEAN> 25
 4.007321e+00 -4.579301e+00 5.789764e+00 -1.430943e+00 -1.058084e+01 -8.602257e+00 -2.601790e+00 4.034691e+00 -2.072387e+00 -3.484923e+00 3.281737e-01 2.887892e-01 -7.200707e-01 1.326055e+00 2.577392e+00 -6.125075e-02 -1.517202e+00 3.226509e-01 5.871422e-01 -1.479881e+00 -1.942093e+00 3.307970e-01 1.293641e+00 2.517641e-01 -1.268242e-02
<VARIANCE> 25
 8.820621e+00 1.866601e+01 2.930380e+01 2.901194e+01 2.871723e+01 3.391037e+01 4.281440e+01 4.020964e+01 4.266573e+01 3.176499e+01 3.396288e+01 2.311836e+01 3.733830e-01 9.581733e-01 1.848185e+00 1.302320e+00 2.282480e+00 2.191691e+00 3.634787e+00 2.504641e+00 2.151570e+00 2.601676e+00 2.078518e+00 2.260210e+00 4.279779e-04
<GCONST> 8.518814e+01
<MIXTURE> 22 8.827789e-03
<MEAN> 25
 -1.791417e+01 7.151170e+00 -4.135958e+00 7.386221e+00 4.602172e+00 2.748130e+00 8.399364e+00 1.744413e+00 5.383306e+00 3.303511e+00 5.704048e+00 1.188029e+00 -3.100254e-01 -2.087391e-01 -1.236350e-01 -1.478665e-01 -7.602282e-03 1.378643e-01 1.799435e-01 1.778077e-01 2.453554e-01 2.079733e-01 1.743464e-01 1.952893e-01 8.858805e-03
<VARIANCE> 25
 8.151799e+00 1.682903e+01 1.740051e+01 2.519273e+01 2.287975e+01 2.101552e+01 1.942436e+01 1.870821e+01 1.814330e+01 2.085943e+01 1.936998e+01 1.378906e+01 1.089834e+00 1.357282e+00 1.366183e+00 1.572346e+00 1.407757e+00 1.526513e+00 1.508470e+00 1.531515e+00 1.622774e+00 1.543707e+00 1.358791e+00 1.175900e+00 1.743800e-03
<GCONST> 7.833973e+01
<MIXTURE> 23 6.455497e-03
<MEAN> 25
 7.529366e+00 2.159109e+00 2.762673e+00 2.854385e+00 -4.489808e+00 -3.031379e+00 -4.541366e+00 -6.284278e+00 -3.212306e+00 -1.269428e+00 -3.651602e+00 -2.232962e+00 9.622765e-03 1.369267e-01 -2.989290e-03 3.966016e-02 7.315495e-02 8.300948e-02 3.845363e-03 3.566483e-02 1.224326e-02 1.087779e-01 -6.506003e-02 9.630597e-02 -4.908309e-03
<VARIANCE> 25
 1.121310e+01 2.700434e+01 2.572170e+01 4.082727e+01 4.302112e+01 5.001503e+01 5.486300e+01 4.995857e+01 4.502004e+01 5.479826e+01 4.855303e+01 3.635719e+01 1.381204e-01 2.889913e-01 3.765035e-01 4.659373e-01 6.226698e-01 6.633908e-01 7.522610e-01 8.964824e-01 8.387955e-01 1.040464e+00 8.386340e-01 7.560497e-01 8.770390e-05
<GCONST> 7.332066e+01
<MIXTURE> 24 6.455497e-03
<MEAN> 25
 7.529366e+00 2.159109e+00 2.762673e+00 2.854385e+00 -4.489808e+00 -3.031379e+00 -4.541366e+00 -6.284278e+00 -3.212306e+00 -1.269428e+00 -3.651602e+00 -2.232962e+00 9.622765e-03 1.369267e-01 -2.989290e-03 3.966016e-02 7.315495e-02 8.300948e-02 3.845363e-03 3.566483e-02 1.224326e-02 1.087779e-01 -6.506003e-02 9.630597e-02 -4.908309e-03
<VARIANCE> 25
 1.121310e+01 2.700434e+01 2.572170e+01 4.082727e+01 4.302112e+01 5.001503e+01 5.486300e+01 4.995857e+01 4.502004e+01 5.479826e+01 4.855303e+01 3.635719e+01 1.381204e-01 2.889913e-01 3.765035e-01 4.659373e-01 6.226698e-01 6.633908e-01 7.522610e-01 8.964824e-01 8.387955e-01 1.040464e+00 8.386340e-01 7.560497e-01 8.770390e-05
<GCONST> 7.332066e+01
<MIXTURE> 25 1.118642e-02
<MEAN> 25
 4.269255e-01 2.925951e+00 1.640533e+01 -6.963070e-01 -1.143364e+01 -1.587398e+00 -4.706239e+00 -3.002781e+00 -6.921383e+00 -5.577270e+00 4.232526e+00 -1.640126e+00 -1.649918e-01 4.502451e-01 2.278441e-01 6.004498e-02 3.045380e-01 6.130501e-02 1.822289e-01 -1.970733e-01 -2.825477e-01 1.732579e-01 -1.657586e-01 -6.246693e-02 -1.327404e-02
<VARIANCE> 25
 8.815376e+00 2.724379e+01 2.250188e+01 3.055344e+01 3.125310e+01 3.999628e+01 2.754477e+01 2.940031e+01 2.709830e+01 3.678484e+01 2.043406e+01 2.635210e+01 5.917240e-01 1.398507e+00 1.451629e+00 1.570446e+00 2.401232e+00 2.042139e+00 1.677790e+00 1.573648e+00 1.544166e+00 1.905350e+00 1.502304e+00 1.296287e+00 1.242422e-03
<GCONST> 8.323293e+01
<MIXTURE> 26 7.727677e-03
<MEAN> 25
 1.421822e+00 -5.127964e+00 -1.047759e+01 -7.298340e-01 7.699058e+00 4.830356e+00 4.457000e+00 1.545179e-01 2.938318e+00 -5.713917e-01 -3.371515e+00 -1.129234e+00 -6.317138e-01 5.320868e-01 2.690240e-01 7.092974e-01 1.340372e-01 3.196450e-01 3.639046e-01 3.182159e-01 4.250312e-01 1.663841e-01 3.821498e-01 4.157280e-01 -4.694975e-02
<VARIANCE> 25
 2.846485e+01 4.278555e+01 2.437245e+01 5.717281e+01 3.558242e+01 5.369516e+01 4.566792e+01 4.912070e+01 3.927668e+01 5.173712e+01 4.018583e+01 4.241508e+01 1.516532e+00 1.849837e+00 2.169749e+00 2.059793e+00 2.141119e+00 2.346288e+00 2.444296e+00 2.823571e+00 2.371258e+00 2.255064e+00 2.046860e+00 1.978669e+00 3.256272e-03
<GCONST> 9.404283e+01
<MIXTURE> 27 7.727677e-03
<MEAN> 25
 1.421822e+00 -5.127964e+00 -1.047759e+01 -7.298340e-01 7.699058e+00 4.830356e+00 4.457000e+00 1.545179e-01 2.938318e+00 -5.713917e-01 -3.371515e+00 -1.129234e+00 -6.317138e-01 5.320868e-01 2.690240e-01 7.092974e-01 1.340372e-01 3.196450e-01 3.639046e-01 3.182159e-01 4.250312e-01 1.663841e-01 3.821498e-01 4.157280e-01 -4.694975e-02
<VARIANCE> 25
 2.846485e+01 4.278555e+01 2.437245e+01 5.717281e+01 3.558242e+01 5.369516e+01 4.566792e+01 4.912070e+01 3.927668e+01 5.173712e+01 4.018583e+01 4.241508e+01 1.516532e+00 1.849837e+00 2.169749e+00 2.059793e+00 2.141119e+00 2.346288e+00 2.444296e+00 2.823571e+00 2.371258e+00 2.255064e+00 2.046860e+00 1.978669e+00 3.256272e-03
<GCONST> 9.404283e+01
<MIXTURE> 28 5.036674e-03
<MEAN> 25
 -5.408240e+00 5.769429e-02 -1.603834e+00 6.587257e+00 5.236984e+00 3.532523e+00 5.387747e+00 3.166408e+00 3.920595e+00 2.403398e+00 2.601340e+00 3.194813e+00 -1.193644e-01 2.182381e-01 5.239457e-01 7.806920e-01 8.122003e-01 7.003275e-01 5.252966e-01 3.944756e-01 4.547574e-01 4.843991e-01 3.685676e-01 1.837931e-01 -1.606561e-05
<VARIANCE> 25
 1.063193e+01 8.602715e+00 1.226384e+01 1.486462e+01 1.461961e+01 1.764237e+01 1.804485e+01 1.914100e+01 1.707708e+01 1.666049e+01 2.067208e+01 1.499689e+01 2.572679e-01 3.379570e-01 4.086468e-01 4.651428e-01 6.325169e-01 8.455296e-01 1.050883e+00 1.139711e+00 1.109433e+00 1.025151e+00 1.030783e+00 1.064930e+00 9.961030e-07
<GCONST> 6.030755e+01
<MIXTURE> 29 5.036674e-03
<MEAN> 25
 -5.408240e+00 5.769429e-02 -1.603834e+00 6.587257e+00 5.236984e+00 3.532523e+00 5.387747e+00 3.166408e+00 3.920595e+00 2.403398e+00 2.601340e+00 3.194813e+00 -1.193644e-01 2.182381e-01 5.239457e-01 7.806920e-01 8.122003e-01 7.003275e-01 5.252966e-01 3.944756e-01 4.547574e-01 4.843991e-01 3.685676e-01 1.837931e-01 -1.606561e-05
<VARIANCE> 25
 1.063193e+01 8.602715e+00 1.226384e+01 1.486462e+01 1.461961e+01 1.764237e+01 1.804485e+01 1.914100e+01 1.707708e+01 1.666049e+01 2.067208e+01 1.499689e+01 2.572679e-01 3.379570e-01 4.086468e-01 4.651428e-01 6.325169e-01 8.455296e-01 1.050883e+00 1.139711e+00 1.109433e+00 1.025151e+00 1.030783e+00 1.064930e+00 9.961030e-07
<GCONST> 6.030755e+01
<MIXTURE> 30 8.917812e-03
<MEAN> 25
 -4.375202e+00 5.528460e-02 3.427500e-01 8.928447e+00 7.819279e+00 7.624789e+00 7.509225e+00 6.774284e+00 6.701228e+00 5.145237e+00 6.806276e+00 3.193844e+00 -1.391014e-02 2.189854e-02 5.549637e-02 6.589152e-02 7.272541e-02 6.016806e-02 4.362448e-03 -1.211250e-02 -1.579608e-02 5.403326e-02 1.104102e-01 5.385312e-02 -3.346146e-04
<VARIANCE> 25
 7.129744e+00 1.136605e+01 1.284416e+01 1.405962e+01 1.531706e+01 1.647719e+01 1.869320e+01 1.803611e+01 1.676795e+01 1.976160e+01 2.178222e+01 1.690934e+01 9.790675e-02 1.957337e-01 3.161965e-01 4.818570e-01 6.031221e-01 7.156056e-01 7.529501e-01 7.957970e-01 8.848581e-01 9.119279e-01 9.719037e-01 8.477026e-01 5.105839e-05
<GCONST> 6.112222e+01
<MIXTURE> 31 4.136493e-03
<MEAN> 25
 -3.254825e+00 -5.496985e+00 -1.142074e-01 4.843493e+00 3.682366e+00 1.724012e+00 5.274124e+00 6.775257e+00 2.745827e+00 1.250146e+00 6.359159e+00 3.109868e+00 2.490261e-01 4.752390e-01 -2.273407e-01 3.137189e-01 1.194485e-01 4.394511e-01 1.939947e-01 -1.371340e-02 3.677862e-01 3.530496e-01 7.778854e-02 9.549128e-02 -1.845658e-02
<VARIANCE> 25
 7.133026e+00 1.681189e+01 1.860882e+01 1.787507e+01 2.514048e+01 2.367070e+01 2.342829e+01 2.563275e+01 2.545278e+01 2.754871e+01 2.133302e+01 1.861068e+01 1.884480e-01 4.848411e-01 6.084741e-01 7.582576e-01 9.519365e-01 1.102045e+00 1.199765e+00 1.431931e+00 1.363424e+00 1.368417e+00 1.268374e+00 1.140398e+00 2.527788e-04
<GCONST> 7.199654e+01
<MIXTURE> 32 4.136493e-03
<MEAN> 25
 -3.254825e+00 -5.496985e+00 -1.142074e-01 4.843493e+00 3.682366e+00 1.724012e+00 5.274124e+00 6.775257e+00 2.745827e+00 1.250146e+00 6.359159e+00 3.109868e+00 2.490261e-01 4.752390e-01 -2.273407e-01 3.137189e-01 1.194485e-01 4.394511e-01 1.939947e-01 -1.371340e-02 3.677862e-01 3.530496e-01 7.778854e-02 9.549128e-02 -1.845658e-02
<VARIANCE> 25
 7.133026e+00 1.681189e+01 1.860882e+01 1.787507e+01 2.514048e+01 2.367070e+01 2.342829e+01 2.563275e+01 2.545278e+01 2.754871e+01 2.133302e+01 1.861068e+01 1.884480e-01 4.848411e-01 6.084741e-01 7.582576e-01 9.519365e-01 1.102045e+00 1.199765e+00 1.431931e+00 1.363424e+00 1.368417e+00 1.268374e+00 1.140398e+00 2.527788e-04
<GCONST> 7.199654e+01
<MIXTURE> 33 1.508826e-02
<MEAN> 25
 6.645192e+00 -4.086323e+00 -1.983562e+00 -2.500312e+00 -1.648042e+00 -5.088741e+00 -7.506436e+00 1.574060e+00 2.575144e+00 -3.686830e-01 -4.476820e+00 -2.915319e+00 6.232141e-01 -1.044384e+00 -2.399838e+00 -1.776870e+00 1.404973e+00 1.368198e+00 -6.829375e-01 6.598895e-01 9.949376e-01 6.120425e-01 -3.572702e-01 -1.382394e+00 3.436124e-02
<VARIANCE> 25
 9.668737e+00 2.025967e+01 2.822843e+01 3.482528e+01 4.084254e+01 4.672945e+01 4.256120e+01 4.509808e+01 3.961742e+01 4.151874e+01 3.435755e+01 2.709949e+01 1.108749e+00 2.099234e+00 2.166885e+00 2.200856e+00 4.264784e+00 3.284117e+00 4.197179e+00 5.381499e+00 3.592072e+00 4.439023e+00 3.398268e+00 2.520048e+00 1.621060e-03
<GCONST> 9.412660e+01
<MIXTURE> 34 1.588179e-02
<MEAN> 25
 8.723311e+00 -7.670300e-02 1.813749e-01 1.319180e+00 -2.544438e+00 -1.148398e+00 -6.325759e+00 -4.607337e+00 -1.444922e+00 2.774272e-01 -2.286667e+00 -3.702181e+00 -7.561262e-02 1.319685e+00 1.322480e+00 2.250384e+00 9.850051e-02 -2.767386e-01 7.256489e-01 -1.431361e+00 -8.491559e-01 3.000341e-01 -6.612055e-01 2.456283e-01 -6.048631e-02
<VARIANCE> 25
 8.180342e+00 3.101937e+01 2.802863e+01 4.765496e+01 4.247182e+01 4.830876e+01 5.194569e+01 5.296483e+01 5.073877e+01 4.186848e+01 4.650127e+01 2.946777e+01 1.288392e+00 1.861952e+00 4.373561e+00 4.155846e+00 5.549181e+00 5.831406e+00 5.424597e+00 6.174825e+00 4.972568e+00 4.986846e+00 4.864309e+00 3.891717e+00 1.115446e-03
<GCONST> 9.922723e+01
<MIXTURE> 35 1.467755e-02
<MEAN> 25
 -2.346837e+00 -3.666202e+00 -9.764920e+00 5.007304e-02 9.158484e+00 7.232264e-01 2.037966e+00 2.203303e+00 2.135926e+00 4.443712e+00 -5.515698e-01 1.971386e+00 2.349461e-01 -1.063771e+00 -1.278309e+00 -1.389803e+00 3.218344e-01 -7.984353e-01 -4.507925e-01 -1.729294e-01 -1.316560e-01 1.726063e-02 -8.298353e-01 -2.286231e-01 9.748959e-02
<VARIANCE> 25
 1.885729e+01 3.794967e+01 4.164389e+01 5.401750e+01 3.801864e+01 7.153768e+01 4.595891e+01 4.521236e+01 4.886264e+01 3.401693e+01 3.773296e+01 2.733449e+01 3.576655e+00 3.554472e+00 7.205974e+00 4.866561e+00 4.882305e+00 5.063014e+00 4.547112e+00 4.277822e+00 4.737179e+00 4.445872e+00 3.894725e+00 4.046286e+00 5.569145e-03
<GCONST> 1.030303e+02
<MIXTURE> 36 1.093293e-02
<MEAN> 25
 5.424366e+00 -4.761569e+00 6.430778e+00 4.405198e+00 -9.672756e+00 -6.385431e+00 -5.436479e+00 6.345379e-01 -2.744630e+00 -6.446635e+00 4.247796e+00 -9.089230e-01 1.941218e-01 2.286376e-01 -5.887851e-01 -3.551640e-02 1.023460e+00 1.736546e-01 -3.991878e-01 -2.240914e-02 4.375240e-01 6.195120e-01 -4.427331e-01 2.493793e-02 -1.805884e-02
<VARIANCE> 25
 6.920469e+00 1.343163e+01 1.374557e+01 3.814989e+01 2.744969e+01 2.731848e+01 3.743499e+01 3.183237e+01 3.040301e+01 5.171078e+01 1.831805e+01 1.790324e+01 4.341914e-01 6.093976e-01 1.317801e+00 1.115197e+00 1.446489e+00 1.130363e+00 1.721107e+00 1.202819e+00 1.847893e+00 2.327980e+00 1.114189e+00 1.112569e+00 6.241258e-04
<GCONST> 7.816678e+01
<MIXTURE> 37 1.246826e-02
<MEAN> 25
 5.815765e-01 7.754793e+00 1.191518e+01 -5.462451e+00 -7.907559e+00 -1.051090e+00 -5.008338e+00 -8.190194e+00 -3.720978e+00 -8.586096e-01 -3.591327e+00 -1.331955e+00 1.863814e-01 6.785706e-01 -1.368913e+00 3.546171e+00 1.980756e+00 -3.141870e-01 1.041906e+00 4.173740e-01 5.429575e-01 -3.313753e-01 5.094824e-01 -1.049519e-01 -9.431808e-02
<VARIANCE> 25
 1.585398e+01 2.600460e+01 3.158590e+01 5.096751e+01 3.423485e+01 3.169631e+01 4.371297e+01 3.566201e+01 3.805704e+01 3.567094e+01 3.748035e+01 3.059187e+01 2.927454e+00 3.413288e+00 2.985215e+00 4.146218e+00 4.568210e+00 3.711270e+00 4.294056e+00 3.814788e+00 3.425205e+00 3.590508e+00 3.858307e+00 2.755441e+00 3.879300e-03
<GCONST> 9.771711e+01
<MIXTURE> 38 1.154525e-02
<MEAN> 25
 -4.786560e+00 8.182362e+00 3.816907e+00 2.069595e+00 1.804185e+00 -6.879138e+00 -4.708437e-01 -2.722489e+00 -3.089772e+00 -2.297900e+00 -2.682139e+00 -1.293022e-01 -4.109743e+00 1.347481e+00 -7.159460e-01 8.434721e-01 2.306247e+00 1.050248e+00 1.794342e+00 9.530339e-01 7.628632e-01 4.042395e-01 5.080068e-01 3.209809e-01 3.828726e-02
<VARIANCE> 25
 2.799124e+01 2.826669e+01 4.225719e+01 3.459356e+01 4.577216e+01 4.367440e+01 3.183196e+01 4.210810e+01 3.344944e+01 2.974790e+01 2.660902e+01 2.630358e+01 2.664522e+00 3.520303e+00 4.566171e+00 5.659495e+00 4.276984e+00 5.200822e+00 4.664233e+00 4.520008e+00 3.952775e+00 4.509034e+00 4.851577e+00 2.783513e+00 2.243778e-03
<GCONST> 9.918785e+01
<MIXTURE> 39 9.501865e-03
<MEAN> 25
 1.383249e+00 2.098875e+00 1.021888e+01 -8.512744e+00 -1.132239e+01 -8.492480e-01 -2.853148e+00 -6.504899e+00 -4.677269e+00 4.304440e-01 -3.236058e+00 -2.199337e+00 -7.488810e-01 1.502940e+00 1.616411e+00 -1.446213e+00 2.139805e-01 1.082516e+00 -1.146425e+00 -1.212534e+00 3.465539e-01 5.507581e-01 -6.066018e-01 1.757983e-01 -3.168227e-05
<VARIANCE> 25
 8.846457e+00 3.398905e+01 3.025351e+01 4.636531e+01 3.712194e+01 4.134295e+01 4.281833e+01 3.252422e+01 3.831190e+01 3.587202e+01 3.847863e+01 2.823897e+01 6.732098e-01 1.504689e+00 1.472615e+00 2.868415e+00 2.701343e+00 3.172223e+00 2.965989e+00 2.663989e+00 2.471662e+00 2.819924e+00 2.258697e+00 2.042718e+00 1.173280e-03
<GCONST> 9.008235e+01
<MIXTURE> 40 1.030800e-02
<MEAN> 25
 -6.457404e+00 3.534473e+00 -3.564006e+00 6.234543e+00 4.668322e+00 6.364001e+00 5.053007e+00 4.714096e+00 5.840991e+00 5.121760e+00 3.635384e+00 9.627710e-01 -2.555678e-02 -3.538433e-01 -1.661858e-01 -3.008159e-01 -1.211623e-01 -1.100345e-01 -1.762382e-02 1.252836e-01 -1.972576e-01 -3.821555e-02 1.339356e-01 2.915995e-01 3.580515e-03
<VARIANCE> 25
 4.181892e+01 1.946826e+01 3.085711e+01 2.564009e+01 2.091746e+01 1.796324e+01 1.547557e+01 1.616152e+01 1.838320e+01 1.825104e+01 2.032690e+01 1.473788e+01 5.489785e-01 6.588405e-01 1.028029e+00 9.450219e-01 1.024475e+00 1.172538e+00 1.029386e+00 1.111690e+00 1.267640e+00 1.129110e+00 1.106723e+00 1.153989e+00 6.479020e-04
<GCONST> 7.482518e+01
<MIXTURE> 41 6.713375e-03
<MEAN> 25
 1.583327e+00 1.526652e+00 9.938682e+00 -6.687480e+00 -1.018418e+01 -3.381572e+00 -2.071552e+00 -4.127688e+00 -4.841475e+00 2.714221e+00 -1.592829e+00 -9.486187e-01 2.877634e-01 -7.235909e-01 1.755361e+00 -3.381769e+00 -2.369033e+00 -2.536209e-01 -5.799919e-01 -1.220077e-01 -9.852559e-01 1.130157e+00 -9.777815e-01 -3.788923e-02 8.507285e-02
<VARIANCE> 25
 1.099899e+01 2.731371e+01 3.125108e+01 3.702874e+01 3.494830e+01 3.797280e+01 3.457111e+01 3.334930e+01 3.016709e+01 2.717940e+01 2.856100e+01 2.422783e+01 3.343417e+00 3.025258e+00 3.473574e+00 3.602100e+00 4.800802e+00 5.449187e+00 4.239429e+00 4.425144e+00 3.699774e+00 3.779925e+00 3.542894e+00 3.078629e+00 2.757824e-03
<GCONST> 9.636618e+01
<MIXTURE> 42 1.106211e-02
<MEAN> 25
 -1.956917e+00 3.301420e+00 4.207527e+00 3.217674e+00 5.291535e-01 -6.645913e+00 1.056128e-01 -1.365033e+00 -2.504370e+00 -1.093762e+00 -2.544629e+00 9.726120e-01 4.171791e+00 -4.263772e-01 1.605990e+00 6.491473e-01 -3.006363e+00 -7.337779e-01 -2.532051e+00 -8.065695e-01 -6.944886e-01 -1.263800e+00 9.401445e-01 -1.185492e+00 2.319365e-02
<VARIANCE> 25
 3.152000e+01 2.104563e+01 3.872478e+01 2.259601e+01 3.864126e+01 3.542783e+01 3.518089e+01 2.270751e+01 3.145684e+01 2.312027e+01 2.065481e+01 1.511335e+01 2.817140e+00 4.389249e+00 4.678153e+00 4.088652e+00 3.961487e+00 5.328981e+00 4.402894e+00 4.256750e+00 3.815467e+00 5.415512e+00 4.120870e+00 2.530092e+00 3.710436e-03
<GCONST> 9.667895e+01
<MIXTURE> 43 7.108249e-03
<MEAN> 25
 3.166005e+00 -6.311150e+00 -2.233236e+00 -5.172631e+00 -7.408648e+00 -3.396098e+00 4.135416e+00 1.301423e+00 -5.066662e+00 -7.097115e+00 -4.308446e+00 -1.249731e+00 2.360281e-01 2.163486e+00 1.913312e+00 -1.360691e-01 -1.424448e+00 -7.954606e-01 -9.683435e-01 -7.792271e-01 8.188114e-01 1.470439e+00 3.389408e-01 2.199952e-02 -4.508083e-02
<VARIANCE> 25
 9.589340e+00 1.968079e+01 2.751360e+01 3.538050e+01 3.843310e+01 3.663627e+01 3.326740e+01 3.982463e+01 3.960295e+01 3.862453e+01 2.667751e+01 2.951324e+01 6.918665e-01 1.249945e+00 1.569981e+00 2.495383e+00 2.396311e+00 2.381242e+00 2.652277e+00 3.023084e+00 2.609996e+00 2.579179e+00 2.338657e+00 1.918518e+00 9.425761e-04
<GCONST> 8.799309e+01
<MIXTURE> 44 7.328289e-03
<MEAN> 25
 -1.326954e+01 2.023024e+00 3.751726e+00 -4.714056e+00 3.652947e+00 -5.057342e-02 -3.262457e-03 2.608213e+00 -3.676752e-01 -1.109611e+00 2.002659e-01 2.331770e+00 -1.582431e-01 -1.850773e-02 -4.529054e-02 1.587766e-02 -2.397624e-01 5.272698e-01 4.688864e-01 1.806138e-01 1.566143e-01 2.511763e-01 2.236342e-01 2.184727e-01 5.394352e-03
<VARIANCE> 25
 3.609023e+01 2.337190e+01 3.393120e+01 2.490237e+01 2.429766e+01 4.699213e+01 2.833631e+01 2.685689e+01 2.926876e+01 3.282033e+01 2.712875e+01 1.585907e+01 1.108206e+00 2.115202e+00 2.035282e+00 1.634108e+00 2.504070e+00 1.745107e+00 1.444223e+00 1.433566e+00 1.888356e+00 2.242296e+00 1.300661e+00 1.198192e+00 1.015543e-03
<GCONST> 8.528136e+01
<MIXTURE> 45 1.364932e-02
<MEAN> 25
 -1.107503e+01 2.995053e+00 -8.541354e-01 1.075692e+00 5.281596e+00 -9.191787e-01 3.655649e+00 3.115595e+00 3.445008e+00 2.209920e+00 4.203684e-01 2.749244e+00 -2.868160e+00 3.323076e-01 -2.093961e-01 -7.045971e-01 4.070191e-01 -3.009712e-01 4.950748e-01 -2.247245e-01 -1.898619e-01 7.053689e-02 2.044122e-01 9.281763e-02 1.080844e-01
<VARIANCE> 25
 3.356347e+01 2.630615e+01 3.465141e+01 3.469947e+01 2.557322e+01 5.243548e+01 3.121311e+01 2.468505e+01 3.231442e+01 2.112144e+01 3.031269e+01 1.276284e+01 2.281379e+00 2.950625e+00 3.215606e+00 2.199540e+00 2.382945e+00 2.576879e+00 2.099683e+00 2.173025e+00 2.183744e+00 2.276200e+00 1.891187e+00 1.418468e+00 4.034554e-03
<GCONST> 9.042767e+01
<MIXTURE> 46 9.336259e-03
<MEAN> 25
 -9.473362e+00 1.878474e+00 8.102114e-01 6.021185e+00 5.630291e+00 3.290251e+00 7.296258e+00 4.609123e+00 5.244826e+00 5.250596e+00 4.276569e+00 2.844607e+00 9.795446e-01 -2.490127e-01 -2.335854e-02 1.070926e+00 4.941482e-01 7.256190e-01 4.532434e-01 6.655636e-01 2.897674e-01 4.841515e-01 6.830216e-01 4.935492e-01 -9.329480e-02
<VARIANCE> 25
 3.292799e+01 4.975364e+01 3.943031e+01 5.946574e+01 4.816845e+01 4.292484e+01 3.697535e+01 3.870286e+01 3.333912e+01 3.217076e+01 3.011135e+01 1.999579e+01 3.504711e+00 3.821206e+00 3.877139e+00 3.709893e+00 3.837208e+00 3.901923e+00 3.094383e+00 3.004464e+00 3.627567e+00 2.672905e+00 2.190399e+00 1.723376e+00 8.066406e-03
<GCONST> 9.836352e+01
<MIXTURE> 47 7.116147e-03
<MEAN> 25
 7.315100e+00 -7.349744e+00 -7.724091e+00 -6.393384e+00 1.529459e+00 8.306196e-01 -2.414080e+00 1.214624e+00 3.029365e+00 1.489864e-01 -4.248769e+00 -6.683041e+00 -1.828142e-01 -1.253464e+00 -6.852358e-01 -4.180287e-01 6.073304e-01 8.131084e-01 8.708924e-01 2.912435e-01 1.200266e-01 -8.913046e-01 -4.592042e-01 -4.595017e-01 3.016852e-02
<VARIANCE> 25
 1.071030e+01 2.112819e+01 2.072667e+01 3.372382e+01 3.624192e+01 5.257087e+01 4.526054e+01 4.074472e+01 4.319956e+01 4.681617e+01 4.846054e+01 3.359205e+01 5.174897e-01 7.729495e-01 1.133312e+00 1.663125e+00 2.016860e+00 2.200890e+00 2.320107e+00 2.494192e+00 2.186808e+00 2.137519e+00 2.192114e+00 2.007682e+00 5.486181e-04
<GCONST> 8.647696e+01
<MIXTURE> 48 7.116147e-03
<MEAN> 25
 7.315100e+00 -7.349744e+00 -7.724091e+00 -6.393384e+00 1.529459e+00 8.306196e-01 -2.414080e+00 1.214624e+00 3.029365e+00 1.489864e-01 -4.248769e+00 -6.683041e+00 -1.828142e-01 -1.253464e+00 -6.852358e-01 -4.180287e-01 6.073304e-01 8.131084e-01 8.708924e-01 2.912435e-01 1.200266e-01 -8.913046e-01 -4.592042e-01 -4.595017e-01 3.016852e-02
<VARIANCE> 25
 1.071030e+01 2.112819e+01 2.072667e+01 3.372382e+01 3.624192e+01 5.257087e+01 4.526054e+01 4.074472e+01 4.319956e+01 4.681617e+01 4.846054e+01 3.359205e+01 5.174897e-01 7.729495e-01 1.133312e+00 1.663125e+00 2.016860e+00 2.200890e+00 2.320107e+00 2.494192e+00 2.186808e+00 2.137519e+00 2.192114e+00 2.007682e+00 5.486181e-04
<GCONST> 8.647696e+01
<MIXTURE> 49 5.548473e-03
<MEAN> 25
 -5.080812e+00 3.622847e-01 1.617396e-01 8.446592e+00 6.150973e+00 5.621274e+00 6.065274e+00 4.490391e+00 5.026788e+00 3.728172e+00 4.930470e+00 2.857185e+00 3.657264e-01 6.550121e-01 7.024614e-01 3.527073e-01 -1.964239e-01 -6.692150e-01 -1.008666e+00 -1.119778e+00 -9.563585e-01 -6.796615e-01 -4.911953e-01 -2.713043e-01 -1.080008e-05
<VARIANCE> 25
 9.627934e+00 1.007486e+01 1.431110e+01 1.590613e+01 1.588234e+01 1.714478e+01 1.943214e+01 1.941856e+01 1.824902e+01 1.797004e+01 2.062735e+01 1.431875e+01 2.802152e-01 2.637571e-01 3.593946e-01 6.114146e-01 8.684921e-01 9.739455e-01 9.915953e-01 1.055015e+00 1.134103e+00 1.219240e+00 1.282254e+00 1.207814e+00 1.440267e-05
<GCONST> 6.434134e+01
<MIXTURE> 50 6.234641e-03
<MEAN> 25
 -4.575888e+00 1.972147e-01 -1.526057e+00 6.143364e+00 4.255348e+00 2.322298e+00 3.659295e+00 2.100124e+00 2.797533e+00 1.458038e+00 2.084375e+00 2.793645e+00 4.399505e-02 1.638627e-01 8.840895e-02 -1.711285e-01 -5.150849e-01 -6.033785e-01 -4.037792e-01 -3.426068e-02 4.640722e-01 7.738304e-01 7.273232e-01 4.276796e-01 -2.300780e-05
<VARIANCE> 25
 1.086093e+01 1.167196e+01 1.447496e+01 1.539764e+01 1.520450e+01 1.844995e+01 1.846303e+01 2.003493e+01 1.830130e+01 1.740432e+01 2.164514e+01 1.513975e+01 1.518089e-01 2.446174e-01 3.759505e-01 5.138634e-01 5.914749e-01 7.329748e-01 9.721076e-01 1.119142e+00 1.077228e+00 8.995115e-01 9.116111e-01 9.937051e-01 9.922788e-07
<GCONST> 5.965921e+01
<MIXTURE> 51 6.234641e-03
<MEAN> 25
 -4.575888e+00 1.972147e-01 -1.526057e+00 6.143364e+00 4.255348e+00 2.322298e+00 3.659295e+00 2.100124e+00 2.797533e+00 1.458038e+00 2.084375e+00 2.793645e+00 4.399505e-02 1.638627e-01 8.840895e-02 -1.711285e-01 -5.150849e-01 -6.033785e-01 -4.037792e-01 -3.426068e-02 4.640722e-01 7.738304e-01 7.273232e-01 4.276796e-01 -2.300780e-05
<VARIANCE> 25
 1.086093e+01 1.167196e+01 1.447496e+01 1.539764e+01 1.520450e+01 1.844995e+01 1.846303e+01 2.003493e+01 1.830130e+01 1.740432e+01 2.164514e+01 1.513975e+01 1.518089e-01 2.446174e-01 3.759505e-01 5.138634e-01 5.914749e-01 7.329748e-01 9.721076e-01 1.119142e+00 1.077228e+00 8.995115e-01 9.116111e-01 9.937051e-01 9.922788e-07
<GCONST> 5.965921e+01
<MIXTURE> 52 6.367945e-03
<MEAN> 25
 1.016959e+01 1.027306e+00 -6.122707e+00 -1.463295e+01 -4.534247e+00 1.109585e+01 -2.484176e+00 -4.854187e+00 -3.291193e+00 -2.586614e+00 3.635065e+00 9.832059e-01 -1.886453e-01 -6.331093e-01 -2.776095e-01 1.589947e+00 1.069467e+00 -3.984122e-01 -8.695009e-01 -8.257948e-01 -1.459620e-01 1.584164e+00 8.009825e-01 -5.664564e-01 -1.239330e-02
<VARIANCE> 25
 7.742305e+00 2.033141e+01 2.141685e+01 3.537757e+01 3.720546e+01 4.784258e+01 3.989756e+01 5.233780e+01 3.918228e+01 4.144278e+01 3.857502e+01 2.550113e+01 5.340277e-01 1.310662e+00 1.284775e+00 3.132455e+00 2.120555e+00 3.143474e+00 2.893052e+00 2.440332e+00 2.554528e+00 3.176353e+00 2.793329e+00 2.284480e+00 1.252880e-03
<GCONST> 8.920007e+01
<MIXTURE> 53 6.367945e-03
<MEAN> 25
 1.016959e+01 1.027306e+00 -6.122707e+00 -1.463295e+01 -4.534247e+00 1.109585e+01 -2.484176e+00 -4.854187e+00 -3.291193e+00 -2.586614e+00 3.635065e+00 9.832059e-01 -1.886453e-01 -6.331093e-01 -2.776095e-01 1.589947e+00 1.069467e+00 -3.984122e-01 -8.695009e-01 -8.257948e-01 -1.459620e-01 1.584164e+00 8.009825e-01 -5.664564e-01 -1.239330e-02
<VARIANCE> 25
 7.742305e+00 2.033141e+01 2.141685e+01 3.537757e+01 3.720546e+01 4.784258e+01 3.989756e+01 5.233780e+01 3.918228e+01 4.144278e+01 3.857502e+01 2.550113e+01 5.340277e-01 1.310662e+00 1.284775e+00 3.132455e+00 2.120555e+00 3.143474e+00 2.893052e+00 2.440332e+00 2.554528e+00 3.176353e+00 2.793329e+00 2.284480e+00 1.252880e-03
<GCONST> 8.920007e+01
<MIXTURE> 54 7.368620e-03
<MEAN> 25
 -3.632159e+00 5.199130e-02 -6.853376e-01 8.034680e+00 6.484195e+00 4.625481e+00 4.674282e+00 4.603052e+00 4.053258e+00 3.594549e+00 4.455175e+00 2.324848e+00 -2.411659e-03 2.626998e-02 3.400815e-02 4.749180e-02 5.106226e-02 4.706663e-02 3.924936e-02 2.931298e-02 3.150664e-02 2.528572e-02 1.450067e-02 1.538013e-03 -1.245680e-05
<VARIANCE> 25
 9.140887e+00 1.037753e+01 9.304303e+00 1.818790e+01 1.331715e+01 1.352892e+01 1.197096e+01 1.128770e+01 1.133886e+01 1.354783e+01 1.781061e+01 1.253598e+01 4.105647e-02 8.751030e-02 1.540791e-01 2.265789e-01 3.080480e-01 3.968055e-01 4.609977e-01 5.217878e-01 5.431293e-01 5.212091e-01 5.142559e-01 5.164103e-01 9.997759e-07
<GCONST> 4.725943e+01
<MIXTURE> 55 7.368620e-03
<MEAN> 25
 -3.632159e+00 5.199130e-02 -6.853376e-01 8.034680e+00 6.484195e+00 4.625481e+00 4.674282e+00 4.603052e+00 4.053258e+00 3.594549e+00 4.455175e+00 2.324848e+00 -2.411659e-03 2.626998e-02 3.400815e-02 4.749180e-02 5.106226e-02 4.706663e-02 3.924936e-02 2.931298e-02 3.150664e-02 2.528572e-02 1.450067e-02 1.538013e-03 -1.245680e-05
<VARIANCE> 25
 9.140887e+00 1.037753e+01 9.304303e+00 1.818790e+01 1.331715e+01 1.352892e+01 1.197096e+01 1.128770e+01 1.133886e+01 1.354783e+01 1.781061e+01 1.253598e+01 4.105647e-02 8.751030e-02 1.540791e-01 2.265789e-01 3.080480e-01 3.968055e-01 4.609977e-01 5.217878e-01 5.431293e-01 5.212091e-01 5.142559e-01 5.164103e-01 9.997759e-07
<GCONST> 4.725943e+01
<MIXTURE> 56 6.132464e-03
<MEAN> 25
 7.451290e+00 -6.300015e+00 -9.089330e+00 -8.403537e+00 3.929573e+00 3.925242e+00 -2.283535e+00 -1.513091e+00 1.985399e+00 8.027364e-01 -2.445251e+00 -7.048831e+00 -2.466413e-02 2.233369e-02 -1.144607e-01 3.415394e-03 2.600940e-01 7.858794e-02 1.021025e-01 -1.532564e-01 -4.951654e-02 -2.275180e-02 -1.014809e-01 2.888879e-02 -7.537818e-03
<VARIANCE> 25
 9.526415e+00 3.038366e+01 1.985948e+01 4.233612e+01 3.234140e+01 4.959191e+01 6.069218e+01 3.582647e+01 3.787337e+01 3.745325e+01 3.931473e+01 3.057163e+01 2.074466e-01 4.236512e-01 4.885957e-01 7.648993e-01 7.780879e-01 1.088920e+00 8.994145e-01 9.287652e-01 8.842734e-01 9.198944e-01 1.020645e+00 7.715100e-01 2.422573e-04
<GCONST> 7.523035e+01
<MIXTURE> 57 6.132464e-03
<MEAN> 25
 7.451290e+00 -6.300015e+00 -9.089330e+00 -8.403537e+00 3.929573e+00 3.925242e+00 -2.283535e+00 -1.513091e+00 1.985399e+00 8.027364e-01 -2.445251e+00 -7.048831e+00 -2.466413e-02 2.233369e-02 -1.144607e-01 3.415394e-03 2.600940e-01 7.858794e-02 1.021025e-01 -1.532564e-01 -4.951654e-02 -2.275180e-02 -1.014809e-01 2.888879e-02 -7.537818e-03
<VARIANCE> 25
 9.526415e+00 3.038366e+01 1.985948e+01 4.233612e+01 3.234140e+01 4.959191e+01 6.069218e+01 3.582647e+01 3.787337e+01 3.745325e+01 3.931473e+01 3.057163e+01 2.074466e-01 4.236512e-01 4.885957e-01 7.648993e-01 7.780879e-01 1.088920e+00 8.994145e-01 9.287652e-01 8.842734e-01 9.198944e-01 1.020645e+00 7.715100e-01 2.422573e-04
<GCONST> 7.523035e+01
<MIXTURE> 58 6.172147e-03
<MEAN> 25
 2.752282e+00 -2.820808e+00 7.521298e+00 -5.336819e+00 -1.205324e+01 -4.571955e+00 1.279437e+00 2.285023e+00 -3.469759e+00 2.602917e+00 1.149258e+00 -7.891997e-01 -3.344527e-02 -9.150450e-02 -2.813616e-02 -9.686283e-02 1.968581e-03 3.229866e-01 4.260136e-01 2.157120e-01 5.847024e-02 1.915791e-02 1.319922e-03 -1.834251e-01 -7.312278e-03
<VARIANCE> 25
 5.790283e+00 1.403027e+01 1.577420e+01 2.396435e+01 2.568027e+01 4.328081e+01 2.705835e+01 3.393693e+01 3.055134e+01 3.061787e+01 1.920774e+01 1.623611e+01 3.519630e-01 7.825615e-01 6.579770e-01 9.882405e-01 9.579928e-01 1.384435e+00 1.188457e+00 1.204305e+00 1.134043e+00 9.265496e-01 9.764057e-01 8.750474e-01 8.789364e-04
<GCONST> 7.447520e+01
<MIXTURE> 59 6.172147e-03
<MEAN> 25
 2.752282e+00 -2.820808e+00 7.521298e+00 -5.336819e+00 -1.205324e+01 -4.571955e+00 1.279437e+00 2.285023e+00 -3.469759e+00 2.602917e+00 1.149258e+00 -7.891997e-01 -3.344527e-02 -9.150450e-02 -2.813616e-02 -9.686283e-02 1.968581e-03 3.229866e-01 4.260136e-01 2.157120e-01 5.847024e-02 1.915791e-02 1.319922e-03 -1.834251e-01 -7.312278e-03
<VARIANCE> 25
 5.790283e+00 1.403027e+01 1.577420e+01 2.396435e+01 2.568027e+01 4.328081e+01 2.705835e+01 3.393693e+01 3.055134e+01 3.061787e+01 1.920774e+01 1.623611e+01 3.519630e-01 7.825615e-01 6.579770e-01 9.882405e-01 9.579928e-01 1.384435e+00 1.188457e+00 1.204305e+00 1.134043e+00 9.265496e-01 9.764057e-01 8.750474e-01 8.789364e-04
<GCONST> 7.447520e+01
<MIXTURE> 60 4.479129e-03
<MEAN> 25
 -4.241026e+00 -6.400512e-01 -1.107158e+00 3.691723e+00 1.753698e+00 2.118818e+00 1.638571e+00 1.551114e+00 2.153118e+00 1.281052e+00 2.384183e+00 1.924746e+00 -3.042872e-02 5.549014e-02 1.036093e-01 1.323294e-01 1.308197e-01 1.287008e-01 1.798680e-01 3.273121e-01 5.451695e-01 6.672581e-01 5.559271e-01 2.980127e-01 -3.604973e-04
<VARIANCE> 25
 7.033674e+00 4.659668e+00 1.036501e+01 1.127875e+01 1.364023e+01 1.693628e+01 1.396075e+01 1.192680e+01 1.268137e+01 1.320972e+01 1.588618e+01 1.229393e+01 8.782247e-02 1.678760e-01 2.802718e-01 4.326379e-01 5.851324e-01 7.271889e-01 8.288055e-01 9.011083e-01 9.041500e-01 8.362431e-01 8.359336e-01 8.664014e-01 2.309841e-05
<GCONST> 5.639994e+01
<MIXTURE> 61 4.479129e-03
<MEAN> 25
 -4.241026e+00 -6.400512e-01 -1.107158e+00 3.691723e+00 1.753698e+00 2.118818e+00 1.638571e+00 1.551114e+00 2.153118e+00 1.281052e+00 2.384183e+00 1.924746e+00 -3.042872e-02 5.549014e-02 1.036093e-01 1.323294e-01 1.308197e-01 1.287008e-01 1.798680e-01 3.273121e-01 5.451695e-01 6.672581e-01 5.559271e-01 2.980127e-01 -3.604973e-04
<VARIANCE> 25
 7.033674e+00 4.659668e+00 1.036501e+01 1.127875e+01 1.364023e+01 1.693628e+01 1.396075e+01 1.192680e+01 1.268137e+01 1.320972e+01 1.588618e+01 1.229393e+01 8.782247e-02 1.678760e-01 2.802718e-01 4.326379e-01 5.851324e-01 7.271889e-01 8.288055e-01 9.011083e-01 9.041500e-01 8.362431e-01 8.359336e-01 8.664014e-01 2.309841e-05
<GCONST> 5.639994e+01
<MIXTURE> 62 3.278034e-03
<MEAN> 25
 -4.931857e+00 1.445454e+00 8.691946e-01 8.648293e+00 6.105080e+00 5.079496e+00 5.418784e+00 4.040380e+00 4.996233e+00 3.881206e+00 4.826236e+00 2.781967e+00 -9.841700e-01 -1.152798e+00 -9.412672e-01 -2.574044e-01 4.442495e-01 1.020728e+00 1.418633e+00 1.554716e+00 1.495921e+00 1.242104e+00 1.048951e+00 7.314529e-01 -1.473067e-03
<VARIANCE> 25
 1.043905e+01 1.112629e+01 1.361822e+01 1.728017e+01 1.710452e+01 1.716319e+01 1.943586e+01 1.886773e+01 1.844807e+01 1.855828e+01 2.169689e+01 1.541797e+01 4.032084e-01 4.275966e-01 5.475239e-01 7.777998e-01 1.038453e+00 1.194636e+00 1.276996e+00 1.244174e+00 1.306521e+00 1.343854e+00 1.381326e+00 1.352162e+00 1.803125e-05
<GCONST> 6.772932e+01
<MIXTURE> 63 4.351215e-03
<MEAN> 25
 -3.555429e+00 -1.080145e+00 -5.565834e+00 2.662464e+00 3.506420e+00 3.591866e-01 3.075508e+00 2.134546e+00 2.579911e+00 -3.088966e-01 -1.485453e+00 2.229070e+00 -1.107214e-01 2.802911e-01 3.925717e-01 4.764468e-01 3.596948e-01 5.262312e-01 3.958861e-01 4.444060e-02 1.699407e-01 9.880874e-02 1.034156e-01 8.090926e-02 -4.867055e-03
<VARIANCE> 25
 1.031083e+01 2.028855e+01 1.742414e+01 1.408893e+01 1.642277e+01 2.794265e+01 2.421937e+01 2.903624e+01 2.267196e+01 2.053513e+01 1.812569e+01 1.591073e+01 2.602489e-01 4.194450e-01 6.932361e-01 7.675829e-01 8.139250e-01 1.167182e+00 1.245744e+00 1.671396e+00 1.429619e+00 1.529433e+00 1.343761e+00 1.208923e+00 1.769728e-04
<GCONST> 7.174979e+01
<MIXTURE> 64 4.351215e-03
<MEAN> 25
 -3.555429e+00 -1.080145e+00 -5.565834e+00 2.662464e+00 3.506420e+00 3.591866e-01 3.075508e+00 2.134546e+00 2.579911e+00 -3.088966e-01 -1.485453e+00 2.229070e+00 -1.107214e-01 2.802911e-01 3.925717e-01 4.764468e-01 3.596948e-01 5.262312e-01 3.958861e-01 4.444060e-02 1.699407e-01 9.880874e-02 1.034156e-01 8.090926e-02 -4.867055e-03
<VARIANCE> 25
 1.031083e+01 2.028855e+01 1.742414e+01 1.408893e+01 1.642277e+01 2.794265e+01 2.421937e+01 2.903624e+01 2.267196e+01 2.053513e+01 1.812569e+01 1.591073e+01 2.602489e-01 4.194450e-01 6.932361e-01 7.675829e-01 8.139250e-01 1.167182e+00 1.245744e+00 1.671396e+00 1.429619e+00 1.529433e+00 1.343761e+00 1.208923e+00 1.769728e-04
<GCONST> 7.174979e+01
<MIXTURE> 65 1.721197e-02
<MEAN> 25
 7.717121e+00 1.749442e+00 1.888253e+00 1.009752e+00 -4.707044e+00 -4.033416e+00 -6.131562e+00 -6.523190e+00 -3.225311e+00 -2.181881e+00 -5.002705e+00 -1.946207e+00 1.332170e-01 1.030502e-01 3.292574e-02 9.838802e-02 -1.449694e-01 2.247681e-01 -1.082836e-01 -1.655684e-01 1.713879e-01 4.079738e-02 -9.113224e-02 -1.250255e-01 -4.163084e-03
<VARIANCE> 25
 1.036456e+01 2.235402e+01 2.526533e+01 3.579984e+01 4.281247e+01 5.497403e+01 5.472798e+01 5.534962e+01 5.510351e+01 5.629416e+01 5.480521e+01 4.678193e+01 5.374333e-01 9.117762e-01 1.680324e+00 1.725720e+00 2.119185e+00 2.104431e+00 2.295635e+00 2.886449e+00 2.289053e+00 2.553100e+00 2.405149e+00 2.047683e+00 4.906564e-04
<GCONST> 8.934595e+01
<MIXTURE> 66 1.191532e-02
<MEAN> 25
 6.700737e+00 -4.011816e+00 -5.475688e+00 -4.697379e+00 1.299439e+00 -4.828688e+00 -6.966366e+00 1.156420e+00 7.565218e-01 -1.829966e+00 -6.004333e+00 -3.563614e+00 -9.618389e-02 1.648931e+00 2.211139e+00 2.290297e+00 -1.221503e+00 -1.314586e+00 1.065705e-01 -4.845711e-01 -1.884673e-01 -2.292795e-01 -2.171683e-01 1.083527e+00 -6.275643e-02
<VARIANCE> 25
 8.720947e+00 2.212887e+01 2.707799e+01 3.286444e+01 3.748904e+01 5.448808e+01 5.450975e+01 4.453685e+01 5.283399e+01 6.678258e+01 3.659328e+01 3.607404e+01 1.352645e+00 2.396274e+00 2.354510e+00 2.439440e+00 4.115375e+00 4.353025e+00 4.346996e+00 4.844360e+00 4.200833e+00 4.919896e+00 3.809607e+00 3.266711e+00 1.473315e-03
<GCONST> 9.665801e+01
<MIXTURE> 67 1.559142e-02
<MEAN> 25
 8.991543e+00 1.985175e+00 -5.952479e+00 -8.193866e+00 8.836029e-01 3.121367e+00 -3.386260e+00 -2.293466e+00 -3.724305e+00 8.353959e-01 -1.502274e-02 -1.764242e+00 -1.071508e+00 1.818759e+00 1.053015e+00 3.070722e+00 1.387154e+00 -5.398946e-01 1.292066e+00 1.370822e-01 1.514694e-01 2.476585e-01 -2.850878e-01 6.210341e-01 -1.290983e-01
<VARIANCE> 25
 1.147792e+01 3.903437e+01 3.071759e+01 5.617253e+01 4.886398e+01 5.402951e+01 6.199456e+01 5.311292e+01 6.452058e+01 5.708203e+01 5.577936e+01 4.708825e+01 2.175366e+00 3.459390e+00 3.291982e+00 4.529191e+00 4.493425e+00 4.647073e+00 4.707357e+00 5.070188e+00 5.444777e+00 4.767103e+00 5.098987e+00 3.769542e+00 3.097917e-03
<GCONST> 1.029350e+02
<MIXTURE> 68 1.485092e-02
<MEAN> 25
 -2.106154e+00 -2.333649e+00 -3.945194e+00 1.249114e+00 5.085162e+00 -6.480522e-01 2.211925e+00 1.841598e+00 1.846589e+00 1.758616e+00 4.862920e-01 1.876696e+00 2.777166e+00 5.553976e-01 5.157761e-02 -2.491673e+00 -2.401360e+00 -1.571830e+00 -2.359883e+00 -1.747645e+00 -1.644186e+00 -1.486883e+00 -1.943293e+00 -1.068938e+00 1.012034e-01
<VARIANCE> 25
 2.638692e+01 3.204877e+01 5.898088e+01 5.140713e+01 4.719860e+01 5.412615e+01 4.537814e+01 4.149726e+01 4.136549e+01 4.282971e+01 3.662046e+01 2.524112e+01 1.913060e+00 3.747427e+00 5.884386e+00 6.135585e+00 4.635520e+00 5.601200e+00 5.739570e+00 4.980960e+00 4.907610e+00 5.301510e+00 5.033684e+00 3.399905e+00 6.183261e-03
<GCONST> 1.035778e+02
<MIXTURE> 69 1.204884e-02
<MEAN> 25
 4.670752e+00 -4.217557e+00 -3.546812e+00 -3.618046e+00 -3.490746e+00 -7.861248e+00 -1.117128e+00 2.220205e+00 -3.488380e-01 -4.716491e+00 -5.675288e+00 9.575007e-01 1.670655e+00 -2.227909e+00 -1.327767e+00 -2.240054e+00 -5.344180e-01 -3.535835e-01 -4.724731e-01 6.167802e-01 -6.432248e-01 -1.457638e+00 -2.196021e+00 -1.716962e-01 6.250573e-02
<VARIANCE> 25
 8.840509e+00 2.177978e+01 2.682903e+01 2.595430e+01 4.282023e+01 3.565001e+01 4.884336e+01 3.153304e+01 3.970691e+01 3.795297e+01 3.105557e+01 2.453604e+01 3.574718e+00 2.930603e+00 3.358140e+00 3.695473e+00 5.760705e+00 5.014697e+00 7.097350e+00 6.064768e+00 5.899641e+00 5.858734e+00 4.363033e+00 3.709199e+00 2.441909e-03
<GCONST> 9.868236e+01
<MIXTURE> 70 1.329190e-02
<MEAN> 25
 7.323354e+00 -2.337937e+00 -3.313322e+00 -2.480339e+00 -1.940130e-01 -1.243503e-01 -7.935161e+00 -4.210709e+00 1.189424e+00 2.503680e+00 2.576799e-01 -4.798076e+00 1.638901e+00 -1.034711e+00 -4.390202e-01 -1.983402e+00 -1.673886e+00 1.012474e+00 -1.324991e+00 -3.266830e-01 3.492350e-01 -2.833022e-01 7.394869e-01 -1.362474e+00 5.635572e-02
<VARIANCE> 25
 9.984146e+00 2.223587e+01 2.655206e+01 4.728550e+01 3.449795e+01 4.116117e+01 4.373928e+01 3.866148e+01 4.277771e+01 2.912808e+01 4.074574e+01 2.409351e+01 3.525258e+00 2.822822e+00 5.390783e+00 4.923380e+00 4.837669e+00 5.680883e+00 5.844877e+00 7.187247e+00 5.342670e+00 5.023500e+00 5.147416e+00 3.924623e+00 2.226971e-03
<GCONST> 1.000098e+02
<MIXTURE> 71 1.406903e-02
<MEAN> 25
 6.020756e+00 4.744148e+00 4.190533e+00 2.937940e+00 -3.154503e+00 -3.658602e+00 -3.481897e+00 -6.141579e+00 -4.383811e+00 -2.406650e+00 -5.009634e+00 -2.887442e+00 -1.660730e+00 -5.589708e-01 -1.742871e-01 -1.749824e+00 1.105172e+00 -3.290235e-01 1.100200e-01 1.530963e+00 2.486323e-01 -2.017038e-01 5.433514e-01 2.825914e-01 3.840002e-02
<VARIANCE> 25
 2.080619e+01 2.767830e+01 2.425509e+01 4.296049e+01 4.041988e+01 4.070437e+01 4.089904e+01 4.403161e+01 3.947655e+01 4.150685e+01 3.616409e+01 3.413897e+01 1.852263e+00 3.151608e+00 5.342386e+00 4.611840e+00 4.610682e+00 5.095184e+00 4.719158e+00 5.140375e+00 4.085266e+00 4.061152e+00 3.693231e+00 3.318230e+00 1.497408e-03
<GCONST> 9.879828e+01
<MIXTURE> 72 8.134747e-03
<MEAN> 25
 3.793416e+00 -3.685029e+00 5.458251e+00 -2.456864e+00 -1.039868e+01 -9.620357e+00 -2.452346e+00 1.920649e+00 -4.943308e+00 -2.205204e+00 -1.879509e+00 6.145785e-01 9.317292e-01 -7.850950e-01 -2.574950e+00 4.632924e-01 2.136491e+00 -6.544095e-01 -1.316992e+00 1.523503e+00 1.813050e+00 -5.957548e-01 -1.289314e+00 4.029193e-01 -6.146816e-03
<VARIANCE> 25
 1.077848e+01 1.947658e+01 3.283520e+01 3.852221e+01 3.243550e+01 3.337516e+01 4.104233e+01 3.621820e+01 4.366596e+01 4.142709e+01 3.882743e+01 2.850252e+01 4.326451e-01 1.026490e+00 2.024614e+00 1.468300e+00 2.184239e+00 2.353941e+00 3.059430e+00 2.733601e+00 2.606030e+00 2.962841e+00 2.025244e+00 2.126872e+00 5.415432e-04
<GCONST> 8.725950e+01
<MIXTURE> 73 1.213625e-02
<MEAN> 25
 -5.553883e+00 -6.640959e-01 -1.399393e+00 4.629894e+00 4.054203e+00 2.344450e+00 5.397559e+00 3.432261e+00 4.291831e+00 3.406468e+00 4.059451e+00 3.099439e+00 8.474910e-01 -1.046659e+00 -7.775815e-01 -2.546790e+00 -1.306795e+00 -1.619178e+00 -8.669474e-01 -4.575642e-01 -8.741418e-01 -6.047962e-01 -1.117945e+00 -2.880425e-01 1.510395e-01
<VARIANCE> 25
 1.270788e+01 1.323863e+01 1.566722e+01 2.299392e+01 2.399434e+01 2.455068e+01 1.995962e+01 1.926347e+01 1.827314e+01 1.846590e+01 2.367482e+01 1.493828e+01 4.267383e+00 2.989286e+00 6.187262e+00 4.627588e+00 5.991003e+00 4.770917e+00 4.223199e+00 4.197743e+00 3.785596e+00 4.312078e+00 3.405412e+00 2.667559e+00 4.422366e-03
<GCONST> 9.268584e+01
<MIXTURE> 74 1.756491e-02
<MEAN> 25
 4.026989e+00 -1.398273e+00 5.640700e+00 -3.210703e-01 -7.927535e+00 -6.420033e+00 -1.680447e+00 5.495002e-01 -4.019092e+00 -2.068828e+00 -4.364184e-01 -8.769998e-02 1.441770e-01 2.100558e+00 -2.516384e-01 1.361287e+00 1.541347e+00 1.869437e-02 -9.033657e-02 -1.267204e+00 2.842785e-01 4.349923e-01 -4.666670e-01 -1.028732e-01 -7.371369e-02
<VARIANCE> 25
 1.053444e+01 2.515227e+01 3.161743e+01 3.894577e+01 3.433630e+01 4.159102e+01 4.684244e+01 4.229982e+01 4.067278e+01 4.551085e+01 3.667365e+01 2.724538e+01 2.085774e+00 1.702919e+00 3.580890e+00 3.800720e+00 3.845238e+00 3.851150e+00 4.432916e+00 3.859649e+00 3.696373e+00 4.419625e+00 3.486297e+00 2.733071e+00 1.418536e-03
<GCONST> 9.583117e+01
<MIXTURE> 75 9.711651e-03
<MEAN> 25
 2.612424e+00 -2.744152e+00 9.726698e+00 2.566677e+00 -1.084731e+01 -5.359398e+00 -2.879335e+00 -7.178639e-01 -5.466731e+00 -5.045794e+00 3.026179e+00 -2.442578e-01 1.785334e+00 -1.865146e+00 3.255227e-01 1.586105e-01 -2.710608e+00 1.396690e-01 -9.400719e-01 4.333128e-01 -2.740771e-01 -8.599960e-01 1.414044e+00 -8.268972e-01 4.982799e-02
<VARIANCE> 25
 1.033670e+01 1.578950e+01 2.221794e+01 3.343903e+01 2.084622e+01 3.253109e+01 2.294035e+01 2.432241e+01 2.585748e+01 3.535159e+01 1.972573e+01 1.601089e+01 1.936596e+00 1.501301e+00 2.853243e+00 1.972687e+00 3.043047e+00 3.738261e+00 3.443336e+00 2.877804e+00 3.919797e+00 4.838682e+00 2.730053e+00 1.779822e+00 1.437492e-03
<GCONST> 8.856815e+01
<MIXTURE> 76 1.052359e-02
<MEAN> 25
 -5.640273e+00 -5.409741e-01 -3.421912e+00 2.370448e+00 4.388338e+00 2.468413e+00 4.065191e+00 2.211384e+00 2.884837e+00 2.165299e+00 -3.842782e-01 2.515855e+00 -9.891845e-02 -6.671532e-01 1.192595e-01 -5.565281e-01 -6.039346e-01 -5.548209e-01 -4.702539e-01 -6.978996e-02 -9.398646e-01 -5.795999e-01 6.908600e-02 9.170085e-02 2.108315e-02
<VARIANCE> 25
 4.116778e+01 3.151811e+01 3.288891e+01 2.288032e+01 2.637638e+01 4.406510e+01 3.260188e+01 2.932006e+01 2.120002e+01 2.731948e+01 2.296982e+01 1.590961e+01 7.556131e-01 1.029432e+00 1.389468e+00 1.197978e+00 1.499755e+00 1.628998e+00 1.243601e+00 1.662047e+00 2.560300e+00 1.562587e+00 1.616529e+00 1.543484e+00 8.437140e-04
<GCONST> 8.302279e+01
<MIXTURE> 77 1.244626e-02
<MEAN> 25
 -6.134897e-01 8.499602e+00 1.239648e+01 -1.153068e+01 -6.761194e+00 9.583092e-01 -9.063308e+00 -7.024713e+00 -3.401319e+00 -3.910147e-01 -4.719639e+00 -1.466401e+00 7.183966e-02 1.197301e-01 8.259970e-02 2.399471e-01 -5.793468e-02 9.662287e-02 -6.844436e-02 -9.006010e-02 1.082219e-01 -4.403065e-02 4.587148e-02 1.332965e-01 -9.625783e-03
<VARIANCE> 25
 1.130476e+01 1.996148e+01 2.762225e+01 4.112177e+01 3.482838e+01 3.301593e+01 3.776521e+01 3.285960e+01 3.453614e+01 3.444395e+01 3.699631e+01 3.416624e+01 2.948235e-01 7.816198e-01 6.420709e-01 1.071676e+00 1.271874e+00 9.781705e-01 1.197392e+00 1.087330e+00 1.051376e+00 1.047724e+00 9.704090e-01 9.129753e-01 5.375369e-04
<GCONST> 7.788338e+01
<MIXTURE> 78 9.702551e-03
<MEAN> 25
 -1.136726e+01 3.473712e+00 -3.335501e+00 -3.539188e-01 5.904933e+00 -4.954338e+00 3.676227e+00 1.993288e+00 1.754262e+00 1.069584e+00 -1.321973e+00 3.765027e+00 1.827004e+00 -4.005289e-02 1.660849e-01 8.769742e-01 -2.687648e-01 3.176544e-01 -9.167416e-02 2.487870e-02 3.681562e-01 -2.910091e-02 -1.056053e-01 -4.294167e-01 -5.345704e-02
<VARIANCE> 25
 2.679239e+01 3.467495e+01 2.537272e+01 3.418991e+01 3.191301e+01 3.626298e+01 3.026217e+01 2.741188e+01 3.060974e+01 2.131272e+01 2.704666e+01 1.552591e+01 3.713115e+00 2.302588e+00 3.175569e+00 2.579296e+00 2.821673e+00 2.570789e+00 2.634803e+00 2.011177e+00 2.603159e+00 1.961843e+00 2.221378e+00 2.337593e+00 4.441315e-03
<GCONST> 9.160107e+01
<MIXTURE> 79 1.156824e-02
<MEAN> 25
 2.355697e+00 1.646851e+00 9.106745e+00 -6.613460e+00 -1.178090e+01 -1.734727e+00 -1.773358e+00 -6.113915e+00 -6.514616e+00 5.293096e-01 -3.367794e+00 -3.281701e+00 1.196496e+00 -4.275985e-01 -1.434617e+00 2.356392e+00 3.783956e-01 -1.425396e+00 4.944765e-01 7.970334e-01 -4.154171e-01 -5.714328e-01 3.446426e-01 2.441735e-01 -3.709039e-02
<VARIANCE> 25
 1.397817e+01 2.369488e+01 3.694935e+01 4.870538e+01 3.486818e+01 4.230304e+01 4.221236e+01 3.946479e+01 3.781367e+01 3.986550e+01 4.313049e+01 2.972778e+01 9.351383e-01 2.471208e+00 1.842040e+00 2.018650e+00 2.406322e+00 2.797496e+00 3.158925e+00 3.657469e+00 2.469554e+00 2.675101e+00 2.250206e+00 2.000253e+00 1.211292e-03
<GCONST> 9.161508e+01
<MIXTURE> 80 7.550998e-03
<MEAN> 25
 -1.449118e+01 3.617248e+00 8.613542e-01 2.846858e+00 2.277654e+00 1.341651e+00 6.483008e+00 2.529472e+00 2.333061e+00 2.469545e+00 4.714267e+00 1.181711e+00 4.293096e+00 6.690405e-02 1.623592e+00 -1.013492e+00 -2.824320e+00 -2.786612e+00 -2.397925e+00 -1.994265e+00 -1.994698e+00 -1.759410e+00 -1.592322e+00 -6.559407e-01 -4.350715e-02
<VARIANCE> 25
 2.082938e+01 2.382066e+01 3.449379e+01 3.380219e+01 3.033414e+01 2.872342e+01 2.803563e+01 2.779678e+01 3.107728e+01 2.842415e+01 2.676244e+01 1.763133e+01 2.312077e+00 2.825835e+00 2.605828e+00 4.509461e+00 3.443480e+00 2.633739e+00 3.156869e+00 3.166618e+00 2.691135e+00 2.825186e+00 2.819749e+00 2.181478e+00 1.489872e-03
<GCONST> 9.176805e+01
<MIXTURE> 81 8.025434e-03
<MEAN> 25
 -1.143487e+00 4.065449e+00 1.017813e+01 -1.477313e+01 -9.027131e+00 -1.427387e+00 -6.746648e+00 -8.376928e+00 -4.162080e+00 -4.415120e-01 -7.551594e+00 -2.221915e+00 1.357352e-01 -5.889817e-01 7.098215e-05 -5.534357e-01 -4.715219e-01 3.420272e-01 3.184017e-01 1.342230e-01 -1.369254e-01 1.063524e-01 -4.624189e-01 -1.245671e-01 1.151003e-02
<VARIANCE> 25
 1.025189e+01 3.266998e+01 2.633368e+01 2.933956e+01 3.420034e+01 3.043987e+01 4.534781e+01 2.863901e+01 3.787123e+01 3.194399e+01 2.533852e+01 3.106624e+01 7.754374e-01 2.275798e+00 1.543884e+00 2.867817e+00 2.670307e+00 2.130855e+00 3.267648e+00 2.284567e+00 2.356133e+00 2.550864e+00 2.299042e+00 2.071251e+00 1.178882e-03
<GCONST> 8.871010e+01
<MIXTURE> 82 8.213053e-03
<MEAN> 25
 -9.983635e+00 -4.120881e+00 1.652628e+00 -3.355824e+00 3.434804e+00 8.640243e-01 3.079986e+00 1.012251e+00 4.005967e+00 2.807730e+00 1.273299e-01 3.505422e+00 -1.629807e+00 -4.344648e-01 5.837902e-01 -2.312815e+00 -1.122876e+00 -1.103846e+00 -4.187593e-01 -1.071390e+00 -5.519826e-01 2.560781e-02 -1.467115e-01 -1.809081e-01 1.696393e-01
<VARIANCE> 25
 1.587675e+01 2.319357e+01 2.763736e+01 2.584319e+01 2.828721e+01 3.793744e+01 3.728450e+01 2.865508e+01 3.510431e+01 2.857300e+01 3.425567e+01 1.554268e+01 3.482717e+00 3.070896e+00 3.273809e+00 2.920548e+00 3.561781e+00 2.973698e+00 3.827764e+00 2.704623e+00 2.627750e+00 3.483063e+00 2.143968e+00 1.551872e+00 3.514853e-03
<GCONST> 9.265757e+01
<MIXTURE> 83 1.167529e-02
<MEAN> 25
 -1.991744e+01 5.457506e+00 -1.835891e+00 -4.017449e-01 7.797734e+00 -1.368318e+00 5.441867e+00 2.953396e+00 1.181426e+00 2.192792e+00 6.423889e-01 2.928111e+00 -3.242039e-02 -4.560831e-01 2.130627e-02 -3.549994e-01 -4.849532e-01 -1.228470e-01 -1.361906e-01 -9.994826e-02 -7.717850e-02 -5.344599e-02 -3.107113e-02 -1.746190e-02 4.490548e-03
<VARIANCE> 25
 9.698861e+00 1.644991e+01 2.861956e+01 2.233238e+01 2.113736e+01 2.515977e+01 2.209995e+01 2.376394e+01 2.054183e+01 2.207537e+01 2.344029e+01 1.448098e+01 1.059372e+00 9.477286e-01 1.269891e+00 1.071006e+00 1.362009e+00 1.277793e+00 1.282821e+00 1.374781e+00 1.428974e+00 1.334694e+00 1.223757e+00 1.117970e+00 8.831741e-04
<GCONST> 7.732370e+01
<MIXTURE> 84 1.066614e-02
<MEAN> 25
 1.187182e+00 8.956953e+00 7.136819e+00 7.913057e+00 2.838847e+00 -9.508052e-01 -1.548433e+00 -4.447153e+00 -4.052215e+00 -2.863281e+00 -2.379315e+00 -1.610718e+00 -1.764449e+00 -1.141868e+00 -1.214806e+00 1.265977e+00 2.251780e+00 1.469634e+00 1.413898e+00 1.265627e+00 1.160446e+00 4.020014e-01 3.793524e-01 4.199130e-01 -7.128034e-02
<VARIANCE> 25
 2.332389e+01 1.877790e+01 2.206585e+01 2.423999e+01 2.900978e+01 2.834010e+01 2.770549e+01 2.647210e+01 2.535888e+01 2.502189e+01 2.362963e+01 2.439278e+01 2.119750e+00 2.622940e+00 3.823333e+00 3.314370e+00 3.251511e+00 3.419350e+00 3.383821e+00 3.410498e+00 3.458918e+00 3.240860e+00 3.649308e+00 2.766723e+00 3.482191e-03
<GCONST> 9.260876e+01
<MIXTURE> 85 7.591393e-03
<MEAN> 25
 -3.105133e+00 7.876410e+00 5.725769e+00 1.289040e+00 -3.496422e+00 -5.319651e+00 -2.971606e+00 -6.106411e+00 -3.551195e+00 -3.174290e+00 -4.781311e-01 -1.899644e+00 3.943516e+00 3.255333e-01 1.755531e+00 -2.085697e+00 -3.412390e+00 -2.580591e+00 -2.886775e+00 -2.338402e+00 -2.246219e+00 -1.266109e+00 -2.296874e+00 -6.182101e-01 9.292133e-03
<VARIANCE> 25
 4.245926e+01 2.354983e+01 3.642324e+01 3.819832e+01 3.969732e+01 4.116289e+01 3.217406e+01 2.797132e+01 2.669038e+01 2.613034e+01 2.618455e+01 2.054127e+01 2.701648e+00 4.321596e+00 4.054024e+00 5.200143e+00 4.404865e+00 3.880275e+00 3.851864e+00 3.991861e+00 3.850466e+00 4.050923e+00 3.959413e+00 3.481833e+00 5.442439e-03
<GCONST> 9.836334e+01
<MIXTURE> 86 1.273941e-02
<MEAN> 25
 -4.802562e+00 -1.053272e+00 -1.076517e+00 6.111299e+00 5.030847e+00 4.600746e+00 5.318906e+00 4.823723e+00 4.684704e+00 3.879365e+00 5.090669e+00 2.729989e+00 -8.282000e-03 -2.226197e-02 -5.085644e-02 -6.428960e-02 -1.550978e-01 -1.771895e-01 -2.298287e-01 -2.903763e-01 -3.801554e-01 -3.729302e-01 -2.517270e-01 -6.996207e-02 -8.448418e-04
<VARIANCE> 25
 8.325196e+00 6.121288e+00 1.148021e+01 1.303634e+01 1.534781e+01 1.404787e+01 1.318421e+01 1.419245e+01 1.289797e+01 1.385243e+01 1.530200e+01 1.243796e+01 9.675248e-02 1.919582e-01 3.236880e-01 4.659175e-01 6.576098e-01 7.229505e-01 7.700351e-01 7.791294e-01 8.201373e-01 9.547803e-01 9.061400e-01 9.177344e-01 5.669485e-05
<GCONST> 5.858673e+01
<MIXTURE> 87 1.100681e-02
<MEAN> 25
 -3.335924e+00 4.527326e+00 3.392105e+00 6.852890e+00 5.589753e+00 7.244641e-01 1.599721e+00 -9.378760e-01 -5.233029e-01 -8.598187e-01 -9.351535e-01 9.702088e-02 -2.160409e+00 -2.732889e+00 -2.064191e+00 -2.210983e+00 -3.006969e-02 -2.234850e-01 6.348734e-01 1.251113e+00 1.365093e+00 1.017496e+00 8.981856e-01 9.879802e-01 1.034203e-01
<VARIANCE> 25
 3.757055e+01 2.920499e+01 2.849860e+01 3.434708e+01 2.829964e+01 3.417051e+01 2.802551e+01 2.767242e+01 2.631245e+01 2.424415e+01 2.559585e+01 2.295910e+01 3.842988e+00 2.862828e+00 4.081524e+00 3.598657e+00 4.713417e+00 4.377561e+00 4.088446e+00 3.965300e+00 3.562170e+00 3.379487e+00 3.480791e+00 2.695316e+00 5.031541e-03
<GCONST> 9.652858e+01
<MIXTURE> 88 1.256585e-02
<MEAN> 25
 -3.697679e+00 -6.412004e-02 -2.181183e+00 4.034970e+00 4.587588e+00 4.846617e+00 4.654932e+00 4.695218e+00 3.802752e+00 1.914667e+00 1.394803e+00 2.801405e+00 -2.468051e-02 1.902977e-01 4.090992e-01 1.313912e-01 3.311444e-01 2.448481e-01 -2.138631e-01 -1.161002e-01 -1.433085e-01 -1.046271e-01 -1.556685e-01 8.301790e-03 -1.780608e-03
<VARIANCE> 25
 8.853457e+00 1.069981e+01 1.755198e+01 1.891696e+01 1.768057e+01 2.734951e+01 1.721273e+01 2.191094e+01 1.506479e+01 1.665681e+01 2.350956e+01 1.663387e+01 1.071901e+00 1.359399e+00 2.323474e+00 2.408066e+00 2.306057e+00 2.238031e+00 2.317639e+00 2.451614e+00 2.351942e+00 2.690125e+00 2.577384e+00 1.760676e+00 1.333547e-03
<GCONST> 8.212519e+01
<MIXTURE> 89 9.333527e-03
<MEAN> 25
 6.162285e+00 -6.343141e+00 -2.937638e+00 -2.375772e+00 -1.353293e+00 -4.561637e+00 -6.546983e+00 2.926012e+00 3.526429e+00 -2.231818e+00 -5.142557e+00 -3.504172e+00 -6.677833e-01 1.641911e-01 1.977310e+00 8.130032e-01 -1.697653e+00 -1.733199e+00 9.500571e-01 1.213648e+00 -7.900131e-01 -1.316052e+00 3.083729e-01 1.514729e+00 -4.056079e-03
<VARIANCE> 25
 8.509650e+00 2.627093e+01 3.065468e+01 3.087862e+01 3.232627e+01 4.385436e+01 5.315768e+01 4.608461e+01 3.437641e+01 4.157630e+01 3.578109e+01 2.906838e+01 4.311399e-01 8.127368e-01 1.429188e+00 1.483016e+00 1.860306e+00 2.213435e+00 2.512745e+00 1.896866e+00 2.129119e+00 1.931726e+00 2.126426e+00 1.564520e+00 4.377824e-04
<GCONST> 8.504366e+01
<MIXTURE> 90 7.114505e-03
<MEAN> 25
 2.452847e+00 -9.720110e+00 -4.723455e+00 -3.943725e+00 -3.409888e+00 -1.809935e+00 3.359222e+00 1.162985e+00 -7.522354e+00 -1.022010e+01 -3.398425e+00 -7.482374e-01 -1.644070e-01 9.059298e-01 1.170172e+00 -8.531974e-01 -1.607855e+00 -2.101731e-01 6.431591e-01 -2.113328e-01 -1.703470e-01 7.379672e-01 1.810464e-01 -5.471945e-01 -1.112113e-02
<VARIANCE> 25
 8.474998e+00 1.774197e+01 2.010249e+01 2.835534e+01 3.705021e+01 3.209755e+01 3.847104e+01 3.642593e+01 3.517457e+01 2.764299e+01 2.728922e+01 2.609470e+01 2.235888e-01 6.145228e-01 7.861955e-01 1.040501e+00 1.476908e+00 1.590557e+00 1.779687e+00 1.651656e+00 1.807050e+00 1.676134e+00 1.495494e+00 1.308963e+00 2.149400e-04
<GCONST> 7.816108e+01
<MIXTURE> 91 7.852945e-03
<MEAN> 25
 6.522940e+00 -7.275862e+00 -8.078674e+00 -4.973063e+00 3.907150e+00 2.059772e-01 -2.820101e+00 6.776962e-01 1.166494e+00 -2.325361e+00 -4.703749e+00 -5.338234e+00 2.042024e-01 1.045678e+00 1.116825e-01 4.667105e-01 -1.543741e-02 -5.777301e-01 -2.538498e-01 -1.231560e-02 -1.842002e-01 4.874796e-01 -1.945053e-01 1.643736e-01 -3.578363e-02
<VARIANCE> 25
 9.900446e+00 2.302138e+01 2.167870e+01 3.910060e+01 3.313773e+01 5.335696e+01 5.597360e+01 3.774882e+01 5.012508e+01 6.500732e+01 3.623220e+01 3.971855e+01 4.602000e-01 8.580059e-01 1.153247e+00 1.304719e+00 2.146461e+00 2.325884e+00 2.557026e+00 2.333165e+00 2.187247e+00 2.175629e+00 2.040489e+00 1.878257e+00 5.523436e-04
<GCONST> 8.688817e+01
<MIXTURE> 92 7.852945e-03
<MEAN> 25
 6.522940e+00 -7.275862e+00 -8.078674e+00 -4.973063e+00 3.907150e+00 2.059772e-01 -2.820101e+00 6.776962e-01 1.166494e+00 -2.325361e+00 -4.703749e+00 -5.338234e+00 2.042024e-01 1.045678e+00 1.116825e-01 4.667105e-01 -1.543741e-02 -5.777301e-01 -2.538498e-01 -1.231560e-02 -1.842002e-01 4.874796e-01 -1.945053e-01 1.643736e-01 -3.578363e-02
<VARIANCE> 25
 9.900446e+00 2.302138e+01 2.167870e+01 3.910060e+01 3.313773e+01 5.335696e+01 5.597360e+01 3.774882e+01 5.012508e+01 6.500732e+01 3.623220e+01 3.971855e+01 4.602000e-01 8.580059e-01 1.153247e+00 1.304719e+00 2.146461e+00 2.325884e+00 2.557026e+00 2.333165e+00 2.187247e+00 2.175629e+00 2.040489e+00 1.878257e+00 5.523436e-04
<GCONST> 8.688817e+01
<MIXTURE> 93 6.122769e-03
<MEAN> 25
 -6.788626e+00 -9.305683e-01 -2.434692e+00 5.774131e+00 5.897567e+00 3.914584e+00 6.112246e+00 3.650968e+00 4.138494e+00 2.540604e+00 1.819843e+00 3.685558e+00 -6.418158e-02 -1.602589e-01 -2.593142e-01 -3.314960e-01 -3.411961e-01 -2.878602e-01 -2.091894e-01 -1.650781e-01 -1.654166e-01 -1.565218e-01 -1.053465e-01 -3.360335e-02 -1.293080e-05
<VARIANCE> 25
 9.258865e+00 6.153925e+00 8.305224e+00 1.141906e+01 1.149691e+01 1.589717e+01 1.520668e+01 1.662218e+01 1.472930e+01 1.461438e+01 1.669051e+01 1.346984e+01 8.329612e-02 1.580461e-01 2.627251e-01 3.786024e-01 5.052250e-01 6.410750e-01 7.863898e-01 8.953546e-01 9.156507e-01 8.786797e-01 8.870230e-01 9.135894e-01 1.008336e-06
<GCONST> 5.371834e+01
<MIXTURE> 94 6.122769e-03
<MEAN> 25
 -6.788626e+00 -9.305683e-01 -2.434692e+00 5.774131e+00 5.897567e+00 3.914584e+00 6.112246e+00 3.650968e+00 4.138494e+00 2.540604e+00 1.819843e+00 3.685558e+00 -6.418158e-02 -1.602589e-01 -2.593142e-01 -3.314960e-01 -3.411961e-01 -2.878602e-01 -2.091894e-01 -1.650781e-01 -1.654166e-01 -1.565218e-01 -1.053465e-01 -3.360335e-02 -1.293080e-05
<VARIANCE> 25
 9.258865e+00 6.153925e+00 8.305224e+00 1.141906e+01 1.149691e+01 1.589717e+01 1.520668e+01 1.662218e+01 1.472930e+01 1.461438e+01 1.669051e+01 1.346984e+01 8.329612e-02 1.580461e-01 2.627251e-01 3.786024e-01 5.052250e-01 6.410750e-01 7.863898e-01 8.953546e-01 9.156507e-01 8.786797e-01 8.870230e-01 9.135894e-01 1.008336e-06
<GCONST> 5.371834e+01
<MIXTURE> 95 5.258835e-03
<MEAN> 25
 -5.784362e+00 -7.013022e-01 -2.040146e+00 4.873528e+00 4.218549e+00 2.808455e+00 4.182428e+00 1.736652e+00 2.237413e+00 8.841829e-01 1.176758e+00 2.584536e+00 1.448569e-01 1.447999e-01 8.227385e-02 -8.121140e-02 -3.774587e-01 -7.113425e-01 -1.046421e+00 -1.274414e+00 -1.265645e+00 -9.955076e-01 -6.513199e-01 -3.040407e-01 -2.007280e-04
<VARIANCE> 25
 1.041372e+01 6.632550e+00 1.245901e+01 1.276994e+01 1.396511e+01 1.829479e+01 1.781896e+01 1.759217e+01 1.538628e+01 1.534945e+01 1.988882e+01 1.432546e+01 2.081105e-01 2.929269e-01 4.562458e-01 6.267373e-01 7.979252e-01 9.018043e-01 9.205822e-01 9.439903e-01 9.663708e-01 1.077737e+00 1.156766e+00 1.114316e+00 4.354535e-05
<GCONST> 6.339310e+01
<MIXTURE> 96 7.034694e-03
<MEAN> 25
 -5.021615e+00 -3.847048e-01 -2.383672e+00 5.118767e+00 3.860576e+00 1.856157e+00 3.553388e+00 1.758259e+00 2.417623e+00 8.974131e-01 1.042867e+00 2.774939e+00 -3.609751e-02 8.549963e-02 2.281418e-01 3.805119e-01 5.388332e-01 5.298977e-01 2.365263e-01 -1.374648e-01 -4.383126e-01 -6.519873e-01 -6.087644e-01 -3.588615e-01 -5.223504e-06
<VARIANCE> 25
 1.120585e+01 9.895741e+00 1.395513e+01 1.419343e+01 1.480446e+01 1.950458e+01 1.782588e+01 1.925855e+01 1.782836e+01 1.658843e+01 2.016666e+01 1.456029e+01 1.213625e-01 2.154910e-01 3.279955e-01 4.342866e-01 4.889012e-01 7.136570e-01 8.621977e-01 9.925364e-01 9.830472e-01 8.534061e-01 8.735096e-01 9.317285e-01 9.940006e-07
<GCONST> 5.781567e+01
<MIXTURE> 97 7.034694e-03
<MEAN> 25
 -5.021615e+00 -3.847048e-01 -2.383672e+00 5.118767e+00 3.860576e+00 1.856157e+00 3.553388e+00 1.758259e+00 2.417623e+00 8.974131e-01 1.042867e+00 2.774939e+00 -3.609751e-02 8.549963e-02 2.281418e-01 3.805119e-01 5.388332e-01 5.298977e-01 2.365263e-01 -1.374648e-01 -4.383126e-01 -6.519873e-01 -6.087644e-01 -3.588615e-01 -5.223504e-06
<VARIANCE> 25
 1.120585e+01 9.895741e+00 1.395513e+01 1.419343e+01 1.480446e+01 1.950458e+01 1.782588e+01 1.925855e+01 1.782836e+01 1.658843e+01 2.016666e+01 1.456029e+01 1.213625e-01 2.154910e-01 3.279955e-01 4.342866e-01 4.889012e-01 7.136570e-01 8.621977e-01 9.925364e-01 9.830472e-01 8.534061e-01 8.735096e-01 9.317285e-01 9.940006e-07
<GCONST> 5.781567e+01
<MIXTURE> 98 9.917808e-03
<MEAN> 25
 -1.477929e+00 2.100124e+00 -1.091861e+00 3.770651e+00 3.846822e+00 2.753124e+00 3.117912e+00 1.814927e+00 2.159798e+00 9.728528e-01 1.253179e-01 3.482509e-01 -1.555732e+00 -1.295688e+00 -9.902337e-01 2.225498e-01 6.677961e-01 9.014128e-01 1.435851e+00 1.446731e+00 1.737399e+00 1.190367e+00 1.206087e+00 9.350231e-01 -3.060911e-02
<VARIANCE> 25
 1.449682e+01 2.294743e+01 3.279206e+01 3.204893e+01 3.657293e+01 4.276375e+01 3.083399e+01 2.996236e+01 2.570465e+01 2.728283e+01 2.815052e+01 2.191599e+01 1.416819e+00 1.473815e+00 2.192186e+00 2.132221e+00 2.577777e+00 2.742568e+00 2.727488e+00 2.413117e+00 2.292031e+00 2.631992e+00 2.437814e+00 1.949151e+00 2.090573e-03
<GCONST> 8.917659e+01
<MIXTURE> 99 6.696178e-03
<MEAN> 25
 -6.723204e+00 8.890733e+00 5.168504e+00 1.059327e+00 2.248724e+00 -5.569386e+00 -2.028151e+00 -2.772696e+00 -3.641419e+00 -3.680361e+00 -1.796445e+00 5.329559e-01 4.379600e-01 -9.621833e-01 3.282223e-01 -3.825379e-01 -1.227959e+00 5.350601e-03 -2.646090e-02 -4.034579e-01 -4.371124e-01 -6.400809e-02 4.940853e-01 1.882490e-01 1.086692e-02
<VARIANCE> 25
 2.756304e+01 2.460319e+01 5.363092e+01 3.512383e+01 2.995263e+01 2.879128e+01 2.230716e+01 2.782763e+01 2.256508e+01 2.401744e+01 1.756705e+01 2.288818e+01 1.827171e+00 2.215253e+00 1.342217e+00 1.512922e+00 2.479055e+00 2.175245e+00 1.525033e+00 1.478741e+00 2.752585e+00 2.044259e+00 1.293763e+00 1.064372e+00 1.181103e-03
<GCONST> 8.540065e+01
<MIXTURE> 100 4.498084e-03
<MEAN> 25
 -1.599649e+00 6.334752e+00 1.027418e+01 -7.459040e+00 -1.077128e+01 -5.066411e+00 -4.934264e+00 -9.948601e+00 -4.719415e+00 -8.546281e-01 -2.730032e+00 -2.699327e+00 2.917181e+00 -1.261934e+00 1.298607e+00 -2.181381e+00 -3.419529e+00 -7.813126e-01 -1.216395e+00 -8.169090e-01 -1.476066e+00 3.495967e-01 -1.651804e+00 -2.878875e-01 2.081870e-03
<VARIANCE> 25
 1.362949e+01 2.109183e+01 2.243759e+01 2.639590e+01 2.307587e+01 2.375181e+01 2.911086e+01 2.192041e+01 2.744286e+01 2.263104e+01 2.238129e+01 2.137112e+01 1.796757e+00 3.950398e+00 2.918707e+00 4.295853e+00 4.177836e+00 4.536395e+00 4.014025e+00 4.338749e+00 4.161631e+00 3.895388e+00 3.914218e+00 3.222570e+00 1.676445e-03
<GCONST> 9.257597e+01
<MIXTURE> 101 6.007792e-03
<MEAN> 25
 8.110238e+00 -3.548378e+00 -6.062373e+00 -6.740423e+00 8.313336e-01 -1.085263e+00 -1.068964e+01 -2.096384e+00 1.770233e+00 2.684590e+00 -2.271287e+00 -5.056922e+00 6.554466e-01 6.759824e-01 -1.473609e+00 -1.577406e+00 1.049239e+00 2.272233e+00 2.124573e-01 -1.393480e+00 -1.032136e+00 1.066649e+00 1.283767e+00 -4.507495e-01 -5.719195e-03
<VARIANCE> 25
 9.039715e+00 1.663516e+01 3.140429e+01 4.217321e+01 3.529653e+01 3.591360e+01 3.637235e+01 3.527685e+01 3.761434e+01 4.283555e+01 5.090228e+01 2.391874e+01 2.968436e-01 6.737366e-01 1.152727e+00 1.553042e+00 1.655845e+00 2.111429e+00 2.047358e+00 2.095306e+00 2.322993e+00 2.193307e+00 2.007526e+00 1.947614e+00 3.641578e-04
<GCONST> 8.369474e+01
<MIXTURE> 102 6.007792e-03
<MEAN> 25
 8.110238e+00 -3.548378e+00 -6.062373e+00 -6.740423e+00 8.313336e-01 -1.085263e+00 -1.068964e+01 -2.096384e+00 1.770233e+00 2.684590e+00 -2.271287e+00 -5.056922e+00 6.554466e-01 6.759824e-01 -1.473609e+00 -1.577406e+00 1.049239e+00 2.272233e+00 2.124573e-01 -1.393480e+00 -1.032136e+00 1.066649e+00 1.283767e+00 -4.507495e-01 -5.719195e-03
<VARIANCE> 25
 9.039715e+00 1.663516e+01 3.140429e+01 4.217321e+01 3.529653e+01 3.591360e+01 3.637235e+01 3.527685e+01 3.761434e+01 4.283555e+01 5.090228e+01 2.391874e+01 2.968436e-01 6.737366e-01 1.152727e+00 1.553042e+00 1.655845e+00 2.111429e+00 2.047358e+00 2.095306e+00 2.322993e+00 2.193307e+00 2.007526e+00 1.947614e+00 3.641578e-04
<GCONST> 8.369474e+01
<MIXTURE> 103 5.694618e-03
<MEAN> 25
 3.367863e+00 -9.472481e+00 -6.123817e+00 -3.079413e+00 -1.326008e+00 -1.972200e+00 2.430130e+00 2.513452e+00 -4.603885e+00 -9.249807e+00 -5.059225e+00 3.616555e-01 -1.573169e-01 -1.487362e+00 -9.791472e-01 3.749267e-01 1.209336e+00 1.019451e+00 1.581864e-01 -2.684049e-01 -7.796056e-01 -9.476092e-01 -3.327846e-02 1.187984e-01 2.695888e-02
<VARIANCE> 25
 1.032769e+01 2.035396e+01 2.295560e+01 3.174128e+01 4.811219e+01 3.497390e+01 4.643620e+01 3.669827e+01 4.214957e+01 2.937938e+01 3.006428e+01 2.638127e+01 6.432180e-01 1.252438e+00 1.538914e+00 1.938451e+00 2.940412e+00 2.409719e+00 2.888159e+00 2.576123e+00 2.563868e+00 2.522500e+00 2.098859e+00 2.016868e+00 8.067855e-04
<GCONST> 8.758168e+01
<MIXTURE> 104 5.694618e-03
<MEAN> 25
 3.367863e+00 -9.472481e+00 -6.123817e+00 -3.079413e+00 -1.326008e+00 -1.972200e+00 2.430130e+00 2.513452e+00 -4.603885e+00 -9.249807e+00 -5.059225e+00 3.616555e-01 -1.573169e-01 -1.487362e+00 -9.791472e-01 3.749267e-01 1.209336e+00 1.019451e+00 1.581864e-01 -2.684049e-01 -7.796056e-01 -9.476092e-01 -3.327846e-02 1.187984e-01 2.695888e-02
<VARIANCE> 25
 1.032769e+01 2.035396e+01 2.295560e+01 3.174128e+01 4.811219e+01 3.497390e+01 4.643620e+01 3.669827e+01 4.214957e+01 2.937938e+01 3.006428e+01 2.638127e+01 6.432180e-01 1.252438e+00 1.538914e+00 1.938451e+00 2.940412e+00 2.409719e+00 2.888159e+00 2.576123e+00 2.563868e+00 2.522500e+00 2.098859e+00 2.016868e+00 8.067855e-04
<GCONST> 8.758168e+01
<MIXTURE> 105 4.710235e-03
<MEAN> 25
 2.767914e+00 -3.172201e+00 8.340302e+00 1.623250e-01 -1.165774e+01 -4.519579e+00 -2.965510e+00 -1.720482e+00 -4.487233e+00 -5.800351e+00 3.065308e+00 -1.489831e+00 1.932978e-02 4.968971e-03 7.599036e-02 -5.850459e-02 -1.146144e-01 1.990828e-01 1.575385e-02 6.070945e-02 -2.856948e-02 1.417679e-03 1.572555e-01 -8.778401e-02 -2.041687e-03
<VARIANCE> 25
 1.040615e+01 2.766583e+01 3.204359e+01 5.326008e+01 2.871678e+01 4.089334e+01 3.347058e+01 3.682704e+01 3.134518e+01 5.124885e+01 3.688341e+01 2.379391e+01 7.969472e-02 1.512322e-01 3.847367e-01 2.765651e-01 4.272333e-01 4.635099e-01 3.892733e-01 4.385608e-01 5.773731e-01 4.415080e-01 5.234072e-01 3.742579e-01 7.464513e-05
<GCONST> 6.485023e+01
<MIXTURE> 106 4.710235e-03
<MEAN> 25
 2.767914e+00 -3.172201e+00 8.340302e+00 1.623250e-01 -1.165774e+01 -4.519579e+00 -2.965510e+00 -1.720482e+00 -4.487233e+00 -5.800351e+00 3.065308e+00 -1.489831e+00 1.932978e-02 4.968971e-03 7.599036e-02 -5.850459e-02 -1.146144e-01 1.990828e-01 1.575385e-02 6.070945e-02 -2.856948e-02 1.417679e-03 1.572555e-01 -8.778401e-02 -2.041687e-03
<VARIANCE> 25
 1.040615e+01 2.766583e+01 3.204359e+01 5.326008e+01 2.871678e+01 4.089334e+01 3.347058e+01 3.682704e+01 3.134518e+01 5.124885e+01 3.688341e+01 2.379391e+01 7.969472e-02 1.512322e-01 3.847367e-01 2.765651e-01 4.272333e-01 4.635099e-01 3.892733e-01 4.385608e-01 5.773731e-01 4.415080e-01 5.234072e-01 3.742579e-01 7.464513e-05
<GCONST> 6.485023e+01
<MIXTURE> 107 5.452374e-03
<MEAN> 25
 9.308984e+00 -3.154436e+00 -8.179393e+00 -7.321107e+00 1.211610e+00 3.547266e+00 -8.966338e+00 -5.463742e+00 -6.143760e-01 3.989975e+00 1.907046e+00 -5.024162e+00 -5.756705e-01 -6.873706e-01 8.274146e-01 1.949678e+00 3.106873e-01 -2.199316e+00 -8.780125e-01 1.149974e+00 1.724169e+00 -1.473670e-01 -1.612020e+00 -8.368284e-01 -6.601178e-03
<VARIANCE> 25
 9.987960e+00 2.090373e+01 2.476704e+01 6.318254e+01 3.395198e+01 3.917147e+01 4.424917e+01 4.052843e+01 4.041665e+01 3.961312e+01 5.146653e+01 2.595287e+01 3.773413e-01 8.705381e-01 1.756970e+00 3.623342e+00 2.099936e+00 3.460163e+00 2.404541e+00 2.734697e+00 2.100806e+00 3.358786e+00 1.681266e+00 2.050395e+00 7.669390e-04
<GCONST> 8.852685e+01
<MIXTURE> 108 5.452374e-03
<MEAN> 25
 9.308984e+00 -3.154436e+00 -8.179393e+00 -7.321107e+00 1.211610e+00 3.547266e+00 -8.966338e+00 -5.463742e+00 -6.143760e-01 3.989975e+00 1.907046e+00 -5.024162e+00 -5.756705e-01 -6.873706e-01 8.274146e-01 1.949678e+00 3.106873e-01 -2.199316e+00 -8.780125e-01 1.149974e+00 1.724169e+00 -1.473670e-01 -1.612020e+00 -8.368284e-01 -6.601178e-03
<VARIANCE> 25
 9.987960e+00 2.090373e+01 2.476704e+01 6.318254e+01 3.395198e+01 3.917147e+01 4.424917e+01 4.052843e+01 4.041665e+01 3.961312e+01 5.146653e+01 2.595287e+01 3.773413e-01 8.705381e-01 1.756970e+00 3.623342e+00 2.099936e+00 3.460163e+00 2.404541e+00 2.734697e+00 2.100806e+00 3.358786e+00 1.681266e+00 2.050395e+00 7.669390e-04
<GCONST> 8.852685e+01
<MIXTURE> 109 6.661064e-03
<MEAN> 25
 4.078781e+00 -1.053799e+01 -8.283990e+00 -1.336727e+00 2.746214e+00 -5.056918e-02 -7.716931e-02 1.450693e+00 -2.567330e+00 -8.368037e+00 -5.371673e+00 6.544784e-02 -3.270109e-02 -1.322551e-01 -3.227230e-02 2.490188e-01 1.954381e-01 1.204752e-01 -1.243293e-01 -1.053410e-01 -4.129200e-02 -1.325127e-01 2.209980e-01 1.188413e-02 -3.484097e-03
<VARIANCE> 25
 9.075853e+00 1.828685e+01 2.021251e+01 3.157936e+01 4.110312e+01 3.672459e+01 4.657206e+01 3.435563e+01 4.603428e+01 3.540031e+01 2.964371e+01 2.811867e+01 1.929074e-01 4.221590e-01 5.383086e-01 6.354145e-01 1.231403e+00 9.949344e-01 1.257360e+00 1.092495e+00 1.119992e+00 9.531368e-01 8.802860e-01 8.845842e-01 1.823498e-04
<GCONST> 7.448204e+01
<MIXTURE> 110 6.661064e-03
<MEAN> 25
 4.078781e+00 -1.053799e+01 -8.283990e+00 -1.336727e+00 2.746214e+00 -5.056918e-02 -7.716931e-02 1.450693e+00 -2.567330e+00 -8.368037e+00 -5.371673e+00 6.544784e-02 -3.270109e-02 -1.322551e-01 -3.227230e-02 2.490188e-01 1.954381e-01 1.204752e-01 -1.243293e-01 -1.053410e-01 -4.129200e-02 -1.325127e-01 2.209980e-01 1.188413e-02 -3.484097e-03
<VARIANCE> 25
 9.075853e+00 1.828685e+01 2.021251e+01 3.157936e+01 4.110312e+01 3.672459e+01 4.657206e+01 3.435563e+01 4.603428e+01 3.540031e+01 2.964371e+01 2.811867e+01 1.929074e-01 4.221590e-01 5.383086e-01 6.354145e-01 1.231403e+00 9.949344e-01 1.257360e+00 1.092495e+00 1.119992e+00 9.531368e-01 8.802860e-01 8.845842e-01 1.823498e-04
<GCONST> 7.448204e+01
<MIXTURE> 111 4.337247e-03
<MEAN> 25
 -4.465944e+00 -8.976409e-01 -1.730633e+00 1.687059e+00 9.723233e-01 9.676948e-01 3.175178e-01 2.193057e-01 9.035259e-02 -5.377010e-01 -6.308334e-01 1.962352e+00 -2.132584e-02 -3.263611e-02 -7.101300e-02 -7.402061e-02 -3.722521e-02 6.787467e-03 -1.791300e-03 -5.856109e-02 -1.407870e-01 -2.031265e-01 -1.899596e-01 -1.064659e-01 -2.093762e-04
<VARIANCE> 25
 7.035347e+00 5.025578e+00 1.026954e+01 9.396266e+00 1.313468e+01 2.382112e+01 1.466217e+01 1.323453e+01 1.159159e+01 1.191935e+01 1.362490e+01 1.157900e+01 7.914387e-02 1.633706e-01 2.766557e-01 4.206335e-01 5.691959e-01 7.081844e-01 8.004121e-01 8.585351e-01 8.931049e-01 8.560255e-01 8.616192e-01 8.473142e-01 2.238687e-05
<GCONST> 5.601228e+01
<MIXTURE> 112 4.337247e-03
<MEAN> 25
 -4.465944e+00 -8.976409e-01 -1.730633e+00 1.687059e+00 9.723233e-01 9.676948e-01 3.175178e-01 2.193057e-01 9.035259e-02 -5.377010e-01 -6.308334e-01 1.962352e+00 -2.132584e-02 -3.263611e-02 -7.101300e-02 -7.402061e-02 -3.722521e-02 6.787467e-03 -1.791300e-03 -5.856109e-02 -1.407870e-01 -2.031265e-01 -1.899596e-01 -1.064659e-01 -2.093762e-04
<VARIANCE> 25
 7.035347e+00 5.025578e+00 1.026954e+01 9.396266e+00 1.313468e+01 2.382112e+01 1.466217e+01 1.323453e+01 1.159159e+01 1.191935e+01 1.362490e+01 1.157900e+01 7.914387e-02 1.633706e-01 2.766557e-01 4.206335e-01 5.691959e-01 7.081844e-01 8.004121e-01 8.585351e-01 8.931049e-01 8.560255e-01 8.616192e-01 8.473142e-01 2.238687e-05
<GCONST> 5.601228e+01
<MIXTURE> 113 5.938666e-03
<MEAN> 25
 9.949044e+00 1.761247e+00 -8.651900e+00 -1.716379e+01 -1.129373e+00 5.830733e+00 -5.184588e+00 -1.573246e+00 -5.520341e+00 -6.120066e-01 2.432539e-01 -1.185209e-01 1.431276e-02 -7.613620e-03 -5.726465e-02 -1.057048e-01 1.104145e-01 1.561922e-01 7.438200e-02 2.138782e-02 -4.946042e-02 -6.389361e-02 1.788653e-01 9.831285e-03 -1.491245e-03
<VARIANCE> 25
 8.781848e+00 1.616655e+01 3.000855e+01 3.469003e+01 5.227655e+01 3.485048e+01 3.949001e+01 3.904822e+01 3.829051e+01 4.642683e+01 3.579001e+01 2.831390e+01 1.251943e-01 3.387643e-01 3.144846e-01 6.280445e-01 6.032896e-01 6.529365e-01 7.750294e-01 8.419301e-01 9.477133e-01 8.975312e-01 7.129560e-01 7.355099e-01 1.230927e-04
<GCONST> 7.115229e+01
<MIXTURE> 114 5.938666e-03
<MEAN> 25
 9.949044e+00 1.761247e+00 -8.651900e+00 -1.716379e+01 -1.129373e+00 5.830733e+00 -5.184588e+00 -1.573246e+00 -5.520341e+00 -6.120066e-01 2.432539e-01 -1.185209e-01 1.431276e-02 -7.613620e-03 -5.726465e-02 -1.057048e-01 1.104145e-01 1.561922e-01 7.438200e-02 2.138782e-02 -4.946042e-02 -6.389361e-02 1.788653e-01 9.831285e-03 -1.491245e-03
<VARIANCE> 25
 8.781848e+00 1.616655e+01 3.000855e+01 3.469003e+01 5.227655e+01 3.485048e+01 3.949001e+01 3.904822e+01 3.829051e+01 4.642683e+01 3.579001e+01 2.831390e+01 1.251943e-01 3.387643e-01 3.144846e-01 6.280445e-01 6.032896e-01 6.529365e-01 7.750294e-01 8.419301e-01 9.477133e-01 8.975312e-01 7.129560e-01 7.355099e-01 1.230927e-04
<GCONST> 7.115229e+01
<MIXTURE> 115 2.935202e-03
<MEAN> 25
 -3.980281e+00 -6.879612e-01 -3.192909e+00 3.613146e+00 2.416922e+00 -3.745265e-01 2.266646e+00 5.519936e-01 1.475299e+00 7.997704e-02 6.249047e-02 2.667958e+00 2.427208e-02 -8.763098e-02 -2.338056e-01 -4.368873e-01 -6.484278e-01 -6.699664e-01 -5.656938e-01 -4.841242e-01 -4.826284e-01 -4.704676e-01 -3.425701e-01 -1.554046e-01 -2.664354e-05
<VARIANCE> 25
 9.278442e+00 9.981706e+00 1.376983e+01 1.262431e+01 1.328501e+01 1.747307e+01 1.687802e+01 2.186616e+01 1.819512e+01 1.769465e+01 1.902357e+01 1.447249e+01 2.037801e-01 3.566349e-01 4.835653e-01 5.548221e-01 6.469892e-01 8.054370e-01 1.038344e+00 1.159231e+00 1.064665e+00 9.924626e-01 1.009474e+00 1.053766e+00 1.026896e-06
<GCONST> 6.030814e+01
<MIXTURE> 116 2.935202e-03
<MEAN> 25
 -3.980281e+00 -6.879612e-01 -3.192909e+00 3.613146e+00 2.416922e+00 -3.745265e-01 2.266646e+00 5.519936e-01 1.475299e+00 7.997704e-02 6.249047e-02 2.667958e+00 2.427208e-02 -8.763098e-02 -2.338056e-01 -4.368873e-01 -6.484278e-01 -6.699664e-01 -5.656938e-01 -4.841242e-01 -4.826284e-01 -4.704676e-01 -3.425701e-01 -1.554046e-01 -2.664354e-05
<VARIANCE> 25
 9.278442e+00 9.981706e+00 1.376983e+01 1.262431e+01 1.328501e+01 1.747307e+01 1.687802e+01 2.186616e+01 1.819512e+01 1.769465e+01 1.902357e+01 1.447249e+01 2.037801e-01 3.566349e-01 4.835653e-01 5.548221e-01 6.469892e-01 8.054370e-01 1.038344e+00 1.159231e+00 1.064665e+00 9.924626e-01 1.009474e+00 1.053766e+00 1.026896e-06
<GCONST> 6.030814e+01
<MIXTURE> 117 6.506003e-03
<MEAN> 25
 -4.517643e+00 1.268202e+00 7.922156e-01 9.596147e+00 6.323712e+00 6.129929e+00 6.415426e+00 5.226260e+00 6.386035e+00 5.055286e+00 6.224946e+00 2.523634e+00 -9.097775e-02 -2.604862e-01 -3.626850e-01 -4.260032e-01 -3.849277e-01 -3.076615e-01 -2.433888e-01 -2.747884e-01 -3.478498e-01 -3.770601e-01 -2.666429e-01 -1.132766e-01 -3.920057e-05
<VARIANCE> 25
 7.405818e+00 9.160957e+00 1.144117e+01 1.473103e+01 1.550694e+01 1.529645e+01 1.721331e+01 1.830114e+01 1.587599e+01 1.630277e+01 1.676427e+01 1.544627e+01 2.168054e-01 3.171744e-01 4.127227e-01 5.992549e-01 8.419315e-01 1.024313e+00 1.193497e+00 1.282988e+00 1.254984e+00 1.163525e+00 1.129171e+00 1.079415e+00 9.986013e-07
<GCONST> 6.058913e+01
<MIXTURE> 118 6.506003e-03
<MEAN> 25
 -4.517643e+00 1.268202e+00 7.922156e-01 9.596147e+00 6.323712e+00 6.129929e+00 6.415426e+00 5.226260e+00 6.386035e+00 5.055286e+00 6.224946e+00 2.523634e+00 -9.097775e-02 -2.604862e-01 -3.626850e-01 -4.260032e-01 -3.849277e-01 -3.076615e-01 -2.433888e-01 -2.747884e-01 -3.478498e-01 -3.770601e-01 -2.666429e-01 -1.132766e-01 -3.920057e-05
<VARIANCE> 25
 7.405818e+00 9.160957e+00 1.144117e+01 1.473103e+01 1.550694e+01 1.529645e+01 1.721331e+01 1.830114e+01 1.587599e+01 1.630277e+01 1.676427e+01 1.544627e+01 2.168054e-01 3.171744e-01 4.127227e-01 5.992549e-01 8.419315e-01 1.024313e+00 1.193497e+00 1.282988e+00 1.254984e+00 1.163525e+00 1.129171e+00 1.079415e+00 9.986013e-07
<GCONST> 6.058913e+01
<MIXTURE> 119 4.297961e-03
<MEAN> 25
 -4.989322e+00 -7.641695e+00 2.230877e+00 2.004523e+00 2.229293e+00 2.191802e-01 5.296744e+00 5.936802e+00 1.163150e+00 9.984740e-01 6.605750e+00 1.579025e+00 -4.816892e-02 -7.954330e-02 3.894024e-02 -5.381969e-02 -1.276961e-01 -1.848278e-01 -6.957772e-02 -1.106690e-02 -9.801285e-02 -1.150133e-01 -5.256866e-02 -5.936687e-02 1.119137e-03
<VARIANCE> 25
 8.610652e+00 9.854360e+00 1.654767e+01 2.022364e+01 2.291449e+01 2.322672e+01 2.521989e+01 2.644496e+01 2.499870e+01 2.849284e+01 2.040200e+01 2.040778e+01 1.617683e-01 2.819869e-01 4.605719e-01 6.381379e-01 8.029569e-01 1.016350e+00 1.098225e+00 1.279484e+00 1.303128e+00 1.247259e+00 1.193825e+00 1.111150e+00 2.312313e-04
<GCONST> 6.980186e+01
<MIXTURE> 120 4.297961e-03
<MEAN> 25
 -4.989322e+00 -7.641695e+00 2.230877e+00 2.004523e+00 2.229293e+00 2.191802e-01 5.296744e+00 5.936802e+00 1.163150e+00 9.984740e-01 6.605750e+00 1.579025e+00 -4.816892e-02 -7.954330e-02 3.894024e-02 -5.381969e-02 -1.276961e-01 -1.848278e-01 -6.957772e-02 -1.106690e-02 -9.801285e-02 -1.150133e-01 -5.256866e-02 -5.936687e-02 1.119137e-03
<VARIANCE> 25
 8.610652e+00 9.854360e+00 1.654767e+01 2.022364e+01 2.291449e+01 2.322672e+01 2.521989e+01 2.644496e+01 2.499870e+01 2.849284e+01 2.040200e+01 2.040778e+01 1.617683e-01 2.819869e-01 4.605719e-01 6.381379e-01 8.029569e-01 1.016350e+00 1.098225e+00 1.279484e+00 1.303128e+00 1.247259e+00 1.193825e+00 1.111150e+00 2.312313e-04
<GCONST> 6.980186e+01
<MIXTURE> 121 4.567511e-03
<MEAN> 25
 2.085008e-01 -2.523365e+00 5.154368e+00 -1.290134e+01 -1.264538e+01 -1.666033e+00 9.981719e-01 -5.102749e+00 -4.201317e+00 -4.875582e-01 -5.505237e+00 -4.311699e+00 2.409890e-02 1.321983e-01 -4.122919e-02 7.983765e-02 1.584308e-01 7.817447e-02 -7.950066e-02 -1.828754e-01 -2.684319e-01 -2.577237e-01 -1.140030e-01 1.112827e-03 -7.432424e-03
<VARIANCE> 25
 7.734679e+00 1.560219e+01 1.727265e+01 2.035963e+01 2.441063e+01 2.924413e+01 2.953016e+01 2.463622e+01 3.528557e+01 2.834916e+01 1.976166e+01 2.117970e+01 1.549632e-01 6.431098e-01 6.231052e-01 7.049504e-01 7.704651e-01 1.149942e+00 1.117858e+00 1.121213e+00 1.217311e+00 1.192300e+00 9.420340e-01 8.717507e-01 2.109320e-04
<GCONST> 7.139560e+01
<MIXTURE> 122 4.567511e-03
<MEAN> 25
 2.085008e-01 -2.523365e+00 5.154368e+00 -1.290134e+01 -1.264538e+01 -1.666033e+00 9.981719e-01 -5.102749e+00 -4.201317e+00 -4.875582e-01 -5.505237e+00 -4.311699e+00 2.409890e-02 1.321983e-01 -4.122919e-02 7.983765e-02 1.584308e-01 7.817447e-02 -7.950066e-02 -1.828754e-01 -2.684319e-01 -2.577237e-01 -1.140030e-01 1.112827e-03 -7.432424e-03
<VARIANCE> 25
 7.734679e+00 1.560219e+01 1.727265e+01 2.035963e+01 2.441063e+01 2.924413e+01 2.953016e+01 2.463622e+01 3.528557e+01 2.834916e+01 1.976166e+01 2.117970e+01 1.549632e-01 6.431098e-01 6.231052e-01 7.049504e-01 7.704651e-01 1.149942e+00 1.117858e+00 1.121213e+00 1.217311e+00 1.192300e+00 9.420340e-01 8.717507e-01 2.109320e-04
<GCONST> 7.139560e+01
<MIXTURE> 123 4.393044e-03
<MEAN> 25
 -3.417757e+00 1.011754e+00 1.231853e-02 6.220116e+00 5.881937e+00 3.074297e+00 2.188933e+00 3.040228e-01 2.914715e-01 2.323146e-01 -5.764686e-01 7.367302e-01 -4.198374e-01 -6.956689e-01 -8.461626e-01 -6.300814e-01 -1.494059e-01 1.745883e-01 5.455202e-01 8.347483e-01 9.268728e-01 7.357835e-01 6.357239e-01 5.493051e-01 -2.593674e-03
<VARIANCE> 25
 1.318111e+01 1.260568e+01 1.462761e+01 1.647320e+01 2.387244e+01 2.763620e+01 2.850078e+01 1.899743e+01 1.843906e+01 2.012160e+01 2.164434e+01 1.845732e+01 3.545754e-01 3.550217e-01 4.772740e-01 7.085775e-01 9.875458e-01 1.108618e+00 1.291745e+00 1.279523e+00 1.140595e+00 1.151899e+00 1.181030e+00 1.079917e+00 9.207379e-05
<GCONST> 6.989687e+01
<MIXTURE> 124 4.069876e-03
<MEAN> 25
 -6.246554e+00 -9.102913e-01 -3.082100e+00 5.010854e+00 5.034645e+00 3.400880e+00 5.253535e+00 2.826042e+00 3.222703e+00 1.477300e+00 1.075705e+00 2.962822e+00 -2.236679e-01 -3.341103e-01 -3.524106e-01 -1.955682e-01 1.012122e-01 4.976251e-01 8.209317e-01 8.781012e-01 6.837517e-01 3.381627e-01 7.079856e-02 -4.723421e-02 6.912084e-05
<VARIANCE> 25
 1.258692e+01 8.672425e+00 1.125449e+01 1.220973e+01 1.185714e+01 1.910195e+01 1.549045e+01 1.805538e+01 1.501978e+01 1.629737e+01 1.870983e+01 1.446710e+01 1.091999e-01 1.682018e-01 2.712318e-01 4.263426e-01 6.116123e-01 6.953155e-01 7.182015e-01 7.918416e-01 9.191065e-01 1.000428e+00 9.699439e-01 9.781418e-01 1.796558e-05
<GCONST> 5.908291e+01
<MIXTURE> 125 4.069876e-03
<MEAN> 25
 -6.246554e+00 -9.102913e-01 -3.082100e+00 5.010854e+00 5.034645e+00 3.400880e+00 5.253535e+00 2.826042e+00 3.222703e+00 1.477300e+00 1.075705e+00 2.962822e+00 -2.236679e-01 -3.341103e-01 -3.524106e-01 -1.955682e-01 1.012122e-01 4.976251e-01 8.209317e-01 8.781012e-01 6.837517e-01 3.381627e-01 7.079856e-02 -4.723421e-02 6.912084e-05
<VARIANCE> 25
 1.258692e+01 8.672425e+00 1.125449e+01 1.220973e+01 1.185714e+01 1.910195e+01 1.549045e+01 1.805538e+01 1.501978e+01 1.629737e+01 1.870983e+01 1.446710e+01 1.091999e-01 1.682018e-01 2.712318e-01 4.263426e-01 6.116123e-01 6.953155e-01 7.182015e-01 7.918416e-01 9.191065e-01 1.000428e+00 9.699439e-01 9.781418e-01 1.796558e-05
<GCONST> 5.908291e+01
<MIXTURE> 126 2.402244e-03
<MEAN> 25
 -3.658908e+00 -6.765320e+00 -5.233388e+00 2.372316e+00 4.482854e+00 -3.165862e+00 4.757620e-02 3.622502e+00 3.400984e+00 -2.482826e+00 -1.492938e+00 3.059738e+00 4.097669e-03 -5.579730e-03 -4.985588e-02 -1.782626e-01 -3.400550e-01 -3.504270e-01 -2.405651e-01 -1.357443e-01 -9.922091e-02 -1.631124e-01 -8.945020e-02 -2.435963e-02 -1.278776e-03
<VARIANCE> 25
 7.867950e+00 1.344547e+01 1.393607e+01 1.499173e+01 2.647277e+01 2.343030e+01 2.287554e+01 2.840117e+01 3.060277e+01 2.725529e+01 2.138558e+01 1.872306e+01 1.682871e-01 3.442872e-01 4.794933e-01 5.814619e-01 7.556244e-01 1.028962e+00 1.134342e+00 1.264491e+00 1.338508e+00 1.357996e+00 1.216396e+00 1.130416e+00 2.122279e-04
<GCONST> 7.001746e+01
<MIXTURE> 127 2.402244e-03
<MEAN> 25
 -3.658908e+00 -6.765320e+00 -5.233388e+00 2.372316e+00 4.482854e+00 -3.165862e+00 4.757620e-02 3.622502e+00 3.400984e+00 -2.482826e+00 -1.492938e+00 3.059738e+00 4.097669e-03 -5.579730e-03 -4.985588e-02 -1.782626e-01 -3.400550e-01 -3.504270e-01 -2.405651e-01 -1.357443e-01 -9.922091e-02 -1.631124e-01 -8.945020e-02 -2.435963e-02 -1.278776e-03
<VARIANCE> 25
 7.867950e+00 1.344547e+01 1.393607e+01 1.499173e+01 2.647277e+01 2.343030e+01 2.287554e+01 2.840117e+01 3.060277e+01 2.725529e+01 2.138558e+01 1.872306e+01 1.682871e-01 3.442872e-01 4.794933e-01 5.814619e-01 7.556244e-01 1.028962e+00 1.134342e+00 1.264491e+00 1.338508e+00 1.357996e+00 1.216396e+00 1.130416e+00 2.122279e-04
<GCONST> 7.001746e+01
<MIXTURE> 128 3.790457e-03
<MEAN> 25
 -3.900167e+00 1.555918e+00 -3.957111e-01 6.551258e+00 3.638119e+00 1.868636e+00 3.566011e+00 2.378088e+00 3.950381e+00 3.698005e+00 3.720452e+00 3.495868e+00 -3.958424e-01 -1.993249e-01 9.829421e-02 7.145222e-01 1.173591e+00 1.133233e+00 7.166702e-01 1.352908e-01 -4.278908e-01 -7.858021e-01 -7.002577e-01 -3.887177e-01 -3.641808e-05
<VARIANCE> 25
 1.027953e+01 1.169323e+01 1.541696e+01 1.930255e+01 2.003706e+01 2.111269e+01 2.431563e+01 2.480585e+01 2.634589e+01 2.388690e+01 2.701772e+01 1.820959e+01 8.860737e-01 1.139979e+00 1.362561e+00 1.512174e+00 1.591414e+00 1.866122e+00 2.236647e+00 2.323497e+00 2.152503e+00 1.848115e+00 1.731558e+00 1.739574e+00 1.002041e-06
<GCONST> 7.366402e+01
<TRANSP> 3
 0.000000e+00 1.000000e+00 0.000000e+00
 0.000000e+00 9.999990e-01 9.999998e-07
 0.000000e+00 0.000000e+00 0.000000e+00
<ENDHMM>
