~o
<STREAMINFO> 1 25
<VECSIZE> 25<NULLD><MFCC_E_D_N><DIAGC>
~h "jmodel"
<BEGINHMM>
<NUMSTATES> 3
<STATE> 2
<NUMMIXES> 128
<MIXTURE> 1 5.748963e-03
<MEAN> 25
 -2.551459e+00 3.291468e+00 2.279751e+00 8.620367e+00 4.133025e+00 3.430831e+00 4.016520e+00 3.807011e+00 5.827697e+00 5.103259e+00 5.747107e+00 3.121316e+00 -1.930603e+00 -1.620973e+00 -8.421103e-01 1.045454e+00 1.564848e+00 2.184426e+00 2.140847e+00 2.051330e+00 1.639136e+00 1.251436e+00 1.573559e+00 5.931102e-01 -4.510040e-02
<VARIANCE> 25
 9.852379e+00 1.172429e+01 1.462413e+01 1.877487e+01 2.425819e+01 2.164567e+01 2.174363e+01 2.205294e+01 2.049964e+01 2.282612e+01 2.102956e+01 1.678233e+01 1.924075e+00 2.104683e+00 3.048715e+00 3.191615e+00 3.661443e+00 3.365401e+00 3.368156e+00 3.325797e+00 3.500181e+00 3.621378e+00 3.480206e+00 2.885482e+00 3.126478e-03
<GCONST> 8.844234e+01
<MIXTURE> 2 4.549242e-03
<MEAN> 25
 -4.875671e+00 1.311720e+00 9.943511e-01 9.899809e+00 6.692275e+00 7.424650e+00 7.847087e+00 6.958091e+00 8.373269e+00 6.373019e+00 7.624402e+00 3.074697e+00 -6.200235e-02 4.161923e-02 1.425301e-01 2.258583e-01 2.652900e-01 2.813653e-01 2.954302e-01 3.195550e-01 3.497573e-01 3.089160e-01 1.971766e-01 8.006547e-02 1.228299e-06
<VARIANCE> 25
 6.952293e+00 8.901894e+00 1.065126e+01 1.591096e+01 1.723581e+01 1.556308e+01 1.689898e+01 1.848562e+01 1.658668e+01 1.738619e+01 1.811029e+01 1.434002e+01 1.252503e-01 2.266278e-01 3.364712e-01 4.671271e-01 6.492781e-01 8.148874e-01 9.298787e-01 1.003176e+00 1.051662e+00 1.077774e+00 1.075658e+00 1.013934e+00 1.000000e-06
<GCONST> 5.804302e+01
<MIXTURE> 3 4.549242e-03
<MEAN> 25
 -4.875671e+00 1.311720e+00 9.943511e-01 9.899809e+00 6.692275e+00 7.424650e+00 7.847087e+00 6.958091e+00 8.373269e+00 6.373019e+00 7.624402e+00 3.074697e+00 -6.200235e-02 4.161923e-02 1.425301e-01 2.258583e-01 2.652900e-01 2.813653e-01 2.954302e-01 3.195550e-01 3.497573e-01 3.089160e-01 1.971766e-01 8.006547e-02 1.228299e-06
<VARIANCE> 25
 6.952293e+00 8.901894e+00 1.065126e+01 1.591096e+01 1.723581e+01 1.556308e+01 1.689898e+01 1.848562e+01 1.658668e+01 1.738619e+01 1.811029e+01 1.434002e+01 1.252503e-01 2.266278e-01 3.364712e-01 4.671271e-01 6.492781e-01 8.148874e-01 9.298787e-01 1.003176e+00 1.051662e+00 1.077774e+00 1.075658e+00 1.013934e+00 1.000000e-06
<GCONST> 5.804302e+01
<MIXTURE> 4 1.671429e-02
<MEAN> 25
 3.428500e+00 2.563375e+00 -3.936795e+00 2.955412e-01 2.959017e+00 -5.385132e-01 -6.026294e-01 -7.361599e-01 1.539382e+00 1.155784e+00 -1.883481e+00 -2.695030e-01 -2.737454e+00 1.080557e+00 1.794616e+00 2.895838e+00 8.970128e-01 1.242472e-01 1.809197e+00 9.903630e-01 7.628797e-01 4.328259e-01 1.224188e+00 1.097258e+00 -9.202172e-02
<VARIANCE> 25
 2.048577e+01 2.708308e+01 2.817898e+01 4.092490e+01 5.628474e+01 6.694353e+01 6.463136e+01 5.217478e+01 5.141616e+01 5.693257e+01 4.564667e+01 3.556230e+01 2.244757e+00 4.728107e+00 3.549103e+00 4.879731e+00 4.788490e+00 6.769187e+00 6.750838e+00 5.040622e+00 5.858071e+00 5.818552e+00 5.573732e+00 4.670340e+00 6.789284e-03
<GCONST> 1.050630e+02
<MIXTURE> 5 3.206198e-03
<MEAN> 25
 -3.416608e+00 2.182029e+00 6.094468e-01 9.428020e+00 6.694924e+00 6.315018e+00 7.111265e+00 4.721653e+00 5.495842e+00 3.846132e+00 4.657512e+00 2.606497e+00 -3.246067e-01 7.527108e-01 1.224434e+00 1.032403e+00 3.078012e-01 -9.962572e-02 -8.358149e-02 3.327072e-02 4.583696e-01 6.842180e-01 4.040715e-01 8.813646e-02 -2.814061e-05
<VARIANCE> 25
 1.024936e+01 1.394206e+01 2.348581e+01 2.561466e+01 2.023692e+01 1.942583e+01 2.011542e+01 2.036926e+01 2.141531e+01 2.129590e+01 2.409798e+01 1.635650e+01 1.209825e+00 1.244263e+00 1.357662e+00 1.673448e+00 2.284526e+00 2.377650e+00 2.301416e+00 2.275157e+00 2.315614e+00 2.238946e+00 2.085341e+00 1.873555e+00 1.000612e-06
<GCONST> 7.516867e+01
<MIXTURE> 6 5.475854e-03
<MEAN> 25
 9.516446e+00 -2.925989e-01 -6.374120e+00 -1.090219e+01 -1.930988e+00 6.730872e+00 -5.944902e+00 -5.185222e+00 -3.532722e+00 1.831236e+00 4.741822e+00 -1.340977e+00 4.522062e-01 8.648240e-01 -3.817134e-01 -1.433145e+00 -6.096734e-01 1.335420e+00 1.563911e+00 2.127848e-01 -1.176714e+00 -1.206563e+00 3.372959e-01 1.208336e+00 -8.061357e-03
<VARIANCE> 25
 9.744420e+00 1.712980e+01 2.641319e+01 3.877488e+01 3.686468e+01 2.983772e+01 4.289785e+01 3.732722e+01 4.006963e+01 3.833632e+01 4.150802e+01 2.790092e+01 3.426039e-01 8.633835e-01 9.678845e-01 1.964937e+00 1.594188e+00 2.004954e+00 1.950861e+00 2.030513e+00 2.386542e+00 1.922735e+00 2.192949e+00 1.406814e+00 5.808871e-04
<GCONST> 8.393170e+01
<MIXTURE> 7 5.475854e-03
<MEAN> 25
 9.516446e+00 -2.925989e-01 -6.374120e+00 -1.090219e+01 -1.930988e+00 6.730872e+00 -5.944902e+00 -5.185222e+00 -3.532722e+00 1.831236e+00 4.741822e+00 -1.340977e+00 4.522062e-01 8.648240e-01 -3.817134e-01 -1.433145e+00 -6.096734e-01 1.335420e+00 1.563911e+00 2.127848e-01 -1.176714e+00 -1.206563e+00 3.372959e-01 1.208336e+00 -8.061357e-03
<VARIANCE> 25
 9.744420e+00 1.712980e+01 2.641319e+01 3.877488e+01 3.686468e+01 2.983772e+01 4.289785e+01 3.732722e+01 4.006963e+01 3.833632e+01 4.150802e+01 2.790092e+01 3.426039e-01 8.633835e-01 9.678845e-01 1.964937e+00 1.594188e+00 2.004954e+00 1.950861e+00 2.030513e+00 2.386542e+00 1.922735e+00 2.192949e+00 1.406814e+00 5.808871e-04
<GCONST> 8.393170e+01
<MIXTURE> 8 1.165917e-02
<MEAN> 25
 -4.695992e+00 1.290099e+00 1.207518e+00 9.501598e+00 6.559919e+00 6.102712e+00 6.427092e+00 5.648808e+00 6.500977e+00 5.614507e+00 6.524333e+00 3.058771e+00 -5.828352e-01 -1.447157e+00 -1.107194e+00 -1.733703e+00 -1.713982e-01 -8.866008e-01 -1.970505e-01 -3.039660e-01 -2.757296e-01 -1.342545e-01 -1.547527e-01 4.459855e-02 9.766436e-02
<VARIANCE> 25
 9.167903e+00 1.014890e+01 1.171772e+01 1.574198e+01 1.662606e+01 1.690017e+01 1.806492e+01 1.734090e+01 1.756698e+01 1.739964e+01 1.869801e+01 1.419437e+01 2.764834e+00 2.784620e+00 3.864763e+00 3.692310e+00 3.511072e+00 3.396374e+00 3.107000e+00 3.020095e+00 2.913113e+00 2.646982e+00 2.518628e+00 1.961962e+00 6.571766e-03
<GCONST> 8.641865e+01
<MIXTURE> 9 1.199672e-02
<MEAN> 25
 8.809319e+00 3.137053e+00 -6.320716e+00 -9.936842e+00 -1.854383e+00 5.434178e+00 -1.830122e+00 -2.651494e+00 -5.476270e+00 -1.281582e+00 7.730222e-01 2.075603e-01 1.344749e+00 -1.890595e-01 -3.834328e-01 -2.690987e+00 -1.513902e+00 8.787990e-01 -9.694933e-01 -2.407636e-01 -1.773239e-01 -5.586157e-01 5.686433e-01 -1.639087e-01 7.268819e-02
<VARIANCE> 25
 1.454609e+01 2.122478e+01 3.283379e+01 5.860233e+01 4.905867e+01 3.650876e+01 4.463437e+01 5.213329e+01 4.108407e+01 3.972197e+01 3.600280e+01 2.786060e+01 2.136427e+00 2.341103e+00 4.538043e+00 4.612527e+00 5.083401e+00 3.888557e+00 4.009481e+00 5.776525e+00 4.969608e+00 3.899139e+00 3.811594e+00 2.680072e+00 2.147949e-03
<GCONST> 9.871513e+01
<MIXTURE> 10 6.596976e-03
<MEAN> 25
 7.891260e-01 7.621064e+00 5.337970e+00 7.110417e+00 1.559665e+00 -2.124835e+00 -4.975125e-01 -1.675230e+00 8.529721e-01 8.901663e-01 8.071929e-01 6.749228e-01 -1.899577e+00 -6.614986e-01 -4.678181e-01 3.013741e+00 2.435539e+00 2.694242e+00 2.354764e+00 2.268160e+00 1.856944e+00 1.526834e+00 2.322288e+00 5.039245e-01 -1.375699e-01
<VARIANCE> 25
 1.972608e+01 2.050706e+01 2.241071e+01 2.896231e+01 3.813950e+01 3.502101e+01 3.519730e+01 3.373981e+01 2.747729e+01 2.893612e+01 2.713944e+01 2.511390e+01 2.290691e+00 3.413276e+00 5.508709e+00 5.154229e+00 5.585798e+00 4.479610e+00 4.710979e+00 4.816459e+00 4.348846e+00 5.017920e+00 4.424829e+00 3.216775e+00 2.705322e-03
<GCONST> 9.747523e+01
<MIXTURE> 11 1.633820e-02
<MEAN> 25
 7.169405e+00 3.485579e+00 2.264065e+00 5.741414e+00 -2.533014e+00 3.485821e-01 -3.559954e+00 -4.381308e+00 -1.859462e+00 -1.254332e+00 -1.195728e+00 -6.945594e-01 -2.288529e-01 7.619919e-01 2.564678e-01 1.897997e-01 3.013778e-01 -1.429483e-01 4.559692e-01 -4.596295e-01 -1.609530e-01 -2.929907e-01 -2.438753e-01 2.252292e-01 -2.144482e-02
<VARIANCE> 25
 8.576460e+00 1.816466e+01 1.227089e+01 3.727747e+01 2.275074e+01 2.843668e+01 3.108660e+01 2.673222e+01 2.972374e+01 2.797254e+01 2.643631e+01 2.361284e+01 6.751112e-01 8.741774e-01 1.330379e+00 2.621526e+00 1.738767e+00 2.491746e+00 2.133375e+00 1.836473e+00 1.344581e+00 1.683037e+00 1.714394e+00 1.027287e+00 7.238207e-04
<GCONST> 8.118095e+01
<MIXTURE> 12 5.904134e-03
<MEAN> 25
 1.069914e+01 3.725570e+00 -4.460026e+00 -1.592522e+01 -8.618146e+00 8.656406e+00 -8.776261e-01 -1.904959e+00 -1.683701e+00 -4.845005e+00 1.819630e+00 6.768176e-01 6.329739e-02 2.879030e-01 7.458717e-02 -3.645037e-01 -3.136088e-01 3.266653e-02 3.136924e-01 4.457932e-01 1.428559e-01 -3.821126e-01 -3.850245e-01 5.175109e-02 -6.256105e-03
<VARIANCE> 25
 9.366799e+00 2.087727e+01 2.341401e+01 3.544045e+01 4.250890e+01 3.080140e+01 4.167767e+01 4.865303e+01 4.396433e+01 3.733511e+01 3.801749e+01 2.893391e+01 2.481972e-01 6.904888e-01 6.871260e-01 1.165952e+00 1.181889e+00 1.049831e+00 1.180808e+00 1.380056e+00 1.238115e+00 1.215744e+00 1.218214e+00 9.525967e-01 5.769087e-04
<GCONST> 7.896071e+01
<MIXTURE> 13 5.904134e-03
<MEAN> 25
 1.069914e+01 3.725570e+00 -4.460026e+00 -1.592522e+01 -8.618146e+00 8.656406e+00 -8.776261e-01 -1.904959e+00 -1.683701e+00 -4.845005e+00 1.819630e+00 6.768176e-01 6.329739e-02 2.879030e-01 7.458717e-02 -3.645037e-01 -3.136088e-01 3.266653e-02 3.136924e-01 4.457932e-01 1.428559e-01 -3.821126e-01 -3.850245e-01 5.175109e-02 -6.256105e-03
<VARIANCE> 25
 9.366799e+00 2.087727e+01 2.341401e+01 3.544045e+01 4.250890e+01 3.080140e+01 4.167767e+01 4.865303e+01 4.396433e+01 3.733511e+01 3.801749e+01 2.893391e+01 2.481972e-01 6.904888e-01 6.871260e-01 1.165952e+00 1.181889e+00 1.049831e+00 1.180808e+00 1.380056e+00 1.238115e+00 1.215744e+00 1.218214e+00 9.525967e-01 5.769087e-04
<GCONST> 7.896071e+01
<MIXTURE> 14 6.488954e-03
<MEAN> 25
 -4.261137e+00 -2.830591e-01 -3.891861e-01 8.884932e+00 7.355989e+00 7.323475e+00 7.823215e+00 7.183418e+00 7.239209e+00 5.114201e+00 6.857276e+00 4.107880e+00 -2.689634e-01 1.845240e-01 3.479103e-01 2.914414e-01 3.027312e-03 8.078001e-02 1.179476e-01 1.685838e-01 2.613681e-01 5.437586e-01 5.168472e-01 1.004094e-01 -9.000190e-03
<VARIANCE> 25
 9.240700e+00 1.397094e+01 1.855115e+01 1.751520e+01 2.157787e+01 1.940884e+01 2.116728e+01 2.110004e+01 1.974971e+01 2.397561e+01 2.096096e+01 1.573169e+01 9.486844e-01 1.622134e+00 1.781222e+00 1.928555e+00 2.275027e+00 2.321700e+00 2.276035e+00 2.206637e+00 2.315994e+00 2.479096e+00 2.159291e+00 1.813172e+00 1.019113e-03
<GCONST> 8.185587e+01
<MIXTURE> 15 2.475190e-03
<MEAN> 25
 -5.423038e+00 -6.432502e-01 -2.014508e-01 7.366834e+00 5.718259e+00 5.701568e+00 6.059861e+00 4.978507e+00 5.165089e+00 4.153898e+00 5.502213e+00 2.539733e+00 -1.212403e-01 -2.924624e-02 7.493122e-02 2.438003e-01 4.894926e-01 7.866611e-01 1.072590e+00 1.182036e+00 1.059183e+00 7.561558e-01 4.197220e-01 1.534748e-01 -8.330122e-05
<VARIANCE> 25
 6.988373e+00 5.612450e+00 9.032448e+00 1.282513e+01 1.408769e+01 1.429612e+01 1.492241e+01 1.490305e+01 1.409830e+01 1.418578e+01 1.510117e+01 1.251006e+01 1.247624e-01 2.061981e-01 3.198974e-01 5.032547e-01 6.997405e-01 7.938568e-01 7.631657e-01 7.918699e-01 9.092426e-01 1.024187e+00 1.071356e+00 1.041169e+00 2.798255e-05
<GCONST> 5.859359e+01
<MIXTURE> 16 2.475190e-03
<MEAN> 25
 -5.423038e+00 -6.432502e-01 -2.014508e-01 7.366834e+00 5.718259e+00 5.701568e+00 6.059861e+00 4.978507e+00 5.165089e+00 4.153898e+00 5.502213e+00 2.539733e+00 -1.212403e-01 -2.924624e-02 7.493122e-02 2.438003e-01 4.894926e-01 7.866611e-01 1.072590e+00 1.182036e+00 1.059183e+00 7.561558e-01 4.197220e-01 1.534748e-01 -8.330122e-05
<VARIANCE> 25
 6.988373e+00 5.612450e+00 9.032448e+00 1.282513e+01 1.408769e+01 1.429612e+01 1.492241e+01 1.490305e+01 1.409830e+01 1.418578e+01 1.510117e+01 1.251006e+01 1.247624e-01 2.061981e-01 3.198974e-01 5.032547e-01 6.997405e-01 7.938568e-01 7.631657e-01 7.918699e-01 9.092426e-01 1.024187e+00 1.071356e+00 1.041169e+00 2.798255e-05
<GCONST> 5.859359e+01
<MIXTURE> 17 9.518312e-03
<MEAN> 25
 3.156421e+00 -2.984648e-01 5.245768e+00 2.326292e+00 -5.182271e+00 -6.476331e+00 -3.007064e+00 -7.296860e-01 -2.402128e+00 -3.111565e+00 -1.806702e-01 4.560211e-01 -9.829837e-01 -1.347097e+00 1.369859e+00 -2.032660e+00 -2.037495e+00 -2.061585e-01 5.895006e-01 1.048601e+00 3.569549e-03 -9.309746e-02 7.184587e-01 3.336528e-01 8.494956e-02
<VARIANCE> 25
 1.683765e+01 2.958375e+01 3.344515e+01 3.512360e+01 4.107738e+01 4.837182e+01 3.772842e+01 3.441692e+01 3.323560e+01 2.395481e+01 2.453409e+01 2.688159e+01 2.012149e+00 2.397293e+00 3.768460e+00 2.921465e+00 4.292955e+00 4.838735e+00 5.866821e+00 4.614858e+00 3.992644e+00 3.534570e+00 3.257618e+00 2.501414e+00 1.997377e-03
<GCONST> 9.599469e+01
<MIXTURE> 18 1.221018e-02
<MEAN> 25
 3.837133e+00 4.673823e+00 6.520545e+00 4.568358e+00 -4.011385e+00 -8.252176e+00 -1.179004e+00 -1.273482e+00 -3.804830e+00 -2.175324e+00 -1.285240e+00 8.505448e-01 -7.953863e-01 2.027120e+00 -2.271993e-01 1.852235e+00 2.997756e+00 1.279637e+00 7.646925e-01 -4.976586e-02 6.585919e-01 6.189224e-01 -3.078196e-01 -2.423964e-01 -1.200967e-01
<VARIANCE> 25
 1.556904e+01 2.374920e+01 3.151850e+01 2.474718e+01 4.146393e+01 3.316834e+01 4.031468e+01 3.355576e+01 4.012849e+01 3.384904e+01 3.254293e+01 3.028267e+01 2.458475e+00 2.984515e+00 4.416844e+00 4.152831e+00 4.052180e+00 5.081403e+00 4.428874e+00 4.487433e+00 4.172630e+00 4.369733e+00 4.321004e+00 3.765532e+00 3.941703e-03
<GCONST> 9.813546e+01
<MIXTURE> 19 9.912824e-03
<MEAN> 25
 -9.868701e+00 2.436723e+00 1.229024e+00 2.628724e-02 4.280158e+00 1.544118e+00 3.566778e+00 1.055503e+00 1.709406e+00 1.359957e+00 9.549359e-01 1.299613e+00 1.777997e+00 1.764583e+00 1.953225e+00 7.023368e-01 -9.706313e-01 -9.013370e-01 -1.131905e+00 -1.457894e+00 -1.320601e+00 -1.148717e+00 -9.120532e-01 -4.961613e-01 -3.090894e-03
<VARIANCE> 25
 5.198821e+01 3.092554e+01 4.915522e+01 5.321080e+01 4.030819e+01 3.806669e+01 3.067440e+01 2.708586e+01 2.621693e+01 2.661059e+01 2.678402e+01 2.177241e+01 2.646910e+00 2.078573e+00 2.346550e+00 2.193636e+00 2.293488e+00 2.020445e+00 2.443853e+00 2.132503e+00 1.971278e+00 1.951741e+00 2.196787e+00 2.334408e+00 2.254290e-03
<GCONST> 9.158835e+01
<MIXTURE> 20 6.308331e-03
<MEAN> 25
 -1.417890e+01 7.408720e+00 8.468210e-01 6.141512e+00 4.839081e+00 1.631351e+00 5.212737e+00 8.501890e-01 9.181730e-01 8.057649e-01 2.567945e+00 -2.957392e-01 -3.284154e+00 -8.658576e-01 -1.563472e+00 3.332023e-01 1.539673e+00 2.060365e+00 1.979266e+00 2.055016e+00 2.142674e+00 2.040718e+00 1.682907e+00 9.443979e-01 4.733111e-02
<VARIANCE> 25
 1.966588e+01 2.349729e+01 3.093799e+01 3.728558e+01 3.084730e+01 2.790516e+01 2.993299e+01 3.146359e+01 2.796746e+01 2.826410e+01 2.514268e+01 2.094945e+01 2.093690e+00 2.182011e+00 1.911617e+00 2.540426e+00 2.702488e+00 2.319863e+00 2.308737e+00 2.319889e+00 2.237778e+00 2.654164e+00 2.243524e+00 1.865320e+00 1.885507e-03
<GCONST> 8.923114e+01
<MIXTURE> 21 7.928653e-03
<MEAN> 25
 4.008863e+00 -4.475294e+00 5.690071e+00 -1.527797e+00 -1.045266e+01 -8.567932e+00 -2.620088e+00 4.253710e+00 -2.035691e+00 -3.327996e+00 2.433578e-01 2.840574e-01 -7.039860e-01 1.314529e+00 2.557054e+00 -4.428169e-02 -1.542660e+00 3.523698e-01 5.934651e-01 -1.504483e+00 -1.929713e+00 3.107687e-01 1.324194e+00 2.252330e-01 -1.274100e-02
<VARIANCE> 25
 8.756368e+00 1.913136e+01 2.972813e+01 2.799342e+01 2.904807e+01 3.416352e+01 4.264186e+01 3.957484e+01 4.230873e+01 3.161704e+01 3.390859e+01 2.316652e+01 3.902016e-01 9.761115e-01 1.885652e+00 1.306954e+00 2.189847e+00 2.180309e+00 3.595954e+00 2.482636e+00 2.170085e+00 2.578270e+00 1.986579e+00 2.303842e+00 4.276288e-04
<GCONST> 8.516307e+01
<MIXTURE> 22 8.827789e-03
<MEAN> 25
 -1.749690e+01 6.498269e+00 -4.125015e+00 6.982595e+00 3.860514e+00 1.737458e+00 1.004505e+01 1.165235e+00 4.198561e+00 3.195141e+00 5.351821e+00 1.124577e+00 -1.345470e-01 -1.316622e-01 -1.819931e-01 -9.516770e-02 -8.883265e-02 3.900030e-02 6.353828e-02 3.794571e-01 5.165915e-01 -1.388254e-01 5.385331e-02 2.043623e-01 2.066191e-03
<VARIANCE> 25
 7.700848e+00 1.616652e+01 1.482690e+01 2.217518e+01 2.158789e+01 2.181222e+01 2.778025e+01 1.816975e+01 2.593060e+01 1.816711e+01 1.766964e+01 1.230505e+01 1.064673e+00 1.310249e+00 1.289987e+00 1.540750e+00 1.284144e+00 1.325381e+00 1.377056e+00 1.513991e+00 1.805819e+00 1.822317e+00 1.219536e+00 1.125925e+00 1.690512e-03
<GCONST> 7.789394e+01
<MIXTURE> 23 6.455497e-03
<MEAN> 25
 7.874247e+00 1.980027e+00 2.656394e+00 3.892795e+00 -4.493973e+00 -1.697219e+00 -4.175502e+00 -5.477664e+00 -3.035190e+00 -2.001688e+00 -3.173374e+00 -9.244556e-01 5.243594e-02 4.041423e-01 7.625514e-02 1.353599e-01 -1.140288e-01 9.054598e-02 1.624188e-01 -1.037783e-01 -1.704898e-01 -7.548355e-02 -1.362308e-01 1.539301e-01 -8.150071e-03
<VARIANCE> 25
 8.471256e+00 1.868764e+01 2.021783e+01 4.167831e+01 3.083388e+01 4.792495e+01 4.536744e+01 4.448604e+01 4.143909e+01 3.866509e+01 4.091418e+01 3.482998e+01 1.092876e-01 4.206597e-01 3.399089e-01 4.394470e-01 5.560190e-01 6.667734e-01 7.109345e-01 8.003647e-01 9.074207e-01 8.764680e-01 7.889324e-01 6.588496e-01 1.055965e-04
<GCONST> 7.072099e+01
<MIXTURE> 24 6.455497e-03
<MEAN> 25
 7.874247e+00 1.980027e+00 2.656394e+00 3.892795e+00 -4.493973e+00 -1.697219e+00 -4.175502e+00 -5.477664e+00 -3.035190e+00 -2.001688e+00 -3.173374e+00 -9.244556e-01 5.243594e-02 4.041423e-01 7.625514e-02 1.353599e-01 -1.140288e-01 9.054598e-02 1.624188e-01 -1.037783e-01 -1.704898e-01 -7.548355e-02 -1.362308e-01 1.539301e-01 -8.150071e-03
<VARIANCE> 25
 8.471256e+00 1.868764e+01 2.021783e+01 4.167831e+01 3.083388e+01 4.792495e+01 4.536744e+01 4.448604e+01 4.143909e+01 3.866509e+01 4.091418e+01 3.482998e+01 1.092876e-01 4.206597e-01 3.399089e-01 4.394470e-01 5.560190e-01 6.667734e-01 7.109345e-01 8.003647e-01 9.074207e-01 8.764680e-01 7.889324e-01 6.588496e-01 1.055965e-04
<GCONST> 7.072099e+01
<MIXTURE> 25 1.118642e-02
<MEAN> 25
 3.505579e-01 3.490917e+00 1.662877e+01 -1.098011e+00 -1.119284e+01 -1.695227e+00 -5.022871e+00 -2.878758e+00 -6.844127e+00 -5.308863e+00 4.153279e+00 -1.725763e+00 -1.420337e-01 4.313235e-01 1.685469e-01 1.287410e-01 2.211200e-01 1.339636e-01 2.077133e-01 -1.868659e-01 -2.469267e-01 7.664968e-02 -6.400702e-02 -9.808925e-02 -1.246451e-02
<VARIANCE> 25
 8.970625e+00 2.192833e+01 2.222944e+01 2.875680e+01 3.243490e+01 4.087628e+01 2.710532e+01 2.988842e+01 2.858768e+01 3.749556e+01 2.088299e+01 2.770522e+01 5.913912e-01 1.430422e+00 1.400979e+00 1.404755e+00 2.257192e+00 2.060975e+00 1.744228e+00 1.633935e+00 1.517989e+00 1.631917e+00 1.346743e+00 1.284644e+00 1.283125e-03
<GCONST> 8.280489e+01
<MIXTURE> 26 7.727677e-03
<MEAN> 25
 2.169592e+00 -6.145799e+00 -1.020802e+01 -7.193917e-01 7.770890e+00 5.696606e+00 3.947581e+00 -4.979973e-01 1.990828e+00 -9.617133e-01 -2.597356e+00 -9.037688e-01 -6.398621e-01 5.951142e-01 3.764701e-01 6.247464e-01 1.728754e-01 2.437971e-01 2.373435e-01 3.018664e-01 2.749162e-01 8.171167e-02 3.807966e-01 4.199564e-01 -5.044566e-02
<VARIANCE> 25
 2.413594e+01 3.515454e+01 2.636843e+01 6.092135e+01 3.896651e+01 4.425061e+01 4.626721e+01 4.516723e+01 4.098592e+01 5.277814e+01 4.130039e+01 4.649165e+01 1.610767e+00 1.958539e+00 1.929716e+00 2.266468e+00 2.304601e+00 2.339585e+00 2.524251e+00 2.699374e+00 2.309868e+00 2.294728e+00 2.129098e+00 1.955702e+00 3.439676e-03
<GCONST> 9.405918e+01
<MIXTURE> 27 7.727677e-03
<MEAN> 25
 2.169592e+00 -6.145799e+00 -1.020802e+01 -7.193917e-01 7.770890e+00 5.696606e+00 3.947581e+00 -4.979973e-01 1.990828e+00 -9.617133e-01 -2.597356e+00 -9.037688e-01 -6.398621e-01 5.951142e-01 3.764701e-01 6.247464e-01 1.728754e-01 2.437971e-01 2.373435e-01 3.018664e-01 2.749162e-01 8.171167e-02 3.807966e-01 4.199564e-01 -5.044566e-02
<VARIANCE> 25
 2.413594e+01 3.515454e+01 2.636843e+01 6.092135e+01 3.896651e+01 4.425061e+01 4.626721e+01 4.516723e+01 4.098592e+01 5.277814e+01 4.130039e+01 4.649165e+01 1.610767e+00 1.958539e+00 1.929716e+00 2.266468e+00 2.304601e+00 2.339585e+00 2.524251e+00 2.699374e+00 2.309868e+00 2.294728e+00 2.129098e+00 1.955702e+00 3.439676e-03
<GCONST> 9.405918e+01
<MIXTURE> 28 5.036674e-03
<MEAN> 25
 -5.441189e+00 2.439469e-02 -1.575431e+00 6.616617e+00 5.214385e+00 3.514799e+00 5.407190e+00 3.113469e+00 3.927037e+00 2.376087e+00 2.630252e+00 3.218278e+00 -1.151068e-01 2.222460e-01 5.254729e-01 7.829614e-01 8.230761e-01 7.082170e-01 5.248151e-01 3.881320e-01 4.490105e-01 4.888928e-01 3.736290e-01 1.904724e-01 -1.740858e-05
<VARIANCE> 25
 1.045437e+01 8.397744e+00 1.214589e+01 1.480796e+01 1.480962e+01 1.769406e+01 1.803315e+01 1.908357e+01 1.714985e+01 1.682519e+01 2.058559e+01 1.496911e+01 2.559220e-01 3.361425e-01 4.102823e-01 4.645716e-01 6.204664e-01 8.564160e-01 1.055010e+00 1.148198e+00 1.107000e+00 1.044836e+00 1.037014e+00 1.064488e+00 1.007789e-06
<GCONST> 6.030446e+01
<MIXTURE> 29 5.036674e-03
<MEAN> 25
 -5.441189e+00 2.439469e-02 -1.575431e+00 6.616617e+00 5.214385e+00 3.514799e+00 5.407190e+00 3.113469e+00 3.927037e+00 2.376087e+00 2.630252e+00 3.218278e+00 -1.151068e-01 2.222460e-01 5.254729e-01 7.829614e-01 8.230761e-01 7.082170e-01 5.248151e-01 3.881320e-01 4.490105e-01 4.888928e-01 3.736290e-01 1.904724e-01 -1.740858e-05
<VARIANCE> 25
 1.045437e+01 8.397744e+00 1.214589e+01 1.480796e+01 1.480962e+01 1.769406e+01 1.803315e+01 1.908357e+01 1.714985e+01 1.682519e+01 2.058559e+01 1.496911e+01 2.559220e-01 3.361425e-01 4.102823e-01 4.645716e-01 6.204664e-01 8.564160e-01 1.055010e+00 1.148198e+00 1.107000e+00 1.044836e+00 1.037014e+00 1.064488e+00 1.007789e-06
<GCONST> 6.030446e+01
<MIXTURE> 30 8.917812e-03
<MEAN> 25
 -4.494347e+00 -1.950441e-01 6.547008e-01 9.088966e+00 7.775466e+00 7.510877e+00 7.584075e+00 6.880660e+00 6.533764e+00 4.896283e+00 7.013094e+00 3.502766e+00 -2.378560e-02 3.034393e-02 5.642419e-02 8.887828e-02 8.154362e-02 4.430549e-02 1.367665e-02 -2.964729e-03 1.717279e-02 5.145958e-02 6.143720e-02 3.490520e-02 -5.567108e-04
<VARIANCE> 25
 6.939481e+00 9.865835e+00 1.039655e+01 1.374575e+01 1.575527e+01 1.641662e+01 1.912708e+01 1.818213e+01 1.628284e+01 1.837055e+01 2.123857e+01 1.436393e+01 9.740230e-02 1.996100e-01 3.250636e-01 4.818309e-01 6.196548e-01 7.243670e-01 7.726854e-01 8.124268e-01 8.761911e-01 9.374466e-01 9.206514e-01 8.625858e-01 5.098939e-05
<GCONST> 6.059184e+01
<MIXTURE> 31 4.136493e-03
<MEAN> 25
 -3.266550e+00 -5.426464e+00 2.092144e-02 4.952808e+00 3.468091e+00 1.603834e+00 5.303515e+00 6.543068e+00 2.605207e+00 9.692227e-01 6.433547e+00 3.114374e+00 2.535523e-01 4.692271e-01 -2.332800e-01 3.113855e-01 1.618078e-01 4.240755e-01 1.573330e-01 -3.627933e-02 4.013449e-01 3.984300e-01 6.892852e-02 5.506672e-02 -1.818147e-02
<VARIANCE> 25
 7.282285e+00 1.699790e+01 1.737204e+01 1.790825e+01 2.593508e+01 2.365544e+01 2.414120e+01 2.535354e+01 2.586387e+01 3.011624e+01 2.010426e+01 1.828889e+01 1.883265e-01 4.860634e-01 6.013228e-01 7.527831e-01 1.029138e+00 1.064287e+00 1.248464e+00 1.457130e+00 1.351261e+00 1.330834e+00 1.318880e+00 1.259109e+00 2.511009e-04
<GCONST> 7.221694e+01
<MIXTURE> 32 4.136493e-03
<MEAN> 25
 -3.266550e+00 -5.426464e+00 2.092144e-02 4.952808e+00 3.468091e+00 1.603834e+00 5.303515e+00 6.543068e+00 2.605207e+00 9.692227e-01 6.433547e+00 3.114374e+00 2.535523e-01 4.692271e-01 -2.332800e-01 3.113855e-01 1.618078e-01 4.240755e-01 1.573330e-01 -3.627933e-02 4.013449e-01 3.984300e-01 6.892852e-02 5.506672e-02 -1.818147e-02
<VARIANCE> 25
 7.282285e+00 1.699790e+01 1.737204e+01 1.790825e+01 2.593508e+01 2.365544e+01 2.414120e+01 2.535354e+01 2.586387e+01 3.011624e+01 2.010426e+01 1.828889e+01 1.883265e-01 4.860634e-01 6.013228e-01 7.527831e-01 1.029138e+00 1.064287e+00 1.248464e+00 1.457130e+00 1.351261e+00 1.330834e+00 1.318880e+00 1.259109e+00 2.511009e-04
<GCONST> 7.221694e+01
<MIXTURE> 33 1.508826e-02
<MEAN> 25
 5.628938e+00 -3.960325e+00 -2.079204e+00 -3.620970e+00 -1.459285e+00 -4.800315e+00 -7.141620e+00 3.299551e+00 3.014170e+00 -8.927736e-01 -4.393073e+00 -2.876130e+00 9.145827e-01 -1.344675e+00 -1.971067e+00 -1.850436e+00 9.861475e-01 1.585001e+00 -1.131704e+00 1.075063e+00 9.349208e-01 3.326020e-01 -1.630505e-01 -1.172818e+00 4.859090e-02
<VARIANCE> 25
 8.803595e+00 1.722944e+01 2.101505e+01 2.987691e+01 3.394273e+01 3.685409e+01 3.426313e+01 4.303781e+01 3.140679e+01 3.265546e+01 2.571023e+01 2.650780e+01 1.442932e+00 1.599022e+00 2.372829e+00 1.751858e+00 4.299125e+00 2.910801e+00 4.189768e+00 5.089594e+00 3.048352e+00 3.498611e+00 2.517363e+00 2.171374e+00 1.556249e-03
<GCONST> 9.074375e+01
<MIXTURE> 34 1.588179e-02
<MEAN> 25
 7.893440e+00 -4.858386e-02 -2.334335e-01 9.854932e-01 -2.316458e+00 -9.173163e-01 -6.987034e+00 -3.323221e+00 -4.726320e-01 6.386088e-01 -1.506000e+00 -3.695262e+00 1.035698e-01 1.382116e+00 9.957878e-01 2.014588e+00 -2.107738e-01 -6.854910e-02 1.713374e-01 -1.610533e+00 -5.557384e-01 -1.115504e-01 -2.537910e-01 1.251482e-01 -6.580808e-02
<VARIANCE> 25
 7.730870e+00 2.587426e+01 2.177345e+01 3.971181e+01 3.206245e+01 3.776701e+01 4.659180e+01 4.754185e+01 4.459221e+01 3.655468e+01 3.730955e+01 3.250678e+01 1.090833e+00 1.463428e+00 3.854945e+00 4.279002e+00 4.989844e+00 4.650255e+00 5.421678e+00 4.752090e+00 4.045372e+00 4.229527e+00 4.126728e+00 3.126647e+00 1.024183e-03
<GCONST> 9.548434e+01
<MIXTURE> 35 1.467755e-02
<MEAN> 25
 -1.961873e+00 -4.418349e+00 -8.973976e+00 3.479527e-01 8.565927e+00 1.905281e+00 2.064403e+00 1.090994e+00 -1.613504e-01 4.010733e+00 9.899716e-01 2.313417e+00 4.501034e-01 -1.197542e+00 -9.510118e-01 -1.846661e+00 3.993931e-01 -4.575597e-01 -5.898622e-01 -3.253089e-02 -1.166544e-01 1.923642e-01 -5.473862e-01 -5.138556e-01 1.023448e-01
<VARIANCE> 25
 1.689750e+01 2.446347e+01 3.653064e+01 5.102159e+01 3.754444e+01 6.679988e+01 4.382603e+01 4.548578e+01 4.774647e+01 3.652505e+01 3.235518e+01 2.845211e+01 3.407295e+00 2.699810e+00 6.497358e+00 4.769755e+00 4.513290e+00 5.755302e+00 4.204431e+00 4.881713e+00 5.202428e+00 3.601841e+00 3.220170e+00 3.082704e+00 4.234499e-03
<GCONST> 1.009083e+02
<MIXTURE> 36 1.093293e-02
<MEAN> 25
 4.834737e+00 -3.424572e+00 6.418734e+00 2.752108e+00 -9.626553e+00 -8.272306e+00 -5.716118e+00 3.277889e+00 -1.800124e+00 -4.546461e+00 2.582404e+00 -2.474077e-01 3.782943e-01 1.879967e-01 -8.739436e-01 3.126656e-02 8.989765e-01 8.329106e-02 -5.257738e-01 -1.549582e-01 4.149658e-01 5.997499e-01 -4.352556e-01 -4.221660e-01 -1.585622e-02
<VARIANCE> 25
 1.022432e+01 1.767529e+01 2.498796e+01 2.776411e+01 3.269779e+01 3.481675e+01 4.888006e+01 3.482118e+01 3.746717e+01 3.271108e+01 2.746662e+01 2.570542e+01 4.437154e-01 7.166265e-01 1.478530e+00 1.198877e+00 1.630054e+00 1.555726e+00 2.173065e+00 2.014588e+00 1.894926e+00 1.675260e+00 1.443223e+00 1.633364e+00 6.942258e-04
<GCONST> 8.240760e+01
<MIXTURE> 37 1.246826e-02
<MEAN> 25
 2.567085e-01 7.646859e+00 1.163193e+01 -5.349728e+00 -7.720565e+00 -1.053978e+00 -5.000546e+00 -8.245530e+00 -3.619622e+00 -8.222613e-01 -3.566097e+00 -1.074663e+00 1.639181e-01 6.292415e-01 -1.314852e+00 3.568515e+00 1.768436e+00 -3.493936e-01 1.091262e+00 4.664615e-01 5.516190e-01 -2.397416e-01 5.083364e-01 -5.511643e-02 -9.376114e-02
<VARIANCE> 25
 1.897768e+01 2.499723e+01 3.576187e+01 4.950812e+01 3.409071e+01 3.220700e+01 4.276337e+01 3.355130e+01 3.711009e+01 3.516949e+01 3.736047e+01 3.053926e+01 2.862455e+00 3.349923e+00 2.940917e+00 3.918047e+00 5.293534e+00 3.646100e+00 4.021540e+00 3.701442e+00 3.284525e+00 3.640939e+00 3.842171e+00 2.722698e+00 3.759529e-03
<GCONST> 9.768279e+01
<MIXTURE> 38 1.154525e-02
<MEAN> 25
 -4.301758e+00 8.056038e+00 4.393306e+00 2.302691e+00 6.238404e-01 -6.134980e+00 -2.775560e-01 -3.201247e+00 -3.026524e+00 -2.470880e+00 -1.207216e+00 -1.755879e-01 -4.404115e+00 9.161924e-01 1.737598e-01 1.293962e+00 2.555354e+00 9.437454e-01 2.319294e+00 1.001155e+00 5.961009e-01 6.755320e-01 8.958919e-01 4.798975e-01 5.351302e-02
<VARIANCE> 25
 2.765972e+01 3.040027e+01 3.848318e+01 3.530788e+01 4.773644e+01 3.964994e+01 3.309233e+01 3.716428e+01 3.123856e+01 3.079822e+01 2.151675e+01 2.574599e+01 2.226454e+00 4.003953e+00 4.598022e+00 5.546328e+00 3.954535e+00 5.444783e+00 4.757288e+00 4.028488e+00 4.209097e+00 4.333673e+00 3.958700e+00 3.187011e+00 2.232634e-03
<GCONST> 9.852546e+01
<MIXTURE> 39 9.501865e-03
<MEAN> 25
 1.375821e+00 2.570248e+00 9.952820e+00 -9.093627e+00 -1.089297e+01 -6.276308e-01 -2.984262e+00 -6.301656e+00 -4.229242e+00 9.837233e-01 -3.328118e+00 -2.442225e+00 -7.175002e-01 1.475130e+00 1.572963e+00 -1.329673e+00 5.306740e-02 1.183266e+00 -1.170209e+00 -1.262972e+00 4.003201e-01 4.633110e-01 -5.316263e-01 1.539986e-01 4.882637e-04
<VARIANCE> 25
 8.785282e+00 2.920702e+01 3.198835e+01 3.717642e+01 3.913717e+01 4.455748e+01 4.315709e+01 3.408617e+01 3.993578e+01 3.237621e+01 3.783368e+01 2.880819e+01 6.744674e-01 1.543445e+00 1.525070e+00 2.965156e+00 2.424536e+00 2.809390e+00 3.006269e+00 2.647799e+00 2.356669e+00 2.537137e+00 2.199531e+00 2.018629e+00 1.211269e-03
<GCONST> 8.959666e+01
<MIXTURE> 40 1.030800e-02
<MEAN> 25
 -8.002307e+00 2.451585e+00 -1.071252e+00 7.501742e+00 3.167490e+00 5.513543e+00 5.248325e+00 3.741926e+00 4.536868e+00 3.490764e+00 5.567931e+00 1.633433e+00 -1.503169e-01 -1.944761e-01 6.317829e-03 -2.293950e-01 -2.590412e-01 -1.867712e-01 1.809992e-01 1.406524e-01 -3.544581e-02 4.080879e-02 8.776411e-02 1.099482e-01 2.182041e-03
<VARIANCE> 25
 4.489501e+01 1.843524e+01 2.610007e+01 3.418114e+01 2.501802e+01 1.855442e+01 1.931409e+01 1.764456e+01 1.534381e+01 1.889753e+01 1.853375e+01 1.737904e+01 6.745805e-01 6.948621e-01 8.628004e-01 1.097363e+00 1.376697e+00 1.387119e+00 1.418112e+00 1.171932e+00 1.145678e+00 1.184888e+00 1.244616e+00 1.015408e+00 7.844091e-04
<GCONST> 7.660701e+01
<MIXTURE> 41 6.713375e-03
<MEAN> 25
 1.308339e+00 1.769134e+00 1.043581e+01 -6.944724e+00 -1.043277e+01 -3.846498e+00 -2.494620e+00 -5.030194e+00 -4.636760e+00 2.651431e+00 -1.748794e+00 -9.532226e-01 7.512788e-02 -7.643597e-01 1.697298e+00 -3.549317e+00 -2.457576e+00 -1.084269e-01 -5.006287e-01 -3.471437e-01 -8.160881e-01 1.081911e+00 -1.045880e+00 7.681964e-02 8.639290e-02
<VARIANCE> 25
 1.171018e+01 2.965779e+01 3.287090e+01 4.000971e+01 3.890741e+01 4.017228e+01 3.705409e+01 2.994646e+01 3.304713e+01 2.873909e+01 3.175992e+01 2.718082e+01 3.187813e+00 3.300930e+00 3.812579e+00 3.803635e+00 4.908906e+00 5.862742e+00 4.744701e+00 4.573203e+00 3.992335e+00 4.217486e+00 3.819982e+00 3.223813e+00 2.923656e-03
<GCONST> 9.792610e+01
<MIXTURE> 42 1.106211e-02
<MEAN> 25
 -2.696286e+00 4.144305e+00 4.691300e+00 2.653318e+00 1.957372e-01 -6.316898e+00 -4.424286e-01 -2.002876e+00 -1.386928e+00 -1.203155e+00 -2.626084e+00 1.092449e+00 3.887750e+00 -4.902139e-01 1.170205e+00 2.622833e-01 -2.701252e+00 -7.401608e-01 -2.312534e+00 -3.674152e-01 -4.645682e-01 -6.427978e-01 2.541362e-01 -1.088930e+00 1.186327e-02
<VARIANCE> 25
 3.823931e+01 2.103502e+01 4.739038e+01 2.423111e+01 3.456527e+01 3.514700e+01 3.573724e+01 2.731245e+01 2.590505e+01 2.651079e+01 1.862556e+01 1.907314e+01 3.820967e+00 4.398386e+00 6.079359e+00 4.990800e+00 4.786778e+00 6.929404e+00 5.532796e+00 5.738611e+00 4.959055e+00 4.911218e+00 4.298380e+00 3.298590e+00 4.681401e-03
<GCONST> 9.974786e+01
<MIXTURE> 43 7.108249e-03
<MEAN> 25
 3.242913e+00 -6.364057e+00 -1.991974e+00 -5.001741e+00 -7.149901e+00 -3.120684e+00 3.544090e+00 1.747586e+00 -4.605840e+00 -6.232220e+00 -4.296470e+00 -1.511493e+00 2.460951e-01 2.085684e+00 1.752028e+00 -7.718226e-02 -1.237136e+00 -6.884041e-01 -1.035515e+00 -9.379035e-01 7.841852e-01 1.514773e+00 3.782307e-01 -8.018664e-02 -4.542425e-02
<VARIANCE> 25
 9.051383e+00 1.983051e+01 2.643815e+01 3.347850e+01 3.606900e+01 3.507798e+01 3.537077e+01 4.018274e+01 3.906945e+01 4.287419e+01 2.558548e+01 2.799799e+01 6.628526e-01 1.259610e+00 1.683174e+00 2.405047e+00 2.724963e+00 2.354301e+00 2.613190e+00 3.053805e+00 2.417656e+00 2.599877e+00 2.198291e+00 1.998174e+00 9.110963e-04
<GCONST> 8.779371e+01
<MIXTURE> 44 7.328289e-03
<MEAN> 25
 -1.403157e+01 1.382406e+00 3.452769e+00 -3.544662e+00 3.058219e+00 1.540447e+00 1.077450e+00 1.783397e+00 9.397970e-01 3.460687e-01 2.107359e+00 1.972394e+00 -3.169011e-01 1.096967e-01 2.015636e-01 3.771229e-01 -5.982812e-02 1.158296e-01 5.444615e-01 1.058255e-01 2.033820e-01 2.479395e-01 -4.529566e-02 9.992921e-02 9.182081e-03
<VARIANCE> 25
 4.807894e+01 2.518560e+01 3.010340e+01 2.835420e+01 2.835457e+01 3.543413e+01 3.146664e+01 2.958343e+01 2.758562e+01 3.258884e+01 2.486169e+01 2.138096e+01 1.196006e+00 1.479691e+00 1.287879e+00 1.350948e+00 2.027855e+00 1.592982e+00 1.696757e+00 1.645430e+00 1.368008e+00 2.094625e+00 1.395303e+00 1.173523e+00 1.487971e-03
<GCONST> 8.498058e+01
<MIXTURE> 45 1.364932e-02
<MEAN> 25
 -1.225997e+01 1.884060e+00 3.113591e-01 3.625228e-01 5.533925e+00 -7.533073e-01 6.584216e+00 1.734827e+00 1.005517e+00 2.687584e+00 2.260886e+00 2.953847e+00 -2.665054e+00 5.956312e-01 -9.732632e-02 -3.723901e-01 3.065618e-01 -3.367069e-01 7.516842e-01 1.989451e-01 -4.820716e-03 1.353375e-01 1.669142e-01 -1.276672e-01 1.033118e-01
<VARIANCE> 25
 2.637987e+01 2.717343e+01 2.793280e+01 3.750304e+01 2.735772e+01 2.695630e+01 2.963560e+01 2.238884e+01 2.768756e+01 2.780725e+01 2.416521e+01 1.558167e+01 2.174765e+00 2.511404e+00 2.612758e+00 2.883676e+00 2.496877e+00 2.625302e+00 2.317080e+00 2.016981e+00 1.739230e+00 3.005752e+00 1.446114e+00 1.378384e+00 3.612902e-03
<GCONST> 8.901394e+01
<MIXTURE> 46 9.336259e-03
<MEAN> 25
 -9.519981e+00 2.319879e+00 1.306899e+00 7.283623e+00 5.403822e+00 2.823399e+00 7.379239e+00 4.203837e+00 5.181271e+00 4.584287e+00 4.804432e+00 3.103502e+00 1.041110e+00 -2.236590e-01 -7.606542e-02 1.021786e+00 5.525436e-01 9.189824e-01 4.013227e-01 7.142708e-01 4.754235e-01 4.193639e-01 6.340163e-01 4.341304e-01 -1.011510e-01
<VARIANCE> 25
 3.403105e+01 4.140800e+01 3.751632e+01 4.852436e+01 5.238850e+01 4.294318e+01 3.933451e+01 3.499922e+01 3.560036e+01 3.087662e+01 2.999732e+01 2.073816e+01 3.785736e+00 3.950481e+00 3.896410e+00 3.991195e+00 4.053207e+00 3.572404e+00 3.466287e+00 3.077020e+00 2.924390e+00 2.944847e+00 2.290309e+00 1.887043e+00 7.869862e-03
<GCONST> 9.834710e+01
<MIXTURE> 47 7.116147e-03
<MEAN> 25
 6.428099e+00 -7.257775e+00 -6.486717e+00 -6.769028e+00 1.241097e+00 7.635614e-01 -2.811839e+00 1.470510e+00 3.122469e+00 2.793216e-01 -3.615701e+00 -6.322317e+00 -1.456431e-01 -1.217338e+00 -5.210184e-01 -4.018102e-01 4.017058e-01 7.323025e-01 7.490910e-01 3.932749e-01 7.613894e-02 -6.377441e-01 -3.310074e-01 -4.520234e-01 3.421346e-02
<VARIANCE> 25
 1.076525e+01 1.870425e+01 2.223718e+01 2.758657e+01 3.470490e+01 4.464417e+01 3.934818e+01 3.981689e+01 3.808895e+01 3.776798e+01 4.059444e+01 3.008430e+01 4.543728e-01 6.957659e-01 1.118516e+00 1.496381e+00 1.945563e+00 2.433699e+00 2.032761e+00 2.136241e+00 1.824437e+00 2.150432e+00 1.826976e+00 1.747522e+00 6.232019e-04
<GCONST> 8.428650e+01
<MIXTURE> 48 7.116147e-03
<MEAN> 25
 6.428099e+00 -7.257775e+00 -6.486717e+00 -6.769028e+00 1.241097e+00 7.635614e-01 -2.811839e+00 1.470510e+00 3.122469e+00 2.793216e-01 -3.615701e+00 -6.322317e+00 -1.456431e-01 -1.217338e+00 -5.210184e-01 -4.018102e-01 4.017058e-01 7.323025e-01 7.490910e-01 3.932749e-01 7.613894e-02 -6.377441e-01 -3.310074e-01 -4.520234e-01 3.421346e-02
<VARIANCE> 25
 1.076525e+01 1.870425e+01 2.223718e+01 2.758657e+01 3.470490e+01 4.464417e+01 3.934818e+01 3.981689e+01 3.808895e+01 3.776798e+01 4.059444e+01 3.008430e+01 4.543728e-01 6.957659e-01 1.118516e+00 1.496381e+00 1.945563e+00 2.433699e+00 2.032761e+00 2.136241e+00 1.824437e+00 2.150432e+00 1.826976e+00 1.747522e+00 6.232019e-04
<GCONST> 8.428650e+01
<MIXTURE> 49 5.548473e-03
<MEAN> 25
 -5.085082e+00 3.588157e-01 1.709798e-01 8.452344e+00 6.140624e+00 5.617314e+00 6.066564e+00 4.486125e+00 5.023952e+00 3.717213e+00 4.932099e+00 2.861448e+00 3.657190e-01 6.560255e-01 7.030261e-01 3.528702e-01 -1.973642e-01 -6.692154e-01 -1.009089e+00 -1.120936e+00 -9.550361e-01 -6.806244e-01 -4.932502e-01 -2.710724e-01 -1.812393e-05
<VARIANCE> 25
 9.598197e+00 1.005199e+01 1.425309e+01 1.586719e+01 1.596837e+01 1.713925e+01 1.943245e+01 1.942351e+01 1.822874e+01 1.799256e+01 2.063944e+01 1.429014e+01 2.804598e-01 2.630369e-01 3.598160e-01 6.119538e-01 8.708470e-01 9.741641e-01 9.918162e-01 1.052819e+00 1.136254e+00 1.218836e+00 1.281069e+00 1.208879e+00 1.441036e-05
<GCONST> 6.433685e+01
<MIXTURE> 50 6.234641e-03
<MEAN> 25
 -4.631925e+00 1.666053e-01 -1.459913e+00 6.140397e+00 4.107692e+00 2.236665e+00 3.708665e+00 1.991221e+00 2.743973e+00 1.353276e+00 2.163433e+00 2.820676e+00 4.765295e-02 1.821197e-01 1.100800e-01 -1.843128e-01 -5.210053e-01 -6.273796e-01 -4.416115e-01 -6.068851e-02 4.459160e-01 7.613415e-01 7.257475e-01 4.447761e-01 -1.849803e-05
<VARIANCE> 25
 1.051157e+01 1.145200e+01 1.417558e+01 1.551878e+01 1.616890e+01 1.847584e+01 1.834638e+01 1.925179e+01 1.842401e+01 1.748525e+01 2.138639e+01 1.507034e+01 1.489778e-01 2.397918e-01 3.913924e-01 5.149736e-01 5.987169e-01 7.396348e-01 9.635900e-01 1.111506e+00 1.049184e+00 9.128246e-01 9.212267e-01 9.772338e-01 9.903371e-07
<GCONST> 5.959517e+01
<MIXTURE> 51 6.234641e-03
<MEAN> 25
 -4.631925e+00 1.666053e-01 -1.459913e+00 6.140397e+00 4.107692e+00 2.236665e+00 3.708665e+00 1.991221e+00 2.743973e+00 1.353276e+00 2.163433e+00 2.820676e+00 4.765295e-02 1.821197e-01 1.100800e-01 -1.843128e-01 -5.210053e-01 -6.273796e-01 -4.416115e-01 -6.068851e-02 4.459160e-01 7.613415e-01 7.257475e-01 4.447761e-01 -1.849803e-05
<VARIANCE> 25
 1.051157e+01 1.145200e+01 1.417558e+01 1.551878e+01 1.616890e+01 1.847584e+01 1.834638e+01 1.925179e+01 1.842401e+01 1.748525e+01 2.138639e+01 1.507034e+01 1.489778e-01 2.397918e-01 3.913924e-01 5.149736e-01 5.987169e-01 7.396348e-01 9.635900e-01 1.111506e+00 1.049184e+00 9.128246e-01 9.212267e-01 9.772338e-01 9.903371e-07
<GCONST> 5.959517e+01
<MIXTURE> 52 6.367945e-03
<MEAN> 25
 9.994625e+00 2.039782e+00 -6.103687e+00 -1.413563e+01 -4.075261e+00 8.595295e+00 -2.745844e+00 -3.095770e+00 -4.375345e+00 -2.064125e+00 3.335045e+00 7.288820e-01 -3.842136e-01 -4.718135e-01 -6.804755e-02 1.115165e+00 1.319577e+00 -4.766458e-01 -6.161755e-01 -6.625730e-01 3.065828e-02 1.216452e+00 3.879267e-01 -5.240895e-01 -1.384625e-02
<VARIANCE> 25
 1.003387e+01 2.017174e+01 2.590074e+01 3.943878e+01 4.622269e+01 3.060136e+01 4.630817e+01 4.841860e+01 4.281931e+01 4.571413e+01 3.957758e+01 2.985848e+01 4.499160e-01 1.467569e+00 1.315007e+00 2.801534e+00 2.327668e+00 2.179789e+00 2.963857e+00 2.761426e+00 2.971551e+00 2.689535e+00 2.497005e+00 2.266959e+00 1.545032e-03
<GCONST> 8.976456e+01
<MIXTURE> 53 6.367945e-03
<MEAN> 25
 9.994625e+00 2.039782e+00 -6.103687e+00 -1.413563e+01 -4.075261e+00 8.595295e+00 -2.745844e+00 -3.095770e+00 -4.375345e+00 -2.064125e+00 3.335045e+00 7.288820e-01 -3.842136e-01 -4.718135e-01 -6.804755e-02 1.115165e+00 1.319577e+00 -4.766458e-01 -6.161755e-01 -6.625730e-01 3.065828e-02 1.216452e+00 3.879267e-01 -5.240895e-01 -1.384625e-02
<VARIANCE> 25
 1.003387e+01 2.017174e+01 2.590074e+01 3.943878e+01 4.622269e+01 3.060136e+01 4.630817e+01 4.841860e+01 4.281931e+01 4.571413e+01 3.957758e+01 2.985848e+01 4.499160e-01 1.467569e+00 1.315007e+00 2.801534e+00 2.327668e+00 2.179789e+00 2.963857e+00 2.761426e+00 2.971551e+00 2.689535e+00 2.497005e+00 2.266959e+00 1.545032e-03
<GCONST> 8.976456e+01
<MIXTURE> 54 7.368620e-03
<MEAN> 25
 -3.633801e+00 4.931954e-02 -6.831419e-01 8.036570e+00 6.484003e+00 4.625407e+00 4.675332e+00 4.601055e+00 4.053099e+00 3.593801e+00 4.457477e+00 2.326298e+00 -2.133210e-03 2.653849e-02 3.415401e-02 4.748240e-02 5.136495e-02 4.707923e-02 3.888674e-02 2.892036e-02 3.080963e-02 2.506088e-02 1.452187e-02 1.778039e-03 -1.219590e-05
<VARIANCE> 25
 9.137465e+00 1.036359e+01 9.295803e+00 1.818508e+01 1.332127e+01 1.353345e+01 1.197145e+01 1.128198e+01 1.134292e+01 1.354989e+01 1.780268e+01 1.253449e+01 4.087522e-02 8.734614e-02 1.540843e-01 2.265825e-01 3.079380e-01 3.969485e-01 4.608482e-01 5.215847e-01 5.420835e-01 5.211474e-01 5.144392e-01 5.164422e-01 1.000000e-06
<GCONST> 4.724841e+01
<MIXTURE> 55 7.368620e-03
<MEAN> 25
 -3.633801e+00 4.931954e-02 -6.831419e-01 8.036570e+00 6.484003e+00 4.625407e+00 4.675332e+00 4.601055e+00 4.053099e+00 3.593801e+00 4.457477e+00 2.326298e+00 -2.133210e-03 2.653849e-02 3.415401e-02 4.748240e-02 5.136495e-02 4.707923e-02 3.888674e-02 2.892036e-02 3.080963e-02 2.506088e-02 1.452187e-02 1.778039e-03 -1.219590e-05
<VARIANCE> 25
 9.137465e+00 1.036359e+01 9.295803e+00 1.818508e+01 1.332127e+01 1.353345e+01 1.197145e+01 1.128198e+01 1.134292e+01 1.354989e+01 1.780268e+01 1.253449e+01 4.087522e-02 8.734614e-02 1.540843e-01 2.265825e-01 3.079380e-01 3.969485e-01 4.608482e-01 5.215847e-01 5.420835e-01 5.211474e-01 5.144392e-01 5.164422e-01 1.000000e-06
<GCONST> 4.724841e+01
<MIXTURE> 56 6.132464e-03
<MEAN> 25
 7.036582e+00 -6.617719e+00 -8.301902e+00 -8.625909e+00 3.926924e+00 4.083470e+00 -2.196792e+00 -1.060048e+00 2.011916e+00 7.843665e-01 -2.096269e+00 -6.905676e+00 -4.015598e-02 -4.761627e-03 -9.443296e-02 8.312637e-02 1.961887e-01 -2.519879e-04 1.069165e-01 -8.316723e-02 -9.904948e-02 4.243761e-02 -6.372767e-02 6.831902e-02 -6.752512e-03
<VARIANCE> 25
 1.075197e+01 2.391204e+01 2.422863e+01 3.766910e+01 3.142288e+01 4.814170e+01 5.767748e+01 3.584793e+01 3.605521e+01 3.437599e+01 4.006263e+01 2.928888e+01 2.082183e-01 4.191583e-01 4.374112e-01 7.479516e-01 8.345928e-01 1.187027e+00 9.045418e-01 9.148999e-01 9.045804e-01 9.466513e-01 1.021655e+00 7.732599e-01 2.535651e-04
<GCONST> 7.503335e+01
<MIXTURE> 57 6.132464e-03
<MEAN> 25
 7.036582e+00 -6.617719e+00 -8.301902e+00 -8.625909e+00 3.926924e+00 4.083470e+00 -2.196792e+00 -1.060048e+00 2.011916e+00 7.843665e-01 -2.096269e+00 -6.905676e+00 -4.015598e-02 -4.761627e-03 -9.443296e-02 8.312637e-02 1.961887e-01 -2.519879e-04 1.069165e-01 -8.316723e-02 -9.904948e-02 4.243761e-02 -6.372767e-02 6.831902e-02 -6.752512e-03
<VARIANCE> 25
 1.075197e+01 2.391204e+01 2.422863e+01 3.766910e+01 3.142288e+01 4.814170e+01 5.767748e+01 3.584793e+01 3.605521e+01 3.437599e+01 4.006263e+01 2.928888e+01 2.082183e-01 4.191583e-01 4.374112e-01 7.479516e-01 8.345928e-01 1.187027e+00 9.045418e-01 9.148999e-01 9.045804e-01 9.466513e-01 1.021655e+00 7.732599e-01 2.535651e-04
<GCONST> 7.503335e+01
<MIXTURE> 58 6.172147e-03
<MEAN> 25
 2.641376e+00 -3.024722e+00 7.129287e+00 -5.303631e+00 -1.292549e+01 -5.225224e+00 1.273962e+00 1.062654e+00 -2.155437e+00 1.873855e+00 6.056241e-01 -1.109871e+00 -3.640087e-02 -1.500205e-01 -6.452432e-02 -1.726418e-01 -2.416595e-02 2.792257e-01 3.888640e-01 1.516109e-01 1.435098e-02 4.990764e-02 -4.281302e-02 -1.444641e-01 -1.736242e-03
<VARIANCE> 25
 7.185115e+00 1.593375e+01 2.078272e+01 2.614011e+01 2.734927e+01 4.714160e+01 3.443719e+01 3.490537e+01 3.240164e+01 3.035086e+01 2.335217e+01 2.072675e+01 3.107063e-01 7.725243e-01 7.355947e-01 1.070547e+00 9.254488e-01 1.258346e+00 1.133044e+00 1.396339e+00 1.033274e+00 1.048938e+00 9.271721e-01 8.827815e-01 7.358794e-04
<GCONST> 7.592268e+01
<MIXTURE> 59 6.172147e-03
<MEAN> 25
 2.641376e+00 -3.024722e+00 7.129287e+00 -5.303631e+00 -1.292549e+01 -5.225224e+00 1.273962e+00 1.062654e+00 -2.155437e+00 1.873855e+00 6.056241e-01 -1.109871e+00 -3.640087e-02 -1.500205e-01 -6.452432e-02 -1.726418e-01 -2.416595e-02 2.792257e-01 3.888640e-01 1.516109e-01 1.435098e-02 4.990764e-02 -4.281302e-02 -1.444641e-01 -1.736242e-03
<VARIANCE> 25
 7.185115e+00 1.593375e+01 2.078272e+01 2.614011e+01 2.734927e+01 4.714160e+01 3.443719e+01 3.490537e+01 3.240164e+01 3.035086e+01 2.335217e+01 2.072675e+01 3.107063e-01 7.725243e-01 7.355947e-01 1.070547e+00 9.254488e-01 1.258346e+00 1.133044e+00 1.396339e+00 1.033274e+00 1.048938e+00 9.271721e-01 8.827815e-01 7.358794e-04
<GCONST> 7.592268e+01
<MIXTURE> 60 4.479129e-03
<MEAN> 25
 -4.252553e+00 -6.437388e-01 -1.093610e+00 3.705898e+00 1.716962e+00 2.120241e+00 1.638433e+00 1.514164e+00 2.168551e+00 1.241014e+00 2.378277e+00 1.914504e+00 -2.874872e-02 5.590371e-02 9.796973e-02 1.296938e-01 1.328678e-01 1.379213e-01 1.817504e-01 3.171151e-01 5.508229e-01 6.724393e-01 5.576252e-01 3.031617e-01 -3.984854e-04
<VARIANCE> 25
 6.945762e+00 4.628531e+00 1.026954e+01 1.134006e+01 1.358874e+01 1.695702e+01 1.394752e+01 1.190116e+01 1.271643e+01 1.330423e+01 1.592312e+01 1.226500e+01 8.672439e-02 1.680899e-01 2.819357e-01 4.304865e-01 5.893430e-01 7.481028e-01 8.291785e-01 9.047851e-01 9.083103e-01 8.528227e-01 8.407213e-01 8.612763e-01 2.297036e-05
<GCONST> 5.642914e+01
<MIXTURE> 61 4.479129e-03
<MEAN> 25
 -4.252553e+00 -6.437388e-01 -1.093610e+00 3.705898e+00 1.716962e+00 2.120241e+00 1.638433e+00 1.514164e+00 2.168551e+00 1.241014e+00 2.378277e+00 1.914504e+00 -2.874872e-02 5.590371e-02 9.796973e-02 1.296938e-01 1.328678e-01 1.379213e-01 1.817504e-01 3.171151e-01 5.508229e-01 6.724393e-01 5.576252e-01 3.031617e-01 -3.984854e-04
<VARIANCE> 25
 6.945762e+00 4.628531e+00 1.026954e+01 1.134006e+01 1.358874e+01 1.695702e+01 1.394752e+01 1.190116e+01 1.271643e+01 1.330423e+01 1.592312e+01 1.226500e+01 8.672439e-02 1.680899e-01 2.819357e-01 4.304865e-01 5.893430e-01 7.481028e-01 8.291785e-01 9.047851e-01 9.083103e-01 8.528227e-01 8.407213e-01 8.612763e-01 2.297036e-05
<GCONST> 5.642914e+01
<MIXTURE> 62 3.278034e-03
<MEAN> 25
 -5.066234e+00 1.263601e+00 9.987024e-01 8.800170e+00 6.083485e+00 5.038174e+00 5.476083e+00 3.988744e+00 4.988720e+00 3.868216e+00 4.937480e+00 2.944338e+00 -9.980914e-01 -1.161147e+00 -9.530715e-01 -2.752883e-01 4.318702e-01 1.015694e+00 1.384501e+00 1.536887e+00 1.482061e+00 1.252972e+00 1.068801e+00 7.247277e-01 -1.269316e-03
<VARIANCE> 25
 9.920620e+00 9.986502e+00 1.318090e+01 1.678155e+01 1.769401e+01 1.748754e+01 1.968626e+01 1.934314e+01 1.875548e+01 1.904976e+01 2.160983e+01 1.473646e+01 4.042473e-01 4.348270e-01 5.516538e-01 7.751741e-01 1.032486e+00 1.204399e+00 1.246694e+00 1.312751e+00 1.325176e+00 1.377455e+00 1.392950e+00 1.364001e+00 1.627130e-05
<GCONST> 6.760087e+01
<MIXTURE> 63 4.351215e-03
<MEAN> 25
 -3.795985e+00 -1.773351e+00 -4.521377e+00 3.117265e+00 2.861777e+00 -2.994780e-01 2.530235e+00 1.220270e+00 2.266331e+00 -1.095980e+00 -8.311738e-01 2.440606e+00 -1.115985e-01 3.038020e-01 3.679826e-01 4.975386e-01 4.124562e-01 4.432058e-01 3.988278e-01 8.228318e-02 2.232039e-01 3.101013e-01 1.936150e-01 1.027647e-01 -4.874083e-03
<VARIANCE> 25
 9.412151e+00 1.741716e+01 1.640373e+01 1.598923e+01 1.935954e+01 2.705354e+01 2.341470e+01 2.452261e+01 2.472268e+01 2.236259e+01 1.955803e+01 1.558816e+01 2.639317e-01 4.314205e-01 6.780063e-01 7.104606e-01 1.007189e+00 1.194228e+00 1.272430e+00 1.490553e+00 1.412104e+00 1.508022e+00 1.359509e+00 1.310665e+00 1.702071e-04
<GCONST> 7.184138e+01
<MIXTURE> 64 4.351215e-03
<MEAN> 25
 -3.795985e+00 -1.773351e+00 -4.521377e+00 3.117265e+00 2.861777e+00 -2.994780e-01 2.530235e+00 1.220270e+00 2.266331e+00 -1.095980e+00 -8.311738e-01 2.440606e+00 -1.115985e-01 3.038020e-01 3.679826e-01 4.975386e-01 4.124562e-01 4.432058e-01 3.988278e-01 8.228318e-02 2.232039e-01 3.101013e-01 1.936150e-01 1.027647e-01 -4.874083e-03
<VARIANCE> 25
 9.412151e+00 1.741716e+01 1.640373e+01 1.598923e+01 1.935954e+01 2.705354e+01 2.341470e+01 2.452261e+01 2.472268e+01 2.236259e+01 1.955803e+01 1.558816e+01 2.639317e-01 4.314205e-01 6.780063e-01 7.104606e-01 1.007189e+00 1.194228e+00 1.272430e+00 1.490553e+00 1.412104e+00 1.508022e+00 1.359509e+00 1.310665e+00 1.702071e-04
<GCONST> 7.184138e+01
<MIXTURE> 65 1.721197e-02
<MEAN> 25
 7.386674e+00 1.871599e+00 1.692965e+00 9.375153e-01 -4.560092e+00 -2.870467e+00 -5.574636e+00 -5.203722e+00 -2.980870e+00 -1.984758e+00 -4.059371e+00 -1.893752e+00 1.405700e-01 1.810346e-01 3.639648e-02 9.421782e-02 -1.965881e-01 3.345773e-01 2.936746e-03 -4.679034e-01 8.486746e-02 -1.044325e-01 2.404332e-02 -8.190928e-02 -7.161887e-03
<VARIANCE> 25
 9.921199e+00 1.863085e+01 2.267801e+01 3.830404e+01 3.441661e+01 5.596910e+01 5.088522e+01 6.014959e+01 4.792188e+01 4.952126e+01 5.368450e+01 4.422578e+01 5.407348e-01 8.514442e-01 1.554112e+00 1.793060e+00 2.001697e+00 2.066700e+00 2.339606e+00 2.793747e+00 2.056340e+00 2.212509e+00 2.185651e+00 1.981655e+00 4.707116e-04
<GCONST> 8.793365e+01
<MIXTURE> 66 1.191532e-02
<MEAN> 25
 6.012022e+00 -4.056169e+00 -4.458410e+00 -4.418738e+00 1.150844e+00 -3.798376e+00 -6.906015e+00 1.264314e+00 4.559438e-01 -5.490143e-01 -4.385757e+00 -3.147000e+00 1.498607e-01 1.728932e+00 1.642133e+00 2.381088e+00 -1.151241e+00 -1.003362e+00 -2.105952e-01 -8.808825e-01 -1.097329e-01 -4.149471e-01 1.758256e-01 1.036742e+00 -6.892331e-02
<VARIANCE> 25
 7.927420e+00 1.975210e+01 2.232511e+01 2.572407e+01 2.949709e+01 4.692314e+01 4.818288e+01 3.792300e+01 4.075498e+01 5.683750e+01 3.357500e+01 3.148436e+01 1.161251e+00 1.830115e+00 2.498009e+00 2.378992e+00 3.723788e+00 3.441079e+00 3.719380e+00 3.941083e+00 3.336022e+00 3.923388e+00 3.151988e+00 2.621444e+00 1.299600e-03
<GCONST> 9.261745e+01
<MIXTURE> 67 1.559142e-02
<MEAN> 25
 8.751300e+00 1.980943e+00 -5.800463e+00 -7.985703e+00 7.247550e-01 2.984807e+00 -3.549809e+00 -2.309919e+00 -3.556202e+00 8.553711e-01 -1.480411e-01 -1.836137e+00 -1.070768e+00 1.807069e+00 1.021379e+00 2.984021e+00 1.358528e+00 -5.849847e-01 1.278154e+00 6.846553e-02 1.559506e-01 2.329930e-01 -2.181561e-01 6.578418e-01 -1.271000e-01
<VARIANCE> 25
 1.230269e+01 3.825639e+01 3.052253e+01 5.581173e+01 4.875955e+01 5.215720e+01 6.134833e+01 5.123045e+01 6.336036e+01 5.704976e+01 5.371261e+01 4.688836e+01 2.168620e+00 3.367548e+00 3.287822e+00 4.557370e+00 4.512410e+00 4.608240e+00 4.909654e+00 5.070028e+00 5.298174e+00 4.733783e+00 5.072549e+00 3.728018e+00 3.222017e-03
<GCONST> 1.028283e+02
<MIXTURE> 68 1.485092e-02
<MEAN> 25
 -2.334809e+00 -2.412373e+00 -4.256931e+00 1.159145e+00 4.991523e+00 -7.666455e-01 2.788293e+00 1.992089e+00 1.687382e+00 1.232532e+00 1.338678e-01 1.714468e+00 2.827755e+00 2.747253e-01 4.369353e-02 -2.508963e+00 -2.204324e+00 -1.114993e+00 -2.458853e+00 -1.505239e+00 -1.391791e+00 -1.381190e+00 -2.000352e+00 -1.065921e+00 1.023750e-01
<VARIANCE> 25
 2.483914e+01 2.813324e+01 5.113321e+01 4.767493e+01 4.178636e+01 5.085229e+01 4.468596e+01 3.939272e+01 3.627566e+01 4.918371e+01 3.490272e+01 2.473533e+01 2.051287e+00 3.687495e+00 5.239491e+00 5.346787e+00 4.395032e+00 6.017465e+00 5.993270e+00 5.711692e+00 5.303832e+00 4.760024e+00 4.486499e+00 3.037742e+00 5.543732e-03
<GCONST> 1.024876e+02
<MIXTURE> 69 1.204884e-02
<MEAN> 25
 4.225441e+00 -4.665422e+00 -2.995478e+00 -3.076839e+00 -3.180367e+00 -6.893080e+00 -1.592915e+00 3.370028e+00 -5.476823e-02 -4.244791e+00 -5.676335e+00 3.542165e-01 1.968931e+00 -2.144603e+00 -8.925533e-01 -2.146472e+00 -6.024608e-01 1.465742e-02 -1.204695e+00 7.831974e-01 -4.653015e-01 -8.084853e-01 -1.985021e+00 -3.593517e-01 6.631248e-02
<VARIANCE> 25
 8.030672e+00 1.973649e+01 2.277977e+01 2.426196e+01 3.626665e+01 3.305751e+01 4.106879e+01 3.252520e+01 3.315888e+01 3.163919e+01 2.533243e+01 2.215354e+01 3.604766e+00 2.392018e+00 3.646238e+00 3.114522e+00 5.081635e+00 4.591067e+00 8.111842e+00 5.204536e+00 4.934148e+00 6.526237e+00 4.121767e+00 3.116242e+00 2.043361e-03
<GCONST> 9.620818e+01
<MIXTURE> 70 1.329190e-02
<MEAN> 25
 6.531490e+00 -2.643893e+00 -3.337433e+00 -4.158978e+00 -2.554497e-01 3.778765e-03 -7.373668e+00 -2.805397e+00 1.014371e+00 2.778445e+00 -1.007247e+00 -4.911784e+00 1.711931e+00 -1.164239e+00 -3.988355e-01 -2.045343e+00 -1.773712e+00 1.332817e+00 -1.227714e+00 3.269320e-01 5.969813e-01 -1.643864e-01 3.598759e-01 -1.584005e+00 6.750747e-02
<VARIANCE> 25
 9.094601e+00 1.896702e+01 2.327624e+01 3.694151e+01 3.734758e+01 3.562004e+01 3.995744e+01 3.848660e+01 3.530350e+01 2.889052e+01 3.384605e+01 2.326789e+01 2.994964e+00 2.405532e+00 4.125930e+00 3.742140e+00 5.334366e+00 4.998183e+00 5.805886e+00 6.488144e+00 4.827963e+00 4.398784e+00 4.595435e+00 3.288725e+00 2.561381e-03
<GCONST> 9.740961e+01
<MIXTURE> 71 1.406903e-02
<MEAN> 25
 6.231293e+00 5.489412e+00 3.457192e+00 3.585992e+00 -3.345809e+00 -3.554945e+00 -2.838689e+00 -5.782123e+00 -3.662742e+00 -2.693662e+00 -4.966650e+00 -2.279606e+00 -1.638779e+00 -7.802650e-01 -5.785089e-02 -1.971284e+00 1.075680e+00 -8.266578e-01 4.467067e-01 1.622150e+00 3.214199e-01 1.677885e-01 5.886637e-01 2.744913e-01 3.964166e-02
<VARIANCE> 25
 1.738624e+01 2.210267e+01 2.590243e+01 4.177390e+01 3.563280e+01 4.117737e+01 3.989649e+01 3.641936e+01 3.858113e+01 3.603751e+01 3.055152e+01 3.310440e+01 1.537436e+00 2.731633e+00 4.705146e+00 4.579575e+00 3.909405e+00 5.583359e+00 4.927873e+00 4.726240e+00 3.603768e+00 3.832433e+00 3.336481e+00 2.956196e+00 1.621680e-03
<GCONST> 9.684036e+01
<MIXTURE> 72 8.134747e-03
<MEAN> 25
 3.777579e+00 -3.668579e+00 5.438758e+00 -2.444944e+00 -1.039315e+01 -9.602201e+00 -2.430821e+00 1.927257e+00 -4.933735e+00 -2.216644e+00 -1.869912e+00 6.318418e-01 9.333352e-01 -7.827870e-01 -2.575562e+00 4.642570e-01 2.135267e+00 -6.510685e-01 -1.320160e+00 1.519905e+00 1.808944e+00 -5.984900e-01 -1.288821e+00 3.986373e-01 -6.185146e-03
<VARIANCE> 25
 1.085393e+01 1.953998e+01 3.291745e+01 3.854113e+01 3.234911e+01 3.353470e+01 4.121618e+01 3.616775e+01 4.364927e+01 4.138858e+01 3.884404e+01 2.858157e+01 4.328055e-01 1.028184e+00 2.019633e+00 1.467562e+00 2.183370e+00 2.357994e+00 3.063153e+00 2.743008e+00 2.612808e+00 2.964275e+00 2.021976e+00 2.136764e+00 5.416161e-04
<GCONST> 8.729083e+01
<MIXTURE> 73 1.213625e-02
<MEAN> 25
 -5.533836e+00 -1.139381e+00 -1.479653e+00 4.548450e+00 4.301544e+00 1.648576e+00 5.298763e+00 3.555762e+00 3.907861e+00 3.747949e+00 4.033146e+00 2.637057e+00 8.927276e-01 -1.099678e+00 -9.916437e-01 -2.673905e+00 -1.039739e+00 -1.457533e+00 -9.585190e-01 -4.712053e-01 -7.750076e-01 -5.681062e-01 -9.559818e-01 -4.193201e-01 1.497857e-01
<VARIANCE> 25
 1.245971e+01 1.321751e+01 1.482498e+01 2.387488e+01 2.396398e+01 2.863592e+01 1.967332e+01 1.891008e+01 1.799921e+01 1.921073e+01 2.235127e+01 1.585036e+01 3.771179e+00 2.895301e+00 5.564098e+00 4.282321e+00 6.088238e+00 4.869467e+00 3.949367e+00 4.248747e+00 3.815191e+00 4.120142e+00 3.646343e+00 2.578051e+00 4.170643e-03
<GCONST> 9.237292e+01
<MIXTURE> 74 1.756491e-02
<MEAN> 25
 4.304790e+00 -2.395876e+00 3.376018e+00 -1.115384e+00 -6.304153e+00 -5.821631e+00 -3.928462e+00 1.077808e+00 -2.516360e+00 -8.628084e-01 -1.951674e+00 -1.004932e+00 3.599793e-01 1.975594e+00 -1.615968e-01 1.602192e+00 1.111209e+00 1.945374e-01 -5.826489e-01 -1.688555e+00 3.765848e-01 -1.195666e-02 2.322525e-01 -1.271982e-01 -8.179861e-02
<VARIANCE> 25
 9.374892e+00 2.062137e+01 3.206844e+01 3.069962e+01 3.572971e+01 3.788390e+01 4.739171e+01 3.663939e+01 3.910753e+01 4.262250e+01 3.341425e+01 3.285298e+01 1.528099e+00 1.544292e+00 3.027296e+00 2.526644e+00 3.495971e+00 2.976642e+00 4.475019e+00 3.500937e+00 3.121869e+00 3.618906e+00 3.003281e+00 2.722023e+00 1.534469e-03
<GCONST> 9.322642e+01
<MIXTURE> 75 9.711651e-03
<MEAN> 25
 2.644237e+00 -1.257462e+00 1.099898e+01 1.723904e+00 -1.180700e+01 -7.671845e+00 -4.559525e+00 -4.728505e-01 -4.489768e+00 -4.608271e+00 3.245094e+00 1.507625e-01 1.751891e+00 -1.765670e+00 2.037850e-01 -2.602578e-01 -2.392458e+00 -5.078696e-01 -1.474103e+00 9.712369e-01 -1.502336e-01 -3.519014e-01 1.075676e+00 -6.336213e-01 3.882408e-02
<VARIANCE> 25
 1.125884e+01 1.786295e+01 3.061901e+01 2.774977e+01 2.711067e+01 3.278901e+01 3.156300e+01 3.122704e+01 3.369522e+01 3.159733e+01 2.057228e+01 2.172760e+01 2.383374e+00 1.897182e+00 4.287955e+00 2.490069e+00 3.909087e+00 4.364232e+00 4.167356e+00 3.513217e+00 3.942983e+00 3.392361e+00 3.107445e+00 2.507891e+00 1.549158e-03
<GCONST> 9.232613e+01
<MIXTURE> 76 1.052359e-02
<MEAN> 25
 -6.698188e+00 -6.739944e-01 -2.647698e+00 3.720831e+00 3.505901e+00 1.993113e+00 5.574736e+00 1.114060e+00 1.710595e+00 1.710778e-01 2.023249e+00 2.683944e+00 -7.432286e-02 -6.388770e-01 -1.917652e-01 -8.426093e-01 -4.849955e-01 -6.933387e-01 -5.591378e-01 -1.875106e-01 -5.475807e-01 -5.783195e-01 -2.204454e-01 -7.271329e-02 1.856450e-02
<VARIANCE> 25
 3.912946e+01 2.475024e+01 2.942289e+01 2.691731e+01 2.885539e+01 4.340096e+01 3.843354e+01 2.922378e+01 2.748365e+01 2.093222e+01 2.314308e+01 1.815804e+01 1.016140e+00 1.176585e+00 1.253887e+00 1.263000e+00 1.525371e+00 1.630415e+00 1.864036e+00 1.738954e+00 1.641566e+00 1.974542e+00 1.415615e+00 1.194806e+00 1.171150e-03
<GCONST> 8.372681e+01
<MIXTURE> 77 1.244626e-02
<MEAN> 25
 -2.890820e-01 8.220681e+00 1.182804e+01 -1.124494e+01 -6.530056e+00 1.364607e+00 -9.009520e+00 -6.923755e+00 -3.096578e+00 4.902060e-02 -4.202487e+00 -1.585657e+00 6.045105e-02 1.378263e-01 5.994288e-02 2.098993e-01 3.057216e-02 7.153888e-02 -1.046080e-01 -1.178056e-01 2.161455e-02 -3.910922e-02 3.829104e-02 1.592254e-01 -1.016363e-02
<VARIANCE> 25
 1.045810e+01 2.078708e+01 3.145954e+01 4.163772e+01 3.561544e+01 3.446475e+01 3.589579e+01 3.183892e+01 3.479916e+01 3.217178e+01 3.839566e+01 3.334338e+01 3.166478e-01 7.347896e-01 6.393451e-01 1.126205e+00 1.295279e+00 1.021333e+00 1.262448e+00 1.059792e+00 1.052563e+00 1.008901e+00 1.045331e+00 8.907204e-01 5.737377e-04
<GCONST> 7.814558e+01
<MIXTURE> 78 9.702551e-03
<MEAN> 25
 -1.136607e+01 1.340133e+00 9.950010e-02 2.484411e+00 2.003529e+00 -3.786864e+00 6.562699e+00 1.704373e+00 3.036387e-01 1.072269e+00 -7.742153e-01 4.110123e+00 2.027527e+00 -3.163642e-01 -6.513239e-01 9.195916e-01 -1.104626e-01 3.636064e-01 -3.344402e-01 7.388858e-01 3.926077e-01 -1.544563e-01 -2.386509e-01 -8.601028e-01 -5.190739e-02
<VARIANCE> 25
 3.570343e+01 2.373675e+01 3.212878e+01 2.308172e+01 3.469232e+01 3.178063e+01 4.198946e+01 2.852086e+01 2.341596e+01 2.907003e+01 3.363603e+01 2.225172e+01 3.762033e+00 2.239799e+00 2.902483e+00 2.866492e+00 2.689871e+00 2.767503e+00 4.230747e+00 3.082347e+00 1.923947e+00 2.819834e+00 2.480210e+00 2.009672e+00 4.647622e-03
<GCONST> 9.328403e+01
<MIXTURE> 79 1.156824e-02
<MEAN> 25
 2.373351e+00 1.620866e+00 9.060676e+00 -6.547460e+00 -1.193923e+01 -1.723327e+00 -1.925071e+00 -6.443937e+00 -6.469512e+00 3.260845e-01 -3.457397e+00 -3.233035e+00 1.207011e+00 -5.082942e-01 -1.420227e+00 2.346435e+00 3.655656e-01 -1.461181e+00 5.183464e-01 8.698727e-01 -4.307433e-01 -5.392974e-01 3.499610e-01 2.870931e-01 -3.667944e-02
<VARIANCE> 25
 1.450382e+01 2.397598e+01 3.880429e+01 4.953610e+01 3.434961e+01 4.387730e+01 4.261058e+01 3.654774e+01 3.926977e+01 3.960560e+01 4.377366e+01 3.078633e+01 9.617648e-01 2.260445e+00 1.892094e+00 2.098006e+00 2.510673e+00 2.805652e+00 3.216670e+00 3.528997e+00 2.502658e+00 2.740205e+00 2.326026e+00 2.014905e+00 1.226955e-03
<GCONST> 9.188757e+01
<MIXTURE> 80 7.550998e-03
<MEAN> 25
 -1.460984e+01 3.934901e+00 6.644310e-01 2.847930e+00 2.432261e+00 1.376146e+00 6.457495e+00 2.498333e+00 2.677689e+00 2.313854e+00 4.859379e+00 1.190609e+00 4.280416e+00 -3.276750e-02 1.628764e+00 -1.126109e+00 -2.874036e+00 -2.756776e+00 -2.333199e+00 -1.991118e+00 -1.966925e+00 -1.682008e+00 -1.654547e+00 -6.064746e-01 -4.376743e-02
<VARIANCE> 25
 2.082707e+01 2.006270e+01 3.430270e+01 3.453612e+01 3.002921e+01 2.919466e+01 2.864507e+01 2.837522e+01 2.682880e+01 2.916725e+01 2.668634e+01 1.799581e+01 2.349624e+00 2.692256e+00 2.668196e+00 4.105481e+00 3.406334e+00 2.749895e+00 3.023483e+00 3.318132e+00 2.741472e+00 2.686406e+00 2.766665e+00 2.133871e+00 1.535040e-03
<GCONST> 9.144719e+01
<MIXTURE> 81 8.025434e-03
<MEAN> 25
 -1.114780e+00 4.065175e+00 1.016728e+01 -1.478886e+01 -9.067719e+00 -1.408257e+00 -6.761432e+00 -8.412746e+00 -4.139520e+00 -4.079992e-01 -7.556806e+00 -2.249781e+00 1.339398e-01 -5.859365e-01 -2.627704e-03 -5.561752e-01 -4.620659e-01 3.350864e-01 3.184479e-01 1.348296e-01 -1.412228e-01 1.069212e-01 -4.698078e-01 -1.236478e-01 1.146302e-02
<VARIANCE> 25
 1.016665e+01 3.276017e+01 2.651394e+01 2.935788e+01 3.375416e+01 3.061594e+01 4.541523e+01 2.833407e+01 3.801479e+01 3.188267e+01 2.545230e+01 3.101683e+01 7.720503e-01 2.274925e+00 1.544071e+00 2.870704e+00 2.665152e+00 2.124445e+00 3.278602e+00 2.287430e+00 2.352641e+00 2.535501e+00 2.300942e+00 2.076914e+00 1.185982e-03
<GCONST> 8.869819e+01
<MIXTURE> 82 8.213053e-03
<MEAN> 25
 -9.510884e+00 -3.911883e+00 1.488627e+00 -3.936909e+00 3.918222e+00 1.085313e+00 3.701310e+00 5.410913e-02 1.184303e+00 1.129231e+00 2.225504e+00 3.470062e+00 -1.485914e+00 -2.144829e-01 5.595533e-01 -2.303075e+00 -9.691280e-01 -1.636508e+00 -5.981367e-01 -3.655831e-01 -2.966333e-02 -3.387904e-02 -3.088487e-01 -1.981430e-01 1.578441e-01
<VARIANCE> 25
 1.637009e+01 1.923712e+01 2.641902e+01 3.002474e+01 3.018575e+01 3.770361e+01 3.382759e+01 3.126512e+01 3.442611e+01 2.199980e+01 3.424752e+01 1.486350e+01 3.551661e+00 2.505709e+00 3.075375e+00 3.341927e+00 3.538203e+00 3.862645e+00 2.939739e+00 3.162415e+00 2.478590e+00 2.739066e+00 1.904911e+00 1.529623e+00 3.706449e-03
<GCONST> 9.198628e+01
<MIXTURE> 83 1.167529e-02
<MEAN> 25
 -1.968415e+01 5.233996e+00 -1.800850e+00 -2.532854e-01 7.388682e+00 -1.416777e+00 6.272691e+00 2.681716e+00 1.009527e+00 2.154104e+00 8.496053e-01 2.866800e+00 -9.670429e-03 -4.578411e-01 -1.421547e-02 -3.217355e-01 -4.629633e-01 -1.226079e-01 -1.241942e-01 -3.607302e-02 -1.720171e-02 -2.061596e-01 -5.702727e-02 -6.584810e-02 3.561693e-03
<VARIANCE> 25
 9.941928e+00 1.641101e+01 2.704031e+01 2.190857e+01 2.240292e+01 2.285780e+01 2.857582e+01 2.379965e+01 2.088036e+01 2.226704e+01 2.216476e+01 1.381496e+01 1.039913e+00 1.049405e+00 1.201102e+00 1.209978e+00 1.315987e+00 1.210639e+00 1.342982e+00 1.415068e+00 1.380537e+00 1.615405e+00 1.149490e+00 1.113613e+00 8.754339e-04
<GCONST> 7.762994e+01
<MIXTURE> 84 1.066614e-02
<MEAN> 25
 1.197091e+00 8.685378e+00 6.438546e+00 7.366096e+00 2.811354e+00 -5.312904e-01 -1.039508e+00 -4.254302e+00 -4.353475e+00 -2.450303e+00 -2.492135e+00 -1.468044e+00 -1.572615e+00 -1.051373e+00 -1.142861e+00 1.237133e+00 2.161611e+00 1.328444e+00 1.397181e+00 1.336606e+00 1.095064e+00 2.228172e-01 1.683987e-01 1.157094e-01 -6.661171e-02
<VARIANCE> 25
 2.117477e+01 1.613968e+01 2.275691e+01 2.273042e+01 2.561688e+01 3.242125e+01 2.641481e+01 2.400290e+01 2.447363e+01 2.328039e+01 2.169970e+01 2.448171e+01 2.163824e+00 2.347299e+00 3.391317e+00 3.037019e+00 3.188298e+00 3.713265e+00 3.200550e+00 3.016832e+00 3.124225e+00 3.867906e+00 3.700703e+00 2.950807e+00 3.321020e-03
<GCONST> 9.169538e+01
<MIXTURE> 85 7.591393e-03
<MEAN> 25
 -3.122673e+00 7.894968e+00 5.732441e+00 1.275665e+00 -3.480530e+00 -5.325201e+00 -2.975974e+00 -6.121327e+00 -3.543684e+00 -3.187305e+00 -4.805702e-01 -1.893548e+00 3.938110e+00 3.244366e-01 1.755520e+00 -2.088613e+00 -3.413645e+00 -2.581051e+00 -2.885176e+00 -2.341706e+00 -2.247090e+00 -1.262385e+00 -2.301728e+00 -6.113346e-01 9.193301e-03
<VARIANCE> 25
 4.255353e+01 2.341663e+01 3.648843e+01 3.826849e+01 3.985718e+01 4.114712e+01 3.214958e+01 2.786827e+01 2.662216e+01 2.610235e+01 2.619938e+01 2.058630e+01 2.725225e+00 4.322402e+00 4.055167e+00 5.185042e+00 4.404710e+00 3.880556e+00 3.850861e+00 3.985115e+00 3.848666e+00 4.039238e+00 3.938066e+00 3.499034e+00 5.440549e-03
<GCONST> 9.836198e+01
<MIXTURE> 86 1.273941e-02
<MEAN> 25
 -4.970642e+00 -1.203796e+00 -7.971800e-01 6.333724e+00 5.013974e+00 4.675298e+00 5.316987e+00 4.569791e+00 4.660542e+00 3.911164e+00 5.338525e+00 2.700825e+00 -7.151152e-03 -8.600480e-03 -3.783729e-02 -6.555568e-02 -1.188078e-01 -1.855803e-01 -2.666616e-01 -3.312191e-01 -3.531932e-01 -3.194450e-01 -2.302340e-01 -1.062529e-01 -5.588396e-04
<VARIANCE> 25
 7.897954e+00 5.654586e+00 9.975234e+00 1.233732e+01 1.587930e+01 1.433068e+01 1.353240e+01 1.304877e+01 1.318208e+01 1.425488e+01 1.433012e+01 1.279564e+01 1.001661e-01 1.932990e-01 3.190494e-01 4.855297e-01 6.391032e-01 7.352107e-01 7.443706e-01 7.642985e-01 8.299564e-01 8.849694e-01 9.123629e-01 9.026704e-01 5.352659e-05
<GCONST> 5.814065e+01
<MIXTURE> 87 1.100681e-02
<MEAN> 25
 -2.723156e+00 4.332683e+00 3.167961e+00 6.061841e+00 4.471672e+00 -1.411822e-01 1.893516e+00 -8.310127e-01 -4.965144e-01 -1.303854e+00 -1.244554e+00 4.638552e-01 -2.036648e+00 -2.663524e+00 -1.322544e+00 -2.329096e+00 3.997996e-01 -3.686242e-01 7.625019e-01 1.321644e+00 1.138415e+00 1.059769e+00 9.669222e-01 6.709072e-01 1.004208e-01
<VARIANCE> 25
 3.494939e+01 2.713585e+01 2.593323e+01 2.928798e+01 2.603655e+01 3.723613e+01 2.502536e+01 2.559671e+01 2.344713e+01 2.097588e+01 2.163052e+01 2.008584e+01 4.432663e+00 2.140973e+00 5.685100e+00 3.042104e+00 4.520697e+00 4.145350e+00 4.177985e+00 3.675357e+00 3.232346e+00 2.572868e+00 3.461715e+00 3.203469e+00 4.514038e-03
<GCONST> 9.493221e+01
<MIXTURE> 88 1.256585e-02
<MEAN> 25
 -3.500945e+00 3.625705e-01 -1.749233e+00 5.762775e+00 2.890703e+00 4.087705e+00 5.147407e+00 2.710885e+00 3.436586e+00 9.849194e-01 3.943762e+00 3.429435e+00 1.684770e-01 4.856098e-02 -1.652579e-01 4.468097e-01 4.468651e-01 5.389326e-01 -2.391014e-02 -2.965356e-01 -6.512402e-01 -3.070957e-01 -1.224422e-01 3.400440e-03 -4.708937e-03
<VARIANCE> 25
 8.288723e+00 1.042769e+01 1.350080e+01 1.463767e+01 2.403496e+01 2.041590e+01 1.906940e+01 1.614067e+01 1.530529e+01 2.103001e+01 1.898212e+01 1.538201e+01 1.169520e+00 1.404574e+00 2.157741e+00 2.069803e+00 2.471431e+00 2.881451e+00 3.356466e+00 2.251702e+00 3.114966e+00 2.614457e+00 2.038181e+00 1.969275e+00 1.407285e-03
<GCONST> 8.196815e+01
<MIXTURE> 89 9.333527e-03
<MEAN> 25
 6.052461e+00 -6.047282e+00 -3.945127e+00 -3.584042e+00 -2.481607e+00 -5.299611e+00 -7.102030e+00 3.025117e+00 3.731634e+00 -2.667824e+00 -5.900342e+00 -4.068287e+00 -6.670067e-01 1.143502e-01 1.821729e+00 6.945272e-01 -1.800372e+00 -1.809530e+00 1.135563e+00 1.118956e+00 -9.088490e-01 -1.209500e+00 3.260376e-01 1.588581e+00 -4.107265e-03
<VARIANCE> 25
 8.224019e+00 2.961754e+01 2.986754e+01 2.893482e+01 3.997000e+01 3.858057e+01 6.266266e+01 4.898590e+01 3.602406e+01 3.843165e+01 3.279317e+01 3.475359e+01 4.211196e-01 7.782112e-01 1.570221e+00 1.588240e+00 1.779783e+00 2.267711e+00 2.967947e+00 2.015688e+00 2.191741e+00 2.018832e+00 2.164556e+00 1.381995e+00 3.486609e-04
<GCONST> 8.544981e+01
<MIXTURE> 90 7.114505e-03
<MEAN> 25
 2.457415e+00 -9.729779e+00 -4.591565e+00 -3.935814e+00 -3.416781e+00 -1.778464e+00 3.145161e+00 1.451624e+00 -7.341310e+00 -9.916065e+00 -3.550711e+00 -8.201632e-01 -1.520093e-01 8.695349e-01 1.159461e+00 -8.570213e-01 -1.566915e+00 -1.661901e-01 5.929940e-01 -2.349271e-01 -1.819750e-01 7.844087e-01 1.697472e-01 -5.732617e-01 -1.052527e-02
<VARIANCE> 25
 8.265387e+00 1.752174e+01 2.024012e+01 2.735098e+01 3.588695e+01 3.145750e+01 3.919173e+01 3.794973e+01 3.548081e+01 2.992859e+01 2.687401e+01 2.569834e+01 2.228201e-01 6.479167e-01 7.682278e-01 1.030846e+00 1.508197e+00 1.622859e+00 1.845112e+00 1.633150e+00 1.765165e+00 1.723864e+00 1.469462e+00 1.295491e+00 2.242561e-04
<GCONST> 7.826135e+01
<MIXTURE> 91 7.852945e-03
<MEAN> 25
 5.786703e+00 -7.059420e+00 -6.649906e+00 -5.157362e+00 3.071934e+00 2.054447e-01 -3.031729e+00 1.465285e+00 1.002192e+00 -1.355647e+00 -3.977232e+00 -5.017113e+00 3.176973e-01 1.085824e+00 8.662134e-02 5.801407e-01 -6.012088e-02 -5.668594e-01 -6.009972e-01 -3.311947e-01 -2.722060e-01 3.948279e-01 3.186905e-02 2.843632e-01 -3.814363e-02
<VARIANCE> 25
 8.958958e+00 2.271510e+01 2.333691e+01 3.243942e+01 3.287635e+01 4.590483e+01 4.722921e+01 3.426601e+01 4.039437e+01 5.362565e+01 3.128658e+01 3.452729e+01 4.038371e-01 8.132500e-01 1.001011e+00 1.494167e+00 2.512326e+00 2.252228e+00 2.350960e+00 2.135211e+00 1.908257e+00 2.130383e+00 1.742610e+00 1.815959e+00 5.288277e-04
<GCONST> 8.491143e+01
<MIXTURE> 92 7.852945e-03
<MEAN> 25
 5.786703e+00 -7.059420e+00 -6.649906e+00 -5.157362e+00 3.071934e+00 2.054447e-01 -3.031729e+00 1.465285e+00 1.002192e+00 -1.355647e+00 -3.977232e+00 -5.017113e+00 3.176973e-01 1.085824e+00 8.662134e-02 5.801407e-01 -6.012088e-02 -5.668594e-01 -6.009972e-01 -3.311947e-01 -2.722060e-01 3.948279e-01 3.186905e-02 2.843632e-01 -3.814363e-02
<VARIANCE> 25
 8.958958e+00 2.271510e+01 2.333691e+01 3.243942e+01 3.287635e+01 4.590483e+01 4.722921e+01 3.426601e+01 4.039437e+01 5.362565e+01 3.128658e+01 3.452729e+01 4.038371e-01 8.132500e-01 1.001011e+00 1.494167e+00 2.512326e+00 2.252228e+00 2.350960e+00 2.135211e+00 1.908257e+00 2.130383e+00 1.742610e+00 1.815959e+00 5.288277e-04
<GCONST> 8.491143e+01
<MIXTURE> 93 6.122769e-03
<MEAN> 25
 -6.829456e+00 -9.585658e-01 -2.403157e+00 5.794983e+00 5.904740e+00 3.917579e+00 6.128974e+00 3.606925e+00 4.119592e+00 2.506644e+00 1.817388e+00 3.705462e+00 -6.156906e-02 -1.552569e-01 -2.570631e-01 -3.322947e-01 -3.334081e-01 -2.844715e-01 -2.180586e-01 -1.735632e-01 -1.661893e-01 -1.521403e-01 -1.044138e-01 -3.503641e-02 -3.510980e-06
<VARIANCE> 25
 9.110653e+00 6.035865e+00 8.181671e+00 1.137853e+01 1.150690e+01 1.601859e+01 1.531765e+01 1.644152e+01 1.474895e+01 1.454530e+01 1.677889e+01 1.344098e+01 8.268287e-02 1.545456e-01 2.637349e-01 3.809170e-01 4.976723e-01 6.419513e-01 7.790316e-01 8.876402e-01 9.165503e-01 8.793523e-01 8.918152e-01 9.177859e-01 9.995830e-07
<GCONST> 5.362024e+01
<MIXTURE> 94 6.122769e-03
<MEAN> 25
 -6.829456e+00 -9.585658e-01 -2.403157e+00 5.794983e+00 5.904740e+00 3.917579e+00 6.128974e+00 3.606925e+00 4.119592e+00 2.506644e+00 1.817388e+00 3.705462e+00 -6.156906e-02 -1.552569e-01 -2.570631e-01 -3.322947e-01 -3.334081e-01 -2.844715e-01 -2.180586e-01 -1.735632e-01 -1.661893e-01 -1.521403e-01 -1.044138e-01 -3.503641e-02 -3.510980e-06
<VARIANCE> 25
 9.110653e+00 6.035865e+00 8.181671e+00 1.137853e+01 1.150690e+01 1.601859e+01 1.531765e+01 1.644152e+01 1.474895e+01 1.454530e+01 1.677889e+01 1.344098e+01 8.268287e-02 1.545456e-01 2.637349e-01 3.809170e-01 4.976723e-01 6.419513e-01 7.790316e-01 8.876402e-01 9.165503e-01 8.793523e-01 8.918152e-01 9.177859e-01 9.995830e-07
<GCONST> 5.362024e+01
<MIXTURE> 95 5.258835e-03
<MEAN> 25
 -5.806997e+00 -7.115831e-01 -1.983482e+00 4.908581e+00 4.184104e+00 2.795797e+00 4.175590e+00 1.670250e+00 2.212873e+00 8.327843e-01 1.201779e+00 2.590434e+00 1.455377e-01 1.491187e-01 8.649959e-02 -8.308561e-02 -3.757359e-01 -7.147609e-01 -1.057121e+00 -1.279732e+00 -1.254482e+00 -9.875205e-01 -6.533087e-01 -3.106403e-01 -1.522320e-04
<VARIANCE> 25
 1.027898e+01 6.606899e+00 1.221807e+01 1.275959e+01 1.423647e+01 1.828303e+01 1.786712e+01 1.686038e+01 1.545112e+01 1.573809e+01 1.993333e+01 1.431975e+01 2.094665e-01 2.931451e-01 4.587518e-01 6.296325e-01 8.166141e-01 8.963898e-01 9.091344e-01 9.250751e-01 9.842746e-01 1.077552e+00 1.163484e+00 1.125907e+00 4.216462e-05
<GCONST> 6.336950e+01
<MIXTURE> 96 7.034694e-03
<MEAN> 25
 -5.098828e+00 -4.536447e-01 -2.244303e+00 5.162155e+00 3.864821e+00 1.789618e+00 3.544870e+00 1.803945e+00 2.453821e+00 9.490866e-01 1.147062e+00 2.837102e+00 -2.966540e-02 8.734313e-02 2.134600e-01 4.052740e-01 5.388237e-01 4.997055e-01 2.459263e-01 -1.262769e-01 -4.631162e-01 -6.523001e-01 -6.083469e-01 -3.670696e-01 -1.567700e-05
<VARIANCE> 25
 1.102620e+01 9.727831e+00 1.288507e+01 1.428559e+01 1.502237e+01 1.952775e+01 1.811016e+01 1.929705e+01 1.800154e+01 1.660707e+01 1.976235e+01 1.453085e+01 1.204154e-01 2.189154e-01 3.166059e-01 3.984931e-01 4.945377e-01 6.606724e-01 8.674839e-01 9.964724e-01 9.569884e-01 8.651035e-01 8.865076e-01 9.408144e-01 9.998199e-07
<GCONST> 5.757925e+01
<MIXTURE> 97 7.034694e-03
<MEAN> 25
 -5.098828e+00 -4.536447e-01 -2.244303e+00 5.162155e+00 3.864821e+00 1.789618e+00 3.544870e+00 1.803945e+00 2.453821e+00 9.490866e-01 1.147062e+00 2.837102e+00 -2.966540e-02 8.734313e-02 2.134600e-01 4.052740e-01 5.388237e-01 4.997055e-01 2.459263e-01 -1.262769e-01 -4.631162e-01 -6.523001e-01 -6.083469e-01 -3.670696e-01 -1.567700e-05
<VARIANCE> 25
 1.102620e+01 9.727831e+00 1.288507e+01 1.428559e+01 1.502237e+01 1.952775e+01 1.811016e+01 1.929705e+01 1.800154e+01 1.660707e+01 1.976235e+01 1.453085e+01 1.204154e-01 2.189154e-01 3.166059e-01 3.984931e-01 4.945377e-01 6.606724e-01 8.674839e-01 9.964724e-01 9.569884e-01 8.651035e-01 8.865076e-01 9.408144e-01 9.998199e-07
<GCONST> 5.757925e+01
<MIXTURE> 98 9.917808e-03
<MEAN> 25
 -1.261924e+00 1.868090e+00 4.725884e-01 3.655912e+00 2.481018e+00 2.914843e+00 3.023111e+00 1.086088e+00 1.906170e+00 7.328287e-01 1.326766e+00 1.336305e+00 -1.627986e+00 -1.357867e+00 -8.649389e-01 5.451017e-02 6.153355e-01 7.022545e-01 1.713439e+00 1.318468e+00 1.426797e+00 9.081857e-01 1.240248e+00 8.136839e-01 -2.492815e-02
<VARIANCE> 25
 1.259335e+01 1.840679e+01 2.734700e+01 3.582477e+01 3.970187e+01 4.184277e+01 3.320756e+01 2.590104e+01 2.479584e+01 2.659781e+01 2.552335e+01 2.567251e+01 1.222522e+00 1.325180e+00 2.558641e+00 2.106512e+00 2.367876e+00 2.983852e+00 3.599219e+00 2.299263e+00 2.445628e+00 2.792752e+00 2.293541e+00 2.140932e+00 2.477340e-03
<GCONST> 8.917653e+01
<MIXTURE> 99 6.696178e-03
<MEAN> 25
 -7.408929e+00 9.629815e+00 7.501705e+00 1.636483e+00 1.874025e+00 -5.178940e+00 -1.365231e+00 -4.426662e+00 -3.642534e+00 -3.868427e+00 -1.529277e+00 1.331050e+00 3.331089e-01 -6.955218e-01 4.760398e-01 -5.883849e-02 -1.402870e+00 -5.313159e-01 -4.904999e-01 -4.908657e-01 -1.412655e-01 5.628736e-02 -1.103865e-01 7.817645e-01 7.220753e-03
<VARIANCE> 25
 3.774304e+01 2.261093e+01 4.749781e+01 4.017775e+01 3.742729e+01 3.020700e+01 2.384661e+01 2.499682e+01 2.339155e+01 2.297243e+01 1.692655e+01 2.964977e+01 1.859236e+00 2.013572e+00 1.375056e+00 2.145017e+00 2.755651e+00 1.695215e+00 1.689962e+00 1.950060e+00 1.269449e+00 1.561391e+00 1.476574e+00 2.284873e+00 1.350430e-03
<GCONST> 8.660464e+01
<MIXTURE> 100 4.498084e-03
<MEAN> 25
 -1.600682e+00 6.344548e+00 1.027766e+01 -7.462107e+00 -1.078036e+01 -5.075758e+00 -4.940803e+00 -9.968493e+00 -4.718208e+00 -8.548737e-01 -2.733825e+00 -2.707030e+00 2.917584e+00 -1.260514e+00 1.299243e+00 -2.185016e+00 -3.419479e+00 -7.841966e-01 -1.218439e+00 -8.193364e-01 -1.475143e+00 3.470672e-01 -1.655709e+00 -2.860684e-01 2.007474e-03
<VARIANCE> 25
 1.364680e+01 2.105660e+01 2.246207e+01 2.642615e+01 2.303437e+01 2.371962e+01 2.911212e+01 2.170449e+01 2.747844e+01 2.264950e+01 2.240993e+01 2.134857e+01 1.799517e+00 3.953200e+00 2.920686e+00 4.291593e+00 4.183887e+00 4.536747e+00 4.015807e+00 4.341046e+00 4.168036e+00 3.896520e+00 3.909858e+00 3.224792e+00 1.675137e-03
<GCONST> 9.257218e+01
<MIXTURE> 101 6.007792e-03
<MEAN> 25
 7.923510e+00 -3.416396e+00 -6.045699e+00 -6.615567e+00 7.847152e-01 -1.239865e+00 -1.036283e+01 -1.914323e+00 1.595682e+00 2.595951e+00 -2.230438e+00 -5.075634e+00 6.550337e-01 6.412760e-01 -1.436461e+00 -1.558761e+00 1.041141e+00 2.256258e+00 2.026040e-01 -1.495348e+00 -1.022413e+00 1.016325e+00 1.343406e+00 -3.958607e-01 -4.977574e-03
<VARIANCE> 25
 9.603824e+00 1.674743e+01 3.073994e+01 4.323848e+01 3.584790e+01 3.534236e+01 3.798235e+01 3.682121e+01 3.672890e+01 4.298744e+01 5.102031e+01 2.377308e+01 3.094565e-01 6.543162e-01 1.187980e+00 1.563831e+00 1.669736e+00 2.155661e+00 2.138819e+00 1.983513e+00 2.313926e+00 2.177238e+00 1.740633e+00 2.013194e+00 3.502655e-04
<GCONST> 8.373477e+01
<MIXTURE> 102 6.007792e-03
<MEAN> 25
 7.923510e+00 -3.416396e+00 -6.045699e+00 -6.615567e+00 7.847152e-01 -1.239865e+00 -1.036283e+01 -1.914323e+00 1.595682e+00 2.595951e+00 -2.230438e+00 -5.075634e+00 6.550337e-01 6.412760e-01 -1.436461e+00 -1.558761e+00 1.041141e+00 2.256258e+00 2.026040e-01 -1.495348e+00 -1.022413e+00 1.016325e+00 1.343406e+00 -3.958607e-01 -4.977574e-03
<VARIANCE> 25
 9.603824e+00 1.674743e+01 3.073994e+01 4.323848e+01 3.584790e+01 3.534236e+01 3.798235e+01 3.682121e+01 3.672890e+01 4.298744e+01 5.102031e+01 2.377308e+01 3.094565e-01 6.543162e-01 1.187980e+00 1.563831e+00 1.669736e+00 2.155661e+00 2.138819e+00 1.983513e+00 2.313926e+00 2.177238e+00 1.740633e+00 2.013194e+00 3.502655e-04
<GCONST> 8.373477e+01
<MIXTURE> 103 5.694618e-03
<MEAN> 25
 3.363411e+00 -9.212834e+00 -5.984175e+00 -3.049082e+00 -1.234761e+00 -2.111678e+00 2.290834e+00 2.909559e+00 -4.240498e+00 -8.876544e+00 -4.982372e+00 3.961859e-01 -1.429580e-01 -1.474202e+00 -9.294421e-01 3.576585e-01 1.117129e+00 1.092275e+00 1.885812e-01 -2.471101e-01 -7.952272e-01 -8.644768e-01 -4.535443e-03 5.250373e-02 2.649243e-02
<VARIANCE> 25
 9.859959e+00 2.128475e+01 2.256083e+01 3.114244e+01 4.647292e+01 3.484793e+01 4.559468e+01 3.984294e+01 4.297482e+01 3.058140e+01 2.901465e+01 2.562878e+01 6.176816e-01 1.214668e+00 1.545441e+00 1.895181e+00 3.011070e+00 2.459169e+00 2.832514e+00 2.588716e+00 2.474355e+00 2.551071e+00 2.052787e+00 2.079593e+00 7.959157e-04
<GCONST> 8.747493e+01
<MIXTURE> 104 5.694618e-03
<MEAN> 25
 3.363411e+00 -9.212834e+00 -5.984175e+00 -3.049082e+00 -1.234761e+00 -2.111678e+00 2.290834e+00 2.909559e+00 -4.240498e+00 -8.876544e+00 -4.982372e+00 3.961859e-01 -1.429580e-01 -1.474202e+00 -9.294421e-01 3.576585e-01 1.117129e+00 1.092275e+00 1.885812e-01 -2.471101e-01 -7.952272e-01 -8.644768e-01 -4.535443e-03 5.250373e-02 2.649243e-02
<VARIANCE> 25
 9.859959e+00 2.128475e+01 2.256083e+01 3.114244e+01 4.647292e+01 3.484793e+01 4.559468e+01 3.984294e+01 4.297482e+01 3.058140e+01 2.901465e+01 2.562878e+01 6.176816e-01 1.214668e+00 1.545441e+00 1.895181e+00 3.011070e+00 2.459169e+00 2.832514e+00 2.588716e+00 2.474355e+00 2.551071e+00 2.052787e+00 2.079593e+00 7.959157e-04
<GCONST> 8.747493e+01
<MIXTURE> 105 4.710235e-03
<MEAN> 25
 2.283122e+00 -1.641843e+00 8.878258e+00 -2.725020e+00 -1.150695e+01 -4.931068e+00 -4.289364e+00 -6.005933e-01 -3.458759e+00 -3.190369e+00 1.409015e+00 -1.327364e+00 1.608185e-02 2.486215e-02 4.602956e-02 -8.870865e-03 -4.360678e-02 4.670800e-02 6.496583e-03 3.914034e-02 -3.938830e-02 3.892960e-02 2.167035e-02 -1.452679e-02 -2.021980e-03
<VARIANCE> 25
 1.303705e+01 2.851298e+01 4.317070e+01 4.362775e+01 3.678979e+01 5.220450e+01 4.029497e+01 4.280014e+01 4.212274e+01 4.057867e+01 4.085218e+01 3.065680e+01 8.243233e-02 1.835887e-01 3.359662e-01 3.204684e-01 4.231434e-01 4.150790e-01 4.680291e-01 4.784425e-01 4.816287e-01 4.327205e-01 4.126212e-01 3.905441e-01 8.844725e-05
<GCONST> 6.661360e+01
<MIXTURE> 106 4.710235e-03
<MEAN> 25
 2.283122e+00 -1.641843e+00 8.878258e+00 -2.725020e+00 -1.150695e+01 -4.931068e+00 -4.289364e+00 -6.005933e-01 -3.458759e+00 -3.190369e+00 1.409015e+00 -1.327364e+00 1.608185e-02 2.486215e-02 4.602956e-02 -8.870865e-03 -4.360678e-02 4.670800e-02 6.496583e-03 3.914034e-02 -3.938830e-02 3.892960e-02 2.167035e-02 -1.452679e-02 -2.021980e-03
<VARIANCE> 25
 1.303705e+01 2.851298e+01 4.317070e+01 4.362775e+01 3.678979e+01 5.220450e+01 4.029497e+01 4.280014e+01 4.212274e+01 4.057867e+01 4.085218e+01 3.065680e+01 8.243233e-02 1.835887e-01 3.359662e-01 3.204684e-01 4.231434e-01 4.150790e-01 4.680291e-01 4.784425e-01 4.816287e-01 4.327205e-01 4.126212e-01 3.905441e-01 8.844725e-05
<GCONST> 6.661360e+01
<MIXTURE> 107 5.452374e-03
<MEAN> 25
 8.612365e+00 -2.300493e+00 -8.005740e+00 -9.550928e+00 1.958712e+00 2.985547e+00 -8.611255e+00 -4.537226e+00 -8.670154e-01 3.383899e+00 8.716865e-01 -5.079155e+00 -6.101744e-01 -7.639322e-01 8.335578e-01 1.768927e+00 2.185640e-01 -2.007978e+00 -9.205090e-01 8.428253e-01 1.758940e+00 5.049150e-02 -1.657893e+00 -8.133647e-01 -1.876760e-03
<VARIANCE> 25
 9.416683e+00 2.044694e+01 2.855704e+01 4.267921e+01 3.571237e+01 3.855568e+01 5.127850e+01 3.626105e+01 4.571342e+01 4.157788e+01 5.131288e+01 3.028982e+01 3.547761e-01 9.707565e-01 1.459373e+00 2.411621e+00 2.291961e+00 2.820873e+00 2.609698e+00 2.545288e+00 2.306078e+00 3.023691e+00 1.945182e+00 2.210818e+00 7.057471e-04
<GCONST> 8.806396e+01
<MIXTURE> 108 5.452374e-03
<MEAN> 25
 8.612365e+00 -2.300493e+00 -8.005740e+00 -9.550928e+00 1.958712e+00 2.985547e+00 -8.611255e+00 -4.537226e+00 -8.670154e-01 3.383899e+00 8.716865e-01 -5.079155e+00 -6.101744e-01 -7.639322e-01 8.335578e-01 1.768927e+00 2.185640e-01 -2.007978e+00 -9.205090e-01 8.428253e-01 1.758940e+00 5.049150e-02 -1.657893e+00 -8.133647e-01 -1.876760e-03
<VARIANCE> 25
 9.416683e+00 2.044694e+01 2.855704e+01 4.267921e+01 3.571237e+01 3.855568e+01 5.127850e+01 3.626105e+01 4.571342e+01 4.157788e+01 5.131288e+01 3.028982e+01 3.547761e-01 9.707565e-01 1.459373e+00 2.411621e+00 2.291961e+00 2.820873e+00 2.609698e+00 2.545288e+00 2.306078e+00 3.023691e+00 1.945182e+00 2.210818e+00 7.057471e-04
<GCONST> 8.806396e+01
<MIXTURE> 109 6.661064e-03
<MEAN> 25
 3.990863e+00 -1.030424e+01 -7.807604e+00 -1.609714e+00 2.660726e+00 -5.316526e-02 -3.712537e-01 1.713380e+00 -2.243427e+00 -7.756165e+00 -5.185056e+00 -1.801364e-01 -3.367758e-02 -1.498415e-01 -2.552329e-02 2.738781e-01 1.546922e-01 1.054853e-01 -1.223600e-01 -1.046482e-01 -9.940291e-02 -4.017086e-02 2.338640e-01 2.709084e-02 -3.485671e-03
<VARIANCE> 25
 8.592069e+00 1.909887e+01 2.197039e+01 3.154229e+01 4.008976e+01 3.545315e+01 4.511610e+01 3.443249e+01 4.502787e+01 3.773714e+01 2.849376e+01 2.739575e+01 1.881371e-01 4.036217e-01 5.232421e-01 6.389920e-01 1.228310e+00 1.098915e+00 1.214931e+00 1.079472e+00 1.095482e+00 1.031072e+00 8.471734e-01 9.202328e-01 1.819807e-04
<GCONST> 7.445289e+01
<MIXTURE> 110 6.661064e-03
<MEAN> 25
 3.990863e+00 -1.030424e+01 -7.807604e+00 -1.609714e+00 2.660726e+00 -5.316526e-02 -3.712537e-01 1.713380e+00 -2.243427e+00 -7.756165e+00 -5.185056e+00 -1.801364e-01 -3.367758e-02 -1.498415e-01 -2.552329e-02 2.738781e-01 1.546922e-01 1.054853e-01 -1.223600e-01 -1.046482e-01 -9.940291e-02 -4.017086e-02 2.338640e-01 2.709084e-02 -3.485671e-03
<VARIANCE> 25
 8.592069e+00 1.909887e+01 2.197039e+01 3.154229e+01 4.008976e+01 3.545315e+01 4.511610e+01 3.443249e+01 4.502787e+01 3.773714e+01 2.849376e+01 2.739575e+01 1.881371e-01 4.036217e-01 5.232421e-01 6.389920e-01 1.228310e+00 1.098915e+00 1.214931e+00 1.079472e+00 1.095482e+00 1.031072e+00 8.471734e-01 9.202328e-01 1.819807e-04
<GCONST> 7.445289e+01
<MIXTURE> 111 4.337247e-03
<MEAN> 25
 -4.470073e+00 -8.988687e-01 -1.718429e+00 1.691966e+00 9.594471e-01 9.634334e-01 3.135741e-01 2.102777e-01 8.974256e-02 -5.456206e-01 -6.293951e-01 1.961623e+00 -2.118515e-02 -3.200265e-02 -7.108503e-02 -7.331114e-02 -3.819547e-02 6.535291e-03 -1.699466e-03 -5.969500e-02 -1.395383e-01 -2.032871e-01 -1.912193e-01 -1.055862e-01 -2.101495e-04
<VARIANCE> 25
 7.008131e+00 5.023887e+00 1.022603e+01 9.423598e+00 1.313254e+01 2.384449e+01 1.466722e+01 1.315904e+01 1.159994e+01 1.191792e+01 1.362525e+01 1.158812e+01 7.935216e-02 1.639024e-01 2.774252e-01 4.204202e-01 5.702947e-01 7.051361e-01 8.008088e-01 8.579115e-01 8.929359e-01 8.559892e-01 8.630193e-01 8.481816e-01 2.242595e-05
<GCONST> 5.601327e+01
<MIXTURE> 112 4.337247e-03
<MEAN> 25
 -4.470073e+00 -8.988687e-01 -1.718429e+00 1.691966e+00 9.594471e-01 9.634334e-01 3.135741e-01 2.102777e-01 8.974256e-02 -5.456206e-01 -6.293951e-01 1.961623e+00 -2.118515e-02 -3.200265e-02 -7.108503e-02 -7.331114e-02 -3.819547e-02 6.535291e-03 -1.699466e-03 -5.969500e-02 -1.395383e-01 -2.032871e-01 -1.912193e-01 -1.055862e-01 -2.101495e-04
<VARIANCE> 25
 7.008131e+00 5.023887e+00 1.022603e+01 9.423598e+00 1.313254e+01 2.384449e+01 1.466722e+01 1.315904e+01 1.159994e+01 1.191792e+01 1.362525e+01 1.158812e+01 7.935216e-02 1.639024e-01 2.774252e-01 4.204202e-01 5.702947e-01 7.051361e-01 8.008088e-01 8.579115e-01 8.929359e-01 8.559892e-01 8.630193e-01 8.481816e-01 2.242595e-05
<GCONST> 5.601327e+01
<MIXTURE> 113 5.938666e-03
<MEAN> 25
 9.956208e+00 1.752435e+00 -8.753683e+00 -1.702416e+01 -1.022841e+00 5.673824e+00 -5.267048e+00 -1.463493e+00 -5.674297e+00 -4.878178e-01 3.147650e-01 -2.072786e-01 3.331317e-03 1.278389e-02 -6.106566e-02 -1.120772e-01 1.019310e-01 1.501876e-01 6.111458e-02 3.613608e-02 -5.649484e-02 -5.104334e-02 1.794821e-01 3.512520e-02 -1.427356e-03
<VARIANCE> 25
 9.015155e+00 1.636271e+01 2.986252e+01 3.430023e+01 5.265730e+01 3.386237e+01 3.975132e+01 3.906006e+01 3.746874e+01 4.629702e+01 3.633030e+01 2.840881e+01 1.223072e-01 3.209352e-01 3.167542e-01 6.316192e-01 6.138296e-01 6.547119e-01 7.824661e-01 8.442868e-01 9.595760e-01 9.032027e-01 7.249944e-01 7.131140e-01 1.258479e-04
<GCONST> 7.114816e+01
<MIXTURE> 114 5.938666e-03
<MEAN> 25
 9.956208e+00 1.752435e+00 -8.753683e+00 -1.702416e+01 -1.022841e+00 5.673824e+00 -5.267048e+00 -1.463493e+00 -5.674297e+00 -4.878178e-01 3.147650e-01 -2.072786e-01 3.331317e-03 1.278389e-02 -6.106566e-02 -1.120772e-01 1.019310e-01 1.501876e-01 6.111458e-02 3.613608e-02 -5.649484e-02 -5.104334e-02 1.794821e-01 3.512520e-02 -1.427356e-03
<VARIANCE> 25
 9.015155e+00 1.636271e+01 2.986252e+01 3.430023e+01 5.265730e+01 3.386237e+01 3.975132e+01 3.906006e+01 3.746874e+01 4.629702e+01 3.633030e+01 2.840881e+01 1.223072e-01 3.209352e-01 3.167542e-01 6.316192e-01 6.138296e-01 6.547119e-01 7.824661e-01 8.442868e-01 9.595760e-01 9.032027e-01 7.249944e-01 7.131140e-01 1.258479e-04
<GCONST> 7.114816e+01
<MIXTURE> 115 2.935202e-03
<MEAN> 25
 -3.990796e+00 -4.900371e-01 -3.076538e+00 3.558112e+00 2.139132e+00 -4.661014e-01 2.355144e+00 4.808199e-01 1.343975e+00 -1.262797e-01 1.346497e-01 2.618308e+00 7.390259e-03 -5.181321e-02 -1.738003e-01 -4.537594e-01 -6.525155e-01 -7.031567e-01 -6.307387e-01 -5.136338e-01 -4.347107e-01 -4.602425e-01 -3.430692e-01 -1.400014e-01 -1.648491e-05
<VARIANCE> 25
 9.427030e+00 1.109724e+01 1.302653e+01 1.242229e+01 1.477633e+01 1.695115e+01 1.724193e+01 2.010122e+01 1.732992e+01 1.678686e+01 1.865594e+01 1.420920e+01 2.110949e-01 3.623213e-01 5.448497e-01 5.455992e-01 6.264518e-01 7.980641e-01 1.005797e+00 1.099385e+00 1.094280e+00 9.772400e-01 9.847366e-01 1.037139e+00 9.679036e-07
<GCONST> 6.017177e+01
<MIXTURE> 116 2.935202e-03
<MEAN> 25
 -3.990796e+00 -4.900371e-01 -3.076538e+00 3.558112e+00 2.139132e+00 -4.661014e-01 2.355144e+00 4.808199e-01 1.343975e+00 -1.262797e-01 1.346497e-01 2.618308e+00 7.390259e-03 -5.181321e-02 -1.738003e-01 -4.537594e-01 -6.525155e-01 -7.031567e-01 -6.307387e-01 -5.136338e-01 -4.347107e-01 -4.602425e-01 -3.430692e-01 -1.400014e-01 -1.648491e-05
<VARIANCE> 25
 9.427030e+00 1.109724e+01 1.302653e+01 1.242229e+01 1.477633e+01 1.695115e+01 1.724193e+01 2.010122e+01 1.732992e+01 1.678686e+01 1.865594e+01 1.420920e+01 2.110949e-01 3.623213e-01 5.448497e-01 5.455992e-01 6.264518e-01 7.980641e-01 1.005797e+00 1.099385e+00 1.094280e+00 9.772400e-01 9.847366e-01 1.037139e+00 9.679036e-07
<GCONST> 6.017177e+01
<MIXTURE> 117 6.506003e-03
<MEAN> 25
 -4.644643e+00 1.117808e+00 1.054468e+00 9.758389e+00 6.260082e+00 6.256408e+00 6.463137e+00 5.044465e+00 6.385660e+00 4.929130e+00 6.367169e+00 2.709930e+00 -7.502926e-02 -2.341421e-01 -3.583434e-01 -4.199651e-01 -3.675148e-01 -3.027198e-01 -2.873297e-01 -3.314510e-01 -3.917764e-01 -3.689879e-01 -2.631070e-01 -1.159727e-01 -9.049540e-06
<VARIANCE> 25
 7.187639e+00 8.753077e+00 9.809520e+00 1.430867e+01 1.561796e+01 1.535001e+01 1.772676e+01 1.796112e+01 1.640254e+01 1.637172e+01 1.674090e+01 1.475323e+01 2.166074e-01 3.075141e-01 4.261349e-01 6.171197e-01 8.536656e-01 1.055357e+00 1.177556e+00 1.232915e+00 1.223976e+00 1.194880e+00 1.167206e+00 1.113682e+00 9.999957e-07
<GCONST> 6.042886e+01
<MIXTURE> 118 6.506003e-03
<MEAN> 25
 -4.644643e+00 1.117808e+00 1.054468e+00 9.758389e+00 6.260082e+00 6.256408e+00 6.463137e+00 5.044465e+00 6.385660e+00 4.929130e+00 6.367169e+00 2.709930e+00 -7.502926e-02 -2.341421e-01 -3.583434e-01 -4.199651e-01 -3.675148e-01 -3.027198e-01 -2.873297e-01 -3.314510e-01 -3.917764e-01 -3.689879e-01 -2.631070e-01 -1.159727e-01 -9.049540e-06
<VARIANCE> 25
 7.187639e+00 8.753077e+00 9.809520e+00 1.430867e+01 1.561796e+01 1.535001e+01 1.772676e+01 1.796112e+01 1.640254e+01 1.637172e+01 1.674090e+01 1.475323e+01 2.166074e-01 3.075141e-01 4.261349e-01 6.171197e-01 8.536656e-01 1.055357e+00 1.177556e+00 1.232915e+00 1.223976e+00 1.194880e+00 1.167206e+00 1.113682e+00 9.999957e-07
<GCONST> 6.042886e+01
<MIXTURE> 119 4.297961e-03
<MEAN> 25
 -5.129341e+00 -7.353680e+00 2.431960e+00 2.015546e+00 2.037535e+00 -5.947277e-02 5.890232e+00 5.825351e+00 1.224279e+00 1.034046e+00 6.631618e+00 1.656875e+00 -4.742328e-02 -1.054900e-01 -2.987101e-03 -2.586281e-02 -1.546991e-01 -1.669690e-01 -6.303662e-02 6.779156e-03 -1.187859e-01 -1.538064e-01 2.653087e-02 -1.372509e-02 4.883218e-04
<VARIANCE> 25
 9.128283e+00 1.131463e+01 1.713788e+01 1.985525e+01 2.307085e+01 2.469939e+01 3.414700e+01 2.572427e+01 2.410150e+01 2.703379e+01 1.978071e+01 2.032800e+01 1.567415e-01 2.873550e-01 4.841836e-01 6.303973e-01 7.939176e-01 9.739174e-01 1.056755e+00 1.238062e+00 1.252050e+00 1.260104e+00 1.337617e+00 1.114652e+00 2.326025e-04
<GCONST> 7.022759e+01
<MIXTURE> 120 4.297961e-03
<MEAN> 25
 -5.129341e+00 -7.353680e+00 2.431960e+00 2.015546e+00 2.037535e+00 -5.947277e-02 5.890232e+00 5.825351e+00 1.224279e+00 1.034046e+00 6.631618e+00 1.656875e+00 -4.742328e-02 -1.054900e-01 -2.987101e-03 -2.586281e-02 -1.546991e-01 -1.669690e-01 -6.303662e-02 6.779156e-03 -1.187859e-01 -1.538064e-01 2.653087e-02 -1.372509e-02 4.883218e-04
<VARIANCE> 25
 9.128283e+00 1.131463e+01 1.713788e+01 1.985525e+01 2.307085e+01 2.469939e+01 3.414700e+01 2.572427e+01 2.410150e+01 2.703379e+01 1.978071e+01 2.032800e+01 1.567415e-01 2.873550e-01 4.841836e-01 6.303973e-01 7.939176e-01 9.739174e-01 1.056755e+00 1.238062e+00 1.252050e+00 1.260104e+00 1.337617e+00 1.114652e+00 2.326025e-04
<GCONST> 7.022759e+01
<MIXTURE> 121 4.567511e-03
<MEAN> 25
 2.099779e-01 -2.525610e+00 5.147003e+00 -1.289460e+01 -1.263575e+01 -1.659801e+00 9.923711e-01 -5.099666e+00 -4.191258e+00 -4.874396e-01 -5.503675e+00 -4.313773e+00 2.423197e-02 1.322445e-01 -4.158149e-02 7.971050e-02 1.589062e-01 7.789399e-02 -8.008631e-02 -1.834730e-01 -2.688793e-01 -2.568417e-01 -1.146136e-01 1.379183e-03 -7.435353e-03
<VARIANCE> 25
 7.731548e+00 1.563196e+01 1.729332e+01 2.040634e+01 2.451680e+01 2.927012e+01 2.955306e+01 2.464254e+01 3.531982e+01 2.832050e+01 1.975312e+01 2.116487e+01 1.551862e-01 6.431042e-01 6.226745e-01 7.049966e-01 7.723458e-01 1.150321e+00 1.118244e+00 1.120385e+00 1.216603e+00 1.193004e+00 9.415744e-01 8.718137e-01 2.115360e-04
<GCONST> 7.141132e+01
<MIXTURE> 122 4.567511e-03
<MEAN> 25
 2.099779e-01 -2.525610e+00 5.147003e+00 -1.289460e+01 -1.263575e+01 -1.659801e+00 9.923711e-01 -5.099666e+00 -4.191258e+00 -4.874396e-01 -5.503675e+00 -4.313773e+00 2.423197e-02 1.322445e-01 -4.158149e-02 7.971050e-02 1.589062e-01 7.789399e-02 -8.008631e-02 -1.834730e-01 -2.688793e-01 -2.568417e-01 -1.146136e-01 1.379183e-03 -7.435353e-03
<VARIANCE> 25
 7.731548e+00 1.563196e+01 1.729332e+01 2.040634e+01 2.451680e+01 2.927012e+01 2.955306e+01 2.464254e+01 3.531982e+01 2.832050e+01 1.975312e+01 2.116487e+01 1.551862e-01 6.431042e-01 6.226745e-01 7.049966e-01 7.723458e-01 1.150321e+00 1.118244e+00 1.120385e+00 1.216603e+00 1.193004e+00 9.415744e-01 8.718137e-01 2.115360e-04
<GCONST> 7.141132e+01
<MIXTURE> 123 4.393044e-03
<MEAN> 25
 -3.586568e+00 1.397421e+00 -4.054737e-01 6.380825e+00 4.762204e+00 3.742495e+00 3.366916e+00 2.117055e-01 7.267808e-01 -9.950387e-01 -3.152980e-01 3.877885e-01 -4.406210e-01 -7.041782e-01 -8.657265e-01 -4.057745e-01 -2.808089e-01 3.433090e-02 5.655842e-01 5.692437e-01 8.673788e-01 7.445412e-01 7.613793e-01 5.981309e-01 -4.537619e-03
<VARIANCE> 25
 1.094829e+01 9.591156e+00 1.493572e+01 1.937524e+01 2.128214e+01 2.513751e+01 1.984058e+01 1.648898e+01 1.767822e+01 1.612983e+01 2.279119e+01 1.929652e+01 3.280499e-01 3.502476e-01 4.499015e-01 9.228413e-01 1.007514e+00 1.443470e+00 1.236516e+00 1.160648e+00 1.202180e+00 1.296292e+00 1.096779e+00 1.162930e+00 1.102686e-04
<GCONST> 6.934810e+01
<MIXTURE> 124 4.069876e-03
<MEAN> 25
 -6.530468e+00 -1.191483e+00 -2.916052e+00 5.052817e+00 4.947980e+00 3.417735e+00 5.385839e+00 2.551954e+00 3.200960e+00 1.266718e+00 1.155120e+00 3.013430e+00 -2.059680e-01 -3.250716e-01 -3.641869e-01 -2.151905e-01 1.249421e-01 5.224115e-01 8.143883e-01 8.571982e-01 6.576706e-01 3.282799e-01 7.108618e-02 -2.620453e-02 5.490159e-05
<VARIANCE> 25
 1.125013e+01 7.031254e+00 1.110769e+01 1.315748e+01 1.216807e+01 2.001134e+01 1.549123e+01 1.703833e+01 1.537453e+01 1.604190e+01 1.934836e+01 1.460396e+01 1.048675e-01 1.686995e-01 2.702180e-01 4.168696e-01 5.964043e-01 7.095796e-01 7.496852e-01 8.149087e-01 9.067779e-01 9.889721e-01 1.007205e+00 9.896066e-01 1.796296e-05
<GCONST> 5.891465e+01
<MIXTURE> 125 4.069876e-03
<MEAN> 25
 -6.530468e+00 -1.191483e+00 -2.916052e+00 5.052817e+00 4.947980e+00 3.417735e+00 5.385839e+00 2.551954e+00 3.200960e+00 1.266718e+00 1.155120e+00 3.013430e+00 -2.059680e-01 -3.250716e-01 -3.641869e-01 -2.151905e-01 1.249421e-01 5.224115e-01 8.143883e-01 8.571982e-01 6.576706e-01 3.282799e-01 7.108618e-02 -2.620453e-02 5.490159e-05
<VARIANCE> 25
 1.125013e+01 7.031254e+00 1.110769e+01 1.315748e+01 1.216807e+01 2.001134e+01 1.549123e+01 1.703833e+01 1.537453e+01 1.604190e+01 1.934836e+01 1.460396e+01 1.048675e-01 1.686995e-01 2.702180e-01 4.168696e-01 5.964043e-01 7.095796e-01 7.496852e-01 8.149087e-01 9.067779e-01 9.889721e-01 1.007205e+00 9.896066e-01 1.796296e-05
<GCONST> 5.891465e+01
<MIXTURE> 126 2.402244e-03
<MEAN> 25
 -3.729132e+00 -6.861796e+00 -5.291439e+00 2.323665e+00 4.251093e+00 -3.292172e+00 -1.439639e-02 3.473457e+00 3.250563e+00 -2.673372e+00 -1.398408e+00 3.040848e+00 -1.192385e-02 -1.035367e-02 -2.984037e-02 -1.572126e-01 -3.226506e-01 -3.926025e-01 -2.705850e-01 -1.675488e-01 -1.157322e-01 -1.107310e-01 -9.229352e-02 -1.824221e-02 -1.541423e-03
<VARIANCE> 25
 7.656634e+00 1.314080e+01 1.377167e+01 1.512775e+01 2.448230e+01 2.386630e+01 2.321686e+01 2.897379e+01 3.173089e+01 2.604109e+01 2.176963e+01 1.911471e+01 1.789586e-01 3.493735e-01 4.867409e-01 5.643087e-01 7.526894e-01 9.963294e-01 1.112699e+00 1.263997e+00 1.316613e+00 1.302240e+00 1.205222e+00 1.157776e+00 2.093011e-04
<GCONST> 6.991644e+01
<MIXTURE> 127 2.402244e-03
<MEAN> 25
 -3.729132e+00 -6.861796e+00 -5.291439e+00 2.323665e+00 4.251093e+00 -3.292172e+00 -1.439639e-02 3.473457e+00 3.250563e+00 -2.673372e+00 -1.398408e+00 3.040848e+00 -1.192385e-02 -1.035367e-02 -2.984037e-02 -1.572126e-01 -3.226506e-01 -3.926025e-01 -2.705850e-01 -1.675488e-01 -1.157322e-01 -1.107310e-01 -9.229352e-02 -1.824221e-02 -1.541423e-03
<VARIANCE> 25
 7.656634e+00 1.314080e+01 1.377167e+01 1.512775e+01 2.448230e+01 2.386630e+01 2.321686e+01 2.897379e+01 3.173089e+01 2.604109e+01 2.176963e+01 1.911471e+01 1.789586e-01 3.493735e-01 4.867409e-01 5.643087e-01 7.526894e-01 9.963294e-01 1.112699e+00 1.263997e+00 1.316613e+00 1.302240e+00 1.205222e+00 1.157776e+00 2.093011e-04
<GCONST> 6.991644e+01
<MIXTURE> 128 3.790457e-03
<MEAN> 25
 -3.926065e+00 1.560832e+00 -3.471926e-01 6.551884e+00 3.601406e+00 1.859413e+00 3.574193e+00 2.344556e+00 3.954705e+00 3.666409e+00 3.756237e+00 3.507965e+00 -3.943223e-01 -2.001649e-01 9.413616e-02 7.225428e-01 1.183835e+00 1.139086e+00 7.207343e-01 1.298424e-01 -4.307367e-01 -7.827473e-01 -6.963279e-01 -3.903018e-01 -4.718665e-05
<VARIANCE> 25
 1.035736e+01 1.170618e+01 1.497952e+01 1.943263e+01 2.003292e+01 2.117791e+01 2.450433e+01 2.469949e+01 2.635379e+01 2.397921e+01 2.676124e+01 1.820068e+01 8.886837e-01 1.144246e+00 1.363989e+00 1.503136e+00 1.575673e+00 1.864208e+00 2.247136e+00 2.320906e+00 2.153942e+00 1.892277e+00 1.752163e+00 1.744131e+00 1.026409e-06
<GCONST> 7.370814e+01
<TRANSP> 3
 0.000000e+00 1.000000e+00 0.000000e+00
 0.000000e+00 9.999990e-01 9.999998e-07
 0.000000e+00 0.000000e+00 0.000000e+00
<ENDHMM>
