~o
<STREAMINFO> 1 25
<VECSIZE> 25<NULLD><MFCC_E_D_N><DIAGC>
~h "jmodel"
<BEGINHMM>
<NUMSTATES> 3
<STATE> 2
<NUMMIXES> 128
<MIXTURE> 1 5.748963e-03
<MEAN> 25
 -2.579071e+00 3.169162e+00 2.327315e+00 8.753162e+00 4.353021e+00 3.435852e+00 4.055101e+00 3.933986e+00 5.836934e+00 5.249090e+00 5.877115e+00 3.082716e+00 -2.002145e+00 -1.633874e+00 -8.635597e-01 1.078213e+00 1.561297e+00 2.230657e+00 2.156052e+00 2.078757e+00 1.689559e+00 1.267616e+00 1.560582e+00 6.140562e-01 -4.689873e-02
<VARIANCE> 25
 1.006715e+01 1.182112e+01 1.505654e+01 1.864657e+01 2.336083e+01 2.221204e+01 2.188381e+01 2.194211e+01 2.098226e+01 2.250612e+01 2.094077e+01 1.705361e+01 1.789025e+00 2.108486e+00 3.021864e+00 3.206024e+00 3.732502e+00 3.352123e+00 3.313421e+00 3.394812e+00 3.523339e+00 3.722459e+00 3.533123e+00 2.829345e+00 3.116304e-03
<GCONST> 8.847531e+01
<MIXTURE> 2 4.549242e-03
<MEAN> 25
 -4.875377e+00 1.315032e+00 9.905717e-01 9.896936e+00 6.691243e+00 7.422723e+00 7.848734e+00 6.957834e+00 8.372639e+00 6.370003e+00 7.618092e+00 3.072260e+00 -6.208941e-02 4.157889e-02 1.424749e-01 2.262732e-01 2.656333e-01 2.809696e-01 2.952788e-01 3.191114e-01 3.491851e-01 3.088641e-01 1.976939e-01 8.021052e-02 1.202647e-06
<VARIANCE> 25
 6.949053e+00 8.919343e+00 1.067425e+01 1.592069e+01 1.722963e+01 1.556308e+01 1.690075e+01 1.847979e+01 1.657993e+01 1.739755e+01 1.818008e+01 1.434573e+01 1.252083e-01 2.265652e-01 3.363188e-01 4.675196e-01 6.495610e-01 8.148907e-01 9.296055e-01 1.003133e+00 1.051788e+00 1.077265e+00 1.075878e+00 1.013560e+00 1.001031e-06
<GCONST> 5.805157e+01
<MIXTURE> 3 4.549242e-03
<MEAN> 25
 -4.875377e+00 1.315032e+00 9.905717e-01 9.896936e+00 6.691243e+00 7.422723e+00 7.848734e+00 6.957834e+00 8.372639e+00 6.370003e+00 7.618092e+00 3.072260e+00 -6.208941e-02 4.157889e-02 1.424749e-01 2.262732e-01 2.656333e-01 2.809696e-01 2.952788e-01 3.191114e-01 3.491851e-01 3.088641e-01 1.976939e-01 8.021052e-02 1.202647e-06
<VARIANCE> 25
 6.949053e+00 8.919343e+00 1.067425e+01 1.592069e+01 1.722963e+01 1.556308e+01 1.690075e+01 1.847979e+01 1.657993e+01 1.739755e+01 1.818008e+01 1.434573e+01 1.252083e-01 2.265652e-01 3.363188e-01 4.675196e-01 6.495610e-01 8.148907e-01 9.296055e-01 1.003133e+00 1.051788e+00 1.077265e+00 1.075878e+00 1.013560e+00 1.001031e-06
<GCONST> 5.805157e+01
<MIXTURE> 4 1.671429e-02
<MEAN> 25
 3.534303e+00 3.080847e+00 -4.077691e+00 5.479208e-01 4.290099e+00 -6.918340e-01 2.997391e-02 -3.995086e-01 1.077389e+00 1.666328e+00 -1.857958e+00 -3.599478e-02 -2.760278e+00 9.434586e-01 1.954003e+00 2.833691e+00 6.990386e-01 -1.113436e-01 1.706565e+00 1.034770e+00 7.621670e-01 4.735554e-01 6.975710e-01 9.635639e-01 -9.571860e-02
<VARIANCE> 25
 1.977662e+01 2.982772e+01 2.831897e+01 3.757424e+01 4.157943e+01 6.507397e+01 6.020156e+01 5.037804e+01 5.239418e+01 5.768266e+01 4.579599e+01 3.342959e+01 2.146942e+00 5.285388e+00 3.729542e+00 5.086138e+00 5.028488e+00 9.047606e+00 5.885236e+00 5.082034e+00 5.848385e+00 5.872153e+00 8.261094e+00 4.099536e+00 6.156411e-03
<GCONST> 1.051206e+02
<MIXTURE> 5 3.206198e-03
<MEAN> 25
 -3.419317e+00 2.194551e+00 5.920424e-01 9.416233e+00 6.692594e+00 6.311091e+00 7.123381e+00 4.728071e+00 5.497739e+00 3.838376e+00 4.634960e+00 2.593866e+00 -3.244818e-01 7.507566e-01 1.221785e+00 1.033270e+00 3.101393e-01 -1.019356e-01 -8.449402e-02 3.157271e-02 4.551156e-01 6.829669e-01 4.066993e-01 8.942154e-02 -2.789075e-05
<VARIANCE> 25
 1.022721e+01 1.397888e+01 2.356450e+01 2.562572e+01 2.018306e+01 1.938941e+01 2.012434e+01 2.033017e+01 2.137036e+01 2.127210e+01 2.426153e+01 1.638570e+01 1.207096e+00 1.243185e+00 1.357504e+00 1.669835e+00 2.281850e+00 2.371959e+00 2.296430e+00 2.271437e+00 2.313316e+00 2.233246e+00 2.083810e+00 1.870389e+00 1.005673e-06
<GCONST> 7.515853e+01
<MIXTURE> 6 5.475854e-03
<MEAN> 25
 9.167709e+00 -9.361780e-01 -6.075058e+00 -1.034394e+01 -2.014473e+00 8.001540e+00 -6.890658e+00 -5.366924e+00 -3.002261e+00 1.841502e+00 5.683102e+00 -1.001176e+00 4.722828e-01 8.688421e-01 -3.973964e-01 -1.400137e+00 -6.633452e-01 1.250159e+00 1.521585e+00 3.975620e-01 -1.214368e+00 -1.245669e+00 4.541341e-01 1.213619e+00 -7.153699e-03
<VARIANCE> 25
 8.015422e+00 1.439976e+01 2.205753e+01 3.682358e+01 2.819367e+01 2.983682e+01 3.924310e+01 3.942159e+01 4.561448e+01 3.267290e+01 3.790886e+01 2.372122e+01 2.459497e-01 6.620126e-01 7.509602e-01 1.722392e+00 1.251899e+00 2.143423e+00 1.518550e+00 2.172229e+00 2.086514e+00 1.701676e+00 1.914205e+00 1.206550e+00 4.542612e-04
<GCONST> 8.061271e+01
<MIXTURE> 7 5.475854e-03
<MEAN> 25
 9.167709e+00 -9.361780e-01 -6.075058e+00 -1.034394e+01 -2.014473e+00 8.001540e+00 -6.890658e+00 -5.366924e+00 -3.002261e+00 1.841502e+00 5.683102e+00 -1.001176e+00 4.722828e-01 8.688421e-01 -3.973964e-01 -1.400137e+00 -6.633452e-01 1.250159e+00 1.521585e+00 3.975620e-01 -1.214368e+00 -1.245669e+00 4.541341e-01 1.213619e+00 -7.153699e-03
<VARIANCE> 25
 8.015422e+00 1.439976e+01 2.205753e+01 3.682358e+01 2.819367e+01 2.983682e+01 3.924310e+01 3.942159e+01 4.561448e+01 3.267290e+01 3.790886e+01 2.372122e+01 2.459497e-01 6.620126e-01 7.509602e-01 1.722392e+00 1.251899e+00 2.143423e+00 1.518550e+00 2.172229e+00 2.086514e+00 1.701676e+00 1.914205e+00 1.206550e+00 4.542612e-04
<GCONST> 8.061271e+01
<MIXTURE> 8 1.165917e-02
<MEAN> 25
 -4.730313e+00 1.362878e+00 1.292670e+00 9.559890e+00 6.575485e+00 6.255127e+00 6.480102e+00 5.688744e+00 6.659296e+00 5.632578e+00 6.573717e+00 3.153071e+00 -6.298295e-01 -1.425818e+00 -1.071365e+00 -1.731278e+00 -2.311777e-01 -9.456126e-01 -1.777799e-01 -2.896228e-01 -2.530364e-01 -1.740436e-01 -2.133934e-01 8.129673e-02 9.889548e-02
<VARIANCE> 25
 9.339952e+00 9.847503e+00 1.161179e+01 1.605297e+01 1.663478e+01 1.570659e+01 1.812836e+01 1.751132e+01 1.704193e+01 1.737482e+01 1.887441e+01 1.399764e+01 2.757261e+00 2.815392e+00 3.907017e+00 3.761814e+00 3.455991e+00 3.315983e+00 3.128997e+00 3.080752e+00 2.871938e+00 2.655827e+00 2.434849e+00 1.902045e+00 6.681969e-03
<GCONST> 8.628763e+01
<MIXTURE> 9 1.199672e-02
<MEAN> 25
 9.288138e+00 3.410734e+00 -6.200852e+00 -1.064319e+01 -2.202710e+00 4.956430e+00 -2.199090e+00 -2.306784e+00 -5.399508e+00 -1.257664e+00 5.528591e-01 -2.693666e-03 1.441422e+00 -1.254760e-01 -4.952205e-01 -2.699970e+00 -1.638459e+00 8.528383e-01 -9.759560e-01 -2.297958e-01 -1.772986e-01 -5.778257e-01 6.125527e-01 -1.537007e-01 7.319398e-02
<VARIANCE> 25
 1.227077e+01 2.148784e+01 3.352293e+01 5.387813e+01 5.014707e+01 3.231147e+01 4.315391e+01 5.209798e+01 4.200514e+01 4.150773e+01 3.618743e+01 2.689647e+01 2.093866e+00 2.455620e+00 4.574737e+00 4.876627e+00 5.033511e+00 4.091846e+00 4.238649e+00 6.029642e+00 5.035598e+00 4.072513e+00 4.015003e+00 2.799829e+00 2.217547e-03
<GCONST> 9.881072e+01
<MIXTURE> 10 6.596976e-03
<MEAN> 25
 8.207337e-01 7.631032e+00 5.374370e+00 7.148125e+00 1.586275e+00 -2.116708e+00 -5.206695e-01 -1.684952e+00 8.753947e-01 8.600823e-01 8.369187e-01 6.569216e-01 -1.923801e+00 -6.722727e-01 -4.595798e-01 3.026949e+00 2.462885e+00 2.709146e+00 2.373071e+00 2.275949e+00 1.861038e+00 1.544081e+00 2.334130e+00 5.251253e-01 -1.380923e-01
<VARIANCE> 25
 1.953176e+01 2.069679e+01 2.230916e+01 2.904763e+01 3.830128e+01 3.492545e+01 3.514198e+01 3.382624e+01 2.760484e+01 2.903659e+01 2.695404e+01 2.500398e+01 2.236142e+00 3.426819e+00 5.535402e+00 5.170079e+00 5.549464e+00 4.469852e+00 4.698966e+00 4.847371e+00 4.387238e+00 5.020296e+00 4.445087e+00 3.190140e+00 2.699572e-03
<GCONST> 9.745859e+01
<MIXTURE> 11 1.633820e-02
<MEAN> 25
 6.798361e+00 3.772602e+00 3.135292e+00 5.575786e+00 -2.753571e+00 -2.065229e+00 -2.381061e+00 -4.768682e+00 -3.029731e+00 -2.819830e-01 -2.670005e+00 -1.530681e+00 -2.508441e-01 5.319247e-01 9.772514e-03 8.255521e-02 7.830748e-01 -1.057702e-01 3.149044e-01 -9.323823e-02 -2.419088e-01 2.780914e-03 -1.277728e-01 -3.448336e-02 -1.955650e-02
<VARIANCE> 25
 1.165387e+01 2.675461e+01 2.075839e+01 2.824329e+01 3.853842e+01 3.425293e+01 4.041326e+01 4.213956e+01 4.118343e+01 2.946026e+01 3.067670e+01 2.588308e+01 9.676373e-01 1.275906e+00 1.622879e+00 2.074862e+00 2.149633e+00 1.901095e+00 2.113891e+00 2.346068e+00 2.051623e+00 1.671295e+00 1.746711e+00 1.560781e+00 9.613170e-04
<GCONST> 8.618860e+01
<MIXTURE> 12 5.904134e-03
<MEAN> 25
 1.042015e+01 3.534054e+00 -4.459109e+00 -1.505025e+01 -8.191314e+00 8.698701e+00 -8.043176e-01 -1.055620e+00 -2.302259e+00 -4.731379e+00 2.128839e+00 8.675754e-01 5.808119e-02 3.298139e-01 6.475221e-02 -4.367840e-01 -2.572684e-01 1.341403e-01 3.014117e-01 4.512503e-01 5.565597e-02 -4.061455e-01 -3.734166e-01 4.894758e-02 -6.526135e-03
<VARIANCE> 25
 8.780529e+00 1.905247e+01 2.104560e+01 3.878926e+01 3.910483e+01 2.888614e+01 3.920950e+01 5.076896e+01 4.259122e+01 3.368958e+01 3.646242e+01 2.574479e+01 2.276620e-01 6.274410e-01 6.306946e-01 1.166197e+00 1.099810e+00 1.041026e+00 1.077559e+00 1.318906e+00 1.286051e+00 1.167090e+00 1.146581e+00 8.768368e-01 5.170349e-04
<GCONST> 7.758837e+01
<MIXTURE> 13 5.904134e-03
<MEAN> 25
 1.042015e+01 3.534054e+00 -4.459109e+00 -1.505025e+01 -8.191314e+00 8.698701e+00 -8.043176e-01 -1.055620e+00 -2.302259e+00 -4.731379e+00 2.128839e+00 8.675754e-01 5.808119e-02 3.298139e-01 6.475221e-02 -4.367840e-01 -2.572684e-01 1.341403e-01 3.014117e-01 4.512503e-01 5.565597e-02 -4.061455e-01 -3.734166e-01 4.894758e-02 -6.526135e-03
<VARIANCE> 25
 8.780529e+00 1.905247e+01 2.104560e+01 3.878926e+01 3.910483e+01 2.888614e+01 3.920950e+01 5.076896e+01 4.259122e+01 3.368958e+01 3.646242e+01 2.574479e+01 2.276620e-01 6.274410e-01 6.306946e-01 1.166197e+00 1.099810e+00 1.041026e+00 1.077559e+00 1.318906e+00 1.286051e+00 1.167090e+00 1.146581e+00 8.768368e-01 5.170349e-04
<GCONST> 7.758837e+01
<MIXTURE> 14 6.488954e-03
<MEAN> 25
 -4.318972e+00 -3.759053e-01 -3.144841e-01 8.912275e+00 7.515066e+00 7.377636e+00 7.830863e+00 7.326346e+00 7.252904e+00 5.226399e+00 6.863017e+00 4.100309e+00 -2.744216e-01 1.934578e-01 3.651519e-01 3.106628e-01 7.314622e-03 5.981633e-02 9.673061e-02 1.766774e-01 2.955673e-01 5.399448e-01 5.067608e-01 7.638484e-02 -9.340221e-03
<VARIANCE> 25
 9.284272e+00 1.388305e+01 1.865823e+01 1.782125e+01 2.090083e+01 1.960506e+01 2.149472e+01 2.062591e+01 2.007407e+01 2.390704e+01 2.142525e+01 1.598681e+01 9.617642e-01 1.640131e+00 1.773692e+00 1.935002e+00 2.245610e+00 2.258575e+00 2.256661e+00 2.240677e+00 2.284416e+00 2.506830e+00 2.196621e+00 1.812816e+00 1.029555e-03
<GCONST> 8.191410e+01
<MIXTURE> 15 2.475190e-03
<MEAN> 25
 -5.423540e+00 -6.384283e-01 -2.080645e-01 7.366240e+00 5.717771e+00 5.696784e+00 6.059906e+00 4.981612e+00 5.170634e+00 4.157429e+00 5.495316e+00 2.538289e+00 -1.212675e-01 -2.944530e-02 7.486685e-02 2.437355e-01 4.894469e-01 7.862771e-01 1.071573e+00 1.181638e+00 1.058104e+00 7.561579e-01 4.204764e-01 1.538625e-01 -8.669036e-05
<VARIANCE> 25
 6.978682e+00 5.643828e+00 9.081040e+00 1.280665e+01 1.407108e+01 1.431178e+01 1.490853e+01 1.489090e+01 1.412809e+01 1.418197e+01 1.514870e+01 1.250155e+01 1.246581e-01 2.061176e-01 3.195367e-01 5.026827e-01 6.990321e-01 7.930949e-01 7.634231e-01 7.912810e-01 9.100309e-01 1.023105e+00 1.071117e+00 1.040616e+00 2.795192e-05
<GCONST> 5.859628e+01
<MIXTURE> 16 2.475190e-03
<MEAN> 25
 -5.423540e+00 -6.384283e-01 -2.080645e-01 7.366240e+00 5.717771e+00 5.696784e+00 6.059906e+00 4.981612e+00 5.170634e+00 4.157429e+00 5.495316e+00 2.538289e+00 -1.212675e-01 -2.944530e-02 7.486685e-02 2.437355e-01 4.894469e-01 7.862771e-01 1.071573e+00 1.181638e+00 1.058104e+00 7.561579e-01 4.204764e-01 1.538625e-01 -8.669036e-05
<VARIANCE> 25
 6.978682e+00 5.643828e+00 9.081040e+00 1.280665e+01 1.407108e+01 1.431178e+01 1.490853e+01 1.489090e+01 1.412809e+01 1.418197e+01 1.514870e+01 1.250155e+01 1.246581e-01 2.061176e-01 3.195367e-01 5.026827e-01 6.990321e-01 7.930949e-01 7.634231e-01 7.912810e-01 9.100309e-01 1.023105e+00 1.071117e+00 1.040616e+00 2.795192e-05
<GCONST> 5.859628e+01
<MIXTURE> 17 9.518312e-03
<MEAN> 25
 4.190151e+00 -1.092761e+00 5.979672e+00 3.258642e+00 -5.600582e+00 -5.896539e+00 -2.384961e+00 4.026183e-01 -2.655092e+00 -2.718827e+00 -4.363250e-01 6.061369e-01 -7.667052e-01 -1.516757e+00 1.614483e+00 -2.003354e+00 -2.720457e+00 -2.989097e-01 2.765349e-02 8.572469e-01 -1.054490e-01 -1.045419e-02 1.343144e+00 5.765976e-01 7.720170e-02
<VARIANCE> 25
 1.433609e+01 2.942023e+01 2.799739e+01 3.324374e+01 4.251298e+01 4.008740e+01 3.488980e+01 2.872437e+01 2.966972e+01 2.342088e+01 2.764204e+01 2.310449e+01 1.489231e+00 2.885213e+00 3.494731e+00 2.568972e+00 4.149476e+00 4.332643e+00 4.248082e+00 3.713636e+00 3.394831e+00 3.552081e+00 3.013817e+00 2.333235e+00 1.839823e-03
<GCONST> 9.362372e+01
<MIXTURE> 18 1.221018e-02
<MEAN> 25
 3.337900e+00 3.700670e+00 7.378215e+00 4.819268e+00 -4.466767e+00 -8.185802e+00 -1.727929e+00 -9.139251e-01 -3.658173e+00 -2.232571e+00 -8.066649e-01 7.447989e-01 -8.642982e-01 2.069121e+00 -1.483212e-01 1.631027e+00 2.932173e+00 1.321657e+00 9.857846e-01 -1.585978e-01 6.228680e-01 7.089144e-01 -4.816921e-01 3.057750e-02 -1.108799e-01
<VARIANCE> 25
 1.646532e+01 2.851247e+01 4.013666e+01 2.306065e+01 3.664640e+01 2.998170e+01 3.631450e+01 3.112559e+01 4.052058e+01 3.148270e+01 2.960520e+01 2.829572e+01 2.722888e+00 2.696883e+00 4.791241e+00 4.610820e+00 3.715597e+00 4.169098e+00 4.686968e+00 4.021251e+00 4.043415e+00 4.504729e+00 4.360442e+00 3.250162e+00 4.403103e-03
<GCONST> 9.773664e+01
<MIXTURE> 19 9.912824e-03
<MEAN> 25
 -1.060479e+01 1.911913e+00 5.335725e-01 1.093481e+00 3.871693e+00 9.065080e-01 3.909072e+00 6.881829e-01 1.401538e+00 1.171990e+00 8.831029e-01 2.634778e+00 2.270744e+00 1.586035e+00 2.125733e+00 8.197911e-01 -1.063813e+00 -1.032954e+00 -1.157795e+00 -1.304910e+00 -1.440251e+00 -1.100750e+00 -7.185870e-01 -8.674352e-01 1.429981e-03
<VARIANCE> 25
 5.293882e+01 2.763842e+01 4.499416e+01 4.962189e+01 3.132740e+01 3.433364e+01 3.090016e+01 2.824647e+01 2.959406e+01 2.450721e+01 2.868568e+01 2.123739e+01 2.625390e+00 2.403566e+00 2.478996e+00 2.378943e+00 2.461149e+00 2.112502e+00 2.445071e+00 2.261685e+00 1.948489e+00 1.874707e+00 2.177312e+00 1.659763e+00 2.309675e-03
<GCONST> 9.118228e+01
<MIXTURE> 20 6.308331e-03
<MEAN> 25
 -1.407346e+01 7.216724e+00 6.656398e-01 6.221693e+00 4.916642e+00 1.048221e+00 5.126663e+00 5.824500e-01 5.977176e-01 7.220607e-01 2.386513e+00 -8.182365e-02 -3.204382e+00 -8.852317e-01 -1.598688e+00 3.775400e-01 1.468596e+00 2.029197e+00 2.007713e+00 1.986331e+00 2.013492e+00 1.994686e+00 1.617968e+00 9.707366e-01 4.659906e-02
<VARIANCE> 25
 1.918330e+01 2.343419e+01 3.030746e+01 3.571709e+01 2.969348e+01 3.361802e+01 2.893090e+01 3.158542e+01 2.917098e+01 2.705310e+01 2.493906e+01 2.098384e+01 2.131478e+00 2.113475e+00 1.976969e+00 2.535513e+00 2.703013e+00 2.235206e+00 2.246551e+00 2.353064e+00 2.508013e+00 2.613326e+00 2.233392e+00 1.810600e+00 1.813701e-03
<GCONST> 8.924279e+01
<MIXTURE> 21 7.928653e-03
<MEAN> 25
 3.894100e+00 -5.293005e+00 6.336539e+00 1.810821e+00 -1.007935e+01 -8.565939e+00 -2.972113e+00 3.889543e+00 -1.291439e+00 -4.074409e+00 6.711915e-02 1.460038e-01 -7.432392e-01 1.350737e+00 2.297868e+00 -2.867107e-01 -1.199919e+00 3.251617e-01 5.609711e-01 -1.447310e+00 -1.798451e+00 4.189503e-01 9.159055e-01 1.718623e-01 -1.403151e-02
<VARIANCE> 25
 7.100171e+00 1.625140e+01 2.609398e+01 4.519035e+01 2.241283e+01 2.559882e+01 3.355993e+01 3.490823e+01 5.293391e+01 2.851810e+01 3.464289e+01 1.791308e+01 3.712296e-01 8.459028e-01 1.670286e+00 1.315365e+00 2.318294e+00 2.008730e+00 3.327835e+00 1.995834e+00 1.960928e+00 2.640350e+00 2.151796e+00 1.947578e+00 4.409991e-04
<GCONST> 8.334753e+01
<MIXTURE> 22 8.827789e-03
<MEAN> 25
 -1.788812e+01 7.108075e+00 -4.114820e+00 7.416574e+00 4.610085e+00 2.581473e+00 8.370149e+00 1.653345e+00 5.146631e+00 3.231911e+00 5.555332e+00 1.280541e+00 -3.306089e-01 -2.064588e-01 -1.086887e-01 -1.714550e-01 -1.307171e-02 1.683386e-01 1.966822e-01 1.973919e-01 2.469698e-01 1.899746e-01 1.738116e-01 1.960238e-01 9.394204e-03
<VARIANCE> 25
 8.083948e+00 1.666415e+01 1.713087e+01 2.481783e+01 2.249208e+01 2.219232e+01 1.923502e+01 1.895971e+01 2.052860e+01 2.075010e+01 2.017110e+01 1.402559e+01 1.098323e+00 1.343875e+00 1.360086e+00 1.609182e+00 1.392872e+00 1.550052e+00 1.493086e+00 1.531709e+00 1.595156e+00 1.541100e+00 1.349410e+00 1.147345e+00 1.729640e-03
<GCONST> 7.846022e+01
<MIXTURE> 23 6.455497e-03
<MEAN> 25
 7.615014e+00 1.950916e+00 2.316807e+00 1.846111e+00 -4.577940e+00 -2.234467e+00 -3.475985e+00 -4.660590e+00 -4.433485e+00 -5.542532e-01 -3.129681e+00 -1.690731e+00 5.732629e-02 2.545814e-01 -1.026558e-01 -2.129479e-02 -2.525751e-02 -2.872705e-04 1.470216e-01 6.753179e-02 1.322585e-01 -5.814093e-02 1.014916e-02 4.726205e-02 -4.676102e-03
<VARIANCE> 25
 9.636366e+00 2.112708e+01 2.374870e+01 3.639336e+01 3.267305e+01 5.025123e+01 5.271091e+01 6.040505e+01 5.000019e+01 4.031947e+01 4.577954e+01 3.489799e+01 1.114170e-01 2.893377e-01 3.949026e-01 4.495377e-01 5.438498e-01 9.228115e-01 8.338823e-01 8.292440e-01 9.649048e-01 8.376673e-01 7.095929e-01 6.865743e-01 8.177105e-05
<GCONST> 7.191439e+01
<MIXTURE> 24 6.455497e-03
<MEAN> 25
 7.615014e+00 1.950916e+00 2.316807e+00 1.846111e+00 -4.577940e+00 -2.234467e+00 -3.475985e+00 -4.660590e+00 -4.433485e+00 -5.542532e-01 -3.129681e+00 -1.690731e+00 5.732629e-02 2.545814e-01 -1.026558e-01 -2.129479e-02 -2.525751e-02 -2.872705e-04 1.470216e-01 6.753179e-02 1.322585e-01 -5.814093e-02 1.014916e-02 4.726205e-02 -4.676102e-03
<VARIANCE> 25
 9.636366e+00 2.112708e+01 2.374870e+01 3.639336e+01 3.267305e+01 5.025123e+01 5.271091e+01 6.040505e+01 5.000019e+01 4.031947e+01 4.577954e+01 3.489799e+01 1.114170e-01 2.893377e-01 3.949026e-01 4.495377e-01 5.438498e-01 9.228115e-01 8.338823e-01 8.292440e-01 9.649048e-01 8.376673e-01 7.095929e-01 6.865743e-01 8.177105e-05
<GCONST> 7.191439e+01
<MIXTURE> 25 1.118642e-02
<MEAN> 25
 4.005262e-01 2.646589e+00 1.630726e+01 -5.098940e-01 -1.095724e+01 -1.655850e+00 -4.796484e+00 -2.624189e+00 -7.153032e+00 -5.511335e+00 4.148192e+00 -1.513875e+00 -1.743448e-01 4.479751e-01 1.880971e-01 9.396199e-02 2.597703e-01 4.382179e-02 2.437062e-01 -1.960378e-01 -2.314416e-01 2.021082e-01 -1.529391e-01 -6.347811e-02 -1.321835e-02
<VARIANCE> 25
 8.360229e+00 2.718828e+01 2.169682e+01 3.230605e+01 3.034027e+01 4.663307e+01 2.590324e+01 2.924648e+01 2.795497e+01 3.573154e+01 1.980815e+01 2.558387e+01 6.435109e-01 1.348585e+00 1.525313e+00 1.445962e+00 2.135270e+00 1.956310e+00 1.900250e+00 1.583931e+00 1.607880e+00 1.791645e+00 1.352435e+00 1.248179e+00 1.212438e-03
<GCONST> 8.299251e+01
<MIXTURE> 26 7.727677e-03
<MEAN> 25
 2.172077e+00 -6.412354e+00 -1.032806e+01 -8.839256e-01 7.961632e+00 5.503043e+00 4.019905e+00 -3.609885e-01 2.557283e+00 -8.336478e-01 -2.900392e+00 -1.187960e+00 -6.273426e-01 6.030379e-01 3.708010e-01 7.077720e-01 1.420780e-01 2.038718e-01 2.537286e-01 3.677440e-01 3.006939e-01 7.888933e-02 3.774111e-01 4.115096e-01 -5.195076e-02
<VARIANCE> 25
 2.450616e+01 3.403421e+01 2.525484e+01 6.354592e+01 3.821758e+01 4.202745e+01 4.523820e+01 4.330361e+01 4.172431e+01 5.379840e+01 3.973664e+01 4.736436e+01 1.637572e+00 1.959055e+00 1.958474e+00 1.968075e+00 2.352640e+00 2.411910e+00 2.537700e+00 2.766346e+00 2.285385e+00 2.283294e+00 2.138354e+00 1.981457e+00 3.265209e-03
<GCONST> 9.384350e+01
<MIXTURE> 27 7.727677e-03
<MEAN> 25
 2.172077e+00 -6.412354e+00 -1.032806e+01 -8.839256e-01 7.961632e+00 5.503043e+00 4.019905e+00 -3.609885e-01 2.557283e+00 -8.336478e-01 -2.900392e+00 -1.187960e+00 -6.273426e-01 6.030379e-01 3.708010e-01 7.077720e-01 1.420780e-01 2.038718e-01 2.537286e-01 3.677440e-01 3.006939e-01 7.888933e-02 3.774111e-01 4.115096e-01 -5.195076e-02
<VARIANCE> 25
 2.450616e+01 3.403421e+01 2.525484e+01 6.354592e+01 3.821758e+01 4.202745e+01 4.523820e+01 4.330361e+01 4.172431e+01 5.379840e+01 3.973664e+01 4.736436e+01 1.637572e+00 1.959055e+00 1.958474e+00 1.968075e+00 2.352640e+00 2.411910e+00 2.537700e+00 2.766346e+00 2.285385e+00 2.283294e+00 2.138354e+00 1.981457e+00 3.265209e-03
<GCONST> 9.384350e+01
<MIXTURE> 28 5.036674e-03
<MEAN> 25
 -5.417006e+00 2.551186e-01 -1.728842e+00 6.521881e+00 5.207189e+00 3.533089e+00 5.633889e+00 3.267761e+00 4.008682e+00 2.303164e+00 2.399584e+00 3.041143e+00 -1.202539e-01 2.111100e-01 5.114574e-01 8.035545e-01 8.381107e-01 6.586426e-01 4.987652e-01 3.570608e-01 4.049211e-01 4.746360e-01 4.076419e-01 2.008539e-01 6.489359e-06
<VARIANCE> 25
 1.013918e+01 9.823451e+00 1.252036e+01 1.467652e+01 1.427911e+01 1.718713e+01 1.898215e+01 1.903210e+01 1.686983e+01 1.646715e+01 2.161979e+01 1.547446e+01 2.492664e-01 3.307193e-01 4.027794e-01 4.623647e-01 6.114259e-01 8.799301e-01 1.042254e+00 1.144739e+00 1.114748e+00 1.000300e+00 1.045124e+00 1.037735e+00 1.021245e-06
<GCONST> 6.036980e+01
<MIXTURE> 29 5.036674e-03
<MEAN> 25
 -5.417006e+00 2.551186e-01 -1.728842e+00 6.521881e+00 5.207189e+00 3.533089e+00 5.633889e+00 3.267761e+00 4.008682e+00 2.303164e+00 2.399584e+00 3.041143e+00 -1.202539e-01 2.111100e-01 5.114574e-01 8.035545e-01 8.381107e-01 6.586426e-01 4.987652e-01 3.570608e-01 4.049211e-01 4.746360e-01 4.076419e-01 2.008539e-01 6.489359e-06
<VARIANCE> 25
 1.013918e+01 9.823451e+00 1.252036e+01 1.467652e+01 1.427911e+01 1.718713e+01 1.898215e+01 1.903210e+01 1.686983e+01 1.646715e+01 2.161979e+01 1.547446e+01 2.492664e-01 3.307193e-01 4.027794e-01 4.623647e-01 6.114259e-01 8.799301e-01 1.042254e+00 1.144739e+00 1.114748e+00 1.000300e+00 1.045124e+00 1.037735e+00 1.021245e-06
<GCONST> 6.036980e+01
<MIXTURE> 30 8.917812e-03
<MEAN> 25
 -4.481857e+00 2.437700e-03 4.430644e-01 9.023739e+00 7.708679e+00 7.356194e+00 7.525349e+00 6.805022e+00 6.605237e+00 4.894943e+00 6.718215e+00 3.409224e+00 -2.558118e-02 3.255499e-02 5.619738e-02 8.925790e-02 8.572251e-02 4.589720e-02 1.785467e-02 -7.030028e-03 2.860309e-03 6.210720e-02 7.900389e-02 4.680427e-02 -6.474343e-04
<VARIANCE> 25
 6.781787e+00 1.105447e+01 1.177091e+01 1.357617e+01 1.558383e+01 1.697065e+01 1.886660e+01 1.809710e+01 1.625947e+01 1.803294e+01 2.386245e+01 1.438310e+01 9.532255e-02 1.989868e-01 3.178071e-01 4.753090e-01 6.202736e-01 7.214764e-01 7.683918e-01 8.068990e-01 8.620429e-01 9.222314e-01 9.234112e-01 8.592761e-01 4.998253e-05
<GCONST> 6.076629e+01
<MIXTURE> 31 4.136493e-03
<MEAN> 25
 -3.288333e+00 -5.663151e+00 5.401286e-02 4.888045e+00 3.681520e+00 1.671123e+00 5.226083e+00 6.641359e+00 2.739947e+00 1.233083e+00 6.496367e+00 3.146745e+00 2.522042e-01 4.757101e-01 -2.163997e-01 3.083175e-01 1.212084e-01 4.227775e-01 1.952262e-01 1.512775e-02 3.816505e-01 3.818473e-01 1.020175e-01 1.146613e-01 -1.846706e-02
<VARIANCE> 25
 7.213740e+00 1.556192e+01 1.759775e+01 1.796425e+01 2.530784e+01 2.391721e+01 2.368286e+01 2.528643e+01 2.592760e+01 2.795020e+01 2.066255e+01 1.870839e+01 1.913586e-01 4.934227e-01 6.080484e-01 7.667031e-01 9.674228e-01 1.089681e+00 1.224205e+00 1.390153e+00 1.346609e+00 1.312558e+00 1.248371e+00 1.131475e+00 2.568339e-04
<GCONST> 7.187682e+01
<MIXTURE> 32 4.136493e-03
<MEAN> 25
 -3.288333e+00 -5.663151e+00 5.401286e-02 4.888045e+00 3.681520e+00 1.671123e+00 5.226083e+00 6.641359e+00 2.739947e+00 1.233083e+00 6.496367e+00 3.146745e+00 2.522042e-01 4.757101e-01 -2.163997e-01 3.083175e-01 1.212084e-01 4.227775e-01 1.952262e-01 1.512775e-02 3.816505e-01 3.818473e-01 1.020175e-01 1.146613e-01 -1.846706e-02
<VARIANCE> 25
 7.213740e+00 1.556192e+01 1.759775e+01 1.796425e+01 2.530784e+01 2.391721e+01 2.368286e+01 2.528643e+01 2.592760e+01 2.795020e+01 2.066255e+01 1.870839e+01 1.913586e-01 4.934227e-01 6.080484e-01 7.667031e-01 9.674228e-01 1.089681e+00 1.224205e+00 1.390153e+00 1.346609e+00 1.312558e+00 1.248371e+00 1.131475e+00 2.568339e-04
<GCONST> 7.187682e+01
<MIXTURE> 33 1.508826e-02
<MEAN> 25
 6.076155e+00 -4.281795e+00 -1.728927e+00 -1.994653e+00 -2.138692e+00 -5.479397e+00 -8.153987e+00 2.261833e+00 2.042173e+00 -1.392441e-01 -3.764183e+00 -2.078637e+00 7.839632e-01 -8.525087e-01 -2.592574e+00 -1.913872e+00 1.553561e+00 1.650467e+00 -1.156018e+00 -3.451107e-02 1.466875e+00 9.988979e-01 -3.893256e-01 -1.392573e+00 2.842815e-02
<VARIANCE> 25
 9.666034e+00 1.822814e+01 2.569531e+01 3.280132e+01 3.499371e+01 3.817485e+01 4.074948e+01 4.254761e+01 3.612376e+01 3.771036e+01 3.362619e+01 2.804187e+01 1.057600e+00 2.103201e+00 1.992738e+00 1.867428e+00 3.602945e+00 3.189209e+00 4.391744e+00 7.024012e+00 4.180831e+00 4.605882e+00 3.047196e+00 2.336434e+00 1.642766e-03
<GCONST> 9.307003e+01
<MIXTURE> 34 1.588179e-02
<MEAN> 25
 8.608345e+00 -6.701584e-01 1.193081e-01 1.410296e+00 -3.365613e+00 -1.410573e+00 -5.675286e+00 -4.299109e+00 -1.069890e+00 4.421056e-01 -2.606169e+00 -3.685664e+00 4.907405e-03 1.316720e+00 1.346989e+00 2.487539e+00 -1.146205e-01 -3.754005e-01 8.357993e-01 -1.495828e+00 -9.955288e-01 1.891119e-01 -5.634094e-01 2.946692e-01 -6.157989e-02
<VARIANCE> 25
 8.314690e+00 3.897729e+01 2.836775e+01 4.930411e+01 4.345111e+01 4.829162e+01 5.503075e+01 5.497688e+01 5.912978e+01 4.142650e+01 4.531163e+01 2.960352e+01 1.221953e+00 1.912778e+00 4.300407e+00 4.147034e+00 5.782289e+00 6.023434e+00 5.244842e+00 6.056692e+00 5.119130e+00 4.719676e+00 4.725691e+00 3.686556e+00 1.120265e-03
<GCONST> 9.962721e+01
<MIXTURE> 35 1.467755e-02
<MEAN> 25
 -2.153736e+00 -5.228532e+00 -9.964473e+00 2.211293e-01 9.700300e+00 7.804890e-01 1.615855e+00 2.525762e+00 1.453778e+00 4.575728e+00 3.009133e-02 1.888499e+00 5.457754e-01 -1.114891e+00 -1.426123e+00 -1.382511e+00 4.069065e-01 -8.012051e-01 -6.783609e-01 -1.308476e-01 -1.609885e-01 1.634771e-01 -6.547300e-01 -4.947791e-01 1.074721e-01
<VARIANCE> 25
 1.961938e+01 2.968860e+01 4.354903e+01 6.234431e+01 4.207935e+01 5.758014e+01 5.095985e+01 4.360472e+01 5.053418e+01 3.849310e+01 3.665336e+01 3.095153e+01 3.476078e+00 3.576707e+00 6.791275e+00 5.557281e+00 5.227092e+00 5.583414e+00 4.940065e+00 4.738959e+00 5.046463e+00 4.510380e+00 4.077247e+00 3.794649e+00 5.319826e-03
<GCONST> 1.036325e+02
<MIXTURE> 36 1.093293e-02
<MEAN> 25
 3.738869e+00 -4.017116e+00 7.240590e+00 3.190071e+00 -8.083466e+00 -5.326821e+00 -5.333653e+00 3.720066e+00 -2.402883e+00 -3.310887e+00 2.514529e+00 4.324133e-02 2.258964e-01 1.713714e-01 -8.929114e-01 1.775230e-01 1.019146e+00 -1.633987e-01 -3.173324e-01 -3.077197e-01 4.328184e-01 6.274107e-01 -4.730000e-01 -1.701942e-01 -2.118516e-02
<VARIANCE> 25
 8.094502e+00 1.221356e+01 1.445314e+01 2.650743e+01 2.362516e+01 5.254546e+01 3.108878e+01 2.159133e+01 3.824821e+01 2.909794e+01 2.372947e+01 1.958662e+01 5.811123e-01 6.374476e-01 1.666029e+00 1.449937e+00 1.325335e+00 1.375590e+00 2.396836e+00 1.324137e+00 2.225744e+00 1.309367e+00 1.400033e+00 9.604180e-01 7.672957e-04
<GCONST> 7.911588e+01
<MIXTURE> 37 1.246826e-02
<MEAN> 25
 5.429215e-01 7.757365e+00 1.201462e+01 -5.509503e+00 -7.992272e+00 -1.067280e+00 -5.068956e+00 -8.296761e+00 -3.698404e+00 -8.962814e-01 -3.673682e+00 -1.286367e+00 1.865220e-01 6.523072e-01 -1.359825e+00 3.574052e+00 1.986899e+00 -2.985881e-01 1.085434e+00 4.297180e-01 5.305247e-01 -3.250315e-01 5.326874e-01 -9.298984e-02 -9.473933e-02
<VARIANCE> 25
 1.589819e+01 2.598372e+01 3.123274e+01 5.129591e+01 3.416831e+01 3.197842e+01 4.405782e+01 3.509668e+01 3.856519e+01 3.585813e+01 3.762921e+01 3.079387e+01 2.963712e+00 3.410131e+00 3.019209e+00 4.101797e+00 4.602099e+00 3.739290e+00 4.209766e+00 3.805549e+00 3.440685e+00 3.609343e+00 3.862500e+00 2.789388e+00 3.923711e-03
<GCONST> 9.778117e+01
<MIXTURE> 38 1.154525e-02
<MEAN> 25
 -4.935079e+00 7.085197e+00 6.187515e+00 3.016431e+00 4.747547e-01 -5.821211e+00 1.339678e+00 -2.505913e+00 -3.598703e+00 -2.085380e+00 -1.981319e+00 6.353358e-01 -4.211628e+00 1.094322e+00 -2.627239e-01 8.600192e-01 2.541292e+00 1.199831e+00 2.083033e+00 8.608094e-01 1.076636e+00 4.307365e-01 2.580594e-01 1.778469e-01 4.243814e-02
<VARIANCE> 25
 3.001125e+01 3.488681e+01 7.238668e+01 2.894592e+01 3.968907e+01 2.882022e+01 4.069418e+01 3.594422e+01 3.132022e+01 2.842492e+01 2.251557e+01 2.648103e+01 2.136138e+00 3.700764e+00 3.474794e+00 5.091774e+00 3.506341e+00 3.958791e+00 4.286268e+00 3.801938e+00 3.917415e+00 4.781822e+00 5.242616e+00 2.640097e+00 2.272916e-03
<GCONST> 9.789377e+01
<MIXTURE> 39 9.501865e-03
<MEAN> 25
 1.291315e+00 2.534745e+00 1.019325e+01 -8.989330e+00 -1.115463e+01 -1.194608e+00 -2.870100e+00 -6.483335e+00 -4.614506e+00 8.521282e-01 -3.686183e+00 -2.192028e+00 -7.418945e-01 1.515594e+00 1.604291e+00 -1.387574e+00 7.457711e-02 1.207434e+00 -1.155168e+00 -1.235135e+00 4.292579e-01 4.509006e-01 -5.158567e-01 1.411461e-01 7.858987e-04
<VARIANCE> 25
 8.954969e+00 3.025518e+01 3.209248e+01 4.052394e+01 3.757297e+01 4.423037e+01 4.451866e+01 3.345802e+01 3.921671e+01 3.311799e+01 3.651384e+01 2.947962e+01 7.038518e-01 1.522406e+00 1.555298e+00 2.885045e+00 2.429913e+00 2.792536e+00 3.147784e+00 2.739115e+00 2.415180e+00 2.746268e+00 2.112812e+00 2.049898e+00 1.180268e-03
<GCONST> 8.984705e+01
<MIXTURE> 40 1.030800e-02
<MEAN> 25
 -8.971336e+00 2.442546e+00 -1.449792e+00 8.194466e+00 3.854834e+00 5.120564e+00 5.224055e+00 4.153858e+00 4.724981e+00 4.126865e+00 5.147244e+00 1.598888e+00 -1.002737e-01 -2.205012e-01 -5.220605e-02 -2.210891e-01 -7.068866e-02 -1.374681e-01 4.393125e-02 4.538428e-02 -2.199788e-02 5.557408e-04 6.097364e-02 5.403773e-02 3.118613e-03
<VARIANCE> 25
 4.222330e+01 2.125716e+01 3.022515e+01 2.548961e+01 2.552707e+01 2.051601e+01 1.871579e+01 1.763951e+01 1.684524e+01 1.791020e+01 2.264433e+01 1.411706e+01 7.017257e-01 7.074492e-01 8.474723e-01 1.060956e+00 1.122926e+00 1.272824e+00 1.372021e+00 1.283713e+00 1.199162e+00 1.175037e+00 1.167644e+00 1.094037e+00 8.171610e-04
<GCONST> 7.652543e+01
<MIXTURE> 41 6.713375e-03
<MEAN> 25
 1.285235e+00 1.745694e+00 1.048637e+01 -6.872442e+00 -1.039438e+01 -3.917951e+00 -2.434937e+00 -5.005040e+00 -4.708369e+00 2.642039e+00 -1.756443e+00 -9.002740e-01 5.557438e-02 -7.480590e-01 1.700817e+00 -3.533781e+00 -2.441636e+00 -1.247991e-01 -4.746422e-01 -3.479270e-01 -8.240269e-01 1.097024e+00 -1.057779e+00 9.131422e-02 8.526232e-02
<VARIANCE> 25
 1.165991e+01 2.965409e+01 3.284137e+01 4.060411e+01 3.913858e+01 4.014607e+01 3.729023e+01 2.978772e+01 3.306481e+01 2.882779e+01 3.188798e+01 2.723447e+01 3.199975e+00 3.305723e+00 3.790148e+00 3.837939e+00 4.936087e+00 5.863664e+00 4.776223e+00 4.527555e+00 3.949948e+00 4.236223e+00 3.813792e+00 3.199711e+00 3.010333e-03
<GCONST> 9.797590e+01
<MIXTURE> 42 1.106211e-02
<MEAN> 25
 -2.685035e+00 4.814998e+00 4.655226e+00 3.854218e+00 5.745832e-01 -6.050880e+00 9.531889e-01 -1.997016e+00 -2.791796e+00 -1.446890e+00 -2.945294e+00 1.869393e+00 4.112467e+00 -1.308002e-01 1.208162e+00 4.373452e-01 -2.277607e+00 -1.058253e+00 -2.525548e+00 -4.268066e-01 -7.476466e-01 -8.418418e-01 4.345630e-01 -1.152148e+00 7.636250e-03
<VARIANCE> 25
 3.839088e+01 2.175241e+01 3.836992e+01 2.326641e+01 3.119554e+01 3.731775e+01 4.309059e+01 2.134776e+01 2.611074e+01 2.191401e+01 1.964578e+01 1.615825e+01 3.176992e+00 5.197597e+00 6.822374e+00 4.166557e+00 6.003397e+00 4.674644e+00 4.249682e+00 4.558081e+00 4.073332e+00 3.741416e+00 3.815164e+00 2.734553e+00 4.308115e-03
<GCONST> 9.753378e+01
<MIXTURE> 43 7.108249e-03
<MEAN> 25
 3.161524e+00 -6.302945e+00 -2.239740e+00 -5.174828e+00 -7.395201e+00 -3.415561e+00 4.138700e+00 1.310012e+00 -5.062590e+00 -7.080516e+00 -4.328379e+00 -1.244694e+00 2.366167e-01 2.163593e+00 1.910716e+00 -1.332301e-01 -1.429544e+00 -7.939845e-01 -9.681367e-01 -7.795258e-01 8.199486e-01 1.464850e+00 3.409620e-01 2.157636e-02 -4.509165e-02
<VARIANCE> 25
 9.624522e+00 1.972732e+01 2.738912e+01 3.533632e+01 3.840171e+01 3.671428e+01 3.329542e+01 3.977416e+01 3.969403e+01 3.874099e+01 2.654918e+01 2.954977e+01 6.910972e-01 1.249671e+00 1.577764e+00 2.489342e+00 2.376438e+00 2.383694e+00 2.653348e+00 3.023732e+00 2.607256e+00 2.585543e+00 2.330365e+00 1.917838e+00 9.425764e-04
<GCONST> 8.798794e+01
<MIXTURE> 44 7.328289e-03
<MEAN> 25
 -1.530935e+01 1.770411e+00 3.898900e+00 -3.053423e+00 3.561026e+00 1.306465e+00 5.518429e-01 2.125675e+00 9.791869e-01 -8.074064e-01 1.043306e+00 2.214229e+00 -1.910619e-01 6.262850e-02 2.358924e-02 2.519442e-01 -1.057373e-01 2.153484e-01 4.554330e-01 1.966588e-02 1.653406e-01 1.502912e-01 5.678331e-02 1.492840e-01 2.151764e-03
<VARIANCE> 25
 3.938594e+01 2.647457e+01 3.614768e+01 3.044601e+01 2.790967e+01 3.389598e+01 2.715648e+01 3.068958e+01 3.000696e+01 2.514321e+01 3.093333e+01 1.941121e+01 1.219703e+00 1.514062e+00 1.758964e+00 1.352761e+00 2.262445e+00 1.654802e+00 1.479796e+00 1.657387e+00 1.626036e+00 1.583258e+00 1.374118e+00 1.186115e+00 1.301244e-03
<GCONST> 8.498884e+01
<MIXTURE> 45 1.364932e-02
<MEAN> 25
 -1.293164e+01 2.908931e+00 3.456170e-02 1.449090e+00 6.174903e+00 -1.835429e+00 5.526898e+00 2.099154e+00 2.203634e+00 9.207884e-01 3.112494e-01 2.961987e+00 -3.008647e+00 3.843423e-01 -2.324893e-01 -5.470731e-01 5.711539e-01 -3.957988e-02 6.135085e-01 4.172609e-01 -6.583212e-02 -1.892154e-01 6.203295e-02 1.317666e-01 1.078538e-01
<VARIANCE> 25
 2.700278e+01 2.571222e+01 3.975662e+01 5.247727e+01 2.655951e+01 3.202748e+01 2.572894e+01 2.426546e+01 2.621747e+01 2.416963e+01 3.375681e+01 1.400962e+01 2.491535e+00 2.874578e+00 3.442806e+00 2.339668e+00 2.907842e+00 2.331933e+00 2.257006e+00 2.525162e+00 1.932977e+00 1.871069e+00 1.809764e+00 1.347423e+00 4.108439e-03
<GCONST> 9.031791e+01
<MIXTURE> 46 9.336259e-03
<MEAN> 25
 -9.444480e+00 2.272446e+00 1.319326e+00 7.520773e+00 5.810919e+00 3.271709e+00 7.141954e+00 4.377642e+00 5.525899e+00 4.626995e+00 4.936956e+00 2.961849e+00 1.108004e+00 -2.125310e-01 1.882193e-02 1.050471e+00 5.866393e-01 9.406554e-01 3.822193e-01 6.611984e-01 4.422021e-01 4.896239e-01 6.337702e-01 5.054754e-01 -1.045119e-01
<VARIANCE> 25
 3.406945e+01 4.321129e+01 3.898556e+01 4.975447e+01 5.122639e+01 4.057084e+01 3.728356e+01 3.559534e+01 3.489388e+01 3.066941e+01 2.876415e+01 1.999931e+01 4.092319e+00 4.165538e+00 3.868745e+00 4.240042e+00 4.160389e+00 3.645413e+00 3.365735e+00 3.077029e+00 2.993996e+00 2.851382e+00 2.293899e+00 1.789632e+00 7.893429e-03
<GCONST> 9.837729e+01
<MIXTURE> 47 7.116147e-03
<MEAN> 25
 6.769232e+00 -7.311075e+00 -7.288452e+00 -7.236238e+00 1.513435e+00 2.027467e+00 -2.882049e+00 7.011793e-01 3.948089e+00 5.458313e-01 -1.428025e+00 -7.232953e+00 -2.241269e-01 -1.218465e+00 -7.544366e-01 -4.285716e-01 5.536672e-01 6.599157e-01 8.750654e-01 3.571267e-01 4.286003e-01 -7.578789e-01 -6.271577e-01 -5.022466e-01 3.009558e-02
<VARIANCE> 25
 1.083918e+01 1.840028e+01 1.895215e+01 3.181713e+01 3.106060e+01 5.282961e+01 4.051676e+01 3.650482e+01 4.281182e+01 4.125262e+01 8.388725e+01 3.039593e+01 4.560225e-01 7.964714e-01 9.972756e-01 1.441811e+00 1.730522e+00 2.176821e+00 2.027122e+00 2.305370e+00 2.392446e+00 1.923549e+00 2.114282e+00 1.973244e+00 5.293333e-04
<GCONST> 8.529639e+01
<MIXTURE> 48 7.116147e-03
<MEAN> 25
 6.769232e+00 -7.311075e+00 -7.288452e+00 -7.236238e+00 1.513435e+00 2.027467e+00 -2.882049e+00 7.011793e-01 3.948089e+00 5.458313e-01 -1.428025e+00 -7.232953e+00 -2.241269e-01 -1.218465e+00 -7.544366e-01 -4.285716e-01 5.536672e-01 6.599157e-01 8.750654e-01 3.571267e-01 4.286003e-01 -7.578789e-01 -6.271577e-01 -5.022466e-01 3.009558e-02
<VARIANCE> 25
 1.083918e+01 1.840028e+01 1.895215e+01 3.181713e+01 3.106060e+01 5.282961e+01 4.051676e+01 3.650482e+01 4.281182e+01 4.125262e+01 8.388725e+01 3.039593e+01 4.560225e-01 7.964714e-01 9.972756e-01 1.441811e+00 1.730522e+00 2.176821e+00 2.027122e+00 2.305370e+00 2.392446e+00 1.923549e+00 2.114282e+00 1.973244e+00 5.293333e-04
<GCONST> 8.529639e+01
<MIXTURE> 49 5.548473e-03
<MEAN> 25
 -5.054452e+00 5.073262e-01 2.321976e-04 8.433391e+00 6.158607e+00 5.572474e+00 6.069984e+00 4.440611e+00 5.054324e+00 3.700055e+00 4.721254e+00 2.764272e+00 3.558729e-01 6.470128e-01 6.889660e-01 3.552064e-01 -1.775741e-01 -6.715803e-01 -9.960527e-01 -1.118126e+00 -9.459649e-01 -6.533912e-01 -4.609082e-01 -2.453698e-01 -1.005890e-04
<VARIANCE> 25
 9.440135e+00 1.082922e+01 1.519124e+01 1.555693e+01 1.558265e+01 1.704957e+01 1.912291e+01 1.910688e+01 1.800285e+01 1.760774e+01 2.216200e+01 1.448804e+01 2.790387e-01 2.621021e-01 3.612770e-01 6.048826e-01 8.829572e-01 9.721986e-01 1.000992e+00 1.034962e+00 1.117389e+00 1.232677e+00 1.312523e+00 1.221870e+00 1.436630e-05
<GCONST> 6.444147e+01
<MIXTURE> 50 6.234641e-03
<MEAN> 25
 -4.647293e+00 2.854013e-01 -1.600288e+00 6.216062e+00 4.272361e+00 2.325130e+00 3.810688e+00 2.020522e+00 2.873672e+00 1.422606e+00 1.972071e+00 2.729418e+00 5.129161e-02 1.771673e-01 9.618920e-02 -1.574849e-01 -4.815458e-01 -6.175399e-01 -4.214520e-01 -7.013297e-02 4.159819e-01 7.687275e-01 7.476137e-01 4.507672e-01 -7.697888e-05
<VARIANCE> 25
 1.028732e+01 1.225189e+01 1.479623e+01 1.510550e+01 1.508875e+01 1.829301e+01 1.869226e+01 1.914478e+01 1.853658e+01 1.712474e+01 2.234196e+01 1.543190e+01 1.423438e-01 2.353127e-01 3.696060e-01 5.303934e-01 6.428602e-01 7.312165e-01 9.544352e-01 1.109185e+00 1.058296e+00 8.942468e-01 9.163072e-01 9.786687e-01 1.192173e-06
<GCONST> 5.976923e+01
<MIXTURE> 51 6.234641e-03
<MEAN> 25
 -4.647293e+00 2.854013e-01 -1.600288e+00 6.216062e+00 4.272361e+00 2.325130e+00 3.810688e+00 2.020522e+00 2.873672e+00 1.422606e+00 1.972071e+00 2.729418e+00 5.129161e-02 1.771673e-01 9.618920e-02 -1.574849e-01 -4.815458e-01 -6.175399e-01 -4.214520e-01 -7.013297e-02 4.159819e-01 7.687275e-01 7.476137e-01 4.507672e-01 -7.697888e-05
<VARIANCE> 25
 1.028732e+01 1.225189e+01 1.479623e+01 1.510550e+01 1.508875e+01 1.829301e+01 1.869226e+01 1.914478e+01 1.853658e+01 1.712474e+01 2.234196e+01 1.543190e+01 1.423438e-01 2.353127e-01 3.696060e-01 5.303934e-01 6.428602e-01 7.312165e-01 9.544352e-01 1.109185e+00 1.058296e+00 8.942468e-01 9.163072e-01 9.786687e-01 1.192173e-06
<GCONST> 5.976923e+01
<MIXTURE> 52 6.367945e-03
<MEAN> 25
 9.372066e+00 2.196272e+00 -5.860326e+00 -1.298902e+01 -3.342529e+00 9.856456e+00 -3.074003e+00 -2.940315e+00 -5.328270e+00 -2.208700e+00 4.935323e+00 7.810296e-01 -4.365786e-01 -2.446130e-01 -4.631364e-02 1.188925e+00 1.423340e+00 -5.385810e-01 -6.176824e-01 -1.068442e+00 1.339502e-01 1.228229e+00 5.092164e-01 -6.631866e-01 -1.996964e-02
<VARIANCE> 25
 8.585201e+00 1.742081e+01 2.032267e+01 3.674612e+01 3.844709e+01 3.314297e+01 3.749892e+01 4.292036e+01 3.748759e+01 3.680904e+01 4.648549e+01 2.439342e+01 3.713599e-01 1.372530e+00 1.382421e+00 2.199256e+00 1.861358e+00 2.201124e+00 2.544127e+00 3.093740e+00 3.425321e+00 2.265224e+00 2.038210e+00 1.819395e+00 1.325563e-03
<GCONST> 8.701238e+01
<MIXTURE> 53 6.367945e-03
<MEAN> 25
 9.372066e+00 2.196272e+00 -5.860326e+00 -1.298902e+01 -3.342529e+00 9.856456e+00 -3.074003e+00 -2.940315e+00 -5.328270e+00 -2.208700e+00 4.935323e+00 7.810296e-01 -4.365786e-01 -2.446130e-01 -4.631364e-02 1.188925e+00 1.423340e+00 -5.385810e-01 -6.176824e-01 -1.068442e+00 1.339502e-01 1.228229e+00 5.092164e-01 -6.631866e-01 -1.996964e-02
<VARIANCE> 25
 8.585201e+00 1.742081e+01 2.032267e+01 3.674612e+01 3.844709e+01 3.314297e+01 3.749892e+01 4.292036e+01 3.748759e+01 3.680904e+01 4.648549e+01 2.439342e+01 3.713599e-01 1.372530e+00 1.382421e+00 2.199256e+00 1.861358e+00 2.201124e+00 2.544127e+00 3.093740e+00 3.425321e+00 2.265224e+00 2.038210e+00 1.819395e+00 1.325563e-03
<GCONST> 8.701238e+01
<MIXTURE> 54 7.368620e-03
<MEAN> 25
 -3.628095e+00 3.013918e-01 -8.646612e-01 8.009563e+00 6.472491e+00 4.540507e+00 4.666591e+00 4.519300e+00 4.221893e+00 3.611335e+00 4.161261e+00 2.268696e+00 -1.505555e-03 4.242495e-02 4.083671e-02 3.685603e-02 3.676163e-02 5.836890e-02 6.493165e-02 1.496810e-02 6.824346e-03 2.828762e-02 1.564631e-02 4.271929e-03 -1.088816e-04
<VARIANCE> 25
 8.880970e+00 1.203267e+01 1.002461e+01 1.765675e+01 1.292483e+01 1.334237e+01 1.179955e+01 1.116383e+01 1.187220e+01 1.315479e+01 1.993736e+01 1.232534e+01 3.996507e-02 9.278777e-02 1.511256e-01 2.249886e-01 3.200031e-01 3.919841e-01 4.698682e-01 5.226226e-01 5.431538e-01 5.056992e-01 5.024061e-01 5.157530e-01 1.262909e-06
<GCONST> 4.769725e+01
<MIXTURE> 55 7.368620e-03
<MEAN> 25
 -3.628095e+00 3.013918e-01 -8.646612e-01 8.009563e+00 6.472491e+00 4.540507e+00 4.666591e+00 4.519300e+00 4.221893e+00 3.611335e+00 4.161261e+00 2.268696e+00 -1.505555e-03 4.242495e-02 4.083671e-02 3.685603e-02 3.676163e-02 5.836890e-02 6.493165e-02 1.496810e-02 6.824346e-03 2.828762e-02 1.564631e-02 4.271929e-03 -1.088816e-04
<VARIANCE> 25
 8.880970e+00 1.203267e+01 1.002461e+01 1.765675e+01 1.292483e+01 1.334237e+01 1.179955e+01 1.116383e+01 1.187220e+01 1.315479e+01 1.993736e+01 1.232534e+01 3.996507e-02 9.278777e-02 1.511256e-01 2.249886e-01 3.200031e-01 3.919841e-01 4.698682e-01 5.226226e-01 5.431538e-01 5.056992e-01 5.024061e-01 5.157530e-01 1.262909e-06
<GCONST> 4.769725e+01
<MIXTURE> 56 6.132464e-03
<MEAN> 25
 5.940848e+00 -6.648438e+00 -9.120965e+00 -9.809670e+00 4.485799e+00 6.389857e+00 -6.888630e-01 -3.053750e+00 5.841969e+00 1.690917e+00 -1.122251e+00 -7.525681e+00 -2.066017e-02 7.596213e-03 -1.193050e-01 3.520945e-02 3.371954e-01 1.385109e-02 3.111608e-01 -1.467947e-01 -2.448370e-03 5.796003e-02 -5.455567e-01 3.764218e-03 -6.138687e-03
<VARIANCE> 25
 1.024992e+01 1.714423e+01 1.484572e+01 3.130351e+01 2.450029e+01 4.507791e+01 4.848793e+01 3.059921e+01 5.113651e+01 2.869600e+01 3.940081e+01 2.270684e+01 1.671616e-01 3.726360e-01 4.417066e-01 5.821191e-01 6.232133e-01 1.073828e+00 1.034316e+00 1.053372e+00 7.486774e-01 7.817085e-01 1.280689e+00 7.280121e-01 1.823336e-04
<GCONST> 7.198891e+01
<MIXTURE> 57 6.132464e-03
<MEAN> 25
 5.940848e+00 -6.648438e+00 -9.120965e+00 -9.809670e+00 4.485799e+00 6.389857e+00 -6.888630e-01 -3.053750e+00 5.841969e+00 1.690917e+00 -1.122251e+00 -7.525681e+00 -2.066017e-02 7.596213e-03 -1.193050e-01 3.520945e-02 3.371954e-01 1.385109e-02 3.111608e-01 -1.467947e-01 -2.448370e-03 5.796003e-02 -5.455567e-01 3.764218e-03 -6.138687e-03
<VARIANCE> 25
 1.024992e+01 1.714423e+01 1.484572e+01 3.130351e+01 2.450029e+01 4.507791e+01 4.848793e+01 3.059921e+01 5.113651e+01 2.869600e+01 3.940081e+01 2.270684e+01 1.671616e-01 3.726360e-01 4.417066e-01 5.821191e-01 6.232133e-01 1.073828e+00 1.034316e+00 1.053372e+00 7.486774e-01 7.817085e-01 1.280689e+00 7.280121e-01 1.823336e-04
<GCONST> 7.198891e+01
<MIXTURE> 58 6.172147e-03
<MEAN> 25
 2.615402e+00 -3.114503e+00 7.397805e+00 -4.735597e+00 -1.258781e+01 -4.884795e+00 1.159962e+00 1.315921e+00 -2.711710e+00 1.597299e+00 8.742493e-01 -3.851262e-01 -4.971376e-02 -9.059326e-02 -7.453931e-02 -1.456099e-01 2.984052e-02 1.188763e-01 2.827668e-01 2.111097e-01 1.946896e-01 3.131980e-02 -5.429429e-02 -1.252755e-01 -3.931786e-03
<VARIANCE> 25
 7.139853e+00 1.369445e+01 1.943534e+01 2.564962e+01 2.517289e+01 5.156577e+01 3.041374e+01 3.164027e+01 3.518093e+01 2.800925e+01 2.124330e+01 1.951788e+01 3.091648e-01 7.374676e-01 7.653490e-01 1.181064e+00 8.389995e-01 1.204257e+00 1.270326e+00 1.183612e+00 1.171263e+00 1.006413e+00 9.566078e-01 7.824451e-01 7.042902e-04
<GCONST> 7.515477e+01
<MIXTURE> 59 6.172147e-03
<MEAN> 25
 2.615402e+00 -3.114503e+00 7.397805e+00 -4.735597e+00 -1.258781e+01 -4.884795e+00 1.159962e+00 1.315921e+00 -2.711710e+00 1.597299e+00 8.742493e-01 -3.851262e-01 -4.971376e-02 -9.059326e-02 -7.453931e-02 -1.456099e-01 2.984052e-02 1.188763e-01 2.827668e-01 2.111097e-01 1.946896e-01 3.131980e-02 -5.429429e-02 -1.252755e-01 -3.931786e-03
<VARIANCE> 25
 7.139853e+00 1.369445e+01 1.943534e+01 2.564962e+01 2.517289e+01 5.156577e+01 3.041374e+01 3.164027e+01 3.518093e+01 2.800925e+01 2.124330e+01 1.951788e+01 3.091648e-01 7.374676e-01 7.653490e-01 1.181064e+00 8.389995e-01 1.204257e+00 1.270326e+00 1.183612e+00 1.171263e+00 1.006413e+00 9.566078e-01 7.824451e-01 7.042902e-04
<GCONST> 7.515477e+01
<MIXTURE> 60 4.479129e-03
<MEAN> 25
 -4.260823e+00 -6.256243e-01 -1.119472e+00 3.713909e+00 1.753496e+00 2.116378e+00 1.652789e+00 1.542018e+00 2.187614e+00 1.277183e+00 2.350587e+00 1.902222e+00 -2.883908e-02 5.664352e-02 1.002070e-01 1.300983e-01 1.321071e-01 1.280015e-01 1.768488e-01 3.182258e-01 5.398520e-01 6.627570e-01 5.574561e-01 3.064716e-01 -4.139614e-04
<VARIANCE> 25
 6.909894e+00 4.789217e+00 1.045703e+01 1.130948e+01 1.362262e+01 1.695156e+01 1.399791e+01 1.184176e+01 1.289072e+01 1.319104e+01 1.609853e+01 1.228341e+01 8.664862e-02 1.680023e-01 2.783073e-01 4.310647e-01 5.856954e-01 7.304958e-01 8.272480e-01 9.010915e-01 9.036968e-01 8.339189e-01 8.379424e-01 8.622372e-01 2.295533e-05
<GCONST> 5.641196e+01
<MIXTURE> 61 4.479129e-03
<MEAN> 25
 -4.260823e+00 -6.256243e-01 -1.119472e+00 3.713909e+00 1.753496e+00 2.116378e+00 1.652789e+00 1.542018e+00 2.187614e+00 1.277183e+00 2.350587e+00 1.902222e+00 -2.883908e-02 5.664352e-02 1.002070e-01 1.300983e-01 1.321071e-01 1.280015e-01 1.768488e-01 3.182258e-01 5.398520e-01 6.627570e-01 5.574561e-01 3.064716e-01 -4.139614e-04
<VARIANCE> 25
 6.909894e+00 4.789217e+00 1.045703e+01 1.130948e+01 1.362262e+01 1.695156e+01 1.399791e+01 1.184176e+01 1.289072e+01 1.319104e+01 1.609853e+01 1.228341e+01 8.664862e-02 1.680023e-01 2.783073e-01 4.310647e-01 5.856954e-01 7.304958e-01 8.272480e-01 9.010915e-01 9.036968e-01 8.339189e-01 8.379424e-01 8.622372e-01 2.295533e-05
<GCONST> 5.641196e+01
<MIXTURE> 62 3.278034e-03
<MEAN> 25
 -5.090639e+00 1.243206e+00 1.023316e+00 8.817394e+00 6.129842e+00 5.049163e+00 5.499546e+00 4.034522e+00 4.988185e+00 3.918541e+00 4.963237e+00 2.949846e+00 -1.003064e+00 -1.166462e+00 -9.529748e-01 -2.766916e-01 4.276184e-01 1.005055e+00 1.384332e+00 1.552090e+00 1.478175e+00 1.243172e+00 1.067074e+00 7.258811e-01 -1.266264e-03
<VARIANCE> 25
 9.870438e+00 9.967633e+00 1.313737e+01 1.673353e+01 1.741173e+01 1.752742e+01 1.969489e+01 1.910859e+01 1.886701e+01 1.872409e+01 2.158755e+01 1.479672e+01 4.017968e-01 4.320738e-01 5.542120e-01 7.793121e-01 1.034758e+00 1.191874e+00 1.252433e+00 1.278793e+00 1.330273e+00 1.364136e+00 1.399763e+00 1.371227e+00 1.632604e-05
<GCONST> 6.752919e+01
<MIXTURE> 63 4.351215e-03
<MEAN> 25
 -3.287363e+00 7.635669e-01 -5.572500e+00 3.661960e+00 3.073971e+00 -7.980264e-01 2.683806e+00 1.680178e+00 4.213439e+00 -2.873789e-01 -2.932695e+00 1.392619e+00 -1.951863e-01 2.523888e-01 2.028458e-01 3.399806e-01 3.344384e-01 3.694245e-01 4.130292e-01 2.013680e-01 2.300120e-01 2.636379e-01 1.554060e-01 1.159216e-01 -7.865422e-03
<VARIANCE> 25
 8.279243e+00 2.510350e+01 1.290260e+01 1.290568e+01 1.456413e+01 2.133644e+01 1.787114e+01 1.887721e+01 2.340995e+01 1.662356e+01 1.992350e+01 1.486030e+01 2.276991e-01 3.899735e-01 5.867458e-01 6.203899e-01 8.638037e-01 1.051278e+00 1.048484e+00 1.335868e+00 1.098267e+00 1.232167e+00 1.226790e+00 9.993931e-01 1.552303e-04
<GCONST> 6.815773e+01
<MIXTURE> 64 4.351215e-03
<MEAN> 25
 -3.287363e+00 7.635669e-01 -5.572500e+00 3.661960e+00 3.073971e+00 -7.980264e-01 2.683806e+00 1.680178e+00 4.213439e+00 -2.873789e-01 -2.932695e+00 1.392619e+00 -1.951863e-01 2.523888e-01 2.028458e-01 3.399806e-01 3.344384e-01 3.694245e-01 4.130292e-01 2.013680e-01 2.300120e-01 2.636379e-01 1.554060e-01 1.159216e-01 -7.865422e-03
<VARIANCE> 25
 8.279243e+00 2.510350e+01 1.290260e+01 1.290568e+01 1.456413e+01 2.133644e+01 1.787114e+01 1.887721e+01 2.340995e+01 1.662356e+01 1.992350e+01 1.486030e+01 2.276991e-01 3.899735e-01 5.867458e-01 6.203899e-01 8.638037e-01 1.051278e+00 1.048484e+00 1.335868e+00 1.098267e+00 1.232167e+00 1.226790e+00 9.993931e-01 1.552303e-04
<GCONST> 6.815773e+01
<MIXTURE> 65 1.721197e-02
<MEAN> 25
 7.698132e+00 2.146599e+00 1.716428e+00 8.658998e-01 -4.781204e+00 -3.878399e+00 -5.348819e+00 -6.148142e+00 -4.257022e+00 -1.995404e+00 -5.308812e+00 -1.564580e+00 2.113419e-01 1.260862e-01 -4.787902e-02 1.231166e-01 -1.494649e-01 1.521350e-01 -8.648944e-02 -1.203422e-01 1.882755e-01 -3.621745e-02 -1.080247e-02 -1.811065e-01 -4.691833e-03
<VARIANCE> 25
 1.081647e+01 2.146853e+01 2.525447e+01 3.519662e+01 4.044403e+01 5.916720e+01 5.702412e+01 5.827990e+01 5.486463e+01 5.474795e+01 5.443450e+01 4.841313e+01 5.454479e-01 9.555421e-01 1.541659e+00 1.671956e+00 1.981650e+00 2.201740e+00 2.335259e+00 2.795811e+00 2.398591e+00 2.356280e+00 2.253603e+00 2.032982e+00 4.082001e-04
<GCONST> 8.905283e+01
<MIXTURE> 66 1.191532e-02
<MEAN> 25
 6.329370e+00 -4.960080e+00 -5.061442e+00 -4.643790e+00 5.561754e-01 -4.204991e+00 -6.304439e+00 1.170045e+00 2.370481e+00 -1.202099e+00 -5.757544e+00 -3.850386e+00 1.329094e-02 1.399115e+00 2.215279e+00 2.622545e+00 -1.626925e+00 -1.411659e+00 1.690743e-01 -4.036963e-01 -3.958697e-01 -2.515058e-01 -1.885874e-01 1.119355e+00 -5.790364e-02
<VARIANCE> 25
 8.825112e+00 2.619268e+01 2.691880e+01 3.078969e+01 4.036752e+01 5.344738e+01 5.275347e+01 4.065851e+01 6.880300e+01 6.441747e+01 3.407075e+01 3.522617e+01 1.181674e+00 2.775890e+00 2.215672e+00 3.003275e+00 4.908247e+00 4.046398e+00 4.216139e+00 4.505070e+00 4.405918e+00 4.478843e+00 3.499162e+00 2.945348e+00 1.580038e-03
<GCONST> 9.682522e+01
<MIXTURE> 67 1.559142e-02
<MEAN> 25
 8.894736e+00 2.255483e+00 -6.066566e+00 -8.123375e+00 1.025483e+00 3.119423e+00 -3.406094e+00 -2.398721e+00 -3.718608e+00 8.369098e-01 3.249195e-02 -1.704125e+00 -1.091586e+00 1.766800e+00 1.069108e+00 3.002496e+00 1.363888e+00 -6.493550e-01 1.310802e+00 9.073047e-02 1.834068e-01 2.934562e-01 -3.520232e-01 6.059687e-01 -1.272834e-01
<VARIANCE> 25
 1.136013e+01 3.930000e+01 3.010564e+01 5.489018e+01 4.816454e+01 5.309711e+01 6.075540e+01 5.208697e+01 6.326550e+01 5.547970e+01 5.453563e+01 4.595142e+01 2.142515e+00 3.520162e+00 3.291665e+00 4.533770e+00 4.442528e+00 5.044308e+00 4.650444e+00 5.009515e+00 5.378687e+00 4.687390e+00 5.226404e+00 3.683466e+00 3.173803e-03
<GCONST> 1.027679e+02
<MIXTURE> 68 1.485092e-02
<MEAN> 25
 -1.971484e+00 -2.199337e+00 -4.066738e+00 1.305330e+00 5.246270e+00 -6.570981e-01 2.159793e+00 1.798204e+00 1.910758e+00 1.654065e+00 4.016227e-01 1.899461e+00 2.775600e+00 5.658617e-01 -1.520388e-02 -2.558646e+00 -2.369150e+00 -1.582029e+00 -2.364882e+00 -1.774163e+00 -1.633915e+00 -1.475286e+00 -1.982996e+00 -1.057586e+00 1.023749e-01
<VARIANCE> 25
 2.600861e+01 3.315122e+01 5.839286e+01 5.241555e+01 4.632840e+01 5.464546e+01 4.500712e+01 4.195928e+01 4.104384e+01 4.325863e+01 3.778077e+01 2.559135e+01 1.859824e+00 3.743459e+00 5.977792e+00 5.898956e+00 4.903602e+00 5.570043e+00 5.736135e+00 4.961881e+00 4.966096e+00 5.220209e+00 4.999529e+00 3.391623e+00 6.169652e-03
<GCONST> 1.036258e+02
<MIXTURE> 69 1.204884e-02
<MEAN> 25
 4.670457e+00 -4.223554e+00 -3.563521e+00 -3.623039e+00 -3.500667e+00 -7.878499e+00 -1.105935e+00 2.210749e+00 -3.543948e-01 -4.733092e+00 -5.689392e+00 9.626071e-01 1.676945e+00 -2.233148e+00 -1.337651e+00 -2.242604e+00 -5.288148e-01 -3.501503e-01 -4.738571e-01 6.150543e-01 -6.410844e-01 -1.459244e+00 -2.204093e+00 -1.724122e-01 6.248817e-02
<VARIANCE> 25
 8.869547e+00 2.190379e+01 2.676739e+01 2.597581e+01 4.270464e+01 3.562172e+01 4.896979e+01 3.159683e+01 3.978437e+01 3.793063e+01 3.106738e+01 2.461107e+01 3.553406e+00 2.929832e+00 3.342289e+00 3.701605e+00 5.771458e+00 5.012923e+00 7.120811e+00 6.076215e+00 5.914108e+00 5.867386e+00 4.350359e+00 3.702676e+00 2.449072e-03
<GCONST> 9.869531e+01
<MIXTURE> 70 1.329190e-02
<MEAN> 25
 7.507018e+00 -2.043513e+00 -3.876253e+00 -3.614275e+00 -4.054042e-01 -6.450720e-01 -7.701286e+00 -4.015378e+00 5.870596e-01 2.893101e+00 -9.599464e-02 -4.897200e+00 1.928591e+00 -1.135394e+00 -8.237301e-01 -2.200982e+00 -1.509510e+00 1.176045e+00 -1.338032e+00 -9.412737e-02 3.496855e-01 -1.976518e-02 6.850913e-01 -1.457424e+00 5.846300e-02
<VARIANCE> 25
 9.926932e+00 2.257525e+01 2.824548e+01 4.696029e+01 3.535401e+01 4.463363e+01 4.981343e+01 4.398977e+01 4.699028e+01 3.264471e+01 4.544600e+01 2.729973e+01 3.501249e+00 3.211254e+00 4.737938e+00 4.948120e+00 5.226428e+00 6.448872e+00 6.774612e+00 7.571007e+00 6.180150e+00 5.385535e+00 5.844585e+00 4.293996e+00 2.539107e-03
<GCONST> 1.018458e+02
<MIXTURE> 71 1.406903e-02
<MEAN> 25
 5.906854e+00 5.760422e+00 3.187903e+00 2.478467e+00 -3.436555e+00 -3.636103e+00 -3.101950e+00 -6.943570e+00 -4.620227e+00 -2.174180e+00 -5.188713e+00 -2.699343e+00 -1.602075e+00 -6.284794e-01 -2.812779e-01 -1.821500e+00 1.137323e+00 1.611600e-04 2.156886e-02 1.401483e+00 5.753537e-01 -3.879905e-01 7.384120e-01 2.061715e-01 3.943345e-02
<VARIANCE> 25
 1.875580e+01 2.637951e+01 3.128386e+01 4.420708e+01 3.720874e+01 3.684007e+01 3.931724e+01 3.889298e+01 3.523883e+01 4.074398e+01 3.286668e+01 3.348929e+01 1.702296e+00 2.888649e+00 4.892016e+00 4.435050e+00 4.495689e+00 4.603967e+00 4.495910e+00 5.004598e+00 4.547905e+00 4.110170e+00 3.416377e+00 2.963768e+00 1.422410e-03
<GCONST> 9.771300e+01
<MIXTURE> 72 8.134747e-03
<MEAN> 25
 3.423986e+00 -4.181238e+00 5.923895e+00 -1.701126e+00 -9.829082e+00 -9.034805e+00 -2.886628e+00 2.786218e+00 -5.413929e+00 -2.545340e+00 -9.911205e-01 8.531818e-01 9.734801e-01 -7.246566e-01 -2.619549e+00 3.860071e-01 1.911402e+00 -4.848418e-01 -1.450914e+00 1.366196e+00 1.949429e+00 -2.374993e-01 -1.313128e+00 4.461179e-01 -8.114439e-03
<VARIANCE> 25
 1.023000e+01 1.845460e+01 3.061255e+01 3.708026e+01 3.040759e+01 3.938050e+01 3.694113e+01 3.675230e+01 3.975642e+01 3.797175e+01 3.960938e+01 2.570182e+01 3.881471e-01 9.786039e-01 1.826424e+00 1.334242e+00 2.320025e+00 2.328913e+00 2.785795e+00 2.738019e+00 2.495984e+00 3.371637e+00 1.846335e+00 1.898983e+00 5.238032e-04
<GCONST> 8.624046e+01
<MIXTURE> 73 1.213625e-02
<MEAN> 25
 -5.640620e+00 -7.918458e-01 -1.304165e+00 4.916966e+00 4.240494e+00 2.342800e+00 5.519169e+00 3.454890e+00 4.368743e+00 3.435284e+00 4.270198e+00 3.028968e+00 8.031102e-01 -1.030967e+00 -9.460166e-01 -2.649030e+00 -1.261560e+00 -1.752303e+00 -9.019176e-01 -5.083901e-01 -9.206651e-01 -7.017921e-01 -1.105186e+00 -2.827212e-01 1.549240e-01
<VARIANCE> 25
 1.284236e+01 1.340132e+01 1.520452e+01 2.263655e+01 2.333782e+01 2.478010e+01 2.038677e+01 2.000642e+01 1.777608e+01 1.906362e+01 2.279972e+01 1.558020e+01 4.047858e+00 3.091483e+00 5.967034e+00 4.676127e+00 6.154108e+00 4.561654e+00 4.304585e+00 4.250922e+00 3.898917e+00 4.232471e+00 3.542151e+00 2.674339e+00 4.296295e-03
<GCONST> 9.270473e+01
<MIXTURE> 74 1.756491e-02
<MEAN> 25
 4.125619e+00 -2.497393e+00 4.960190e+00 1.154144e+00 -8.611801e+00 -7.966369e+00 -1.953246e+00 1.163302e+00 -2.707147e+00 -2.047754e+00 -1.699538e+00 -2.616036e-01 1.894093e-01 1.931030e+00 -2.160141e-01 1.525482e+00 1.234143e+00 8.879209e-02 1.534291e-01 -9.945811e-01 -8.225492e-02 1.190634e-01 -3.402809e-01 3.114405e-02 -7.445334e-02
<VARIANCE> 25
 1.100086e+01 2.630521e+01 3.538094e+01 4.434499e+01 3.468665e+01 3.275209e+01 4.794056e+01 3.710701e+01 4.727505e+01 3.666363e+01 3.486868e+01 3.140737e+01 1.881770e+00 1.760678e+00 3.619285e+00 3.020720e+00 3.306339e+00 3.914906e+00 4.126821e+00 3.927960e+00 3.804029e+00 3.581435e+00 2.976957e+00 2.533752e+00 1.449531e-03
<GCONST> 9.498019e+01
<MIXTURE> 75 9.711651e-03
<MEAN> 25
 2.213505e+00 -2.497526e+00 1.101445e+01 3.151448e+00 -9.876921e+00 -7.444871e+00 -4.564137e+00 6.032013e-01 -4.842946e+00 -5.513778e+00 3.807360e+00 6.592929e-01 1.690293e+00 -1.634797e+00 3.920739e-01 -3.229276e-02 -2.276514e+00 -4.157907e-01 -1.979335e+00 1.215682e+00 -6.476502e-01 -8.543606e-01 1.566397e+00 -8.663352e-01 4.345451e-02
<VARIANCE> 25
 1.022366e+01 1.628370e+01 2.148095e+01 2.650759e+01 2.806246e+01 2.524806e+01 2.716414e+01 2.560342e+01 3.313409e+01 2.619168e+01 1.972902e+01 1.730483e+01 2.387861e+00 1.697053e+00 3.391843e+00 2.229494e+00 2.877850e+00 3.052318e+00 3.991692e+00 3.010262e+00 3.541376e+00 3.280725e+00 2.721781e+00 2.158916e+00 1.194095e-03
<GCONST> 8.868802e+01
<MIXTURE> 76 1.052359e-02
<MEAN> 25
 -5.964154e+00 -1.575995e+00 -2.061584e+00 4.129540e+00 4.082281e+00 8.752060e-01 4.271166e+00 1.708307e+00 2.186680e+00 6.400011e-01 6.304230e-01 2.938168e+00 -8.201013e-02 -5.104976e-01 -2.739058e-01 -7.365940e-01 -5.245855e-01 -8.091016e-01 -6.320914e-01 -3.301401e-01 -5.090488e-01 -6.244500e-01 -2.306525e-01 -1.233854e-01 2.162362e-02
<VARIANCE> 25
 3.798109e+01 3.365437e+01 3.577643e+01 2.445947e+01 2.710542e+01 3.232115e+01 2.458315e+01 2.494923e+01 2.418174e+01 2.126724e+01 2.888055e+01 1.994534e+01 9.750435e-01 1.038218e+00 1.351476e+00 1.127659e+00 1.360713e+00 1.533678e+00 1.682587e+00 1.568395e+00 1.619135e+00 1.915611e+00 1.357592e+00 1.207973e+00 1.258860e-03
<GCONST> 8.275642e+01
<MIXTURE> 77 1.244626e-02
<MEAN> 25
 -4.746225e-01 8.564555e+00 1.244223e+01 -1.158966e+01 -6.991595e+00 9.169400e-01 -9.234184e+00 -7.222249e+00 -3.395712e+00 -1.834390e-01 -4.673758e+00 -1.469677e+00 6.701358e-02 1.400782e-01 7.020840e-02 2.495709e-01 -2.724987e-02 7.987683e-02 -6.607043e-02 -6.591918e-02 8.496470e-02 -4.989021e-02 2.381853e-02 1.208049e-01 -9.992292e-03
<VARIANCE> 25
 1.043772e+01 2.020250e+01 2.760510e+01 4.178255e+01 3.317987e+01 3.448831e+01 3.736079e+01 3.177988e+01 3.526465e+01 3.320085e+01 3.760401e+01 3.494652e+01 2.986698e-01 7.782032e-01 6.473454e-01 1.083699e+00 1.244977e+00 9.841779e-01 1.220688e+00 1.077475e+00 1.042677e+00 1.074523e+00 9.699453e-01 9.222574e-01 5.403523e-04
<GCONST> 7.785950e+01
<MIXTURE> 78 9.702551e-03
<MEAN> 25
 -1.187636e+01 2.064987e+00 6.527681e-01 1.252581e+00 4.099821e+00 -3.332645e+00 5.498767e+00 6.712770e-01 -1.264729e-01 3.587062e-01 -2.496685e+00 3.708824e+00 2.376683e+00 1.294278e-01 -7.050654e-02 1.233341e+00 -3.915959e-01 1.486904e-01 -3.502744e-01 -3.045636e-01 -3.921160e-02 1.158575e-01 -7.446588e-02 -5.804712e-01 -6.033770e-02
<VARIANCE> 25
 3.798641e+01 2.647825e+01 3.332234e+01 3.803379e+01 3.208201e+01 3.627139e+01 3.078869e+01 2.717346e+01 3.203553e+01 2.124319e+01 2.766996e+01 1.573378e+01 4.865810e+00 2.775543e+00 2.917562e+00 3.589976e+00 3.363632e+00 3.234286e+00 3.814270e+00 2.168889e+00 2.055189e+00 1.899274e+00 2.033346e+00 1.762571e+00 3.598596e-03
<GCONST> 9.285578e+01
<MIXTURE> 79 1.156824e-02
<MEAN> 25
 2.438343e+00 1.316888e+00 9.088857e+00 -6.312702e+00 -1.201089e+01 -1.760782e+00 -1.865878e+00 -6.230109e+00 -6.449662e+00 3.555121e-01 -3.466979e+00 -3.303221e+00 1.210465e+00 -4.841394e-01 -1.443210e+00 2.343113e+00 3.838276e-01 -1.479883e+00 5.174659e-01 8.729253e-01 -4.387785e-01 -5.335969e-01 3.321051e-01 2.749532e-01 -3.686498e-02
<VARIANCE> 25
 1.404476e+01 2.695709e+01 3.763293e+01 5.285814e+01 3.349268e+01 4.429049e+01 4.264234e+01 3.843799e+01 3.989605e+01 3.893404e+01 4.317914e+01 3.031551e+01 9.302463e-01 2.288115e+00 1.860553e+00 2.096956e+00 2.445365e+00 2.780106e+00 3.169084e+00 3.482828e+00 2.531486e+00 2.699221e+00 2.298478e+00 1.989439e+00 1.224980e-03
<GCONST> 9.187985e+01
<MIXTURE> 80 7.550998e-03
<MEAN> 25
 -1.462817e+01 3.966353e+00 6.971487e-01 2.840202e+00 2.456804e+00 1.346559e+00 6.407503e+00 2.439855e+00 2.657475e+00 2.363798e+00 4.807893e+00 1.263579e+00 4.284144e+00 -1.951556e-02 1.648238e+00 -1.113741e+00 -2.875898e+00 -2.763268e+00 -2.323853e+00 -2.004419e+00 -1.965780e+00 -1.675486e+00 -1.629462e+00 -6.131033e-01 -4.363525e-02
<VARIANCE> 25
 2.086203e+01 1.968597e+01 3.419227e+01 3.449229e+01 2.994459e+01 2.938304e+01 2.808892e+01 2.859416e+01 2.688892e+01 2.853943e+01 2.679828e+01 1.852911e+01 2.337464e+00 2.651023e+00 2.678841e+00 4.143517e+00 3.380717e+00 2.702688e+00 2.999520e+00 3.202071e+00 2.731302e+00 2.684576e+00 2.800066e+00 2.135491e+00 1.538372e-03
<GCONST> 9.136565e+01
<MIXTURE> 81 8.025434e-03
<MEAN> 25
 -1.123113e+00 4.063331e+00 1.016757e+01 -1.477643e+01 -9.063899e+00 -1.450851e+00 -6.738057e+00 -8.415088e+00 -4.162313e+00 -4.043064e-01 -7.582613e+00 -2.232101e+00 1.323334e-01 -5.841828e-01 -4.006306e-03 -5.557988e-01 -4.671988e-01 3.352492e-01 3.190103e-01 1.337176e-01 -1.388287e-01 1.023905e-01 -4.699940e-01 -1.227251e-01 1.142181e-02
<VARIANCE> 25
 1.014346e+01 3.275541e+01 2.648184e+01 2.958070e+01 3.377417e+01 3.085034e+01 4.577108e+01 2.826304e+01 3.796820e+01 3.188993e+01 2.527565e+01 3.109291e+01 7.723303e-01 2.277658e+00 1.545430e+00 2.867396e+00 2.663316e+00 2.125595e+00 3.276106e+00 2.288651e+00 2.353794e+00 2.543174e+00 2.295182e+00 2.077348e+00 1.185027e-03
<GCONST> 8.871142e+01
<MIXTURE> 82 8.213053e-03
<MEAN> 25
 -1.002256e+01 -3.832321e+00 1.700031e+00 -3.127800e+00 3.221868e+00 5.033754e-01 2.102844e+00 9.146000e-01 2.970630e+00 1.653943e+00 1.627721e+00 3.159728e+00 -1.386421e+00 -1.567884e-01 3.260875e-01 -2.579733e+00 -1.013930e+00 -1.262143e+00 -9.477950e-01 -7.908093e-01 -3.000942e-01 -4.972200e-01 -3.273793e-01 -9.254102e-02 1.775080e-01
<VARIANCE> 25
 1.787908e+01 2.473893e+01 3.212961e+01 3.180672e+01 3.303798e+01 3.311799e+01 3.180120e+01 3.241177e+01 3.031771e+01 2.500222e+01 3.096197e+01 1.754608e+01 3.963573e+00 3.064192e+00 3.341878e+00 3.240927e+00 3.932626e+00 3.225645e+00 3.128732e+00 3.301339e+00 2.762987e+00 2.467076e+00 2.412621e+00 1.831999e+00 3.430146e-03
<GCONST> 9.331747e+01
<MIXTURE> 83 1.167529e-02
<MEAN> 25
 -1.893715e+01 5.206943e+00 -1.008536e+00 3.519988e-02 7.398894e+00 -2.964003e+00 6.513012e+00 1.605431e+00 -1.100074e+00 5.556930e-01 -7.416160e-01 4.100881e+00 -1.123690e-01 -2.640124e-01 1.877812e-01 -4.840479e-01 -4.823272e-01 2.469701e-01 9.825020e-02 -1.609748e-01 -7.721721e-02 7.876181e-02 3.403191e-02 2.284104e-01 6.801798e-03
<VARIANCE> 25
 7.828261e+00 1.170402e+01 2.430379e+01 2.838956e+01 1.558387e+01 2.206351e+01 1.866191e+01 2.016566e+01 2.185673e+01 1.892209e+01 2.200672e+01 1.279832e+01 1.127478e+00 8.181099e-01 1.499528e+00 1.506949e+00 1.317707e+00 1.435113e+00 1.015268e+00 1.353639e+00 1.237307e+00 1.414664e+00 1.127928e+00 8.285220e-01 9.450358e-04
<GCONST> 7.565475e+01
<MIXTURE> 84 1.066614e-02
<MEAN> 25
 1.048389e+00 8.888246e+00 7.086887e+00 7.903449e+00 2.792931e+00 -1.141825e+00 -1.596065e+00 -4.411800e+00 -3.997780e+00 -2.873415e+00 -2.467305e+00 -1.538772e+00 -1.738022e+00 -1.138969e+00 -1.237126e+00 1.255939e+00 2.230132e+00 1.463966e+00 1.440617e+00 1.235649e+00 1.140748e+00 3.930804e-01 4.008663e-01 4.326477e-01 -7.020564e-02
<VARIANCE> 25
 2.418128e+01 1.887785e+01 2.239918e+01 2.372418e+01 2.873759e+01 2.935091e+01 2.763399e+01 2.600438e+01 2.531304e+01 2.484643e+01 2.295388e+01 2.399650e+01 2.132133e+00 2.635899e+00 3.822882e+00 3.274936e+00 3.209442e+00 3.306211e+00 3.232846e+00 3.394848e+00 3.426368e+00 3.170141e+00 3.498249e+00 2.785727e+00 3.504504e-03
<GCONST> 9.243580e+01
<MIXTURE> 85 7.591393e-03
<MEAN> 25
 -3.150277e+00 7.925086e+00 5.720878e+00 1.317079e+00 -3.437609e+00 -5.375004e+00 -2.965819e+00 -6.115598e+00 -3.564176e+00 -3.162692e+00 -5.281567e-01 -1.883549e+00 3.929840e+00 3.371990e-01 1.747524e+00 -2.069734e+00 -3.391446e+00 -2.569396e+00 -2.892051e+00 -2.326543e+00 -2.223648e+00 -1.258438e+00 -2.287281e+00 -6.215469e-01 8.440285e-03
<VARIANCE> 25
 4.249134e+01 2.342585e+01 3.623333e+01 3.806248e+01 3.986297e+01 4.136064e+01 3.202770e+01 2.770984e+01 2.651052e+01 2.599366e+01 2.634576e+01 2.047325e+01 2.711648e+00 4.316869e+00 4.053218e+00 5.206593e+00 4.455676e+00 3.876971e+00 3.829493e+00 3.987552e+00 3.907245e+00 4.014564e+00 3.946371e+00 3.463419e+00 5.495739e-03
<GCONST> 9.834997e+01
<MIXTURE> 86 1.273941e-02
<MEAN> 25
 -4.956991e+00 -1.073120e+00 -9.052294e-01 6.348370e+00 5.033478e+00 4.590732e+00 5.306262e+00 4.539233e+00 4.688646e+00 3.900522e+00 5.192946e+00 2.665689e+00 -9.351347e-03 -8.666702e-03 -4.138867e-02 -6.650174e-02 -1.082364e-01 -1.910477e-01 -2.719646e-01 -3.327149e-01 -3.548107e-01 -3.150686e-01 -2.217590e-01 -9.150848e-02 -6.476141e-04
<VARIANCE> 25
 7.795499e+00 6.641076e+00 1.056512e+01 1.213999e+01 1.574269e+01 1.459563e+01 1.337171e+01 1.296602e+01 1.317025e+01 1.411021e+01 1.540542e+01 1.269076e+01 9.906094e-02 1.909874e-01 3.151271e-01 4.793189e-01 6.346768e-01 7.473047e-01 7.461840e-01 7.607719e-01 8.188753e-01 8.763999e-01 9.095129e-01 9.186224e-01 5.319276e-05
<GCONST> 5.831789e+01
<MIXTURE> 87 1.100681e-02
<MEAN> 25
 -3.410892e+00 4.462983e+00 3.191540e+00 6.884525e+00 5.580701e+00 3.003462e-01 1.656371e+00 -1.070125e+00 -7.259073e-01 -9.635468e-01 -9.047050e-01 2.349714e-01 -2.105792e+00 -2.754570e+00 -2.025551e+00 -2.058909e+00 -4.912548e-02 -1.440827e-01 6.893953e-01 1.265045e+00 1.320579e+00 9.988081e-01 9.332200e-01 1.027365e+00 1.009815e-01
<VARIANCE> 25
 3.991398e+01 2.848715e+01 2.886062e+01 3.352754e+01 2.765374e+01 3.608143e+01 2.662389e+01 2.651146e+01 2.507373e+01 2.328427e+01 2.441679e+01 2.258085e+01 3.774164e+00 2.669813e+00 4.271914e+00 3.972896e+00 4.992180e+00 4.116242e+00 4.117800e+00 3.733664e+00 3.504640e+00 3.317985e+00 3.214577e+00 2.615297e+00 4.896001e-03
<GCONST> 9.616531e+01
<MIXTURE> 88 1.256585e-02
<MEAN> 25
 -3.939313e+00 -4.464236e-01 -1.535004e+00 5.621747e+00 4.578794e+00 2.866535e+00 4.206203e+00 2.893054e+00 3.569243e+00 2.099445e+00 2.346892e+00 2.370334e+00 5.028913e-02 2.867370e-01 -1.582713e-02 4.118088e-01 3.198269e-01 2.073606e-01 3.392742e-03 -2.511874e-01 -1.700723e-01 -2.596944e-01 -1.296204e-01 8.593122e-02 -1.017915e-02
<VARIANCE> 25
 9.899733e+00 1.142225e+01 1.604850e+01 1.465409e+01 1.921042e+01 2.208795e+01 1.953576e+01 1.955821e+01 1.633777e+01 1.738662e+01 2.270002e+01 1.477111e+01 1.236116e+00 1.682427e+00 2.564274e+00 2.091331e+00 2.439563e+00 2.467370e+00 2.493281e+00 2.339678e+00 2.356418e+00 2.385332e+00 2.126206e+00 2.006200e+00 1.481738e-03
<GCONST> 8.222846e+01
<MIXTURE> 89 9.333527e-03
<MEAN> 25
 5.425987e+00 -7.298937e+00 -2.868368e+00 -1.683003e+00 -1.771305e+00 -5.360548e+00 -4.795714e+00 4.469550e+00 5.204204e+00 -1.295097e+00 -5.417926e+00 -3.142245e+00 -4.355276e-01 -1.473782e-01 2.176094e+00 1.206115e+00 -2.057501e+00 -1.518460e+00 3.125642e-01 1.186959e+00 -6.226575e-01 -1.218448e+00 3.161345e-01 1.533375e+00 -1.218303e-03
<VARIANCE> 25
 8.328369e+00 2.247920e+01 2.541330e+01 4.657988e+01 3.242524e+01 4.470542e+01 4.984480e+01 3.531096e+01 4.721289e+01 3.803524e+01 2.821889e+01 3.698911e+01 3.867389e-01 8.735078e-01 1.247684e+00 1.934751e+00 2.557514e+00 1.891492e+00 3.209585e+00 1.671652e+00 2.134293e+00 1.709063e+00 1.843791e+00 1.163643e+00 3.724876e-04
<GCONST> 8.466608e+01
<MIXTURE> 90 7.114505e-03
<MEAN> 25
 2.458917e+00 -9.705104e+00 -4.734426e+00 -3.960976e+00 -3.388031e+00 -1.797899e+00 3.347007e+00 1.188019e+00 -7.542670e+00 -1.017692e+01 -3.412683e+00 -7.311186e-01 -1.621071e-01 9.089757e-01 1.165295e+00 -8.515108e-01 -1.610210e+00 -2.157370e-01 6.477383e-01 -2.084917e-01 -1.686405e-01 7.320492e-01 1.815182e-01 -5.491370e-01 -1.113377e-02
<VARIANCE> 25
 8.500855e+00 1.786466e+01 1.988734e+01 2.809806e+01 3.673209e+01 3.226590e+01 3.853617e+01 3.632874e+01 3.540491e+01 2.812592e+01 2.702679e+01 2.607438e+01 2.239956e-01 6.108059e-01 7.896141e-01 1.041623e+00 1.470230e+00 1.595852e+00 1.783279e+00 1.651902e+00 1.810079e+00 1.681151e+00 1.491326e+00 1.305816e+00 2.143985e-04
<GCONST> 7.815923e+01
<MIXTURE> 91 7.852945e-03
<MEAN> 25
 6.163639e+00 -7.525951e+00 -8.469353e+00 -4.882675e+00 3.683917e+00 6.767542e-02 -1.966807e+00 7.636262e-01 1.941331e+00 -2.286508e+00 -4.885430e+00 -5.542669e+00 2.518675e-01 9.267197e-01 2.015885e-01 4.592886e-01 -3.808365e-02 -6.530985e-01 -5.021413e-01 6.467007e-02 7.612895e-05 3.894258e-01 -1.400594e-01 2.942313e-01 -3.455151e-02
<VARIANCE> 25
 9.912589e+00 2.098891e+01 1.871628e+01 4.544360e+01 3.567840e+01 5.517733e+01 5.068510e+01 3.832952e+01 6.077993e+01 6.165152e+01 3.743989e+01 3.914218e+01 4.138592e-01 9.491573e-01 1.164129e+00 1.328711e+00 2.367793e+00 2.326672e+00 2.363856e+00 2.512429e+00 2.190969e+00 2.054334e+00 1.919144e+00 1.930051e+00 5.580147e-04
<GCONST> 8.701854e+01
<MIXTURE> 92 7.852945e-03
<MEAN> 25
 6.163639e+00 -7.525951e+00 -8.469353e+00 -4.882675e+00 3.683917e+00 6.767542e-02 -1.966807e+00 7.636262e-01 1.941331e+00 -2.286508e+00 -4.885430e+00 -5.542669e+00 2.518675e-01 9.267197e-01 2.015885e-01 4.592886e-01 -3.808365e-02 -6.530985e-01 -5.021413e-01 6.467007e-02 7.612895e-05 3.894258e-01 -1.400594e-01 2.942313e-01 -3.455151e-02
<VARIANCE> 25
 9.912589e+00 2.098891e+01 1.871628e+01 4.544360e+01 3.567840e+01 5.517733e+01 5.068510e+01 3.832952e+01 6.077993e+01 6.165152e+01 3.743989e+01 3.914218e+01 4.138592e-01 9.491573e-01 1.164129e+00 1.328711e+00 2.367793e+00 2.326672e+00 2.363856e+00 2.512429e+00 2.190969e+00 2.054334e+00 1.919144e+00 1.930051e+00 5.580147e-04
<GCONST> 8.701854e+01
<MIXTURE> 93 6.122769e-03
<MEAN> 25
 -6.822631e+00 -9.520118e-01 -2.406525e+00 5.797708e+00 5.907209e+00 3.921517e+00 6.125061e+00 3.609286e+00 4.123827e+00 2.509510e+00 1.811301e+00 3.701429e+00 -6.168873e-02 -1.540523e-01 -2.570347e-01 -3.312078e-01 -3.332862e-01 -2.842070e-01 -2.170302e-01 -1.743257e-01 -1.673009e-01 -1.505625e-01 -1.038563e-01 -3.548923e-02 -5.681165e-06
<VARIANCE> 25
 9.095472e+00 6.106167e+00 8.195264e+00 1.136146e+01 1.148479e+01 1.597053e+01 1.527651e+01 1.643429e+01 1.476303e+01 1.453239e+01 1.681986e+01 1.345926e+01 8.266955e-02 1.535101e-01 2.636993e-01 3.813460e-01 4.984781e-01 6.422017e-01 7.796635e-01 8.871751e-01 9.161080e-01 8.756869e-01 8.924939e-01 9.174951e-01 1.005770e-06
<GCONST> 5.362446e+01
<MIXTURE> 94 6.122769e-03
<MEAN> 25
 -6.822631e+00 -9.520118e-01 -2.406525e+00 5.797708e+00 5.907209e+00 3.921517e+00 6.125061e+00 3.609286e+00 4.123827e+00 2.509510e+00 1.811301e+00 3.701429e+00 -6.168873e-02 -1.540523e-01 -2.570347e-01 -3.312078e-01 -3.332862e-01 -2.842070e-01 -2.170302e-01 -1.743257e-01 -1.673009e-01 -1.505625e-01 -1.038563e-01 -3.548923e-02 -5.681165e-06
<VARIANCE> 25
 9.095472e+00 6.106167e+00 8.195264e+00 1.136146e+01 1.148479e+01 1.597053e+01 1.527651e+01 1.643429e+01 1.476303e+01 1.453239e+01 1.681986e+01 1.345926e+01 8.266955e-02 1.535101e-01 2.636993e-01 3.813460e-01 4.984781e-01 6.422017e-01 7.796635e-01 8.871751e-01 9.161080e-01 8.756869e-01 8.924939e-01 9.174951e-01 1.005770e-06
<GCONST> 5.362446e+01
<MIXTURE> 95 5.258835e-03
<MEAN> 25
 -5.725276e+00 -3.053745e-01 -2.296305e+00 5.047305e+00 4.351961e+00 2.569039e+00 4.203357e+00 1.652863e+00 2.373125e+00 9.734745e-01 1.012538e+00 2.489316e+00 1.264885e-01 1.345439e-01 5.957938e-02 -7.649926e-02 -3.217710e-01 -7.531891e-01 -1.072400e+00 -1.256077e+00 -1.219235e+00 -9.440217e-01 -6.019672e-01 -2.275777e-01 -5.539541e-04
<VARIANCE> 25
 9.889539e+00 9.260946e+00 1.322070e+01 1.254551e+01 1.375821e+01 1.845292e+01 1.701370e+01 1.600430e+01 1.501407e+01 1.488900e+01 1.969459e+01 1.386351e+01 2.048151e-01 2.810292e-01 4.445576e-01 6.082234e-01 8.206006e-01 9.147744e-01 9.074773e-01 9.086560e-01 9.573000e-01 1.068223e+00 1.150955e+00 1.207379e+00 4.269538e-05
<GCONST> 6.338578e+01
<MIXTURE> 96 7.034694e-03
<MEAN> 25
 -4.959184e+00 -3.831918e-02 -2.519893e+00 5.122178e+00 3.806980e+00 1.678846e+00 3.737431e+00 1.921390e+00 2.824077e+00 9.997805e-01 7.623293e-01 2.729954e+00 -1.951307e-02 1.062445e-01 2.368834e-01 4.157215e-01 4.976170e-01 4.573553e-01 2.636229e-01 -1.788898e-01 -5.173256e-01 -6.595061e-01 -5.823957e-01 -3.296653e-01 -5.348304e-05
<VARIANCE> 25
 1.069983e+01 1.182789e+01 1.328818e+01 1.357443e+01 1.438927e+01 1.888294e+01 1.812114e+01 1.856853e+01 1.911103e+01 1.579773e+01 2.085700e+01 1.409226e+01 1.176946e-01 2.160734e-01 3.180528e-01 3.949418e-01 5.232915e-01 6.613318e-01 8.290926e-01 9.975780e-01 9.564545e-01 8.389450e-01 8.838894e-01 9.154314e-01 1.065207e-06
<GCONST> 5.761784e+01
<MIXTURE> 97 7.034694e-03
<MEAN> 25
 -4.959184e+00 -3.831918e-02 -2.519893e+00 5.122178e+00 3.806980e+00 1.678846e+00 3.737431e+00 1.921390e+00 2.824077e+00 9.997805e-01 7.623293e-01 2.729954e+00 -1.951307e-02 1.062445e-01 2.368834e-01 4.157215e-01 4.976170e-01 4.573553e-01 2.636229e-01 -1.788898e-01 -5.173256e-01 -6.595061e-01 -5.823957e-01 -3.296653e-01 -5.348304e-05
<VARIANCE> 25
 1.069983e+01 1.182789e+01 1.328818e+01 1.357443e+01 1.438927e+01 1.888294e+01 1.812114e+01 1.856853e+01 1.911103e+01 1.579773e+01 2.085700e+01 1.409226e+01 1.176946e-01 2.160734e-01 3.180528e-01 3.949418e-01 5.232915e-01 6.613318e-01 8.290926e-01 9.975780e-01 9.564545e-01 8.389450e-01 8.838894e-01 9.154314e-01 1.065207e-06
<GCONST> 5.761784e+01
<MIXTURE> 98 9.917808e-03
<MEAN> 25
 -1.819805e+00 9.257576e-01 -9.214714e-02 4.737462e+00 3.727750e+00 1.772357e+00 3.014847e+00 1.461762e+00 1.532716e+00 8.395128e-01 6.696228e-01 1.103924e+00 -1.751837e+00 -1.479148e+00 -1.128964e+00 2.492738e-01 6.617035e-01 8.113297e-01 1.357783e+00 1.323314e+00 1.543282e+00 1.141103e+00 1.216233e+00 1.003251e+00 -3.227026e-02
<VARIANCE> 25
 1.639423e+01 1.916044e+01 3.167170e+01 3.063576e+01 4.216541e+01 4.412860e+01 3.049145e+01 2.873836e+01 2.770575e+01 2.832916e+01 2.575023e+01 2.272069e+01 1.317037e+00 1.517856e+00 2.474378e+00 2.434919e+00 2.715582e+00 2.731282e+00 2.844157e+00 2.794729e+00 2.717125e+00 2.829083e+00 2.798226e+00 2.067028e+00 2.389503e-03
<GCONST> 9.023925e+01
<MIXTURE> 99 6.696178e-03
<MEAN> 25
 -6.658093e+00 9.392862e+00 6.106914e+00 3.810715e+00 2.284186e+00 -7.031884e+00 -4.347374e-01 -3.619733e+00 -4.306016e+00 -3.258137e+00 -3.356287e+00 6.249543e-01 2.997946e-01 -7.194620e-01 -2.103958e-01 -3.224171e-01 -7.857476e-01 -4.064095e-01 -3.841690e-01 -1.044233e-01 1.015133e-02 -1.494578e-01 3.677981e-01 2.695131e-01 2.859325e-03
<VARIANCE> 25
 4.545716e+01 2.279881e+01 4.804812e+01 2.507159e+01 2.653393e+01 3.329799e+01 2.672177e+01 2.369551e+01 2.020002e+01 2.206241e+01 1.802061e+01 2.140845e+01 1.897725e+00 2.641267e+00 2.607625e+00 1.398502e+00 2.694957e+00 1.677768e+00 1.855747e+00 1.464167e+00 1.429674e+00 1.247585e+00 1.251514e+00 1.132381e+00 1.520994e-03
<GCONST> 8.512700e+01
<MIXTURE> 100 4.498084e-03
<MEAN> 25
 -1.598878e+00 6.344827e+00 1.027700e+01 -7.462759e+00 -1.078206e+01 -5.075294e+00 -4.941668e+00 -9.968847e+00 -4.718240e+00 -8.551691e-01 -2.733300e+00 -2.708267e+00 2.917895e+00 -1.260455e+00 1.299659e+00 -2.185945e+00 -3.419489e+00 -7.841161e-01 -1.218778e+00 -8.197802e-01 -1.475479e+00 3.466953e-01 -1.655620e+00 -2.862392e-01 2.015521e-03
<VARIANCE> 25
 1.362666e+01 2.105913e+01 2.246177e+01 2.642710e+01 2.301848e+01 2.372172e+01 2.911146e+01 2.170685e+01 2.748231e+01 2.265230e+01 2.241141e+01 2.134114e+01 1.799129e+00 3.953767e+00 2.919965e+00 4.286306e+00 4.184435e+00 4.537227e+00 4.015484e+00 4.340374e+00 4.167888e+00 3.896067e+00 3.910382e+00 3.225015e+00 1.674840e-03
<GCONST> 9.256865e+01
<MIXTURE> 101 6.007792e-03
<MEAN> 25
 7.847804e+00 -3.595126e+00 -5.872395e+00 -6.441957e+00 8.176860e-01 -5.670003e-01 -1.130559e+01 -2.425434e+00 1.779991e+00 3.225733e+00 -1.581329e+00 -4.861276e+00 7.084928e-01 6.356624e-01 -1.438056e+00 -1.624907e+00 9.324197e-01 2.383908e+00 2.071170e-01 -1.692244e+00 -9.188159e-01 9.806393e-01 1.440690e+00 -4.967508e-01 -3.744862e-03
<VARIANCE> 25
 8.514044e+00 1.460502e+01 2.772408e+01 3.845051e+01 3.149035e+01 3.482725e+01 3.639114e+01 3.361560e+01 3.554206e+01 3.982107e+01 4.906940e+01 2.191364e+01 2.683062e-01 5.835600e-01 1.051611e+00 1.406274e+00 1.578872e+00 2.124693e+00 1.975597e+00 2.325515e+00 2.297656e+00 2.194929e+00 1.639440e+00 1.876162e+00 3.244789e-04
<GCONST> 8.206704e+01
<MIXTURE> 102 6.007792e-03
<MEAN> 25
 7.847804e+00 -3.595126e+00 -5.872395e+00 -6.441957e+00 8.176860e-01 -5.670003e-01 -1.130559e+01 -2.425434e+00 1.779991e+00 3.225733e+00 -1.581329e+00 -4.861276e+00 7.084928e-01 6.356624e-01 -1.438056e+00 -1.624907e+00 9.324197e-01 2.383908e+00 2.071170e-01 -1.692244e+00 -9.188159e-01 9.806393e-01 1.440690e+00 -4.967508e-01 -3.744862e-03
<VARIANCE> 25
 8.514044e+00 1.460502e+01 2.772408e+01 3.845051e+01 3.149035e+01 3.482725e+01 3.639114e+01 3.361560e+01 3.554206e+01 3.982107e+01 4.906940e+01 2.191364e+01 2.683062e-01 5.835600e-01 1.051611e+00 1.406274e+00 1.578872e+00 2.124693e+00 1.975597e+00 2.325515e+00 2.297656e+00 2.194929e+00 1.639440e+00 1.876162e+00 3.244789e-04
<GCONST> 8.206704e+01
<MIXTURE> 103 5.694618e-03
<MEAN> 25
 3.365552e+00 -9.480410e+00 -6.122300e+00 -3.083669e+00 -1.330999e+00 -1.974219e+00 2.441960e+00 2.514616e+00 -4.609935e+00 -9.249858e+00 -5.062659e+00 3.688646e-01 -1.574499e-01 -1.488161e+00 -9.795192e-01 3.750423e-01 1.212770e+00 1.018909e+00 1.571805e-01 -2.675223e-01 -7.816956e-01 -9.482059e-01 -3.479665e-02 1.204263e-01 2.696615e-02
<VARIANCE> 25
 1.033535e+01 2.030209e+01 2.303022e+01 3.171597e+01 4.801991e+01 3.499818e+01 4.638961e+01 3.667440e+01 4.210618e+01 2.938936e+01 3.004413e+01 2.643371e+01 6.434295e-01 1.251362e+00 1.539044e+00 1.938846e+00 2.926066e+00 2.411225e+00 2.892067e+00 2.575593e+00 2.562485e+00 2.525408e+00 2.095853e+00 2.015594e+00 8.073747e-04
<GCONST> 8.757598e+01
<MIXTURE> 104 5.694618e-03
<MEAN> 25
 3.365552e+00 -9.480410e+00 -6.122300e+00 -3.083669e+00 -1.330999e+00 -1.974219e+00 2.441960e+00 2.514616e+00 -4.609935e+00 -9.249858e+00 -5.062659e+00 3.688646e-01 -1.574499e-01 -1.488161e+00 -9.795192e-01 3.750423e-01 1.212770e+00 1.018909e+00 1.571805e-01 -2.675223e-01 -7.816956e-01 -9.482059e-01 -3.479665e-02 1.204263e-01 2.696615e-02
<VARIANCE> 25
 1.033535e+01 2.030209e+01 2.303022e+01 3.171597e+01 4.801991e+01 3.499818e+01 4.638961e+01 3.667440e+01 4.210618e+01 2.938936e+01 3.004413e+01 2.643371e+01 6.434295e-01 1.251362e+00 1.539044e+00 1.938846e+00 2.926066e+00 2.411225e+00 2.892067e+00 2.575593e+00 2.562485e+00 2.525408e+00 2.095853e+00 2.015594e+00 8.073747e-04
<GCONST> 8.757598e+01
<MIXTURE> 105 4.710235e-03
<MEAN> 25
 2.388313e+00 -1.486300e+00 8.856401e+00 -2.633218e+00 -1.127818e+01 -4.798733e+00 -3.951987e+00 -4.938852e-01 -3.954462e+00 -3.025555e+00 1.567995e+00 -1.063306e+00 7.667392e-03 5.460212e-02 5.765544e-03 -6.210516e-02 1.675436e-02 5.634447e-02 -1.443576e-02 5.802476e-02 1.389096e-02 7.737667e-03 3.560736e-02 -8.214678e-03 -2.358139e-03
<VARIANCE> 25
 1.339381e+01 2.758149e+01 4.273108e+01 4.308548e+01 3.855664e+01 5.299832e+01 4.050698e+01 4.303462e+01 3.957602e+01 4.083002e+01 4.038079e+01 2.963278e+01 8.111592e-02 1.905017e-01 3.750986e-01 2.878475e-01 3.689637e-01 4.492931e-01 4.754354e-01 4.822073e-01 5.322164e-01 4.338641e-01 4.065983e-01 3.923583e-01 8.709872e-05
<GCONST> 6.662212e+01
<MIXTURE> 106 4.710235e-03
<MEAN> 25
 2.388313e+00 -1.486300e+00 8.856401e+00 -2.633218e+00 -1.127818e+01 -4.798733e+00 -3.951987e+00 -4.938852e-01 -3.954462e+00 -3.025555e+00 1.567995e+00 -1.063306e+00 7.667392e-03 5.460212e-02 5.765544e-03 -6.210516e-02 1.675436e-02 5.634447e-02 -1.443576e-02 5.802476e-02 1.389096e-02 7.737667e-03 3.560736e-02 -8.214678e-03 -2.358139e-03
<VARIANCE> 25
 1.339381e+01 2.758149e+01 4.273108e+01 4.308548e+01 3.855664e+01 5.299832e+01 4.050698e+01 4.303462e+01 3.957602e+01 4.083002e+01 4.038079e+01 2.963278e+01 8.111592e-02 1.905017e-01 3.750986e-01 2.878475e-01 3.689637e-01 4.492931e-01 4.754354e-01 4.822073e-01 5.322164e-01 4.338641e-01 4.065983e-01 3.923583e-01 8.709872e-05
<GCONST> 6.662212e+01
<MIXTURE> 107 5.452374e-03
<MEAN> 25
 8.132341e+00 -1.920104e+00 -7.421890e+00 -9.518301e+00 2.146651e+00 3.940415e+00 -8.373375e+00 -4.932458e+00 -3.670819e-01 3.369242e+00 2.480884e+00 -4.933671e+00 -6.529076e-01 -8.494237e-01 7.717177e-01 1.523514e+00 1.976875e-01 -2.117003e+00 -7.344338e-01 8.373692e-01 1.957366e+00 2.395379e-01 -1.491067e+00 -9.030711e-01 2.280912e-05
<VARIANCE> 25
 9.413589e+00 2.328857e+01 2.805389e+01 3.785382e+01 3.135344e+01 3.919875e+01 4.509687e+01 3.249245e+01 4.391165e+01 3.612471e+01 6.492906e+01 2.772489e+01 3.689419e-01 9.202381e-01 1.417670e+00 2.437634e+00 2.056425e+00 2.795692e+00 2.567105e+00 2.323199e+00 2.454529e+00 2.906551e+00 2.125763e+00 2.093954e+00 8.015909e-04
<GCONST> 8.759722e+01
<MIXTURE> 108 5.452374e-03
<MEAN> 25
 8.132341e+00 -1.920104e+00 -7.421890e+00 -9.518301e+00 2.146651e+00 3.940415e+00 -8.373375e+00 -4.932458e+00 -3.670819e-01 3.369242e+00 2.480884e+00 -4.933671e+00 -6.529076e-01 -8.494237e-01 7.717177e-01 1.523514e+00 1.976875e-01 -2.117003e+00 -7.344338e-01 8.373692e-01 1.957366e+00 2.395379e-01 -1.491067e+00 -9.030711e-01 2.280912e-05
<VARIANCE> 25
 9.413589e+00 2.328857e+01 2.805389e+01 3.785382e+01 3.135344e+01 3.919875e+01 4.509687e+01 3.249245e+01 4.391165e+01 3.612471e+01 6.492906e+01 2.772489e+01 3.689419e-01 9.202381e-01 1.417670e+00 2.437634e+00 2.056425e+00 2.795692e+00 2.567105e+00 2.323199e+00 2.454529e+00 2.906551e+00 2.125763e+00 2.093954e+00 8.015909e-04
<GCONST> 8.759722e+01
<MIXTURE> 109 6.661064e-03
<MEAN> 25
 4.088199e+00 -1.050662e+01 -8.268653e+00 -1.359549e+00 2.729173e+00 -2.174095e-02 -7.690214e-02 1.466729e+00 -2.590743e+00 -8.314057e+00 -5.348765e+00 6.374163e-02 -3.155469e-02 -1.284439e-01 -3.553006e-02 2.479434e-01 1.942581e-01 1.177919e-01 -1.221560e-01 -1.023880e-01 -4.086291e-02 -1.323904e-01 2.196421e-01 1.363942e-02 -3.541263e-03
<VARIANCE> 25
 9.061753e+00 1.854490e+01 2.020758e+01 3.137676e+01 4.077406e+01 3.678584e+01 4.650421e+01 3.427979e+01 4.629049e+01 3.574658e+01 2.971489e+01 2.808414e+01 1.930324e-01 4.246256e-01 5.403070e-01 6.333399e-01 1.227661e+00 9.978687e-01 1.260461e+00 1.091086e+00 1.121421e+00 9.515574e-01 8.744361e-01 8.840004e-01 1.815947e-04
<GCONST> 7.449036e+01
<MIXTURE> 110 6.661064e-03
<MEAN> 25
 4.088199e+00 -1.050662e+01 -8.268653e+00 -1.359549e+00 2.729173e+00 -2.174095e-02 -7.690214e-02 1.466729e+00 -2.590743e+00 -8.314057e+00 -5.348765e+00 6.374163e-02 -3.155469e-02 -1.284439e-01 -3.553006e-02 2.479434e-01 1.942581e-01 1.177919e-01 -1.221560e-01 -1.023880e-01 -4.086291e-02 -1.323904e-01 2.196421e-01 1.363942e-02 -3.541263e-03
<VARIANCE> 25
 9.061753e+00 1.854490e+01 2.020758e+01 3.137676e+01 4.077406e+01 3.678584e+01 4.650421e+01 3.427979e+01 4.629049e+01 3.574658e+01 2.971489e+01 2.808414e+01 1.930324e-01 4.246256e-01 5.403070e-01 6.333399e-01 1.227661e+00 9.978687e-01 1.260461e+00 1.091086e+00 1.121421e+00 9.515574e-01 8.744361e-01 8.840004e-01 1.815947e-04
<GCONST> 7.449036e+01
<MIXTURE> 111 4.337247e-03
<MEAN> 25
 -4.454154e+00 -8.196844e-01 -1.755412e+00 1.751188e+00 9.766205e-01 9.407079e-01 3.688042e-01 2.279364e-01 1.251588e-01 -5.223762e-01 -6.801096e-01 1.949133e+00 -2.240956e-02 -3.229116e-02 -7.703840e-02 -7.726271e-02 -3.647305e-02 1.222271e-02 -3.041964e-03 -5.536912e-02 -1.465082e-01 -2.081785e-01 -1.951917e-01 -1.142127e-01 -2.799430e-04
<VARIANCE> 25
 7.002079e+00 5.656273e+00 1.025093e+01 9.734204e+00 1.307172e+01 2.366036e+01 1.481058e+01 1.306352e+01 1.166835e+01 1.182703e+01 1.375884e+01 1.150350e+01 7.863342e-02 1.621930e-01 2.748214e-01 4.176719e-01 5.642607e-01 7.091851e-01 7.936604e-01 8.519375e-01 8.887600e-01 8.500284e-01 8.577247e-01 8.565581e-01 2.251969e-05
<GCONST> 5.609626e+01
<MIXTURE> 112 4.337247e-03
<MEAN> 25
 -4.454154e+00 -8.196844e-01 -1.755412e+00 1.751188e+00 9.766205e-01 9.407079e-01 3.688042e-01 2.279364e-01 1.251588e-01 -5.223762e-01 -6.801096e-01 1.949133e+00 -2.240956e-02 -3.229116e-02 -7.703840e-02 -7.726271e-02 -3.647305e-02 1.222271e-02 -3.041964e-03 -5.536912e-02 -1.465082e-01 -2.081785e-01 -1.951917e-01 -1.142127e-01 -2.799430e-04
<VARIANCE> 25
 7.002079e+00 5.656273e+00 1.025093e+01 9.734204e+00 1.307172e+01 2.366036e+01 1.481058e+01 1.306352e+01 1.166835e+01 1.182703e+01 1.375884e+01 1.150350e+01 7.863342e-02 1.621930e-01 2.748214e-01 4.176719e-01 5.642607e-01 7.091851e-01 7.936604e-01 8.519375e-01 8.887600e-01 8.500284e-01 8.577247e-01 8.565581e-01 2.251969e-05
<GCONST> 5.609626e+01
<MIXTURE> 113 5.938666e-03
<MEAN> 25
 9.601913e+00 1.780347e+00 -8.055749e+00 -1.566538e+01 -1.451326e+00 6.148726e+00 -4.383274e+00 -3.673512e-01 -5.900491e+00 -7.483416e-01 9.043041e-01 1.717856e-01 -1.274721e-03 1.058844e-01 -6.064666e-02 -2.097189e-01 1.160869e-01 2.500847e-01 6.236700e-02 3.531148e-02 -1.277310e-01 -1.004860e-01 1.287068e-01 5.314116e-02 -2.573827e-03
<VARIANCE> 25
 8.358360e+00 1.418191e+01 2.765892e+01 4.031185e+01 4.525219e+01 3.186473e+01 3.986559e+01 4.157798e+01 3.305002e+01 3.979768e+01 3.491416e+01 2.454631e+01 1.088240e-01 3.227867e-01 2.928779e-01 6.754534e-01 5.908993e-01 6.326215e-01 7.402760e-01 9.292278e-01 9.554903e-01 9.265090e-01 6.747211e-01 6.435558e-01 1.205603e-04
<GCONST> 7.005415e+01
<MIXTURE> 114 5.938666e-03
<MEAN> 25
 9.601913e+00 1.780347e+00 -8.055749e+00 -1.566538e+01 -1.451326e+00 6.148726e+00 -4.383274e+00 -3.673512e-01 -5.900491e+00 -7.483416e-01 9.043041e-01 1.717856e-01 -1.274721e-03 1.058844e-01 -6.064666e-02 -2.097189e-01 1.160869e-01 2.500847e-01 6.236700e-02 3.531148e-02 -1.277310e-01 -1.004860e-01 1.287068e-01 5.314116e-02 -2.573827e-03
<VARIANCE> 25
 8.358360e+00 1.418191e+01 2.765892e+01 4.031185e+01 4.525219e+01 3.186473e+01 3.986559e+01 4.157798e+01 3.305002e+01 3.979768e+01 3.491416e+01 2.454631e+01 1.088240e-01 3.227867e-01 2.928779e-01 6.754534e-01 5.908993e-01 6.326215e-01 7.402760e-01 9.292278e-01 9.554903e-01 9.265090e-01 6.747211e-01 6.435558e-01 1.205603e-04
<GCONST> 7.005415e+01
<MIXTURE> 115 2.935202e-03
<MEAN> 25
 -4.018364e+00 -6.983947e-01 -3.137815e+00 3.660612e+00 2.409852e+00 -4.333881e-01 2.266581e+00 4.341694e-01 1.444673e+00 -4.382547e-03 -1.430631e-03 2.682301e+00 3.312141e-02 -6.772196e-02 -2.230987e-01 -4.317116e-01 -6.326751e-01 -6.670456e-01 -5.824522e-01 -5.134891e-01 -4.946985e-01 -4.617611e-01 -3.454542e-01 -1.626306e-01 -7.457295e-06
<VARIANCE> 25
 9.230264e+00 1.019424e+01 1.354264e+01 1.261935e+01 1.340008e+01 1.744913e+01 1.708924e+01 2.071070e+01 1.824765e+01 1.711978e+01 1.928409e+01 1.456906e+01 2.026360e-01 3.459299e-01 4.906422e-01 5.654366e-01 6.298778e-01 7.944913e-01 1.012830e+00 1.127892e+00 1.076743e+00 9.911780e-01 1.018806e+00 1.058202e+00 1.001293e-06
<GCONST> 6.016525e+01
<MIXTURE> 116 2.935202e-03
<MEAN> 25
 -4.018364e+00 -6.983947e-01 -3.137815e+00 3.660612e+00 2.409852e+00 -4.333881e-01 2.266581e+00 4.341694e-01 1.444673e+00 -4.382547e-03 -1.430631e-03 2.682301e+00 3.312141e-02 -6.772196e-02 -2.230987e-01 -4.317116e-01 -6.326751e-01 -6.670456e-01 -5.824522e-01 -5.134891e-01 -4.946985e-01 -4.617611e-01 -3.454542e-01 -1.626306e-01 -7.457295e-06
<VARIANCE> 25
 9.230264e+00 1.019424e+01 1.354264e+01 1.261935e+01 1.340008e+01 1.744913e+01 1.708924e+01 2.071070e+01 1.824765e+01 1.711978e+01 1.928409e+01 1.456906e+01 2.026360e-01 3.459299e-01 4.906422e-01 5.654366e-01 6.298778e-01 7.944913e-01 1.012830e+00 1.127892e+00 1.076743e+00 9.911780e-01 1.018806e+00 1.058202e+00 1.001293e-06
<GCONST> 6.016525e+01
<MIXTURE> 117 6.506003e-03
<MEAN> 25
 -4.644235e+00 1.120386e+00 1.051799e+00 9.756795e+00 6.259502e+00 6.255277e+00 6.463549e+00 5.044035e+00 6.386384e+00 4.928544e+00 6.363103e+00 2.708636e+00 -7.505631e-02 -2.340277e-01 -3.582355e-01 -4.198519e-01 -3.673787e-01 -3.025722e-01 -2.869821e-01 -3.312756e-01 -3.918742e-01 -3.689266e-01 -2.629007e-01 -1.160275e-01 -9.773534e-06
<VARIANCE> 25
 7.185340e+00 8.769327e+00 9.826716e+00 1.431236e+01 1.561434e+01 1.534848e+01 1.772409e+01 1.795758e+01 1.639905e+01 1.636874e+01 1.678272e+01 1.475436e+01 2.165389e-01 3.075055e-01 4.260700e-01 6.172954e-01 8.537408e-01 1.055206e+00 1.177664e+00 1.232892e+00 1.223579e+00 1.194642e+00 1.167160e+00 1.113485e+00 1.002147e-06
<GCONST> 6.043514e+01
<MIXTURE> 118 6.506003e-03
<MEAN> 25
 -4.644235e+00 1.120386e+00 1.051799e+00 9.756795e+00 6.259502e+00 6.255277e+00 6.463549e+00 5.044035e+00 6.386384e+00 4.928544e+00 6.363103e+00 2.708636e+00 -7.505631e-02 -2.340277e-01 -3.582355e-01 -4.198519e-01 -3.673787e-01 -3.025722e-01 -2.869821e-01 -3.312756e-01 -3.918742e-01 -3.689266e-01 -2.629007e-01 -1.160275e-01 -9.773534e-06
<VARIANCE> 25
 7.185340e+00 8.769327e+00 9.826716e+00 1.431236e+01 1.561434e+01 1.534848e+01 1.772409e+01 1.795758e+01 1.639905e+01 1.636874e+01 1.678272e+01 1.475436e+01 2.165389e-01 3.075055e-01 4.260700e-01 6.172954e-01 8.537408e-01 1.055206e+00 1.177664e+00 1.232892e+00 1.223579e+00 1.194642e+00 1.167160e+00 1.113485e+00 1.002147e-06
<GCONST> 6.043514e+01
<MIXTURE> 119 4.297961e-03
<MEAN> 25
 -4.969786e+00 -7.632244e+00 2.234630e+00 2.022450e+00 2.234757e+00 2.062518e-01 5.272525e+00 5.937397e+00 1.166316e+00 9.663178e-01 6.610394e+00 1.571232e+00 -5.017291e-02 -7.964928e-02 3.762304e-02 -5.710411e-02 -1.250729e-01 -1.800779e-01 -6.836069e-02 -1.471159e-02 -9.246724e-02 -1.124856e-01 -5.637876e-02 -5.779183e-02 1.118278e-03
<VARIANCE> 25
 8.544909e+00 9.817939e+00 1.656741e+01 2.023835e+01 2.288970e+01 2.320220e+01 2.499700e+01 2.647711e+01 2.503065e+01 2.805965e+01 2.041253e+01 2.040218e+01 1.604861e-01 2.825610e-01 4.598204e-01 6.325074e-01 8.050023e-01 1.003239e+00 1.101202e+00 1.277965e+00 1.285957e+00 1.245968e+00 1.194951e+00 1.111963e+00 2.318459e-04
<GCONST> 6.973351e+01
<MIXTURE> 120 4.297961e-03
<MEAN> 25
 -4.969786e+00 -7.632244e+00 2.234630e+00 2.022450e+00 2.234757e+00 2.062518e-01 5.272525e+00 5.937397e+00 1.166316e+00 9.663178e-01 6.610394e+00 1.571232e+00 -5.017291e-02 -7.964928e-02 3.762304e-02 -5.710411e-02 -1.250729e-01 -1.800779e-01 -6.836069e-02 -1.471159e-02 -9.246724e-02 -1.124856e-01 -5.637876e-02 -5.779183e-02 1.118278e-03
<VARIANCE> 25
 8.544909e+00 9.817939e+00 1.656741e+01 2.023835e+01 2.288970e+01 2.320220e+01 2.499700e+01 2.647711e+01 2.503065e+01 2.805965e+01 2.041253e+01 2.040218e+01 1.604861e-01 2.825610e-01 4.598204e-01 6.325074e-01 8.050023e-01 1.003239e+00 1.101202e+00 1.277965e+00 1.285957e+00 1.245968e+00 1.194951e+00 1.111963e+00 2.318459e-04
<GCONST> 6.973351e+01
<MIXTURE> 121 4.567511e-03
<MEAN> 25
 2.034166e-01 -2.521389e+00 5.156713e+00 -1.288105e+01 -1.262811e+01 -1.672396e+00 1.004939e+00 -5.098452e+00 -4.212565e+00 -4.833355e-01 -5.508947e+00 -4.299190e+00 2.397507e-02 1.335636e-01 -4.358848e-02 7.974516e-02 1.559779e-01 7.889059e-02 -8.041229e-02 -1.844657e-01 -2.658868e-01 -2.592792e-01 -1.156364e-01 2.320511e-03 -7.479831e-03
<VARIANCE> 25
 7.740120e+00 1.560835e+01 1.727431e+01 2.056250e+01 2.454904e+01 2.957591e+01 2.953765e+01 2.458631e+01 3.530980e+01 2.832402e+01 1.980923e+01 2.124989e+01 1.550848e-01 6.429803e-01 6.241572e-01 7.039790e-01 7.748652e-01 1.148923e+00 1.117522e+00 1.121560e+00 1.219141e+00 1.195283e+00 9.404949e-01 8.718095e-01 2.115595e-04
<GCONST> 7.143849e+01
<MIXTURE> 122 4.567511e-03
<MEAN> 25
 2.034166e-01 -2.521389e+00 5.156713e+00 -1.288105e+01 -1.262811e+01 -1.672396e+00 1.004939e+00 -5.098452e+00 -4.212565e+00 -4.833355e-01 -5.508947e+00 -4.299190e+00 2.397507e-02 1.335636e-01 -4.358848e-02 7.974516e-02 1.559779e-01 7.889059e-02 -8.041229e-02 -1.844657e-01 -2.658868e-01 -2.592792e-01 -1.156364e-01 2.320511e-03 -7.479831e-03
<VARIANCE> 25
 7.740120e+00 1.560835e+01 1.727431e+01 2.056250e+01 2.454904e+01 2.957591e+01 2.953765e+01 2.458631e+01 3.530980e+01 2.832402e+01 1.980923e+01 2.124989e+01 1.550848e-01 6.429803e-01 6.241572e-01 7.039790e-01 7.748652e-01 1.148923e+00 1.117522e+00 1.121560e+00 1.219141e+00 1.195283e+00 9.404949e-01 8.718095e-01 2.115595e-04
<GCONST> 7.143849e+01
<MIXTURE> 123 4.393044e-03
<MEAN> 25
 -4.156051e+00 1.279820e+00 -2.692831e-01 6.156995e+00 5.209039e+00 3.255297e+00 3.321725e+00 5.169430e-01 6.118111e-01 -4.497655e-01 -3.044233e-01 7.616019e-01 -4.750018e-01 -7.397203e-01 -8.326057e-01 -5.961630e-01 -2.308967e-01 4.267444e-02 3.594100e-01 6.428263e-01 7.679916e-01 7.394227e-01 6.930736e-01 5.194722e-01 -3.368969e-03
<VARIANCE> 25
 1.045536e+01 1.170740e+01 1.746381e+01 1.661420e+01 2.153074e+01 2.747291e+01 2.108525e+01 1.821780e+01 2.057691e+01 1.700963e+01 2.328271e+01 1.905940e+01 3.608572e-01 3.754369e-01 5.109060e-01 7.181934e-01 9.704596e-01 1.157852e+00 1.192260e+00 1.174789e+00 1.146064e+00 1.179938e+00 1.188578e+00 1.201124e+00 1.000604e-04
<GCONST> 6.961159e+01
<MIXTURE> 124 4.069876e-03
<MEAN> 25
 -6.209078e+00 -2.399781e-01 -3.464206e+00 5.072219e+00 4.724207e+00 3.149478e+00 5.443804e+00 2.765538e+00 3.698174e+00 1.464558e+00 2.869727e-01 2.548431e+00 -2.106072e-01 -3.239315e-01 -3.754920e-01 -2.380825e-01 1.706431e-01 5.651172e-01 7.889672e-01 8.586445e-01 5.324894e-01 2.327042e-01 8.544388e-02 -8.178735e-02 -4.641276e-04
<VARIANCE> 25
 1.072874e+01 1.282201e+01 1.223746e+01 1.140836e+01 1.133221e+01 1.828311e+01 1.383891e+01 1.581599e+01 1.657710e+01 1.613243e+01 2.259843e+01 1.477016e+01 9.538639e-02 1.528002e-01 2.475765e-01 4.128394e-01 5.862367e-01 6.766028e-01 7.078107e-01 7.513748e-01 9.151512e-01 1.004002e+00 9.575736e-01 9.778359e-01 1.791448e-05
<GCONST> 5.878569e+01
<MIXTURE> 125 4.069876e-03
<MEAN> 25
 -6.209078e+00 -2.399781e-01 -3.464206e+00 5.072219e+00 4.724207e+00 3.149478e+00 5.443804e+00 2.765538e+00 3.698174e+00 1.464558e+00 2.869727e-01 2.548431e+00 -2.106072e-01 -3.239315e-01 -3.754920e-01 -2.380825e-01 1.706431e-01 5.651172e-01 7.889672e-01 8.586445e-01 5.324894e-01 2.327042e-01 8.544388e-02 -8.178735e-02 -4.641276e-04
<VARIANCE> 25
 1.072874e+01 1.282201e+01 1.223746e+01 1.140836e+01 1.133221e+01 1.828311e+01 1.383891e+01 1.581599e+01 1.657710e+01 1.613243e+01 2.259843e+01 1.477016e+01 9.538639e-02 1.528002e-01 2.475765e-01 4.128394e-01 5.862367e-01 6.766028e-01 7.078107e-01 7.513748e-01 9.151512e-01 1.004002e+00 9.575736e-01 9.778359e-01 1.791448e-05
<GCONST> 5.878569e+01
<MIXTURE> 126 2.402244e-03
<MEAN> 25
 -3.774788e+00 -6.867206e+00 -5.292603e+00 2.336955e+00 4.271755e+00 -3.241931e+00 7.458678e-02 3.542869e+00 3.357793e+00 -2.679038e+00 -1.452188e+00 3.035554e+00 -3.482382e-03 -4.383417e-03 -3.779699e-02 -1.598218e-01 -3.199108e-01 -3.894176e-01 -2.725462e-01 -1.549109e-01 -1.101245e-01 -1.141749e-01 -9.871369e-02 -2.870115e-02 -1.559284e-03
<VARIANCE> 25
 7.465561e+00 1.354859e+01 1.379858e+01 1.510887e+01 2.460063e+01 2.359295e+01 2.265732e+01 2.830220e+01 3.120202e+01 2.617562e+01 2.177724e+01 1.921972e+01 1.701821e-01 3.521805e-01 4.831070e-01 5.648820e-01 7.546823e-01 9.949239e-01 1.120332e+00 1.260806e+00 1.325938e+00 1.307434e+00 1.209073e+00 1.145445e+00 2.115781e-04
<GCONST> 6.983322e+01
<MIXTURE> 127 2.402244e-03
<MEAN> 25
 -3.774788e+00 -6.867206e+00 -5.292603e+00 2.336955e+00 4.271755e+00 -3.241931e+00 7.458678e-02 3.542869e+00 3.357793e+00 -2.679038e+00 -1.452188e+00 3.035554e+00 -3.482382e-03 -4.383417e-03 -3.779699e-02 -1.598218e-01 -3.199108e-01 -3.894176e-01 -2.725462e-01 -1.549109e-01 -1.101245e-01 -1.141749e-01 -9.871369e-02 -2.870115e-02 -1.559284e-03
<VARIANCE> 25
 7.465561e+00 1.354859e+01 1.379858e+01 1.510887e+01 2.460063e+01 2.359295e+01 2.265732e+01 2.830220e+01 3.120202e+01 2.617562e+01 2.177724e+01 1.921972e+01 1.701821e-01 3.521805e-01 4.831070e-01 5.648820e-01 7.546823e-01 9.949239e-01 1.120332e+00 1.260806e+00 1.325938e+00 1.307434e+00 1.209073e+00 1.145445e+00 2.115781e-04
<GCONST> 6.983322e+01
<MIXTURE> 128 3.790457e-03
<MEAN> 25
 -3.930631e+00 1.552945e+00 -3.506044e-01 6.569520e+00 3.619637e+00 1.859868e+00 3.586013e+00 2.375192e+00 3.970319e+00 3.699107e+00 3.755609e+00 3.516768e+00 -3.955744e-01 -1.972072e-01 9.803973e-02 7.252135e-01 1.183180e+00 1.134135e+00 7.179417e-01 1.316767e-01 -4.396746e-01 -7.881769e-01 -7.009206e-01 -3.937903e-01 -3.867959e-05
<VARIANCE> 25
 1.019819e+01 1.175165e+01 1.503384e+01 1.930144e+01 2.001502e+01 2.114907e+01 2.431795e+01 2.464634e+01 2.640442e+01 2.384492e+01 2.689792e+01 1.822542e+01 8.911989e-01 1.144855e+00 1.364226e+00 1.503903e+00 1.580211e+00 1.861913e+00 2.246013e+00 2.324109e+00 2.144647e+00 1.855253e+00 1.744010e+00 1.746492e+00 1.006554e-06
<GCONST> 7.364371e+01
<TRANSP> 3
 0.000000e+00 1.000000e+00 0.000000e+00
 0.000000e+00 9.999990e-01 9.999998e-07
 0.000000e+00 0.000000e+00 0.000000e+00
<ENDHMM>
