~o
<STREAMINFO> 1 25
<VECSIZE> 25<NULLD><MFCC_E_D_N><DIAGC>
~h "jmodel"
<BEGINHMM>
<NUMSTATES> 3
<STATE> 2
<NUMMIXES> 128
<MIXTURE> 1 5.748963e-03
<MEAN> 25
 -2.580928e+00 3.185471e+00 2.305751e+00 8.752160e+00 4.371128e+00 3.445145e+00 4.058170e+00 3.931379e+00 5.831002e+00 5.249959e+00 5.877801e+00 3.078792e+00 -2.002435e+00 -1.635858e+00 -8.617595e-01 1.076864e+00 1.557882e+00 2.227205e+00 2.151121e+00 2.084922e+00 1.691556e+00 1.268504e+00 1.565710e+00 6.127388e-01 -4.681819e-02
<VARIANCE> 25
 1.007171e+01 1.175790e+01 1.497890e+01 1.867006e+01 2.316428e+01 2.215038e+01 2.190485e+01 2.198541e+01 2.098070e+01 2.252249e+01 2.095791e+01 1.707260e+01 1.790408e+00 2.112491e+00 3.034510e+00 3.207615e+00 3.757077e+00 3.374852e+00 3.333148e+00 3.376923e+00 3.522173e+00 3.727332e+00 3.513559e+00 2.834016e+00 3.128063e-03
<GCONST> 8.848292e+01
<MIXTURE> 2 4.549242e-03
<MEAN> 25
 -4.873908e+00 1.314312e+00 9.864678e-01 9.901352e+00 6.690621e+00 7.414398e+00 7.846407e+00 6.951990e+00 8.371439e+00 6.373816e+00 7.614671e+00 3.076917e+00 -6.201401e-02 4.307622e-02 1.430154e-01 2.248719e-01 2.653691e-01 2.813343e-01 2.960224e-01 3.202195e-01 3.514628e-01 3.094472e-01 1.966424e-01 7.911569e-02 -3.549633e-07
<VARIANCE> 25
 6.947251e+00 8.897766e+00 1.069400e+01 1.589813e+01 1.722086e+01 1.563803e+01 1.688205e+01 1.850556e+01 1.657111e+01 1.737181e+01 1.817615e+01 1.432998e+01 1.251174e-01 2.283549e-01 3.362970e-01 4.680677e-01 6.485915e-01 8.139660e-01 9.291919e-01 1.002689e+00 1.053145e+00 1.076845e+00 1.076016e+00 1.015990e+00 1.002355e-06
<GCONST> 5.806006e+01
<MIXTURE> 3 4.549242e-03
<MEAN> 25
 -4.873908e+00 1.314312e+00 9.864678e-01 9.901352e+00 6.690621e+00 7.414398e+00 7.846407e+00 6.951990e+00 8.371439e+00 6.373816e+00 7.614671e+00 3.076917e+00 -6.201401e-02 4.307622e-02 1.430154e-01 2.248719e-01 2.653691e-01 2.813343e-01 2.960224e-01 3.202195e-01 3.514628e-01 3.094472e-01 1.966424e-01 7.911569e-02 -3.549633e-07
<VARIANCE> 25
 6.947251e+00 8.897766e+00 1.069400e+01 1.589813e+01 1.722086e+01 1.563803e+01 1.688205e+01 1.850556e+01 1.657111e+01 1.737181e+01 1.817615e+01 1.432998e+01 1.251174e-01 2.283549e-01 3.362970e-01 4.680677e-01 6.485915e-01 8.139660e-01 9.291919e-01 1.002689e+00 1.053145e+00 1.076845e+00 1.076016e+00 1.015990e+00 1.002355e-06
<GCONST> 5.806006e+01
<MIXTURE> 4 1.671429e-02
<MEAN> 25
 2.444000e+00 1.988880e+00 -3.328332e+00 -5.290864e-02 4.884365e+00 -4.526511e-01 -1.345146e+00 -8.538231e-01 3.291594e+00 1.833030e+00 -1.926219e+00 -4.383423e-01 -2.585387e+00 1.326440e+00 1.245345e+00 2.398618e+00 7.595469e-01 -6.085117e-01 1.340694e+00 1.319507e+00 1.003124e+00 6.080647e-01 3.284700e-01 7.902445e-01 -8.526151e-02
<VARIANCE> 25
 1.837025e+01 3.015978e+01 2.550284e+01 3.495450e+01 3.647410e+01 6.103827e+01 5.694634e+01 4.516692e+01 5.147972e+01 5.006820e+01 4.285190e+01 3.086326e+01 2.130824e+00 4.139232e+00 3.423212e+00 4.750517e+00 4.375834e+00 7.673800e+00 6.310457e+00 8.053884e+00 4.619499e+00 5.449077e+00 6.958443e+00 3.518582e+00 5.506653e-03
<GCONST> 1.032895e+02
<MIXTURE> 5 3.206198e-03
<MEAN> 25
 -3.417107e+00 2.189623e+00 5.710379e-01 9.438275e+00 6.687045e+00 6.267000e+00 7.114059e+00 4.704517e+00 5.503325e+00 3.866201e+00 4.625248e+00 2.619939e+00 -3.231688e-01 7.559747e-01 1.221064e+00 1.023146e+00 3.078170e-01 -9.803875e-02 -7.837082e-02 3.844438e-02 4.656947e-01 6.841866e-01 4.002407e-01 8.397686e-02 -3.504085e-05
<VARIANCE> 25
 1.019156e+01 1.387095e+01 2.360131e+01 2.550450e+01 2.013281e+01 1.971958e+01 2.000517e+01 2.034661e+01 2.130314e+01 2.124110e+01 2.415595e+01 1.630535e+01 1.203228e+00 1.239678e+00 1.351552e+00 1.682372e+00 2.271563e+00 2.363137e+00 2.292967e+00 2.267994e+00 2.313848e+00 2.225181e+00 2.082947e+00 1.880698e+00 1.011727e-06
<GCONST> 7.513297e+01
<MIXTURE> 6 5.475854e-03
<MEAN> 25
 9.442171e+00 -3.463049e-01 -6.568069e+00 -1.092601e+01 -1.962208e+00 6.851977e+00 -5.863233e+00 -5.169673e+00 -3.335721e+00 1.888768e+00 4.482534e+00 -1.274547e+00 4.857816e-01 9.089301e-01 -3.194066e-01 -1.400214e+00 -6.369348e-01 1.301328e+00 1.449752e+00 2.172103e-01 -1.176947e+00 -1.243402e+00 3.243529e-01 1.229725e+00 -9.260044e-03
<VARIANCE> 25
 1.029494e+01 1.681575e+01 2.365472e+01 3.845701e+01 3.607421e+01 3.031430e+01 4.338380e+01 3.711186e+01 4.227937e+01 3.899811e+01 4.145040e+01 2.777410e+01 3.021190e-01 8.743660e-01 9.453566e-01 2.032542e+00 1.564121e+00 2.051562e+00 2.072688e+00 2.027264e+00 2.360380e+00 1.917253e+00 2.227254e+00 1.399631e+00 5.975615e-04
<GCONST> 8.389905e+01
<MIXTURE> 7 5.475854e-03
<MEAN> 25
 9.442171e+00 -3.463049e-01 -6.568069e+00 -1.092601e+01 -1.962208e+00 6.851977e+00 -5.863233e+00 -5.169673e+00 -3.335721e+00 1.888768e+00 4.482534e+00 -1.274547e+00 4.857816e-01 9.089301e-01 -3.194066e-01 -1.400214e+00 -6.369348e-01 1.301328e+00 1.449752e+00 2.172103e-01 -1.176947e+00 -1.243402e+00 3.243529e-01 1.229725e+00 -9.260044e-03
<VARIANCE> 25
 1.029494e+01 1.681575e+01 2.365472e+01 3.845701e+01 3.607421e+01 3.031430e+01 4.338380e+01 3.711186e+01 4.227937e+01 3.899811e+01 4.145040e+01 2.777410e+01 3.021190e-01 8.743660e-01 9.453566e-01 2.032542e+00 1.564121e+00 2.051562e+00 2.072688e+00 2.027264e+00 2.360380e+00 1.917253e+00 2.227254e+00 1.399631e+00 5.975615e-04
<GCONST> 8.389905e+01
<MIXTURE> 8 1.165917e-02
<MEAN> 25
 -4.701317e+00 1.528749e+00 8.735222e-01 9.368756e+00 6.466863e+00 6.072980e+00 6.553884e+00 5.719553e+00 6.785518e+00 5.550025e+00 6.178231e+00 3.159720e+00 -5.642490e-01 -1.437126e+00 -1.084785e+00 -1.793561e+00 -2.145532e-01 -8.929926e-01 -2.508761e-01 -1.821588e-01 -2.317757e-01 -1.704818e-01 -1.668248e-01 -6.648413e-03 9.730197e-02
<VARIANCE> 25
 8.941885e+00 9.979393e+00 1.450935e+01 1.607496e+01 1.618333e+01 1.563486e+01 1.756858e+01 1.677058e+01 1.704002e+01 1.683458e+01 2.097449e+01 1.341741e+01 2.730762e+00 2.914787e+00 3.727551e+00 4.166426e+00 3.664640e+00 3.335692e+00 3.234735e+00 3.174674e+00 2.816696e+00 2.752605e+00 2.408016e+00 1.957127e+00 6.443772e-03
<GCONST> 8.661182e+01
<MIXTURE> 9 1.199672e-02
<MEAN> 25
 8.117488e+00 3.314765e+00 -5.829972e+00 -1.140855e+01 -4.538794e+00 5.449182e+00 -6.918911e-02 -2.772406e+00 -2.274091e+00 -2.890786e+00 2.165578e-01 7.278787e-01 1.618840e+00 -5.740127e-01 1.244461e-01 -2.890357e+00 -2.200259e+00 9.249459e-01 -8.521918e-01 -5.297194e-01 -2.435168e-01 -9.623069e-01 6.909149e-01 -3.159588e-02 8.864179e-02
<VARIANCE> 25
 1.319462e+01 2.187973e+01 3.587744e+01 4.439492e+01 6.196925e+01 2.686489e+01 4.036794e+01 5.645271e+01 4.844584e+01 4.115985e+01 2.751314e+01 2.303677e+01 2.231257e+00 2.228753e+00 5.316084e+00 4.733923e+00 6.172164e+00 3.000126e+00 3.658808e+00 6.699179e+00 4.179552e+00 3.576646e+00 2.930184e+00 2.181433e+00 2.269538e-03
<GCONST> 9.760293e+01
<MIXTURE> 10 6.596976e-03
<MEAN> 25
 8.209170e-01 7.631318e+00 5.365579e+00 7.144524e+00 1.589201e+00 -2.111586e+00 -5.197183e-01 -1.691107e+00 8.710451e-01 8.534235e-01 8.347002e-01 6.449521e-01 -1.919768e+00 -6.705843e-01 -4.613500e-01 3.025269e+00 2.457338e+00 2.697382e+00 2.369950e+00 2.273981e+00 1.863725e+00 1.541236e+00 2.327213e+00 5.280524e-01 -1.379099e-01
<VARIANCE> 25
 1.950617e+01 2.063834e+01 2.230187e+01 2.899869e+01 3.828072e+01 3.488424e+01 3.506898e+01 3.376252e+01 2.758645e+01 2.902671e+01 2.690322e+01 2.503449e+01 2.238664e+00 3.422120e+00 5.538251e+00 5.159951e+00 5.554573e+00 4.518975e+00 4.698395e+00 4.846376e+00 4.381660e+00 5.018141e+00 4.455981e+00 3.189580e+00 2.710179e-03
<GCONST> 9.745940e+01
<MIXTURE> 11 1.633820e-02
<MEAN> 25
 6.519004e+00 2.402880e+00 1.943786e+00 6.612731e+00 -1.006254e+00 -1.578386e-01 -4.930091e-01 -5.450647e+00 -4.499618e+00 -1.122265e+00 7.681766e-01 -1.938191e+00 -2.343763e-01 8.695490e-01 -3.552767e-01 3.515897e-02 6.113196e-01 1.675780e-01 2.724713e-01 -2.929774e-01 2.217639e-01 -2.258408e-01 -5.455016e-01 6.919155e-01 -3.019074e-02
<VARIANCE> 25
 6.212700e+00 2.055436e+01 1.370256e+01 2.802433e+01 2.759966e+01 2.399809e+01 3.702771e+01 2.385000e+01 2.808503e+01 2.926996e+01 2.674643e+01 3.026068e+01 5.214214e-01 9.911799e-01 1.137048e+00 2.239606e+00 1.366203e+00 2.246714e+00 1.971823e+00 2.552252e+00 1.902070e+00 1.263517e+00 1.140906e+00 1.404544e+00 5.837284e-04
<GCONST> 8.034894e+01
<MIXTURE> 12 5.904134e-03
<MEAN> 25
 9.789102e+00 3.170685e+00 -3.432865e+00 -1.566993e+01 -9.669458e+00 8.491154e+00 -8.274483e-02 -3.677478e+00 1.995886e-01 -5.722099e+00 1.429831e+00 1.921449e+00 1.177237e-01 2.078312e-01 1.702289e-02 -2.671641e-01 -2.468116e-01 -8.647256e-02 2.543269e-01 3.150758e-01 5.626149e-02 -4.026224e-01 -3.232982e-01 1.044567e-01 -6.266162e-03
<VARIANCE> 25
 9.350931e+00 1.763471e+01 2.057020e+01 3.366367e+01 5.278556e+01 2.409565e+01 4.394847e+01 4.825489e+01 4.148032e+01 3.361545e+01 2.919832e+01 2.608220e+01 2.153803e-01 8.239158e-01 5.991405e-01 9.473138e-01 1.066964e+00 1.037715e+00 1.121651e+00 1.130224e+00 1.124252e+00 1.252677e+00 1.050475e+00 8.395126e-01 4.898017e-04
<GCONST> 7.691471e+01
<MIXTURE> 13 5.904134e-03
<MEAN> 25
 9.789102e+00 3.170685e+00 -3.432865e+00 -1.566993e+01 -9.669458e+00 8.491154e+00 -8.274483e-02 -3.677478e+00 1.995886e-01 -5.722099e+00 1.429831e+00 1.921449e+00 1.177237e-01 2.078312e-01 1.702289e-02 -2.671641e-01 -2.468116e-01 -8.647256e-02 2.543269e-01 3.150758e-01 5.626149e-02 -4.026224e-01 -3.232982e-01 1.044567e-01 -6.266162e-03
<VARIANCE> 25
 9.350931e+00 1.763471e+01 2.057020e+01 3.366367e+01 5.278556e+01 2.409565e+01 4.394847e+01 4.825489e+01 4.148032e+01 3.361545e+01 2.919832e+01 2.608220e+01 2.153803e-01 8.239158e-01 5.991405e-01 9.473138e-01 1.066964e+00 1.037715e+00 1.121651e+00 1.130224e+00 1.124252e+00 1.252677e+00 1.050475e+00 8.395126e-01 4.898017e-04
<GCONST> 7.691471e+01
<MIXTURE> 14 6.488954e-03
<MEAN> 25
 -4.322437e+00 -3.642371e-01 -3.863189e-01 8.887100e+00 7.495469e+00 7.335495e+00 7.832717e+00 7.309560e+00 7.251355e+00 5.208167e+00 6.802720e+00 4.111413e+00 -2.693701e-01 2.016741e-01 3.654147e-01 3.040083e-01 -1.703795e-03 6.251812e-02 1.039357e-01 1.692500e-01 2.969691e-01 5.330458e-01 4.957328e-01 7.787164e-02 -9.313618e-03
<VARIANCE> 25
 9.215920e+00 1.379536e+01 1.910631e+01 1.797515e+01 2.079894e+01 1.968357e+01 2.134590e+01 2.052553e+01 1.995363e+01 2.380650e+01 2.169131e+01 1.586837e+01 9.626251e-01 1.661847e+00 1.775075e+00 1.973981e+00 2.257904e+00 2.245572e+00 2.263582e+00 2.251214e+00 2.272304e+00 2.502163e+00 2.198810e+00 1.824091e+00 1.034205e-03
<GCONST> 8.196139e+01
<MIXTURE> 15 2.475190e-03
<MEAN> 25
 -5.420031e+00 -6.338676e-01 -2.136955e-01 7.375404e+00 5.715941e+00 5.685291e+00 6.066747e+00 4.976152e+00 5.162854e+00 4.154152e+00 5.488055e+00 2.544348e+00 -1.211456e-01 -2.718470e-02 7.549877e-02 2.426409e-01 4.892494e-01 7.860766e-01 1.072023e+00 1.180676e+00 1.059683e+00 7.561016e-01 4.196444e-01 1.540395e-01 -8.917679e-05
<VARIANCE> 25
 6.975470e+00 5.643025e+00 9.081308e+00 1.282241e+01 1.406015e+01 1.437954e+01 1.492048e+01 1.489356e+01 1.408885e+01 1.418296e+01 1.517443e+01 1.249896e+01 1.245293e-01 2.083696e-01 3.198680e-01 5.043200e-01 6.985952e-01 7.926557e-01 7.622688e-01 7.924769e-01 9.082248e-01 1.022014e+00 1.073797e+00 1.046216e+00 2.795420e-05
<GCONST> 5.861846e+01
<MIXTURE> 16 2.475190e-03
<MEAN> 25
 -5.420031e+00 -6.338676e-01 -2.136955e-01 7.375404e+00 5.715941e+00 5.685291e+00 6.066747e+00 4.976152e+00 5.162854e+00 4.154152e+00 5.488055e+00 2.544348e+00 -1.211456e-01 -2.718470e-02 7.549877e-02 2.426409e-01 4.892494e-01 7.860766e-01 1.072023e+00 1.180676e+00 1.059683e+00 7.561016e-01 4.196444e-01 1.540395e-01 -8.917679e-05
<VARIANCE> 25
 6.975470e+00 5.643025e+00 9.081308e+00 1.282241e+01 1.406015e+01 1.437954e+01 1.492048e+01 1.489356e+01 1.408885e+01 1.418296e+01 1.517443e+01 1.249896e+01 1.245293e-01 2.083696e-01 3.198680e-01 5.043200e-01 6.985952e-01 7.926557e-01 7.622688e-01 7.924769e-01 9.082248e-01 1.022014e+00 1.073797e+00 1.046216e+00 2.795420e-05
<GCONST> 5.861846e+01
<MIXTURE> 17 9.518312e-03
<MEAN> 25
 2.856801e+00 -5.396902e-01 7.381407e+00 3.923750e+00 -5.160532e+00 -7.477982e+00 -1.782199e+00 1.060487e+00 -3.140644e+00 -2.415126e+00 -1.860061e-01 4.401070e-01 -5.762606e-01 -1.448928e+00 2.140660e+00 -1.492277e+00 -2.803297e+00 -6.307399e-02 -4.269953e-02 5.977499e-01 -1.310924e+00 -3.375870e-01 1.161176e+00 2.185469e-02 8.477915e-02
<VARIANCE> 25
 1.375782e+01 2.452472e+01 3.028332e+01 4.229500e+01 4.667052e+01 4.417223e+01 3.587185e+01 3.489577e+01 3.066627e+01 2.219861e+01 2.320873e+01 2.275687e+01 1.489531e+00 2.067899e+00 4.738308e+00 3.315277e+00 4.641024e+00 4.535112e+00 4.381555e+00 4.023980e+00 5.912782e+00 3.000900e+00 2.367538e+00 2.600202e+00 1.671573e-03
<GCONST> 9.457477e+01
<MIXTURE> 18 1.221018e-02
<MEAN> 25
 3.806443e+00 4.532099e+00 6.463714e+00 4.682506e+00 -4.284125e+00 -8.042944e+00 -1.747979e+00 -1.190555e+00 -3.271465e+00 -2.448968e+00 -8.852924e-01 5.230960e-01 -7.263047e-01 2.144682e+00 -2.578575e-01 2.002756e+00 3.055085e+00 1.418830e+00 8.067940e-01 -2.662399e-01 6.836628e-01 4.954947e-01 -3.121029e-01 -5.942182e-02 -1.223940e-01
<VARIANCE> 25
 1.651184e+01 2.496551e+01 3.402856e+01 2.611976e+01 4.227401e+01 3.497893e+01 3.811367e+01 3.406625e+01 3.884718e+01 3.349309e+01 3.178404e+01 3.059044e+01 2.498513e+00 3.030931e+00 4.704386e+00 3.979658e+00 4.038846e+00 4.696051e+00 4.577944e+00 4.472694e+00 4.457924e+00 4.241876e+00 4.417000e+00 3.581770e+00 4.046682e-03
<GCONST> 9.838412e+01
<MIXTURE> 19 9.912824e-03
<MEAN> 25
 -9.765620e+00 1.732687e+00 -4.649852e-01 5.960938e-01 4.267398e+00 1.583299e+00 3.495975e+00 1.716823e+00 2.552567e+00 1.395199e+00 1.087580e+00 2.224432e+00 2.094043e+00 1.773070e+00 2.061201e+00 6.412251e-01 -1.212847e+00 -9.412618e-01 -1.014024e+00 -1.547766e+00 -1.345426e+00 -1.205337e+00 -8.471915e-01 -6.901960e-01 2.391868e-03
<VARIANCE> 25
 5.104570e+01 2.789146e+01 5.090760e+01 5.433575e+01 3.200900e+01 3.417176e+01 3.025211e+01 3.190685e+01 2.849605e+01 2.591504e+01 2.843579e+01 1.921305e+01 2.292257e+00 2.220522e+00 2.235910e+00 2.343673e+00 2.692223e+00 2.135166e+00 2.406738e+00 3.110124e+00 2.307041e+00 1.913672e+00 2.109968e+00 1.788814e+00 2.377525e-03
<GCONST> 9.172781e+01
<MIXTURE> 20 6.308331e-03
<MEAN> 25
 -1.418127e+01 7.416111e+00 8.450449e-01 6.152115e+00 4.843544e+00 1.637048e+00 5.209323e+00 8.537661e-01 9.224300e-01 7.987619e-01 2.568487e+00 -3.023576e-01 -3.285900e+00 -8.669060e-01 -1.565142e+00 3.325923e-01 1.541033e+00 2.063055e+00 1.979195e+00 2.056178e+00 2.144568e+00 2.040237e+00 1.684726e+00 9.452828e-01 4.732068e-02
<VARIANCE> 25
 1.966455e+01 2.345553e+01 3.096154e+01 3.717722e+01 3.084923e+01 2.789136e+01 2.993237e+01 3.147568e+01 2.796448e+01 2.821343e+01 2.515999e+01 2.091765e+01 2.092111e+00 2.182279e+00 1.909947e+00 2.541331e+00 2.702760e+00 2.313416e+00 2.310349e+00 2.320040e+00 2.235421e+00 2.652201e+00 2.241403e+00 1.865685e+00 1.886438e-03
<GCONST> 8.921922e+01
<MIXTURE> 21 7.928653e-03
<MEAN> 25
 3.991173e+00 -4.529408e+00 5.790972e+00 -1.528308e+00 -1.055465e+01 -8.733729e+00 -2.613450e+00 4.182335e+00 -2.092120e+00 -3.399511e+00 2.526378e-01 3.436038e-01 -7.171285e-01 1.335661e+00 2.581506e+00 -4.204305e-02 -1.548619e+00 3.384888e-01 5.851956e-01 -1.492030e+00 -1.957738e+00 3.105230e-01 1.328610e+00 2.471066e-01 -1.270160e-02
<VARIANCE> 25
 8.973218e+00 1.867800e+01 2.971980e+01 2.844417e+01 2.873418e+01 3.320009e+01 4.286150e+01 3.932096e+01 4.293636e+01 3.154126e+01 3.377882e+01 2.319952e+01 3.768506e-01 9.596811e-01 1.869444e+00 1.289024e+00 2.209842e+00 2.184314e+00 3.645700e+00 2.508642e+00 2.158298e+00 2.590464e+00 2.018783e+00 2.281801e+00 4.317246e-04
<GCONST> 8.512450e+01
<MIXTURE> 22 8.827789e-03
<MEAN> 25
 -1.792074e+01 7.154677e+00 -4.131394e+00 7.392278e+00 4.602582e+00 2.760975e+00 8.399824e+00 1.748520e+00 5.379291e+00 3.300990e+00 5.716323e+00 1.185189e+00 -3.095918e-01 -2.075892e-01 -1.255471e-01 -1.492309e-01 -7.203184e-03 1.369497e-01 1.807825e-01 1.779391e-01 2.484732e-01 2.073080e-01 1.726631e-01 1.924604e-01 8.857028e-03
<VARIANCE> 25
 8.118504e+00 1.682582e+01 1.738330e+01 2.517441e+01 2.289608e+01 2.083871e+01 1.943073e+01 1.871150e+01 1.813992e+01 2.086664e+01 1.924237e+01 1.378709e+01 1.090768e+00 1.357353e+00 1.363981e+00 1.572076e+00 1.408818e+00 1.526966e+00 1.508950e+00 1.532835e+00 1.614241e+00 1.544739e+00 1.357395e+00 1.168011e+00 1.745581e-03
<GCONST> 7.830994e+01
<MIXTURE> 23 6.455497e-03
<MEAN> 25
 7.420302e+00 1.788833e+00 2.746464e+00 2.226939e+00 -4.137433e+00 -2.204401e+00 -4.335886e+00 -5.884704e+00 -3.429832e+00 -7.819605e-01 -2.833149e+00 -2.566713e+00 4.802280e-02 2.237853e-01 2.300266e-02 7.859559e-02 -1.181193e-02 2.895429e-02 3.841566e-02 -2.079645e-02 4.367535e-02 3.748270e-03 -6.334691e-02 7.063665e-02 -6.349187e-03
<VARIANCE> 25
 1.051764e+01 2.419262e+01 2.198001e+01 4.187339e+01 3.864300e+01 5.106723e+01 5.652829e+01 5.063788e+01 4.689922e+01 4.455409e+01 5.132925e+01 4.215797e+01 1.083786e-01 3.036459e-01 3.816807e-01 4.434079e-01 6.314079e-01 8.358980e-01 8.472937e-01 1.008158e+00 9.085867e-01 8.007301e-01 7.640751e-01 7.243300e-01 1.070738e-04
<GCONST> 7.314339e+01
<MIXTURE> 24 6.455497e-03
<MEAN> 25
 7.420302e+00 1.788833e+00 2.746464e+00 2.226939e+00 -4.137433e+00 -2.204401e+00 -4.335886e+00 -5.884704e+00 -3.429832e+00 -7.819605e-01 -2.833149e+00 -2.566713e+00 4.802280e-02 2.237853e-01 2.300266e-02 7.859559e-02 -1.181193e-02 2.895429e-02 3.841566e-02 -2.079645e-02 4.367535e-02 3.748270e-03 -6.334691e-02 7.063665e-02 -6.349187e-03
<VARIANCE> 25
 1.051764e+01 2.419262e+01 2.198001e+01 4.187339e+01 3.864300e+01 5.106723e+01 5.652829e+01 5.063788e+01 4.689922e+01 4.455409e+01 5.132925e+01 4.215797e+01 1.083786e-01 3.036459e-01 3.816807e-01 4.434079e-01 6.314079e-01 8.358980e-01 8.472937e-01 1.008158e+00 9.085867e-01 8.007301e-01 7.640751e-01 7.243300e-01 1.070738e-04
<GCONST> 7.314339e+01
<MIXTURE> 25 1.118642e-02
<MEAN> 25
 -4.056890e-01 3.244061e+00 1.775056e+01 -1.135617e+00 -1.116979e+01 -9.254068e-01 -4.502738e+00 -2.493756e+00 -9.272813e+00 -4.430188e+00 3.641002e+00 -2.395407e+00 -2.088056e-01 6.198615e-01 -2.316163e-01 -4.145966e-01 4.952782e-01 4.336624e-01 1.562603e-02 2.464090e-02 5.589170e-02 -2.694784e-01 -4.206057e-01 -1.712086e-01 -2.164323e-02
<VARIANCE> 25
 7.462462e+00 1.947040e+01 2.121485e+01 2.473598e+01 2.667768e+01 3.944659e+01 2.286220e+01 2.592476e+01 3.446868e+01 3.024379e+01 1.735242e+01 2.290182e+01 4.885022e-01 1.336079e+00 1.727188e+00 2.262525e+00 1.962168e+00 1.733811e+00 1.991343e+00 1.467192e+00 1.837788e+00 1.532041e+00 1.787444e+00 1.046886e+00 1.264485e-03
<GCONST> 8.168795e+01
<MIXTURE> 26 7.727677e-03
<MEAN> 25
 1.486443e+00 -5.191799e+00 -9.887840e+00 -2.297359e+00 7.383348e+00 5.268708e+00 3.397151e+00 9.873071e-01 2.645711e+00 2.304195e-01 -2.393363e+00 -7.764110e-01 -7.215889e-01 7.612120e-01 3.445038e-01 7.055595e-01 2.367618e-01 3.228386e-01 4.577090e-01 1.167932e-01 2.699184e-01 -7.224977e-02 3.788393e-01 5.758595e-01 -4.821727e-02
<VARIANCE> 25
 2.364494e+01 3.342002e+01 2.322175e+01 6.878993e+01 3.411845e+01 3.995055e+01 4.522748e+01 5.498290e+01 3.478362e+01 5.096796e+01 3.388334e+01 3.906493e+01 1.701479e+00 2.082834e+00 1.617770e+00 1.994746e+00 2.495626e+00 2.589334e+00 2.658445e+00 2.906534e+00 2.078851e+00 2.292930e+00 1.966465e+00 1.814939e+00 3.017457e-03
<GCONST> 9.307811e+01
<MIXTURE> 27 7.727677e-03
<MEAN> 25
 1.486443e+00 -5.191799e+00 -9.887840e+00 -2.297359e+00 7.383348e+00 5.268708e+00 3.397151e+00 9.873071e-01 2.645711e+00 2.304195e-01 -2.393363e+00 -7.764110e-01 -7.215889e-01 7.612120e-01 3.445038e-01 7.055595e-01 2.367618e-01 3.228386e-01 4.577090e-01 1.167932e-01 2.699184e-01 -7.224977e-02 3.788393e-01 5.758595e-01 -4.821727e-02
<VARIANCE> 25
 2.364494e+01 3.342002e+01 2.322175e+01 6.878993e+01 3.411845e+01 3.995055e+01 4.522748e+01 5.498290e+01 3.478362e+01 5.096796e+01 3.388334e+01 3.906493e+01 1.701479e+00 2.082834e+00 1.617770e+00 1.994746e+00 2.495626e+00 2.589334e+00 2.658445e+00 2.906534e+00 2.078851e+00 2.292930e+00 1.966465e+00 1.814939e+00 3.017457e-03
<GCONST> 9.307811e+01
<MIXTURE> 28 5.036674e-03
<MEAN> 25
 -5.308473e+00 2.972852e-01 -1.964114e+00 6.817727e+00 4.974134e+00 3.058900e+00 5.775652e+00 3.228604e+00 4.059971e+00 2.474102e+00 2.545738e+00 3.150125e+00 -1.182692e-01 2.760941e-01 5.376754e-01 7.727247e-01 8.088325e-01 6.861884e-01 5.557585e-01 3.386933e-01 4.843996e-01 5.120937e-01 4.334610e-01 3.137191e-01 4.297700e-05
<VARIANCE> 25
 9.746563e+00 8.431551e+00 1.267611e+01 1.439604e+01 1.457754e+01 1.840953e+01 1.801640e+01 1.930198e+01 1.599201e+01 1.606227e+01 1.936453e+01 1.411566e+01 2.370052e-01 3.511752e-01 3.749901e-01 5.103286e-01 5.756676e-01 7.898750e-01 1.008799e+00 1.158494e+00 1.102341e+00 9.776390e-01 1.196278e+00 1.440210e+00 1.147642e-06
<GCONST> 6.033472e+01
<MIXTURE> 29 5.036674e-03
<MEAN> 25
 -5.308473e+00 2.972852e-01 -1.964114e+00 6.817727e+00 4.974134e+00 3.058900e+00 5.775652e+00 3.228604e+00 4.059971e+00 2.474102e+00 2.545738e+00 3.150125e+00 -1.182692e-01 2.760941e-01 5.376754e-01 7.727247e-01 8.088325e-01 6.861884e-01 5.557585e-01 3.386933e-01 4.843996e-01 5.120937e-01 4.334610e-01 3.137191e-01 4.297700e-05
<VARIANCE> 25
 9.746563e+00 8.431551e+00 1.267611e+01 1.439604e+01 1.457754e+01 1.840953e+01 1.801640e+01 1.930198e+01 1.599201e+01 1.606227e+01 1.936453e+01 1.411566e+01 2.370052e-01 3.511752e-01 3.749901e-01 5.103286e-01 5.756676e-01 7.898750e-01 1.008799e+00 1.158494e+00 1.102341e+00 9.776390e-01 1.196278e+00 1.440210e+00 1.147642e-06
<GCONST> 6.033472e+01
<MIXTURE> 30 8.917812e-03
<MEAN> 25
 -4.495074e+00 -1.709207e-01 6.076236e-01 9.119985e+00 7.754761e+00 7.428112e+00 7.575647e+00 6.845395e+00 6.493867e+00 4.896532e+00 6.963717e+00 3.519727e+00 -2.348327e-02 3.870338e-02 5.995290e-02 8.410037e-02 7.764526e-02 4.805770e-02 2.364588e-02 -6.286980e-03 1.706400e-02 5.680274e-02 5.416933e-02 3.842526e-02 -6.379763e-04
<VARIANCE> 25
 6.883460e+00 9.863079e+00 1.058869e+01 1.374890e+01 1.568651e+01 1.712671e+01 1.899590e+01 1.819364e+01 1.636195e+01 1.825016e+01 2.138828e+01 1.429321e+01 9.662279e-02 2.069573e-01 3.245205e-01 4.803993e-01 6.170878e-01 7.205058e-01 7.808104e-01 8.097360e-01 8.709515e-01 9.333990e-01 9.210836e-01 8.582422e-01 5.142160e-05
<GCONST> 6.064873e+01
<MIXTURE> 31 4.136493e-03
<MEAN> 25
 -3.338484e+00 -5.706312e+00 -4.808530e-02 4.939116e+00 3.833637e+00 1.610236e+00 5.193954e+00 6.729609e+00 2.668914e+00 1.313647e+00 6.491614e+00 3.146372e+00 2.442773e-01 4.706626e-01 -2.129194e-01 3.018836e-01 1.195093e-01 4.133932e-01 1.896220e-01 2.611027e-03 3.791069e-01 3.822297e-01 1.099746e-01 1.172700e-01 -1.834382e-02
<VARIANCE> 25
 7.298048e+00 1.606886e+01 1.808721e+01 1.859761e+01 2.772483e+01 2.409723e+01 2.393518e+01 2.642993e+01 2.600742e+01 2.822206e+01 2.024575e+01 1.853050e+01 1.946050e-01 4.983719e-01 6.015288e-01 7.612546e-01 9.556953e-01 1.091339e+00 1.224595e+00 1.400827e+00 1.328106e+00 1.302037e+00 1.248096e+00 1.129043e+00 2.532942e-04
<GCONST> 7.208698e+01
<MIXTURE> 32 4.136493e-03
<MEAN> 25
 -3.338484e+00 -5.706312e+00 -4.808530e-02 4.939116e+00 3.833637e+00 1.610236e+00 5.193954e+00 6.729609e+00 2.668914e+00 1.313647e+00 6.491614e+00 3.146372e+00 2.442773e-01 4.706626e-01 -2.129194e-01 3.018836e-01 1.195093e-01 4.133932e-01 1.896220e-01 2.611027e-03 3.791069e-01 3.822297e-01 1.099746e-01 1.172700e-01 -1.834382e-02
<VARIANCE> 25
 7.298048e+00 1.606886e+01 1.808721e+01 1.859761e+01 2.772483e+01 2.409723e+01 2.393518e+01 2.642993e+01 2.600742e+01 2.822206e+01 2.024575e+01 1.853050e+01 1.946050e-01 4.983719e-01 6.015288e-01 7.612546e-01 9.556953e-01 1.091339e+00 1.224595e+00 1.400827e+00 1.328106e+00 1.302037e+00 1.248096e+00 1.129043e+00 2.532942e-04
<GCONST> 7.208698e+01
<MIXTURE> 33 1.508826e-02
<MEAN> 25
 5.379843e+00 -4.939325e+00 -1.776455e+00 -2.875897e+00 -8.884593e-01 -5.160698e+00 -6.988611e+00 2.794518e+00 2.824767e+00 7.738324e-01 -5.074213e+00 -2.981364e+00 1.005458e+00 -1.000133e+00 -2.428645e+00 -1.994674e+00 1.273496e+00 1.514063e+00 -4.598277e-01 1.621127e-01 1.228941e+00 1.331066e+00 -2.712662e-01 -1.692664e+00 3.382321e-02
<VARIANCE> 25
 1.311656e+01 2.150985e+01 2.596586e+01 3.316993e+01 3.742500e+01 3.748166e+01 3.853314e+01 4.430141e+01 3.780462e+01 4.415228e+01 3.208841e+01 2.557892e+01 1.806091e+00 2.036439e+00 1.963560e+00 1.863353e+00 3.764626e+00 2.968619e+00 4.490101e+00 5.914290e+00 3.555587e+00 6.278536e+00 2.876293e+00 2.742330e+00 1.362010e-03
<GCONST> 9.403147e+01
<MIXTURE> 34 1.588179e-02
<MEAN> 25
 8.524273e+00 -4.319529e-01 2.307215e-01 1.872164e+00 -2.774374e+00 -1.400575e+00 -5.533619e+00 -4.326013e+00 -2.273013e+00 6.705227e-02 -1.633913e+00 -3.930191e+00 9.107970e-05 1.286200e+00 1.217083e+00 2.251916e+00 6.349739e-02 -1.338614e-01 1.061859e+00 -1.552617e+00 -8.338660e-01 1.566516e-01 -5.821301e-01 4.448135e-01 -6.032919e-02
<VARIANCE> 25
 8.210058e+00 3.205933e+01 2.681291e+01 4.877089e+01 4.036839e+01 4.464780e+01 5.654760e+01 5.189957e+01 5.116442e+01 3.945366e+01 5.214408e+01 2.902490e+01 1.137647e+00 1.839180e+00 4.279076e+00 3.804910e+00 5.152255e+00 5.339692e+00 5.825266e+00 5.778863e+00 4.867956e+00 4.549779e+00 4.510322e+00 3.877668e+00 1.075678e-03
<GCONST> 9.859335e+01
<MIXTURE> 35 1.467755e-02
<MEAN> 25
 -2.103293e+00 -6.034527e+00 -8.947763e+00 7.929440e-01 1.021370e+01 1.512888e-01 -1.369559e-01 3.213419e+00 1.201813e+00 4.780106e+00 -3.729515e-01 6.461461e-01 1.008129e-01 -1.587046e+00 -8.508247e-01 -1.355833e+00 7.287980e-01 -1.050376e+00 -1.165887e+00 4.173124e-01 1.461922e-01 1.136458e+00 -2.376263e-01 -6.085210e-01 9.721308e-02
<VARIANCE> 25
 1.494106e+01 3.743370e+01 3.061681e+01 6.256368e+01 3.639476e+01 4.277707e+01 4.440122e+01 4.439832e+01 3.868842e+01 3.008524e+01 2.801918e+01 2.331202e+01 2.648651e+00 4.398409e+00 5.627910e+00 4.740579e+00 6.117642e+00 4.731558e+00 4.164062e+00 3.949867e+00 4.707508e+00 5.161299e+00 3.078783e+00 2.788662e+00 4.007878e-03
<GCONST> 1.000354e+02
<MIXTURE> 36 1.093293e-02
<MEAN> 25
 3.979321e+00 -4.069162e+00 7.245665e+00 3.729468e+00 -8.125540e+00 -8.340821e+00 -6.303853e+00 3.746346e+00 -3.704561e+00 -3.095106e+00 3.865879e+00 -5.286314e-01 4.029151e-01 2.082354e-01 -1.032844e+00 -1.736922e-02 8.617310e-01 2.419432e-01 -5.079266e-01 -1.511127e-01 4.257141e-01 7.651604e-01 -4.127801e-01 -4.034316e-01 -1.797350e-02
<VARIANCE> 25
 1.128875e+01 1.312212e+01 2.035320e+01 2.175759e+01 2.898026e+01 3.077127e+01 3.756374e+01 3.875220e+01 3.511411e+01 2.776129e+01 2.322017e+01 2.776249e+01 3.356668e-01 5.706452e-01 1.179364e+00 1.176523e+00 1.296754e+00 1.425006e+00 3.083596e+00 2.248346e+00 2.280743e+00 1.895166e+00 1.093697e+00 1.645726e+00 5.436541e-04
<GCONST> 8.022521e+01
<MIXTURE> 37 1.246826e-02
<MEAN> 25
 -1.078813e-01 7.145828e+00 1.236845e+01 -4.795379e+00 -7.949599e+00 6.519405e-02 -3.746013e+00 -7.335028e+00 -4.729003e+00 -1.717346e+00 -3.672454e+00 -2.306197e+00 1.545421e-01 5.759297e-01 -1.814505e+00 3.384055e+00 1.984564e+00 -3.281064e-01 1.147992e+00 1.116018e-01 1.092270e+00 -2.732408e-01 3.164920e-01 3.963467e-02 -9.467738e-02
<VARIANCE> 25
 1.499638e+01 2.333405e+01 2.967175e+01 4.575738e+01 2.975430e+01 3.190479e+01 4.423466e+01 3.293254e+01 3.840125e+01 3.240566e+01 3.131436e+01 3.007602e+01 2.449289e+00 2.868873e+00 3.446530e+00 3.669813e+00 3.845691e+00 3.482290e+00 3.661178e+00 3.599470e+00 4.274998e+00 3.255905e+00 3.456808e+00 2.492847e+00 3.265701e-03
<GCONST> 9.585529e+01
<MIXTURE> 38 1.154525e-02
<MEAN> 25
 -4.477710e+00 8.952357e+00 4.580040e+00 3.207894e+00 8.575968e-01 -5.225652e+00 -6.140407e-01 -2.732643e+00 -2.826033e+00 -3.085115e+00 -1.494789e+00 -5.336579e-01 -4.513215e+00 1.251420e+00 -3.094810e-01 1.448907e+00 2.552092e+00 1.378059e+00 2.047333e+00 9.602400e-01 7.809371e-01 6.355337e-01 9.970953e-01 3.278682e-01 4.843590e-02
<VARIANCE> 25
 3.135400e+01 2.967145e+01 3.907532e+01 3.312601e+01 4.874591e+01 3.556908e+01 3.637239e+01 4.168279e+01 3.511630e+01 3.253617e+01 2.425971e+01 2.870175e+01 2.355801e+00 3.937234e+00 3.899456e+00 5.159985e+00 4.276611e+00 5.075573e+00 4.779770e+00 4.656815e+00 4.444997e+00 4.932767e+00 4.400307e+00 3.256419e+00 2.049394e-03
<GCONST> 9.928628e+01
<MIXTURE> 39 9.501865e-03
<MEAN> 25
 1.106789e+00 2.323019e+00 1.115964e+01 -8.515814e+00 -1.146943e+01 -7.901145e-01 -2.752573e+00 -6.433762e+00 -5.406301e+00 8.224496e-01 -3.131666e+00 -2.533365e+00 -7.488472e-01 1.518489e+00 1.578676e+00 -1.528797e+00 1.354915e-01 1.239558e+00 -1.240522e+00 -1.230164e+00 3.240342e-01 4.092181e-01 -4.614122e-01 6.740400e-02 7.384125e-04
<VARIANCE> 25
 9.105790e+00 2.940626e+01 4.209688e+01 4.265851e+01 3.544958e+01 4.057577e+01 4.226210e+01 3.163856e+01 4.786520e+01 3.124521e+01 3.809800e+01 2.845211e+01 6.557963e-01 1.451252e+00 1.498573e+00 3.009942e+00 2.332167e+00 2.650167e+00 2.882878e+00 2.642339e+00 2.467655e+00 2.510649e+00 2.060610e+00 1.996306e+00 1.137664e-03
<GCONST> 8.956658e+01
<MIXTURE> 40 1.030800e-02
<MEAN> 25
 -9.249084e+00 2.133639e+00 -1.263895e+00 8.095909e+00 3.817350e+00 5.439840e+00 5.270537e+00 4.277966e+00 4.552586e+00 4.198339e+00 5.610690e+00 1.757023e+00 -9.228072e-02 -2.078107e-01 -2.043876e-02 -2.253809e-01 -1.131502e-01 -1.012369e-01 6.191176e-02 4.837704e-02 5.481394e-03 -4.483301e-03 5.143866e-02 3.761169e-02 3.304659e-03
<VARIANCE> 25
 4.205438e+01 2.035742e+01 3.000556e+01 2.952209e+01 2.581779e+01 1.954062e+01 2.007905e+01 1.870971e+01 1.701027e+01 1.830871e+01 1.905020e+01 1.444647e+01 7.396694e-01 7.492260e-01 8.709405e-01 1.109024e+00 1.117928e+00 1.229338e+00 1.349810e+00 1.336865e+00 1.238687e+00 1.225871e+00 1.155443e+00 1.068673e+00 8.529621e-04
<GCONST> 7.684194e+01
<MIXTURE> 41 6.713375e-03
<MEAN> 25
 1.324695e+00 1.574103e+00 1.116306e+01 -5.654906e+00 -1.104314e+01 -3.849190e+00 -2.110332e+00 -4.776528e+00 -5.294798e+00 2.713924e+00 -1.085961e+00 -1.216012e+00 -2.384491e-02 -7.516308e-01 1.940472e+00 -3.562993e+00 -2.470012e+00 1.731985e-01 -5.297526e-01 -5.768698e-01 -1.139516e+00 1.033884e+00 -8.938040e-01 -4.009257e-02 8.602178e-02
<VARIANCE> 25
 1.078293e+01 2.774172e+01 3.533380e+01 5.525423e+01 3.945392e+01 3.714267e+01 3.564518e+01 2.834155e+01 3.512385e+01 2.673302e+01 3.401675e+01 2.584927e+01 3.038527e+00 3.053391e+00 4.146125e+00 3.511510e+00 4.525517e+00 6.289506e+00 4.345281e+00 4.720871e+00 4.712486e+00 3.913408e+00 3.765944e+00 3.126371e+00 2.698733e-03
<GCONST> 9.779744e+01
<MIXTURE> 42 1.106211e-02
<MEAN> 25
 -1.820593e+00 3.675279e+00 4.141279e+00 2.678500e+00 1.001262e+00 -7.261720e+00 -4.289280e-01 -1.363842e+00 -7.309781e-01 -2.697904e-01 -2.512277e+00 1.491404e+00 3.597565e+00 -6.178226e-01 1.927263e+00 2.453436e-01 -2.832843e+00 -1.084909e+00 -2.013782e+00 -4.063151e-01 -1.067427e+00 -8.459538e-01 7.081779e-01 -8.795635e-01 2.044244e-02
<VARIANCE> 25
 3.070285e+01 2.210406e+01 3.981955e+01 2.227638e+01 3.420255e+01 3.932684e+01 3.537711e+01 2.753175e+01 3.333729e+01 2.784631e+01 1.777131e+01 1.607462e+01 4.036669e+00 4.158041e+00 5.828547e+00 3.874564e+00 4.166045e+00 5.043756e+00 4.422972e+00 5.879890e+00 5.441187e+00 4.270479e+00 3.953333e+00 3.503440e+00 4.155968e-03
<GCONST> 9.836067e+01
<MIXTURE> 43 7.108249e-03
<MEAN> 25
 3.165956e+00 -6.301506e+00 -2.249041e+00 -5.173442e+00 -7.362385e+00 -3.392861e+00 4.115290e+00 1.303472e+00 -5.040566e+00 -7.040138e+00 -4.310682e+00 -1.253124e+00 2.397355e-01 2.163989e+00 1.910716e+00 -1.384948e-01 -1.431799e+00 -7.926244e-01 -9.679458e-01 -7.701879e-01 8.223279e-01 1.463776e+00 3.379223e-01 2.073918e-02 -4.493825e-02
<VARIANCE> 25
 9.584367e+00 1.965929e+01 2.728969e+01 3.531348e+01 3.871003e+01 3.656261e+01 3.341214e+01 3.972264e+01 3.983014e+01 3.954407e+01 2.656042e+01 2.950328e+01 6.904271e-01 1.245459e+00 1.570647e+00 2.491329e+00 2.374030e+00 2.377603e+00 2.647169e+00 3.047754e+00 2.599417e+00 2.575910e+00 2.329985e+00 1.915960e+00 9.492287e-04
<GCONST> 8.799795e+01
<MIXTURE> 44 7.328289e-03
<MEAN> 25
 -1.436475e+01 1.239751e+00 3.454038e+00 -5.573281e+00 1.833894e+00 3.716501e-01 -2.562604e+00 4.152125e+00 9.581189e-01 -2.035631e+00 5.953664e-02 4.167853e+00 -4.346837e-01 -3.082930e-01 3.608564e-01 3.896987e-01 -1.314855e-01 1.302624e-01 2.646396e-01 1.854539e-01 1.456113e-03 -3.765015e-01 -1.119556e-01 3.291748e-01 4.874428e-03
<VARIANCE> 25
 2.861879e+01 2.004292e+01 2.574765e+01 2.497711e+01 2.257961e+01 2.561534e+01 2.951689e+01 2.399948e+01 1.855362e+01 2.275062e+01 2.049201e+01 2.254876e+01 1.162862e+00 1.487558e+00 1.027338e+00 1.752662e+00 1.722272e+00 1.626268e+00 1.452238e+00 1.210535e+00 1.397583e+00 1.663125e+00 1.037215e+00 1.790172e+00 1.158660e-03
<GCONST> 8.130141e+01
<MIXTURE> 45 1.364932e-02
<MEAN> 25
 -1.173896e+01 3.201784e+00 -1.267575e+00 1.642075e+00 5.430994e+00 -9.827644e-01 3.696979e+00 3.231182e+00 3.463084e+00 1.957656e+00 1.890912e+00 2.709893e+00 -2.937297e+00 7.103930e-01 -3.449554e-01 -5.719992e-01 -1.137649e-02 -2.894463e-01 4.795714e-01 4.092723e-01 -2.731012e-01 -1.960097e-01 1.003481e-01 2.302577e-01 1.046264e-01
<VARIANCE> 25
 3.233828e+01 2.681079e+01 2.829021e+01 3.808437e+01 2.759760e+01 3.318280e+01 3.495730e+01 2.706868e+01 2.355656e+01 2.133013e+01 2.663131e+01 1.460822e+01 2.142931e+00 2.931766e+00 2.568058e+00 2.397961e+00 2.414596e+00 2.891880e+00 2.164201e+00 2.897507e+00 2.198170e+00 2.164901e+00 1.859910e+00 1.534584e+00 4.610652e-03
<GCONST> 9.021407e+01
<MIXTURE> 46 9.336259e-03
<MEAN> 25
 -8.986803e+00 1.776150e+00 -2.681857e-02 7.629869e+00 6.321222e+00 2.675836e+00 6.486217e+00 4.754732e+00 5.869077e+00 4.939579e+00 4.869103e+00 2.593859e+00 9.945989e-01 1.196324e-01 4.741523e-02 8.796438e-01 1.771339e-01 9.822007e-01 5.730723e-01 2.979923e-01 5.992841e-01 3.175894e-01 4.719719e-01 6.423586e-01 -1.035593e-01
<VARIANCE> 25
 3.254080e+01 4.288254e+01 4.677285e+01 4.586432e+01 4.724312e+01 4.082955e+01 3.617028e+01 3.315271e+01 3.056178e+01 2.884580e+01 2.615939e+01 1.918277e+01 3.563607e+00 5.009242e+00 3.603487e+00 3.938329e+00 5.378750e+00 3.455396e+00 3.417087e+00 4.179513e+00 2.936529e+00 2.907861e+00 2.340137e+00 1.744474e+00 7.294837e-03
<GCONST> 9.825969e+01
<MIXTURE> 47 7.116147e-03
<MEAN> 25
 7.040823e+00 -7.373690e+00 -7.567461e+00 -6.513646e+00 1.611861e+00 7.848441e-01 -2.741436e+00 1.499316e+00 3.133789e+00 5.457368e-01 -4.224868e+00 -6.648785e+00 -2.107977e-01 -1.182917e+00 -6.801281e-01 -4.159260e-01 5.909808e-01 7.391657e-01 7.861982e-01 3.792759e-01 1.384427e-01 -8.998300e-01 -4.580341e-01 -3.934034e-01 3.063805e-02
<VARIANCE> 25
 1.200031e+01 2.022054e+01 2.052280e+01 3.195363e+01 3.487319e+01 5.061562e+01 4.596375e+01 4.064254e+01 4.218018e+01 4.831989e+01 4.673238e+01 3.230956e+01 5.198267e-01 8.560714e-01 1.085094e+00 1.598633e+00 1.934200e+00 2.252203e+00 2.408385e+00 2.511083e+00 2.110286e+00 2.055684e+00 2.093322e+00 2.019765e+00 5.373451e-04
<GCONST> 8.626535e+01
<MIXTURE> 48 7.116147e-03
<MEAN> 25
 7.040823e+00 -7.373690e+00 -7.567461e+00 -6.513646e+00 1.611861e+00 7.848441e-01 -2.741436e+00 1.499316e+00 3.133789e+00 5.457368e-01 -4.224868e+00 -6.648785e+00 -2.107977e-01 -1.182917e+00 -6.801281e-01 -4.159260e-01 5.909808e-01 7.391657e-01 7.861982e-01 3.792759e-01 1.384427e-01 -8.998300e-01 -4.580341e-01 -3.934034e-01 3.063805e-02
<VARIANCE> 25
 1.200031e+01 2.022054e+01 2.052280e+01 3.195363e+01 3.487319e+01 5.061562e+01 4.596375e+01 4.064254e+01 4.218018e+01 4.831989e+01 4.673238e+01 3.230956e+01 5.198267e-01 8.560714e-01 1.085094e+00 1.598633e+00 1.934200e+00 2.252203e+00 2.408385e+00 2.511083e+00 2.110286e+00 2.055684e+00 2.093322e+00 2.019765e+00 5.373451e-04
<GCONST> 8.626535e+01
<MIXTURE> 49 5.548473e-03
<MEAN> 25
 -5.045736e+00 4.731192e-01 1.420872e-01 8.495440e+00 6.078343e+00 5.512929e+00 6.145318e+00 4.343758e+00 5.002006e+00 3.611967e+00 4.775939e+00 2.954874e+00 3.586036e-01 6.616250e-01 6.988694e-01 3.333344e-01 -1.973565e-01 -6.561706e-01 -1.012934e+00 -1.133158e+00 -9.499897e-01 -6.673756e-01 -5.331212e-01 -2.556310e-01 -2.160172e-04
<VARIANCE> 25
 9.438966e+00 1.036742e+01 1.401537e+01 1.557970e+01 1.576235e+01 1.729252e+01 1.921595e+01 1.981079e+01 1.782323e+01 1.807114e+01 2.117845e+01 1.441285e+01 2.758708e-01 2.582989e-01 3.518387e-01 6.208466e-01 8.516355e-01 9.638461e-01 9.773591e-01 1.035267e+00 1.111515e+00 1.197986e+00 1.327883e+00 1.197781e+00 1.584835e-05
<GCONST> 6.431195e+01
<MIXTURE> 50 6.234641e-03
<MEAN> 25
 -4.650321e+00 1.352348e-01 -1.498271e+00 6.258798e+00 4.229424e+00 2.229458e+00 3.741268e+00 1.972366e+00 2.821714e+00 1.468847e+00 2.116287e+00 2.869694e+00 5.517145e-02 1.889785e-01 1.004887e-01 -1.834139e-01 -5.023884e-01 -6.049782e-01 -4.131158e-01 -4.000130e-02 4.559280e-01 7.728297e-01 7.249228e-01 4.289786e-01 -2.931830e-05
<VARIANCE> 25
 1.044547e+01 1.118966e+01 1.439757e+01 1.556528e+01 1.523077e+01 1.856450e+01 1.850487e+01 1.933615e+01 1.851934e+01 1.769996e+01 2.157278e+01 1.511198e+01 1.433124e-01 2.529591e-01 3.771776e-01 5.187951e-01 5.998220e-01 7.361324e-01 9.621108e-01 1.119996e+00 1.072302e+00 9.002437e-01 9.309220e-01 1.014324e+00 1.023138e-06
<GCONST> 5.964749e+01
<MIXTURE> 51 6.234641e-03
<MEAN> 25
 -4.650321e+00 1.352348e-01 -1.498271e+00 6.258798e+00 4.229424e+00 2.229458e+00 3.741268e+00 1.972366e+00 2.821714e+00 1.468847e+00 2.116287e+00 2.869694e+00 5.517145e-02 1.889785e-01 1.004887e-01 -1.834139e-01 -5.023884e-01 -6.049782e-01 -4.131158e-01 -4.000130e-02 4.559280e-01 7.728297e-01 7.249228e-01 4.289786e-01 -2.931830e-05
<VARIANCE> 25
 1.044547e+01 1.118966e+01 1.439757e+01 1.556528e+01 1.523077e+01 1.856450e+01 1.850487e+01 1.933615e+01 1.851934e+01 1.769996e+01 2.157278e+01 1.511198e+01 1.433124e-01 2.529591e-01 3.771776e-01 5.187951e-01 5.998220e-01 7.361324e-01 9.621108e-01 1.119996e+00 1.072302e+00 9.002437e-01 9.309220e-01 1.014324e+00 1.023138e-06
<GCONST> 5.964749e+01
<MIXTURE> 52 6.367945e-03
<MEAN> 25
 9.587813e+00 1.065790e+00 -5.324737e+00 -1.409738e+01 -5.234214e+00 8.798589e+00 -1.021511e+00 -4.669954e+00 -3.481303e+00 -3.578237e+00 3.726787e+00 1.427713e+00 -5.036520e-01 -5.817057e-01 -4.817181e-02 1.343216e+00 1.725635e+00 -3.254508e-01 -7.848692e-01 -6.148487e-01 -6.631857e-02 1.313697e+00 7.082079e-01 -6.505643e-01 -1.379609e-02
<VARIANCE> 25
 9.376857e+00 2.185663e+01 2.482203e+01 3.487963e+01 4.753738e+01 2.632370e+01 5.357916e+01 5.332443e+01 4.047551e+01 4.914521e+01 3.708622e+01 2.863255e+01 4.941502e-01 1.314856e+00 1.156397e+00 2.549035e+00 2.773134e+00 2.026740e+00 3.436867e+00 2.507589e+00 2.645945e+00 2.568665e+00 2.816869e+00 2.231885e+00 1.308389e-03
<GCONST> 8.933218e+01
<MIXTURE> 53 6.367945e-03
<MEAN> 25
 9.587813e+00 1.065790e+00 -5.324737e+00 -1.409738e+01 -5.234214e+00 8.798589e+00 -1.021511e+00 -4.669954e+00 -3.481303e+00 -3.578237e+00 3.726787e+00 1.427713e+00 -5.036520e-01 -5.817057e-01 -4.817181e-02 1.343216e+00 1.725635e+00 -3.254508e-01 -7.848692e-01 -6.148487e-01 -6.631857e-02 1.313697e+00 7.082079e-01 -6.505643e-01 -1.379609e-02
<VARIANCE> 25
 9.376857e+00 2.185663e+01 2.482203e+01 3.487963e+01 4.753738e+01 2.632370e+01 5.357916e+01 5.332443e+01 4.047551e+01 4.914521e+01 3.708622e+01 2.863255e+01 4.941502e-01 1.314856e+00 1.156397e+00 2.549035e+00 2.773134e+00 2.026740e+00 3.436867e+00 2.507589e+00 2.645945e+00 2.568665e+00 2.816869e+00 2.231885e+00 1.308389e-03
<GCONST> 8.933218e+01
<MIXTURE> 54 7.368620e-03
<MEAN> 25
 -3.633645e+00 4.971416e-02 -6.829939e-01 8.036425e+00 6.483455e+00 4.625008e+00 4.675069e+00 4.600518e+00 4.052815e+00 3.593648e+00 4.456959e+00 2.326114e+00 -2.127803e-03 2.656015e-02 3.413031e-02 4.745408e-02 5.138617e-02 4.708689e-02 3.894623e-02 2.896571e-02 3.080401e-02 2.505327e-02 1.446953e-02 1.705776e-03 -1.224041e-05
<VARIANCE> 25
 9.137370e+00 1.036568e+01 9.295936e+00 1.818458e+01 1.332600e+01 1.353538e+01 1.197215e+01 1.128636e+01 1.134394e+01 1.354973e+01 1.780624e+01 1.253454e+01 4.087340e-02 8.735473e-02 1.540894e-01 2.265841e-01 3.079277e-01 3.969262e-01 4.608819e-01 5.215895e-01 5.420738e-01 5.211211e-01 5.144559e-01 5.165008e-01 9.999804e-07
<GCONST> 4.724997e+01
<MIXTURE> 55 7.368620e-03
<MEAN> 25
 -3.633645e+00 4.971416e-02 -6.829939e-01 8.036425e+00 6.483455e+00 4.625008e+00 4.675069e+00 4.600518e+00 4.052815e+00 3.593648e+00 4.456959e+00 2.326114e+00 -2.127803e-03 2.656015e-02 3.413031e-02 4.745408e-02 5.138617e-02 4.708689e-02 3.894623e-02 2.896571e-02 3.080401e-02 2.505327e-02 1.446953e-02 1.705776e-03 -1.224041e-05
<VARIANCE> 25
 9.137370e+00 1.036568e+01 9.295936e+00 1.818458e+01 1.332600e+01 1.353538e+01 1.197215e+01 1.128636e+01 1.134394e+01 1.354973e+01 1.780624e+01 1.253454e+01 4.087340e-02 8.735473e-02 1.540894e-01 2.265841e-01 3.079277e-01 3.969262e-01 4.608819e-01 5.215895e-01 5.420738e-01 5.211211e-01 5.144559e-01 5.165008e-01 9.999804e-07
<GCONST> 4.724997e+01
<MIXTURE> 56 6.132464e-03
<MEAN> 25
 7.202370e+00 -6.231315e+00 -8.260285e+00 -8.251400e+00 4.010289e+00 4.118775e+00 -2.751482e+00 -1.275526e+00 1.396035e+00 1.040083e+00 -1.968700e+00 -7.266595e+00 7.596544e-03 3.063494e-02 -3.291426e-02 4.668078e-02 2.722481e-01 5.300120e-02 1.770791e-01 -1.869820e-01 6.832665e-03 -9.430163e-02 -1.067986e-01 2.999046e-02 -8.192345e-03
<VARIANCE> 25
 9.806434e+00 2.476402e+01 2.655382e+01 3.966623e+01 3.074154e+01 4.752344e+01 6.049810e+01 3.443256e+01 4.139060e+01 3.678855e+01 3.987973e+01 3.097058e+01 1.998884e-01 4.101131e-01 4.647679e-01 7.219245e-01 8.133165e-01 1.126768e+00 9.784101e-01 8.816534e-01 9.233643e-01 9.153997e-01 9.715434e-01 7.765075e-01 2.347750e-04
<GCONST> 7.513937e+01
<MIXTURE> 57 6.132464e-03
<MEAN> 25
 7.202370e+00 -6.231315e+00 -8.260285e+00 -8.251400e+00 4.010289e+00 4.118775e+00 -2.751482e+00 -1.275526e+00 1.396035e+00 1.040083e+00 -1.968700e+00 -7.266595e+00 7.596544e-03 3.063494e-02 -3.291426e-02 4.668078e-02 2.722481e-01 5.300120e-02 1.770791e-01 -1.869820e-01 6.832665e-03 -9.430163e-02 -1.067986e-01 2.999046e-02 -8.192345e-03
<VARIANCE> 25
 9.806434e+00 2.476402e+01 2.655382e+01 3.966623e+01 3.074154e+01 4.752344e+01 6.049810e+01 3.443256e+01 4.139060e+01 3.678855e+01 3.987973e+01 3.097058e+01 1.998884e-01 4.101131e-01 4.647679e-01 7.219245e-01 8.133165e-01 1.126768e+00 9.784101e-01 8.816534e-01 9.233643e-01 9.153997e-01 9.715434e-01 7.765075e-01 2.347750e-04
<GCONST> 7.513937e+01
<MIXTURE> 58 6.172147e-03
<MEAN> 25
 2.570558e+00 -3.130305e+00 7.384295e+00 -5.169585e+00 -1.336353e+01 -5.617762e+00 1.588822e+00 8.642439e-01 -2.463702e+00 1.813755e+00 6.097111e-01 -8.571631e-01 -2.738472e-02 -1.360276e-01 -7.368305e-02 -1.557642e-01 -2.521179e-02 2.415475e-01 3.665250e-01 2.364602e-01 2.591485e-03 1.175123e-02 -6.140764e-02 -1.374538e-01 -2.865124e-03
<VARIANCE> 25
 7.477119e+00 1.505012e+01 2.033745e+01 2.794477e+01 2.410974e+01 4.637370e+01 3.297260e+01 3.480497e+01 3.238180e+01 3.110777e+01 2.308890e+01 2.048914e+01 3.048201e-01 8.006894e-01 7.444602e-01 1.015136e+00 8.868563e-01 1.208198e+00 1.160539e+00 1.303464e+00 1.087082e+00 1.055539e+00 9.446774e-01 8.707445e-01 7.201633e-04
<GCONST> 7.565072e+01
<MIXTURE> 59 6.172147e-03
<MEAN> 25
 2.570558e+00 -3.130305e+00 7.384295e+00 -5.169585e+00 -1.336353e+01 -5.617762e+00 1.588822e+00 8.642439e-01 -2.463702e+00 1.813755e+00 6.097111e-01 -8.571631e-01 -2.738472e-02 -1.360276e-01 -7.368305e-02 -1.557642e-01 -2.521179e-02 2.415475e-01 3.665250e-01 2.364602e-01 2.591485e-03 1.175123e-02 -6.140764e-02 -1.374538e-01 -2.865124e-03
<VARIANCE> 25
 7.477119e+00 1.505012e+01 2.033745e+01 2.794477e+01 2.410974e+01 4.637370e+01 3.297260e+01 3.480497e+01 3.238180e+01 3.110777e+01 2.308890e+01 2.048914e+01 3.048201e-01 8.006894e-01 7.444602e-01 1.015136e+00 8.868563e-01 1.208198e+00 1.160539e+00 1.303464e+00 1.087082e+00 1.055539e+00 9.446774e-01 8.707445e-01 7.201633e-04
<GCONST> 7.565072e+01
<MIXTURE> 60 4.479129e-03
<MEAN> 25
 -4.250477e+00 -5.907366e-01 -1.122370e+00 3.729254e+00 1.706751e+00 2.069131e+00 1.657414e+00 1.501409e+00 2.142156e+00 1.239904e+00 2.325437e+00 1.907467e+00 -2.838780e-02 6.323687e-02 9.838586e-02 1.271044e-01 1.296760e-01 1.251069e-01 1.758718e-01 3.164257e-01 5.335606e-01 6.635296e-01 5.411868e-01 3.108257e-01 -4.756618e-04
<VARIANCE> 25
 6.874336e+00 4.930757e+00 1.029177e+01 1.137647e+01 1.353666e+01 1.704030e+01 1.414332e+01 1.184973e+01 1.270383e+01 1.319469e+01 1.609639e+01 1.219393e+01 8.599388e-02 1.710273e-01 2.788972e-01 4.296001e-01 5.827243e-01 7.299814e-01 8.298466e-01 9.086676e-01 9.052290e-01 8.316839e-01 8.568815e-01 8.666475e-01 2.344290e-05
<GCONST> 5.647621e+01
<MIXTURE> 61 4.479129e-03
<MEAN> 25
 -4.250477e+00 -5.907366e-01 -1.122370e+00 3.729254e+00 1.706751e+00 2.069131e+00 1.657414e+00 1.501409e+00 2.142156e+00 1.239904e+00 2.325437e+00 1.907467e+00 -2.838780e-02 6.323687e-02 9.838586e-02 1.271044e-01 1.296760e-01 1.251069e-01 1.758718e-01 3.164257e-01 5.335606e-01 6.635296e-01 5.411868e-01 3.108257e-01 -4.756618e-04
<VARIANCE> 25
 6.874336e+00 4.930757e+00 1.029177e+01 1.137647e+01 1.353666e+01 1.704030e+01 1.414332e+01 1.184973e+01 1.270383e+01 1.319469e+01 1.609639e+01 1.219393e+01 8.599388e-02 1.710273e-01 2.788972e-01 4.296001e-01 5.827243e-01 7.299814e-01 8.298466e-01 9.086676e-01 9.052290e-01 8.316839e-01 8.568815e-01 8.666475e-01 2.344290e-05
<GCONST> 5.647621e+01
<MIXTURE> 62 3.278034e-03
<MEAN> 25
 -5.083801e+00 1.260218e+00 1.006158e+00 8.824154e+00 6.117801e+00 5.033812e+00 5.529473e+00 4.032235e+00 4.963695e+00 3.891825e+00 4.922029e+00 2.955298e+00 -9.990698e-01 -1.163344e+00 -9.526104e-01 -2.772529e-01 4.291976e-01 1.007134e+00 1.379197e+00 1.552847e+00 1.476838e+00 1.239389e+00 1.068233e+00 7.249769e-01 -1.268546e-03
<VARIANCE> 25
 9.842804e+00 1.000481e+01 1.315314e+01 1.669691e+01 1.740010e+01 1.752983e+01 1.984720e+01 1.904133e+01 1.889712e+01 1.880563e+01 2.192952e+01 1.481658e+01 4.045057e-01 4.331137e-01 5.519378e-01 7.769105e-01 1.031758e+00 1.190383e+00 1.256193e+00 1.274260e+00 1.325361e+00 1.362032e+00 1.398397e+00 1.366407e+00 1.630588e-05
<GCONST> 6.754200e+01
<MIXTURE> 63 4.351215e-03
<MEAN> 25
 -4.108138e+00 -1.120467e+00 -4.688756e+00 3.101596e+00 2.873122e+00 -6.800739e-01 3.263827e+00 1.258017e+00 2.654463e+00 -3.910868e-01 -1.707374e+00 2.222233e+00 -9.511241e-02 2.950379e-01 3.392427e-01 4.585093e-01 3.618301e-01 3.934526e-01 4.756451e-01 1.997481e-01 1.143512e-01 1.667736e-01 3.627584e-02 1.237349e-01 -4.773782e-03
<VARIANCE> 25
 8.173244e+00 1.984414e+01 1.537161e+01 1.839858e+01 1.791083e+01 2.642828e+01 2.137458e+01 2.392752e+01 2.344942e+01 2.044084e+01 2.051923e+01 1.518848e+01 2.286934e-01 4.634894e-01 6.814741e-01 6.362346e-01 8.854865e-01 1.107890e+00 1.269457e+00 1.595369e+00 1.297057e+00 1.292711e+00 1.387141e+00 1.340820e+00 1.554815e-04
<GCONST> 7.096672e+01
<MIXTURE> 64 4.351215e-03
<MEAN> 25
 -4.108138e+00 -1.120467e+00 -4.688756e+00 3.101596e+00 2.873122e+00 -6.800739e-01 3.263827e+00 1.258017e+00 2.654463e+00 -3.910868e-01 -1.707374e+00 2.222233e+00 -9.511241e-02 2.950379e-01 3.392427e-01 4.585093e-01 3.618301e-01 3.934526e-01 4.756451e-01 1.997481e-01 1.143512e-01 1.667736e-01 3.627584e-02 1.237349e-01 -4.773782e-03
<VARIANCE> 25
 8.173244e+00 1.984414e+01 1.537161e+01 1.839858e+01 1.791083e+01 2.642828e+01 2.137458e+01 2.392752e+01 2.344942e+01 2.044084e+01 2.051923e+01 1.518848e+01 2.286934e-01 4.634894e-01 6.814741e-01 6.362346e-01 8.854865e-01 1.107890e+00 1.269457e+00 1.595369e+00 1.297057e+00 1.292711e+00 1.387141e+00 1.340820e+00 1.554815e-04
<GCONST> 7.096672e+01
<MIXTURE> 65 1.721197e-02
<MEAN> 25
 7.632371e+00 1.635391e+00 1.809435e+00 1.170199e+00 -4.787042e+00 -3.427984e+00 -5.444119e+00 -6.371393e+00 -3.815211e+00 -2.039972e+00 -4.244634e+00 -2.094034e+00 1.740662e-01 1.933371e-01 -2.838720e-02 9.487556e-02 -1.475090e-01 3.210171e-01 -1.057798e-01 -1.858614e-01 1.965086e-01 -4.439779e-02 -9.287102e-02 -8.064221e-02 -6.771410e-03
<VARIANCE> 25
 1.001246e+01 2.061655e+01 2.361605e+01 3.941979e+01 3.840223e+01 5.769135e+01 5.850698e+01 5.443003e+01 5.217727e+01 5.479488e+01 6.122456e+01 4.952568e+01 5.010220e-01 9.485781e-01 1.500842e+00 1.730519e+00 2.059311e+00 2.213123e+00 2.243125e+00 2.931965e+00 2.294453e+00 2.276545e+00 2.269268e+00 2.149813e+00 4.543363e-04
<GCONST> 8.900981e+01
<MIXTURE> 66 1.191532e-02
<MEAN> 25
 5.855492e+00 -4.025154e+00 -5.474313e+00 -4.926094e+00 1.647768e+00 -4.994186e+00 -7.136055e+00 1.788701e+00 1.433288e+00 -8.414178e-01 -5.901755e+00 -3.190450e+00 -1.103005e-01 1.786291e+00 1.939924e+00 2.265037e+00 -9.539946e-01 -1.131756e+00 1.277280e-01 -6.873685e-01 -9.936889e-02 -4.474115e-01 -2.184024e-01 1.092137e+00 -6.336128e-02
<VARIANCE> 25
 1.286861e+01 2.090733e+01 2.463128e+01 3.042876e+01 3.547705e+01 4.912382e+01 5.098762e+01 4.547278e+01 5.303826e+01 7.025292e+01 3.362744e+01 3.333330e+01 1.231695e+00 2.343394e+00 2.775717e+00 2.339532e+00 4.496018e+00 4.099021e+00 4.008806e+00 4.733427e+00 3.822384e+00 5.048076e+00 3.518381e+00 2.992446e+00 1.449775e-03
<GCONST> 9.618373e+01
<MIXTURE> 67 1.559142e-02
<MEAN> 25
 8.817809e+00 1.988993e+00 -5.883096e+00 -8.152573e+00 1.002632e+00 3.086584e+00 -3.375685e+00 -2.284629e+00 -3.589283e+00 7.767991e-01 -4.660986e-02 -1.749339e+00 -1.078123e+00 1.835798e+00 1.033178e+00 3.027064e+00 1.386866e+00 -5.483314e-01 1.282726e+00 1.350385e-01 1.816832e-01 2.622957e-01 -3.089087e-01 6.182114e-01 -1.285145e-01
<VARIANCE> 25
 1.260329e+01 3.888850e+01 3.076700e+01 5.589927e+01 4.890840e+01 5.348722e+01 6.122356e+01 5.235324e+01 6.551775e+01 5.626888e+01 5.562208e+01 4.662302e+01 2.158631e+00 3.412076e+00 3.268517e+00 4.537280e+00 4.460422e+00 4.621991e+00 4.806352e+00 5.254012e+00 5.407719e+00 4.771598e+00 5.141198e+00 3.709648e+00 3.103614e-03
<GCONST> 1.029787e+02
<MIXTURE> 68 1.485092e-02
<MEAN> 25
 -2.410188e+00 -1.593955e+00 -5.023763e+00 -2.501799e-01 4.784044e+00 1.007688e-01 2.813253e+00 1.716884e+00 2.428902e+00 1.463012e+00 1.542729e-01 2.446292e+00 2.850801e+00 6.574996e-01 3.256063e-01 -2.472901e+00 -2.747879e+00 -1.215602e+00 -2.134980e+00 -2.109913e+00 -1.365599e+00 -1.656984e+00 -1.798803e+00 -8.663558e-01 9.967557e-02
<VARIANCE> 25
 2.410971e+01 3.053705e+01 5.527865e+01 5.985851e+01 4.296042e+01 5.488627e+01 4.142500e+01 4.038655e+01 3.608348e+01 3.979871e+01 3.258878e+01 2.522469e+01 1.875278e+00 3.531865e+00 5.831284e+00 5.489251e+00 4.978985e+00 5.390810e+00 5.175406e+00 6.571689e+00 4.840374e+00 4.774215e+00 4.504130e+00 3.113593e+00 5.640647e-03
<GCONST> 1.025987e+02
<MIXTURE> 69 1.204884e-02
<MEAN> 25
 4.624111e+00 -4.217565e+00 -3.576256e+00 -3.619284e+00 -3.444113e+00 -7.782748e+00 -1.105308e+00 2.258122e+00 -3.077826e-01 -4.664292e+00 -5.661110e+00 9.405513e-01 1.673726e+00 -2.231837e+00 -1.339145e+00 -2.259069e+00 -5.160388e-01 -3.347813e-01 -4.892819e-01 6.204749e-01 -6.202761e-01 -1.409331e+00 -2.179177e+00 -1.983758e-01 6.264821e-02
<VARIANCE> 25
 8.952044e+00 2.200921e+01 2.692264e+01 2.612966e+01 4.267682e+01 3.601307e+01 4.909012e+01 3.163595e+01 3.965150e+01 3.820631e+01 3.085279e+01 2.443414e+01 3.567846e+00 2.936302e+00 3.326926e+00 3.735871e+00 5.761783e+00 4.987747e+00 7.078125e+00 6.054889e+00 5.954844e+00 6.135387e+00 4.358710e+00 3.752417e+00 2.458519e-03
<GCONST> 9.879004e+01
<MIXTURE> 70 1.329190e-02
<MEAN> 25
 7.037666e+00 -2.608783e+00 -3.176348e+00 -2.889691e+00 -2.344626e-01 -1.131282e+00 -7.355240e+00 -4.300557e+00 3.449322e-01 2.849770e+00 3.387439e-01 -4.868181e+00 1.846645e+00 -1.101238e+00 -6.539375e-01 -1.968266e+00 -1.758534e+00 1.125317e+00 -1.345070e+00 -9.218401e-02 4.409532e-01 -5.166382e-02 8.988857e-01 -1.548834e+00 5.776075e-02
<VARIANCE> 25
 1.046549e+01 2.262822e+01 2.978765e+01 4.805644e+01 3.317389e+01 4.168846e+01 4.530158e+01 4.413338e+01 4.394894e+01 3.199835e+01 4.450487e+01 2.501045e+01 3.209494e+00 3.057318e+00 4.481637e+00 4.956203e+00 5.306331e+00 5.806416e+00 6.076256e+00 7.242611e+00 5.565398e+00 4.976785e+00 6.016518e+00 3.992854e+00 2.328326e-03
<GCONST> 1.008111e+02
<MIXTURE> 71 1.406903e-02
<MEAN> 25
 6.307806e+00 5.014993e+00 3.362356e+00 3.550056e+00 -2.405500e+00 -2.422645e+00 -2.936282e+00 -6.995698e+00 -4.482614e+00 -2.326790e+00 -4.660238e+00 -2.860136e+00 -1.602457e+00 -7.647787e-01 -1.584091e-01 -1.794578e+00 1.120605e+00 -3.680140e-01 2.442232e-02 1.619582e+00 1.133435e-01 -7.388074e-02 5.738428e-01 3.220808e-01 3.948090e-02
<VARIANCE> 25
 1.757647e+01 2.403393e+01 3.002172e+01 4.367967e+01 4.798769e+01 4.806219e+01 4.156587e+01 4.063327e+01 3.682311e+01 4.095033e+01 3.652325e+01 3.381949e+01 1.628268e+00 2.927469e+00 5.057158e+00 4.622705e+00 4.485979e+00 4.937232e+00 4.579596e+00 5.037826e+00 4.445242e+00 3.892413e+00 3.469128e+00 3.404740e+00 1.388436e-03
<GCONST> 9.847468e+01
<MIXTURE> 72 8.134747e-03
<MEAN> 25
 3.780915e+00 -3.680640e+00 5.464943e+00 -2.441169e+00 -1.038095e+01 -9.619033e+00 -2.456755e+00 1.936802e+00 -4.956854e+00 -2.196801e+00 -1.867668e+00 6.243579e-01 9.306734e-01 -7.844867e-01 -2.574862e+00 4.617740e-01 2.134410e+00 -6.517746e-01 -1.317600e+00 1.517948e+00 1.813168e+00 -5.885329e-01 -1.287325e+00 3.980373e-01 -6.202667e-03
<VARIANCE> 25
 1.080674e+01 1.947517e+01 3.286004e+01 3.851251e+01 3.240198e+01 3.337254e+01 4.102932e+01 3.630605e+01 4.367709e+01 4.127902e+01 3.880848e+01 2.849328e+01 4.332549e-01 1.028733e+00 2.017550e+00 1.467610e+00 2.181093e+00 2.355292e+00 3.060172e+00 2.748097e+00 2.599969e+00 2.974748e+00 2.020209e+00 2.136180e+00 5.413211e-04
<GCONST> 8.726685e+01
<MIXTURE> 73 1.213625e-02
<MEAN> 25
 -5.401372e+00 6.069610e-02 -1.982984e+00 5.085669e+00 4.308287e+00 2.247025e+00 5.902605e+00 3.911268e+00 5.201078e+00 3.540300e+00 3.293311e+00 2.970585e+00 8.082396e-01 -1.111083e+00 -9.852012e-01 -2.822669e+00 -1.130244e+00 -1.461803e+00 -1.009612e+00 -1.319683e-01 -8.637222e-01 -6.962766e-01 -8.367913e-01 -4.693735e-01 1.439760e-01
<VARIANCE> 25
 1.147434e+01 1.578353e+01 1.642370e+01 2.015526e+01 2.057140e+01 2.235497e+01 1.901184e+01 1.863294e+01 2.132825e+01 1.675733e+01 2.512395e+01 1.377409e+01 3.597979e+00 3.288186e+00 5.295582e+00 5.772263e+00 6.419244e+00 4.828927e+00 4.075683e+00 4.480502e+00 3.606938e+00 4.257088e+00 3.531555e+00 2.521634e+00 4.421635e-03
<GCONST> 9.240080e+01
<MIXTURE> 74 1.756491e-02
<MEAN> 25
 4.309991e+00 -1.756168e+00 4.779178e+00 -8.441297e-01 -7.901020e+00 -7.835844e+00 -2.782227e+00 8.059123e-01 -3.930081e+00 -2.496292e+00 -1.377026e+00 1.587088e-02 2.918727e-01 2.004711e+00 -2.381886e-02 1.710460e+00 1.235645e+00 3.262523e-01 1.952990e-01 -1.366850e+00 1.850127e-01 6.099809e-02 -2.654271e-01 1.840225e-02 -7.775055e-02
<VARIANCE> 25
 1.244775e+01 2.180343e+01 3.818624e+01 3.929247e+01 4.422492e+01 3.935468e+01 5.067376e+01 4.425668e+01 4.881570e+01 4.422614e+01 4.175550e+01 3.356911e+01 1.948089e+00 2.042809e+00 3.689428e+00 2.440397e+00 3.648208e+00 3.658571e+00 5.327223e+00 4.131667e+00 3.982791e+00 3.979465e+00 3.367761e+00 3.302452e+00 1.725561e-03
<GCONST> 9.703562e+01
<MIXTURE> 75 9.711651e-03
<MEAN> 25
 2.288934e+00 -2.022336e+00 1.061291e+01 2.210458e+00 -9.716276e+00 -8.183523e+00 -4.401635e+00 -1.665144e-01 -4.628806e+00 -3.477853e+00 3.105478e+00 -1.620411e-01 1.427937e+00 -1.624812e+00 3.814361e-01 -1.033628e-01 -2.366001e+00 -1.159350e-01 -1.518933e+00 8.759763e-01 -4.053519e-01 -3.958907e-01 1.407212e+00 -7.970895e-01 4.125721e-02
<VARIANCE> 25
 1.133510e+01 1.710858e+01 2.901981e+01 2.334633e+01 3.561735e+01 3.336860e+01 2.651673e+01 4.264637e+01 2.813515e+01 2.830395e+01 2.168905e+01 2.132507e+01 2.237854e+00 1.589782e+00 3.822325e+00 2.061914e+00 3.612508e+00 3.882621e+00 3.366841e+00 3.096646e+00 4.374034e+00 2.649392e+00 2.860844e+00 2.301716e+00 1.354329e-03
<GCONST> 9.070987e+01
<MIXTURE> 76 1.052359e-02
<MEAN> 25
 -6.649700e+00 -1.320641e+00 -3.184500e+00 3.496254e+00 4.318575e+00 1.628926e+00 4.147202e+00 2.319890e+00 2.748145e+00 7.811567e-01 1.361798e+00 2.380946e+00 -1.128906e-01 -5.193104e-01 -2.582284e-01 -7.692409e-01 -6.243343e-01 -8.246370e-01 -5.624436e-01 -3.103851e-01 -4.206510e-01 -4.263756e-01 -2.311640e-01 -7.376924e-02 1.847145e-02
<VARIANCE> 25
 3.480870e+01 2.863114e+01 2.970294e+01 3.081757e+01 3.156779e+01 3.525205e+01 2.830268e+01 3.135938e+01 2.404621e+01 2.480351e+01 2.857038e+01 1.901226e+01 1.056959e+00 1.103429e+00 1.445291e+00 1.323826e+00 1.379949e+00 1.640510e+00 1.676393e+00 1.926379e+00 1.609770e+00 1.548325e+00 1.437660e+00 1.436937e+00 1.227129e-03
<GCONST> 8.388986e+01
<MIXTURE> 77 1.244626e-02
<MEAN> 25
 -4.202322e-01 8.489593e+00 1.232660e+01 -1.150669e+01 -6.871022e+00 1.008470e+00 -9.264148e+00 -7.158809e+00 -3.355282e+00 -1.405151e-01 -4.546263e+00 -1.539352e+00 7.136668e-02 1.496188e-01 7.604416e-02 2.591833e-01 -3.157034e-02 6.733648e-02 -6.644557e-02 -7.376735e-02 8.338478e-02 -5.393612e-02 2.337784e-02 1.292044e-01 -1.023075e-02
<VARIANCE> 25
 1.047718e+01 2.055470e+01 2.876122e+01 4.208233e+01 3.417183e+01 3.383813e+01 3.630655e+01 3.184494e+01 3.510857e+01 3.319672e+01 3.805896e+01 3.502744e+01 2.971043e-01 7.849066e-01 6.432064e-01 1.084348e+00 1.232994e+00 9.914733e-01 1.220752e+00 1.083772e+00 1.034555e+00 1.069232e+00 9.632554e-01 9.252585e-01 5.414700e-04
<GCONST> 7.790910e+01
<MIXTURE> 78 9.702551e-03
<MEAN> 25
 -1.085385e+01 4.108516e-01 -1.093771e+00 1.508920e+00 4.224008e+00 -3.528462e+00 2.347280e+00 3.203675e+00 2.571532e+00 -4.116347e-01 -1.676134e+00 3.325381e+00 2.284281e+00 -3.694696e-01 -4.800091e-02 6.735927e-01 9.449738e-02 -1.669981e-01 8.986726e-02 -3.768840e-02 4.463255e-01 5.565515e-01 -5.126459e-01 -5.945988e-01 -5.708664e-02
<VARIANCE> 25
 3.678901e+01 3.039289e+01 3.232895e+01 2.760109e+01 3.166360e+01 3.626987e+01 3.787826e+01 3.340675e+01 3.149369e+01 4.009755e+01 2.420018e+01 1.824925e+01 5.088894e+00 2.879039e+00 3.216275e+00 2.624573e+00 2.780389e+00 3.097774e+00 2.958319e+00 2.946578e+00 2.664301e+00 3.904922e+00 1.868952e+00 2.665536e+00 3.916428e-03
<GCONST> 9.472261e+01
<MIXTURE> 79 1.156824e-02
<MEAN> 25
 2.363592e+00 1.592319e+00 9.203782e+00 -6.394207e+00 -1.190331e+01 -1.719842e+00 -1.925206e+00 -6.372540e+00 -6.596982e+00 2.579826e-01 -3.400695e+00 -3.367292e+00 1.190390e+00 -4.988381e-01 -1.455716e+00 2.329938e+00 4.023014e-01 -1.431587e+00 5.773367e-01 8.474194e-01 -3.896726e-01 -5.426205e-01 3.188584e-01 2.980039e-01 -3.715849e-02
<VARIANCE> 25
 1.431440e+01 2.434866e+01 3.850450e+01 5.056396e+01 3.435984e+01 4.276822e+01 4.215522e+01 3.622051e+01 3.887099e+01 3.931894e+01 4.409491e+01 3.022480e+01 9.534127e-01 2.242609e+00 1.896094e+00 2.054739e+00 2.436541e+00 2.862305e+00 3.258783e+00 3.508663e+00 2.633495e+00 2.708650e+00 2.313055e+00 2.019022e+00 1.228917e-03
<GCONST> 9.182831e+01
<MIXTURE> 80 7.550998e-03
<MEAN> 25
 -1.460243e+01 3.979704e+00 6.794991e-01 2.857122e+00 2.454082e+00 1.412372e+00 6.397325e+00 2.503454e+00 2.723529e+00 2.373559e+00 4.850089e+00 1.191093e+00 4.285019e+00 -1.389456e-02 1.636944e+00 -1.135530e+00 -2.889763e+00 -2.775307e+00 -2.322277e+00 -2.023543e+00 -1.972735e+00 -1.685446e+00 -1.650570e+00 -6.021504e-01 -4.416500e-02
<VARIANCE> 25
 2.097670e+01 1.984231e+01 3.451808e+01 3.477332e+01 3.018079e+01 2.919756e+01 2.826335e+01 2.858383e+01 2.674156e+01 2.878815e+01 2.684186e+01 1.811281e+01 2.357290e+00 2.669462e+00 2.672258e+00 4.116483e+00 3.391421e+00 2.708758e+00 3.023900e+00 3.207730e+00 2.753178e+00 2.699452e+00 2.779962e+00 2.144403e+00 1.516278e-03
<GCONST> 9.140375e+01
<MIXTURE> 81 8.025434e-03
<MEAN> 25
 -1.115311e+00 4.063763e+00 1.018048e+01 -1.480174e+01 -9.084824e+00 -1.413861e+00 -6.761055e+00 -8.421469e+00 -4.150587e+00 -4.224276e-01 -7.567790e+00 -2.245468e+00 1.339164e-01 -5.874920e-01 -3.133517e-03 -5.569023e-01 -4.643375e-01 3.357509e-01 3.207735e-01 1.364522e-01 -1.390360e-01 1.054579e-01 -4.696831e-01 -1.248999e-01 1.150370e-02
<VARIANCE> 25
 1.017859e+01 3.280477e+01 2.648384e+01 2.927767e+01 3.372762e+01 3.058547e+01 4.547235e+01 2.829352e+01 3.806414e+01 3.195372e+01 2.533419e+01 3.104593e+01 7.716854e-01 2.277003e+00 1.548145e+00 2.871248e+00 2.665093e+00 2.124922e+00 3.279352e+00 2.288541e+00 2.355883e+00 2.538106e+00 2.298596e+00 2.077979e+00 1.186913e-03
<GCONST> 8.870158e+01
<MIXTURE> 82 8.213053e-03
<MEAN> 25
 -9.891227e+00 -3.831134e+00 1.600052e+00 -2.975530e+00 3.171399e+00 5.522869e-01 1.903687e+00 1.030829e+00 2.920336e+00 1.715426e+00 1.655254e+00 3.095283e+00 -1.331149e+00 -1.181740e-01 3.089726e-01 -2.575480e+00 -1.109000e+00 -1.288731e+00 -1.006843e+00 -8.121290e-01 -3.361928e-01 -4.872450e-01 -3.209561e-01 -8.297186e-02 1.760039e-01
<VARIANCE> 25
 1.824083e+01 2.481447e+01 3.197880e+01 3.072321e+01 3.304856e+01 3.255257e+01 3.186004e+01 3.299168e+01 3.086750e+01 2.482498e+01 3.099656e+01 1.737167e+01 3.730835e+00 3.087860e+00 3.301090e+00 3.262336e+00 3.503090e+00 3.315078e+00 2.915520e+00 3.180562e+00 2.778318e+00 2.470876e+00 2.417370e+00 1.853590e+00 3.696551e-03
<GCONST> 9.314672e+01
<MIXTURE> 83 1.167529e-02
<MEAN> 25
 -2.002160e+01 5.497967e+00 -1.780945e+00 -4.287111e-01 7.810423e+00 -1.239263e+00 5.436327e+00 3.051171e+00 1.191512e+00 2.183143e+00 7.130484e-01 2.895074e+00 -2.827080e-02 -4.513023e-01 6.665406e-03 -3.652138e-01 -4.979468e-01 -1.242514e-01 -1.354752e-01 -9.751239e-02 -4.044728e-02 -4.007304e-02 -3.070478e-02 -2.987195e-02 4.409785e-03
<VARIANCE> 25
 8.950307e+00 1.643168e+01 2.848853e+01 2.266961e+01 2.137923e+01 2.405171e+01 2.222636e+01 2.333893e+01 2.039465e+01 2.219900e+01 2.319556e+01 1.454164e+01 1.060355e+00 9.354734e-01 1.239511e+00 1.063770e+00 1.356464e+00 1.290678e+00 1.282314e+00 1.388080e+00 1.347907e+00 1.308301e+00 1.218366e+00 1.079631e+00 8.906858e-04
<GCONST> 7.706163e+01
<MIXTURE> 84 1.066614e-02
<MEAN> 25
 1.152100e+00 8.366035e+00 6.287045e+00 7.483514e+00 2.322695e+00 -6.808049e-01 -1.123100e+00 -4.405649e+00 -3.971775e+00 -3.045383e+00 -1.940251e+00 -1.592277e+00 -1.505299e+00 -1.007639e+00 -1.373869e+00 1.320541e+00 2.064008e+00 1.049443e+00 1.243626e+00 1.171742e+00 1.403697e+00 4.546941e-01 2.091149e-01 4.798024e-01 -6.951611e-02
<VARIANCE> 25
 2.085566e+01 1.749399e+01 2.290528e+01 2.179369e+01 2.833909e+01 2.539650e+01 2.525612e+01 2.220747e+01 2.486291e+01 2.354542e+01 2.175060e+01 2.627488e+01 2.101962e+00 2.600373e+00 3.931441e+00 2.997866e+00 3.090434e+00 3.963667e+00 3.182491e+00 3.283652e+00 3.406535e+00 3.014634e+00 3.174061e+00 2.999775e+00 3.023613e-03
<GCONST> 9.148725e+01
<MIXTURE> 85 7.591393e-03
<MEAN> 25
 -3.083831e+00 7.901406e+00 5.686722e+00 1.246266e+00 -3.500205e+00 -5.297743e+00 -2.955199e+00 -6.119422e+00 -3.510140e+00 -3.200811e+00 -4.898101e-01 -1.887446e+00 3.944393e+00 3.220979e-01 1.762731e+00 -2.092106e+00 -3.426537e+00 -2.570700e+00 -2.878430e+00 -2.349734e+00 -2.240647e+00 -1.271772e+00 -2.295005e+00 -6.155787e-01 9.659472e-03
<VARIANCE> 25
 4.256246e+01 2.339793e+01 3.681733e+01 3.860423e+01 3.964582e+01 4.130610e+01 3.226138e+01 2.780888e+01 2.688975e+01 2.612659e+01 2.617658e+01 2.054818e+01 2.696883e+00 4.314926e+00 4.059508e+00 5.166800e+00 4.438628e+00 3.918223e+00 3.859384e+00 3.996845e+00 3.859768e+00 4.046002e+00 3.948704e+00 3.474293e+00 5.491181e-03
<GCONST> 9.840443e+01
<MIXTURE> 86 1.273941e-02
<MEAN> 25
 -4.964277e+00 -1.092113e+00 -9.255319e-01 6.525369e+00 5.018422e+00 4.453997e+00 5.348150e+00 4.510454e+00 4.563647e+00 3.941644e+00 5.214764e+00 2.784903e+00 -6.134389e-03 2.334962e-02 -2.171041e-02 -7.728387e-02 -1.276828e-01 -1.654969e-01 -2.213903e-01 -3.380881e-01 -3.467239e-01 -2.894898e-01 -2.512176e-01 -8.715902e-02 -8.650203e-04
<VARIANCE> 25
 7.660375e+00 5.914788e+00 1.024973e+01 1.317770e+01 1.545352e+01 1.549043e+01 1.318488e+01 1.282359e+01 1.314035e+01 1.393856e+01 1.442907e+01 1.265789e+01 9.699041e-02 2.204131e-01 3.184184e-01 4.737968e-01 6.218441e-01 7.255058e-01 7.968676e-01 7.479799e-01 8.086839e-01 8.885756e-01 9.012980e-01 8.890145e-01 5.500617e-05
<GCONST> 5.828223e+01
<MIXTURE> 87 1.100681e-02
<MEAN> 25
 -2.391612e+00 4.171216e+00 2.224573e+00 7.117016e+00 5.454107e+00 1.245634e+00 2.138744e+00 -1.140346e+00 -9.143141e-01 -1.171807e+00 -8.881584e-01 4.580065e-01 -2.048666e+00 -2.928341e+00 -1.863350e+00 -2.113528e+00 3.483626e-01 -4.067656e-01 1.568916e-01 1.390361e+00 1.226465e+00 1.284061e+00 7.580185e-01 6.373204e-01 9.760027e-02
<VARIANCE> 25
 3.721900e+01 2.635522e+01 3.205096e+01 2.932353e+01 2.742410e+01 2.986246e+01 2.590098e+01 3.032766e+01 2.574845e+01 2.340055e+01 2.225815e+01 2.116552e+01 3.347818e+00 2.843694e+00 4.131099e+00 3.397949e+00 5.234282e+00 4.413401e+00 4.725468e+00 3.467888e+00 3.701753e+00 3.428686e+00 3.167610e+00 3.957654e+00 4.548424e-03
<GCONST> 9.611986e+01
<MIXTURE> 88 1.256585e-02
<MEAN> 25
 -4.298607e+00 -4.513041e-01 -2.592114e+00 5.581332e+00 4.647756e+00 3.200173e+00 4.958277e+00 3.470566e+00 4.089018e+00 2.342472e+00 2.344181e+00 2.973804e+00 7.473002e-02 3.311757e-01 2.536203e-01 3.545378e-01 6.987748e-02 1.558704e-01 6.894867e-02 -3.220572e-01 -1.522860e-01 -2.029906e-01 -2.023897e-01 9.337680e-02 -7.847353e-03
<VARIANCE> 25
 8.284752e+00 1.012244e+01 1.925965e+01 1.662706e+01 1.787872e+01 1.890407e+01 1.839466e+01 1.770008e+01 1.672687e+01 1.661809e+01 1.992631e+01 1.388620e+01 1.192418e+00 2.275111e+00 2.199214e+00 2.544080e+00 2.967036e+00 2.432845e+00 2.889205e+00 2.721383e+00 2.285793e+00 2.415165e+00 2.138822e+00 2.200218e+00 1.591184e-03
<GCONST> 8.257684e+01
<MIXTURE> 89 9.333527e-03
<MEAN> 25
 5.738489e+00 -6.265237e+00 -3.170851e+00 -2.907726e+00 -1.190540e+00 -5.270187e+00 -6.066700e+00 3.914841e+00 3.617833e+00 -1.835268e+00 -5.598211e+00 -3.177255e+00 -5.321034e-01 1.245259e-01 1.996157e+00 8.763209e-01 -1.950444e+00 -1.637313e+00 8.565116e-01 1.371620e+00 -7.347722e-01 -1.288163e+00 3.107404e-01 1.479871e+00 -2.504404e-03
<VARIANCE> 25
 9.383698e+00 3.262694e+01 3.001588e+01 3.428576e+01 3.502584e+01 3.924009e+01 5.508923e+01 4.052409e+01 3.605787e+01 4.900976e+01 3.505776e+01 3.073505e+01 3.776229e-01 9.742190e-01 1.515066e+00 1.606140e+00 2.005801e+00 1.971573e+00 2.552473e+00 2.063551e+00 2.141733e+00 1.977318e+00 2.222087e+00 1.425356e+00 4.118684e-04
<GCONST> 8.573079e+01
<MIXTURE> 90 7.114505e-03
<MEAN> 25
 2.456925e+00 -9.708991e+00 -4.740659e+00 -3.944752e+00 -3.379898e+00 -1.804010e+00 3.368932e+00 1.169257e+00 -7.538626e+00 -1.020890e+01 -3.414735e+00 -7.342577e-01 -1.633528e-01 9.104182e-01 1.165473e+00 -8.544440e-01 -1.608350e+00 -2.095123e-01 6.407992e-01 -2.074826e-01 -1.693316e-01 7.356114e-01 1.809646e-01 -5.469266e-01 -1.119298e-02
<VARIANCE> 25
 8.503230e+00 1.784050e+01 1.985103e+01 2.843460e+01 3.676659e+01 3.214379e+01 3.844702e+01 3.639066e+01 3.515155e+01 2.767567e+01 2.705097e+01 2.609545e+01 2.232709e-01 6.123505e-01 7.896558e-01 1.041563e+00 1.475957e+00 1.590868e+00 1.785010e+00 1.655179e+00 1.807034e+00 1.675693e+00 1.493765e+00 1.310210e+00 2.153356e-04
<GCONST> 7.815057e+01
<MIXTURE> 91 7.852945e-03
<MEAN> 25
 5.812921e+00 -6.728101e+00 -7.942282e+00 -5.412774e+00 3.925173e+00 7.066135e-01 -2.347490e+00 5.580222e-01 1.350687e+00 -1.707645e+00 -4.430629e+00 -4.794041e+00 2.726955e-01 1.088705e+00 2.330810e-01 4.495182e-01 -1.281863e-01 -4.117191e-01 -4.446141e-01 -8.573684e-02 -1.161036e-01 1.909068e-01 -2.728708e-02 3.201297e-01 -3.413962e-02
<VARIANCE> 25
 1.080498e+01 2.628670e+01 2.069368e+01 3.796576e+01 3.141073e+01 5.699221e+01 4.977866e+01 3.700191e+01 4.893576e+01 6.744601e+01 3.592418e+01 3.799114e+01 4.410299e-01 8.874602e-01 1.073767e+00 1.395926e+00 2.125842e+00 2.518442e+00 2.278468e+00 2.393533e+00 2.066996e+00 2.483520e+00 1.977248e+00 1.774567e+00 5.828984e-04
<GCONST> 8.687605e+01
<MIXTURE> 92 7.852945e-03
<MEAN> 25
 5.812921e+00 -6.728101e+00 -7.942282e+00 -5.412774e+00 3.925173e+00 7.066135e-01 -2.347490e+00 5.580222e-01 1.350687e+00 -1.707645e+00 -4.430629e+00 -4.794041e+00 2.726955e-01 1.088705e+00 2.330810e-01 4.495182e-01 -1.281863e-01 -4.117191e-01 -4.446141e-01 -8.573684e-02 -1.161036e-01 1.909068e-01 -2.728708e-02 3.201297e-01 -3.413962e-02
<VARIANCE> 25
 1.080498e+01 2.628670e+01 2.069368e+01 3.796576e+01 3.141073e+01 5.699221e+01 4.977866e+01 3.700191e+01 4.893576e+01 6.744601e+01 3.592418e+01 3.799114e+01 4.410299e-01 8.874602e-01 1.073767e+00 1.395926e+00 2.125842e+00 2.518442e+00 2.278468e+00 2.393533e+00 2.066996e+00 2.483520e+00 1.977248e+00 1.774567e+00 5.828984e-04
<GCONST> 8.687605e+01
<MIXTURE> 93 6.122769e-03
<MEAN> 25
 -6.825625e+00 -9.609371e-01 -2.402404e+00 5.798420e+00 5.908270e+00 3.922527e+00 6.123568e+00 3.608912e+00 4.119711e+00 2.509564e+00 1.818171e+00 3.705978e+00 -6.163583e-02 -1.543147e-01 -2.573536e-01 -3.317333e-01 -3.337243e-01 -2.844313e-01 -2.177442e-01 -1.742086e-01 -1.666102e-01 -1.506012e-01 -1.044309e-01 -3.560694e-02 -3.899336e-06
<VARIANCE> 25
 9.094111e+00 6.028839e+00 8.185245e+00 1.136996e+01 1.149201e+01 1.598312e+01 1.527587e+01 1.644339e+01 1.475749e+01 1.454241e+01 1.678726e+01 1.344813e+01 8.272068e-02 1.534812e-01 2.637379e-01 3.805599e-01 4.977588e-01 6.423552e-01 7.793730e-01 8.873549e-01 9.168034e-01 8.761140e-01 8.923315e-01 9.179175e-01 1.000161e-06
<GCONST> 5.360365e+01
<MIXTURE> 94 6.122769e-03
<MEAN> 25
 -6.825625e+00 -9.609371e-01 -2.402404e+00 5.798420e+00 5.908270e+00 3.922527e+00 6.123568e+00 3.608912e+00 4.119711e+00 2.509564e+00 1.818171e+00 3.705978e+00 -6.163583e-02 -1.543147e-01 -2.573536e-01 -3.317333e-01 -3.337243e-01 -2.844313e-01 -2.177442e-01 -1.742086e-01 -1.666102e-01 -1.506012e-01 -1.044309e-01 -3.560694e-02 -3.899336e-06
<VARIANCE> 25
 9.094111e+00 6.028839e+00 8.185245e+00 1.136996e+01 1.149201e+01 1.598312e+01 1.527587e+01 1.644339e+01 1.475749e+01 1.454241e+01 1.678726e+01 1.344813e+01 8.272068e-02 1.534812e-01 2.637379e-01 3.805599e-01 4.977588e-01 6.423552e-01 7.793730e-01 8.873549e-01 9.168034e-01 8.761140e-01 8.923315e-01 9.179175e-01 1.000161e-06
<GCONST> 5.360365e+01
<MIXTURE> 95 5.258835e-03
<MEAN> 25
 -5.624977e+00 -2.420253e-01 -1.898373e+00 5.267234e+00 4.152575e+00 2.716874e+00 4.518134e+00 1.411840e+00 2.350868e+00 6.875631e-01 9.306399e-01 2.933084e+00 1.372603e-01 2.024950e-01 1.133146e-01 -1.265782e-01 -3.740723e-01 -6.859593e-01 -1.074991e+00 -1.305477e+00 -1.218667e+00 -9.195673e-01 -7.772735e-01 -2.583814e-01 -8.692301e-04
<VARIANCE> 25
 9.886831e+00 8.651622e+00 1.158082e+01 1.368405e+01 1.307314e+01 1.710115e+01 1.827504e+01 1.642533e+01 1.447483e+01 1.463098e+01 1.921153e+01 1.483424e+01 1.937920e-01 3.042889e-01 4.303446e-01 6.039246e-01 7.396504e-01 8.423130e-01 8.542012e-01 8.723000e-01 9.201109e-01 1.056225e+00 1.278815e+00 1.064556e+00 4.445357e-05
<GCONST> 6.289680e+01
<MIXTURE> 96 7.034694e-03
<MEAN> 25
 -4.922419e+00 -8.615392e-02 -2.198622e+00 5.299575e+00 3.543099e+00 1.504550e+00 3.620096e+00 1.509734e+00 2.430905e+00 9.637463e-01 8.805534e-01 2.642587e+00 -2.487240e-02 1.037541e-01 2.135766e-01 4.004768e-01 5.347167e-01 5.006295e-01 2.751700e-01 -1.232641e-01 -4.594947e-01 -6.267517e-01 -6.145783e-01 -3.516801e-01 3.881299e-05
<VARIANCE> 25
 1.092712e+01 1.139822e+01 1.288132e+01 1.408152e+01 1.596231e+01 1.966903e+01 1.862149e+01 1.963106e+01 1.757687e+01 1.572038e+01 2.097674e+01 1.433607e+01 1.142467e-01 2.379009e-01 3.205956e-01 4.050104e-01 4.707447e-01 6.430498e-01 8.653234e-01 1.039219e+00 9.135967e-01 8.264175e-01 8.458804e-01 1.049420e+00 1.133040e-06
<GCONST> 5.791208e+01
<MIXTURE> 97 7.034694e-03
<MEAN> 25
 -4.922419e+00 -8.615392e-02 -2.198622e+00 5.299575e+00 3.543099e+00 1.504550e+00 3.620096e+00 1.509734e+00 2.430905e+00 9.637463e-01 8.805534e-01 2.642587e+00 -2.487240e-02 1.037541e-01 2.135766e-01 4.004768e-01 5.347167e-01 5.006295e-01 2.751700e-01 -1.232641e-01 -4.594947e-01 -6.267517e-01 -6.145783e-01 -3.516801e-01 3.881299e-05
<VARIANCE> 25
 1.092712e+01 1.139822e+01 1.288132e+01 1.408152e+01 1.596231e+01 1.966903e+01 1.862149e+01 1.963106e+01 1.757687e+01 1.572038e+01 2.097674e+01 1.433607e+01 1.142467e-01 2.379009e-01 3.205956e-01 4.050104e-01 4.707447e-01 6.430498e-01 8.653234e-01 1.039219e+00 9.135967e-01 8.264175e-01 8.458804e-01 1.049420e+00 1.133040e-06
<GCONST> 5.791208e+01
<MIXTURE> 98 9.917808e-03
<MEAN> 25
 -1.317741e+00 1.342413e+00 -4.646583e-01 4.445875e+00 3.437849e+00 2.158545e+00 3.199829e+00 1.195404e+00 1.333490e+00 5.148520e-01 5.821719e-01 1.089399e+00 -1.703988e+00 -1.464121e+00 -1.028924e+00 1.926834e-01 6.560268e-01 5.871949e-01 1.172391e+00 1.391741e+00 1.605712e+00 1.148737e+00 1.149972e+00 8.090400e-01 -3.415795e-02
<VARIANCE> 25
 1.458054e+01 1.927254e+01 2.994852e+01 3.125482e+01 4.041662e+01 3.741277e+01 2.989126e+01 3.009724e+01 3.284452e+01 3.050098e+01 2.617940e+01 2.530234e+01 1.357990e+00 1.598761e+00 2.270435e+00 2.297047e+00 2.834381e+00 3.256378e+00 3.050122e+00 2.676873e+00 2.494517e+00 2.805879e+00 2.911602e+00 2.484738e+00 2.215858e-03
<GCONST> 9.051728e+01
<MIXTURE> 99 6.696178e-03
<MEAN> 25
 -6.386125e+00 9.906446e+00 6.676648e+00 3.439871e+00 9.484193e-01 -5.300312e+00 -1.666641e+00 -4.111453e+00 -3.372361e+00 -3.703310e+00 -1.642072e+00 4.312978e-01 5.371716e-01 -7.237077e-01 3.117184e-01 -3.679869e-01 -1.143409e+00 -5.307339e-01 -3.099432e-01 -2.264846e-01 -1.048996e-01 -4.761747e-02 2.307869e-01 1.889837e-01 9.941593e-03
<VARIANCE> 25
 3.617562e+01 2.550528e+01 4.758488e+01 3.199646e+01 3.607738e+01 3.530931e+01 2.779686e+01 2.968933e+01 2.801297e+01 2.820992e+01 2.067451e+01 2.920314e+01 2.214852e+00 1.874575e+00 1.491289e+00 1.766208e+00 2.666061e+00 2.131636e+00 1.631879e+00 1.676203e+00 1.572051e+00 1.593741e+00 1.312127e+00 1.296000e+00 1.575864e-03
<GCONST> 8.717562e+01
<MIXTURE> 100 4.498084e-03
<MEAN> 25
 -1.598878e+00 6.344827e+00 1.027700e+01 -7.462759e+00 -1.078206e+01 -5.075294e+00 -4.941668e+00 -9.968847e+00 -4.718240e+00 -8.551691e-01 -2.733300e+00 -2.708267e+00 2.917895e+00 -1.260455e+00 1.299659e+00 -2.185945e+00 -3.419489e+00 -7.841161e-01 -1.218778e+00 -8.197802e-01 -1.475479e+00 3.466953e-01 -1.655620e+00 -2.862392e-01 2.015521e-03
<VARIANCE> 25
 1.362666e+01 2.105913e+01 2.246177e+01 2.642710e+01 2.301848e+01 2.372172e+01 2.911146e+01 2.170685e+01 2.748231e+01 2.265230e+01 2.241141e+01 2.134114e+01 1.799129e+00 3.953767e+00 2.919965e+00 4.286306e+00 4.184435e+00 4.537227e+00 4.015484e+00 4.340374e+00 4.167888e+00 3.896067e+00 3.910382e+00 3.225015e+00 1.674840e-03
<GCONST> 9.256865e+01
<MIXTURE> 101 6.007792e-03
<MEAN> 25
 7.053668e+00 -3.456745e+00 -4.961457e+00 -6.174898e+00 9.876809e-01 -1.225055e+00 -1.039442e+01 -1.275210e+00 1.046611e+00 3.840211e+00 -1.663339e+00 -5.401578e+00 6.599340e-01 7.423930e-01 -1.479578e+00 -1.620881e+00 9.816921e-01 2.514983e+00 1.858477e-01 -1.474289e+00 -9.299478e-01 9.783920e-01 1.283191e+00 -7.103558e-01 -8.035995e-03
<VARIANCE> 25
 1.216918e+01 1.573476e+01 3.495778e+01 4.234654e+01 3.034669e+01 3.243393e+01 3.570617e+01 3.323170e+01 4.137391e+01 4.206638e+01 4.970785e+01 2.128492e+01 2.510861e-01 7.269578e-01 1.017284e+00 1.347631e+00 1.479635e+00 1.931625e+00 1.977083e+00 1.941475e+00 2.139228e+00 2.056151e+00 1.589184e+00 2.141844e+00 3.394811e-04
<GCONST> 8.262645e+01
<MIXTURE> 102 6.007792e-03
<MEAN> 25
 7.053668e+00 -3.456745e+00 -4.961457e+00 -6.174898e+00 9.876809e-01 -1.225055e+00 -1.039442e+01 -1.275210e+00 1.046611e+00 3.840211e+00 -1.663339e+00 -5.401578e+00 6.599340e-01 7.423930e-01 -1.479578e+00 -1.620881e+00 9.816921e-01 2.514983e+00 1.858477e-01 -1.474289e+00 -9.299478e-01 9.783920e-01 1.283191e+00 -7.103558e-01 -8.035995e-03
<VARIANCE> 25
 1.216918e+01 1.573476e+01 3.495778e+01 4.234654e+01 3.034669e+01 3.243393e+01 3.570617e+01 3.323170e+01 4.137391e+01 4.206638e+01 4.970785e+01 2.128492e+01 2.510861e-01 7.269578e-01 1.017284e+00 1.347631e+00 1.479635e+00 1.931625e+00 1.977083e+00 1.941475e+00 2.139228e+00 2.056151e+00 1.589184e+00 2.141844e+00 3.394811e-04
<GCONST> 8.262645e+01
<MIXTURE> 103 5.694618e-03
<MEAN> 25
 3.367928e+00 -9.470446e+00 -6.126000e+00 -3.081511e+00 -1.333055e+00 -1.967033e+00 2.442965e+00 2.511699e+00 -4.617144e+00 -9.252104e+00 -5.047326e+00 3.658373e-01 -1.584058e-01 -1.488131e+00 -9.806998e-01 3.759488e-01 1.214345e+00 1.019155e+00 1.605847e-01 -2.671756e-01 -7.795681e-01 -9.448611e-01 -3.578860e-02 1.205471e-01 2.686072e-02
<VARIANCE> 25
 1.033073e+01 2.038737e+01 2.291854e+01 3.181348e+01 4.800604e+01 3.498413e+01 4.638009e+01 3.670860e+01 4.211749e+01 2.932568e+01 3.018868e+01 2.642068e+01 6.442167e-01 1.254604e+00 1.537103e+00 1.938160e+00 2.924486e+00 2.408230e+00 2.895624e+00 2.578543e+00 2.561555e+00 2.525205e+00 2.094897e+00 2.024345e+00 8.119621e-04
<GCONST> 8.759225e+01
<MIXTURE> 104 5.694618e-03
<MEAN> 25
 3.367928e+00 -9.470446e+00 -6.126000e+00 -3.081511e+00 -1.333055e+00 -1.967033e+00 2.442965e+00 2.511699e+00 -4.617144e+00 -9.252104e+00 -5.047326e+00 3.658373e-01 -1.584058e-01 -1.488131e+00 -9.806998e-01 3.759488e-01 1.214345e+00 1.019155e+00 1.605847e-01 -2.671756e-01 -7.795681e-01 -9.448611e-01 -3.578860e-02 1.205471e-01 2.686072e-02
<VARIANCE> 25
 1.033073e+01 2.038737e+01 2.291854e+01 3.181348e+01 4.800604e+01 3.498413e+01 4.638009e+01 3.670860e+01 4.211749e+01 2.932568e+01 3.018868e+01 2.642068e+01 6.442167e-01 1.254604e+00 1.537103e+00 1.938160e+00 2.924486e+00 2.408230e+00 2.895624e+00 2.578543e+00 2.561555e+00 2.525205e+00 2.094897e+00 2.024345e+00 8.119621e-04
<GCONST> 8.759225e+01
<MIXTURE> 105 4.710235e-03
<MEAN> 25
 2.089361e+00 -1.672765e+00 9.308685e+00 -2.350345e+00 -1.114117e+01 -5.177790e+00 -4.155441e+00 -3.132020e-01 -4.173240e+00 -3.023516e+00 1.752652e+00 -1.039684e+00 3.598668e-02 1.384560e-02 1.761716e-02 -1.076826e-02 -4.100947e-02 9.917662e-02 -5.637901e-02 1.098391e-01 -9.428339e-02 8.060931e-03 7.807256e-02 -2.256953e-02 -2.099766e-03
<VARIANCE> 25
 1.335158e+01 2.795897e+01 4.023759e+01 4.491751e+01 3.876770e+01 5.282143e+01 3.900287e+01 4.705430e+01 4.122829e+01 3.983311e+01 4.069456e+01 3.119665e+01 8.854546e-02 1.814274e-01 3.360407e-01 2.933748e-01 3.946492e-01 4.520561e-01 4.938627e-01 5.453863e-01 5.238660e-01 4.211991e-01 4.500512e-01 3.884881e-01 8.500491e-05
<GCONST> 6.694731e+01
<MIXTURE> 106 4.710235e-03
<MEAN> 25
 2.089361e+00 -1.672765e+00 9.308685e+00 -2.350345e+00 -1.114117e+01 -5.177790e+00 -4.155441e+00 -3.132020e-01 -4.173240e+00 -3.023516e+00 1.752652e+00 -1.039684e+00 3.598668e-02 1.384560e-02 1.761716e-02 -1.076826e-02 -4.100947e-02 9.917662e-02 -5.637901e-02 1.098391e-01 -9.428339e-02 8.060931e-03 7.807256e-02 -2.256953e-02 -2.099766e-03
<VARIANCE> 25
 1.335158e+01 2.795897e+01 4.023759e+01 4.491751e+01 3.876770e+01 5.282143e+01 3.900287e+01 4.705430e+01 4.122829e+01 3.983311e+01 4.069456e+01 3.119665e+01 8.854546e-02 1.814274e-01 3.360407e-01 2.933748e-01 3.946492e-01 4.520561e-01 4.938627e-01 5.453863e-01 5.238660e-01 4.211991e-01 4.500512e-01 3.884881e-01 8.500491e-05
<GCONST> 6.694731e+01
<MIXTURE> 107 5.452374e-03
<MEAN> 25
 8.374275e+00 -2.537714e+00 -7.570184e+00 -9.479226e+00 1.804834e+00 3.265618e+00 -8.426335e+00 -4.932889e+00 -8.129930e-01 3.110260e+00 1.559546e+00 -4.758009e+00 -6.702651e-01 -7.158347e-01 8.333269e-01 1.757228e+00 3.664912e-01 -2.050876e+00 -1.088016e+00 9.415329e-01 1.772726e+00 2.214323e-01 -1.696896e+00 -8.509011e-01 -2.859181e-03
<VARIANCE> 25
 1.015694e+01 2.055843e+01 3.118209e+01 4.094743e+01 3.465399e+01 3.854145e+01 4.963684e+01 3.777168e+01 4.377218e+01 4.144020e+01 5.886579e+01 3.106878e+01 4.158415e-01 9.762641e-01 1.393564e+00 2.309381e+00 2.586113e+00 2.726971e+00 3.060957e+00 2.608915e+00 2.191621e+00 3.504886e+00 1.894616e+00 2.136255e+00 6.934270e-04
<GCONST> 8.865003e+01
<MIXTURE> 108 5.452374e-03
<MEAN> 25
 8.374275e+00 -2.537714e+00 -7.570184e+00 -9.479226e+00 1.804834e+00 3.265618e+00 -8.426335e+00 -4.932889e+00 -8.129930e-01 3.110260e+00 1.559546e+00 -4.758009e+00 -6.702651e-01 -7.158347e-01 8.333269e-01 1.757228e+00 3.664912e-01 -2.050876e+00 -1.088016e+00 9.415329e-01 1.772726e+00 2.214323e-01 -1.696896e+00 -8.509011e-01 -2.859181e-03
<VARIANCE> 25
 1.015694e+01 2.055843e+01 3.118209e+01 4.094743e+01 3.465399e+01 3.854145e+01 4.963684e+01 3.777168e+01 4.377218e+01 4.144020e+01 5.886579e+01 3.106878e+01 4.158415e-01 9.762641e-01 1.393564e+00 2.309381e+00 2.586113e+00 2.726971e+00 3.060957e+00 2.608915e+00 2.191621e+00 3.504886e+00 1.894616e+00 2.136255e+00 6.934270e-04
<GCONST> 8.865003e+01
<MIXTURE> 109 6.661064e-03
<MEAN> 25
 4.082574e+00 -1.053585e+01 -8.283523e+00 -1.339651e+00 2.751528e+00 -3.938709e-02 -6.940295e-02 1.448274e+00 -2.582750e+00 -8.363186e+00 -5.366747e+00 5.936557e-02 -3.311597e-02 -1.300066e-01 -3.282465e-02 2.491741e-01 1.972692e-01 1.191280e-01 -1.265510e-01 -1.038082e-01 -4.108173e-02 -1.313647e-01 2.174331e-01 1.336614e-02 -3.568562e-03
<VARIANCE> 25
 9.088259e+00 1.830209e+01 2.017478e+01 3.161140e+01 4.080948e+01 3.672546e+01 4.663014e+01 3.440085e+01 4.608027e+01 3.534614e+01 2.969016e+01 2.819983e+01 1.926766e-01 4.250108e-01 5.378434e-01 6.349463e-01 1.229092e+00 9.937413e-01 1.259436e+00 1.094941e+00 1.116757e+00 9.508473e-01 8.779513e-01 8.850610e-01 1.828460e-04
<GCONST> 7.448277e+01
<MIXTURE> 110 6.661064e-03
<MEAN> 25
 4.082574e+00 -1.053585e+01 -8.283523e+00 -1.339651e+00 2.751528e+00 -3.938709e-02 -6.940295e-02 1.448274e+00 -2.582750e+00 -8.363186e+00 -5.366747e+00 5.936557e-02 -3.311597e-02 -1.300066e-01 -3.282465e-02 2.491741e-01 1.972692e-01 1.191280e-01 -1.265510e-01 -1.038082e-01 -4.108173e-02 -1.313647e-01 2.174331e-01 1.336614e-02 -3.568562e-03
<VARIANCE> 25
 9.088259e+00 1.830209e+01 2.017478e+01 3.161140e+01 4.080948e+01 3.672546e+01 4.663014e+01 3.440085e+01 4.608027e+01 3.534614e+01 2.969016e+01 2.819983e+01 1.926766e-01 4.250108e-01 5.378434e-01 6.349463e-01 1.229092e+00 9.937413e-01 1.259436e+00 1.094941e+00 1.116757e+00 9.508473e-01 8.779513e-01 8.850610e-01 1.828460e-04
<GCONST> 7.448277e+01
<MIXTURE> 111 4.337247e-03
<MEAN> 25
 -4.320141e+00 -2.848899e-01 -1.913610e+00 1.955181e+00 6.840928e-01 7.666934e-01 5.695405e-01 -2.672465e-02 9.370720e-02 -5.726414e-01 -8.870983e-01 1.865438e+00 -1.499466e-02 7.016190e-03 -7.014384e-02 -5.203594e-02 2.437758e-03 2.458134e-03 -4.531754e-03 -6.226132e-02 -1.687421e-01 -1.531394e-01 -2.648121e-01 -5.355823e-02 -5.355955e-04
<VARIANCE> 25
 6.669890e+00 8.208198e+00 1.009490e+01 9.619035e+00 1.304916e+01 2.251497e+01 1.556790e+01 1.290273e+01 1.130903e+01 1.122590e+01 1.320743e+01 1.077414e+01 7.406023e-02 1.698953e-01 2.714645e-01 4.219765e-01 5.552493e-01 6.969999e-01 7.832833e-01 8.944221e-01 8.266042e-01 8.378959e-01 9.001944e-01 8.882909e-01 2.410555e-05
<GCONST> 5.624144e+01
<MIXTURE> 112 4.337247e-03
<MEAN> 25
 -4.320141e+00 -2.848899e-01 -1.913610e+00 1.955181e+00 6.840928e-01 7.666934e-01 5.695405e-01 -2.672465e-02 9.370720e-02 -5.726414e-01 -8.870983e-01 1.865438e+00 -1.499466e-02 7.016190e-03 -7.014384e-02 -5.203594e-02 2.437758e-03 2.458134e-03 -4.531754e-03 -6.226132e-02 -1.687421e-01 -1.531394e-01 -2.648121e-01 -5.355823e-02 -5.355955e-04
<VARIANCE> 25
 6.669890e+00 8.208198e+00 1.009490e+01 9.619035e+00 1.304916e+01 2.251497e+01 1.556790e+01 1.290273e+01 1.130903e+01 1.122590e+01 1.320743e+01 1.077414e+01 7.406023e-02 1.698953e-01 2.714645e-01 4.219765e-01 5.552493e-01 6.969999e-01 7.832833e-01 8.944221e-01 8.266042e-01 8.378959e-01 9.001944e-01 8.882909e-01 2.410555e-05
<GCONST> 5.624144e+01
<MIXTURE> 113 5.938666e-03
<MEAN> 25
 9.883595e+00 1.807165e+00 -8.538166e+00 -1.692201e+01 -1.352933e+00 5.704484e+00 -5.126556e+00 -1.676219e+00 -5.330342e+00 -6.410584e-01 3.006656e-01 -3.734643e-02 1.202911e-02 2.082113e-02 -6.294531e-02 -1.110683e-01 9.697311e-02 1.256536e-01 4.334258e-02 4.726468e-02 -6.283972e-02 -4.291651e-02 1.758601e-01 2.561336e-02 -1.509914e-03
<VARIANCE> 25
 8.902880e+00 1.605790e+01 3.042140e+01 3.446507e+01 5.585688e+01 3.284636e+01 4.010719e+01 3.991234e+01 4.035391e+01 4.596495e+01 3.519774e+01 2.877521e+01 1.202668e-01 3.203928e-01 3.116611e-01 6.115385e-01 6.052996e-01 6.640520e-01 7.736409e-01 8.263798e-01 9.559589e-01 8.901257e-01 7.052540e-01 7.021364e-01 1.237212e-04
<GCONST> 7.106915e+01
<MIXTURE> 114 5.938666e-03
<MEAN> 25
 9.883595e+00 1.807165e+00 -8.538166e+00 -1.692201e+01 -1.352933e+00 5.704484e+00 -5.126556e+00 -1.676219e+00 -5.330342e+00 -6.410584e-01 3.006656e-01 -3.734643e-02 1.202911e-02 2.082113e-02 -6.294531e-02 -1.110683e-01 9.697311e-02 1.256536e-01 4.334258e-02 4.726468e-02 -6.283972e-02 -4.291651e-02 1.758601e-01 2.561336e-02 -1.509914e-03
<VARIANCE> 25
 8.902880e+00 1.605790e+01 3.042140e+01 3.446507e+01 5.585688e+01 3.284636e+01 4.010719e+01 3.991234e+01 4.035391e+01 4.596495e+01 3.519774e+01 2.877521e+01 1.202668e-01 3.203928e-01 3.116611e-01 6.115385e-01 6.052996e-01 6.640520e-01 7.736409e-01 8.263798e-01 9.559589e-01 8.901257e-01 7.052540e-01 7.021364e-01 1.237212e-04
<GCONST> 7.106915e+01
<MIXTURE> 115 2.935202e-03
<MEAN> 25
 -4.013999e+00 -7.023981e-01 -3.080267e+00 3.666858e+00 2.381943e+00 -4.442880e-01 2.225381e+00 3.803435e-01 1.381913e+00 -1.331007e-02 3.068104e-03 2.663230e+00 3.159904e-02 -7.139321e-02 -2.305330e-01 -4.371531e-01 -6.275831e-01 -6.657699e-01 -5.803410e-01 -5.000650e-01 -4.855231e-01 -4.552649e-01 -3.471911e-01 -1.712246e-01 -3.673483e-06
<VARIANCE> 25
 9.272456e+00 1.020522e+01 1.360616e+01 1.265154e+01 1.359022e+01 1.754004e+01 1.702150e+01 2.083630e+01 1.790979e+01 1.712935e+01 1.933097e+01 1.466758e+01 2.025910e-01 3.457386e-01 4.849432e-01 5.593595e-01 6.363329e-01 7.968771e-01 1.023216e+00 1.138103e+00 1.069585e+00 9.884425e-01 1.021749e+00 1.068364e+00 1.005151e-06
<GCONST> 6.020647e+01
<MIXTURE> 116 2.935202e-03
<MEAN> 25
 -4.013999e+00 -7.023981e-01 -3.080267e+00 3.666858e+00 2.381943e+00 -4.442880e-01 2.225381e+00 3.803435e-01 1.381913e+00 -1.331007e-02 3.068104e-03 2.663230e+00 3.159904e-02 -7.139321e-02 -2.305330e-01 -4.371531e-01 -6.275831e-01 -6.657699e-01 -5.803410e-01 -5.000650e-01 -4.855231e-01 -4.552649e-01 -3.471911e-01 -1.712246e-01 -3.673483e-06
<VARIANCE> 25
 9.272456e+00 1.020522e+01 1.360616e+01 1.265154e+01 1.359022e+01 1.754004e+01 1.702150e+01 2.083630e+01 1.790979e+01 1.712935e+01 1.933097e+01 1.466758e+01 2.025910e-01 3.457386e-01 4.849432e-01 5.593595e-01 6.363329e-01 7.968771e-01 1.023216e+00 1.138103e+00 1.069585e+00 9.884425e-01 1.021749e+00 1.068364e+00 1.005151e-06
<GCONST> 6.020647e+01
<MIXTURE> 117 6.506003e-03
<MEAN> 25
 -4.644269e+00 1.118369e+00 1.052949e+00 9.758924e+00 6.260006e+00 6.254680e+00 6.463152e+00 5.043491e+00 6.385800e+00 4.929828e+00 6.365422e+00 2.710560e+00 -7.502200e-02 -2.337556e-01 -3.581381e-01 -4.200717e-01 -3.673770e-01 -3.025979e-01 -2.870977e-01 -3.311408e-01 -3.912512e-01 -3.687324e-01 -2.632011e-01 -1.162451e-01 -9.453975e-06
<VARIANCE> 25
 7.186107e+00 8.752604e+00 9.817885e+00 1.430602e+01 1.561435e+01 1.536023e+01 1.772241e+01 1.796152e+01 1.639899e+01 1.636974e+01 1.675117e+01 1.475177e+01 2.165602e-01 3.080697e-01 4.262337e-01 6.170354e-01 8.535655e-01 1.055193e+00 1.177531e+00 1.233084e+00 1.224958e+00 1.194845e+00 1.166989e+00 1.113748e+00 1.000489e-06
<GCONST> 6.043231e+01
<MIXTURE> 118 6.506003e-03
<MEAN> 25
 -4.644269e+00 1.118369e+00 1.052949e+00 9.758924e+00 6.260006e+00 6.254680e+00 6.463152e+00 5.043491e+00 6.385800e+00 4.929828e+00 6.365422e+00 2.710560e+00 -7.502200e-02 -2.337556e-01 -3.581381e-01 -4.200717e-01 -3.673770e-01 -3.025979e-01 -2.870977e-01 -3.311408e-01 -3.912512e-01 -3.687324e-01 -2.632011e-01 -1.162451e-01 -9.453975e-06
<VARIANCE> 25
 7.186107e+00 8.752604e+00 9.817885e+00 1.430602e+01 1.561435e+01 1.536023e+01 1.772241e+01 1.796152e+01 1.639899e+01 1.636974e+01 1.675117e+01 1.475177e+01 2.165602e-01 3.080697e-01 4.262337e-01 6.170354e-01 8.535655e-01 1.055193e+00 1.177531e+00 1.233084e+00 1.224958e+00 1.194845e+00 1.166989e+00 1.113748e+00 1.000489e-06
<GCONST> 6.043231e+01
<MIXTURE> 119 4.297961e-03
<MEAN> 25
 -4.963911e+00 -7.621981e+00 2.267721e+00 2.048415e+00 2.295982e+00 8.831868e-02 5.176062e+00 6.013438e+00 1.054957e+00 9.952890e-01 6.575336e+00 1.580545e+00 -5.152102e-02 -8.516039e-02 3.141455e-02 -5.075820e-02 -1.298721e-01 -1.697009e-01 -7.971457e-02 -1.118583e-02 -9.965028e-02 -1.145298e-01 -2.623479e-02 -5.596205e-02 1.128809e-03
<VARIANCE> 25
 8.488207e+00 1.004406e+01 1.800577e+01 2.032149e+01 2.432306e+01 2.423218e+01 2.557354e+01 2.691977e+01 2.587427e+01 2.799403e+01 2.026552e+01 2.017711e+01 1.598643e-01 2.825917e-01 4.579803e-01 6.291520e-01 7.985613e-01 1.013576e+00 1.093852e+00 1.283851e+00 1.289313e+00 1.234384e+00 1.249758e+00 1.101895e+00 2.307125e-04
<GCONST> 7.000414e+01
<MIXTURE> 120 4.297961e-03
<MEAN> 25
 -4.963911e+00 -7.621981e+00 2.267721e+00 2.048415e+00 2.295982e+00 8.831868e-02 5.176062e+00 6.013438e+00 1.054957e+00 9.952890e-01 6.575336e+00 1.580545e+00 -5.152102e-02 -8.516039e-02 3.141455e-02 -5.075820e-02 -1.298721e-01 -1.697009e-01 -7.971457e-02 -1.118583e-02 -9.965028e-02 -1.145298e-01 -2.623479e-02 -5.596205e-02 1.128809e-03
<VARIANCE> 25
 8.488207e+00 1.004406e+01 1.800577e+01 2.032149e+01 2.432306e+01 2.423218e+01 2.557354e+01 2.691977e+01 2.587427e+01 2.799403e+01 2.026552e+01 2.017711e+01 1.598643e-01 2.825917e-01 4.579803e-01 6.291520e-01 7.985613e-01 1.013576e+00 1.093852e+00 1.283851e+00 1.289313e+00 1.234384e+00 1.249758e+00 1.101895e+00 2.307125e-04
<GCONST> 7.000414e+01
<MIXTURE> 121 4.567511e-03
<MEAN> 25
 2.101460e-01 -2.523107e+00 5.151627e+00 -1.290439e+01 -1.264769e+01 -1.661916e+00 1.000064e+00 -5.109387e+00 -4.196503e+00 -4.927882e-01 -5.505510e+00 -4.310222e+00 2.411257e-02 1.320837e-01 -4.148128e-02 7.964580e-02 1.585570e-01 7.844643e-02 -7.910222e-02 -1.832395e-01 -2.686011e-01 -2.578174e-01 -1.144287e-01 9.385959e-04 -7.433058e-03
<VARIANCE> 25
 7.750090e+00 1.560353e+01 1.727707e+01 2.036815e+01 2.442961e+01 2.927043e+01 2.954405e+01 2.458160e+01 3.530312e+01 2.836466e+01 1.975685e+01 2.120930e+01 1.549563e-01 6.435450e-01 6.229476e-01 7.046632e-01 7.704814e-01 1.149914e+00 1.118486e+00 1.120571e+00 1.217196e+00 1.192832e+00 9.413325e-01 8.716943e-01 2.107968e-04
<GCONST> 7.139935e+01
<MIXTURE> 122 4.567511e-03
<MEAN> 25
 2.101460e-01 -2.523107e+00 5.151627e+00 -1.290439e+01 -1.264769e+01 -1.661916e+00 1.000064e+00 -5.109387e+00 -4.196503e+00 -4.927882e-01 -5.505510e+00 -4.310222e+00 2.411257e-02 1.320837e-01 -4.148128e-02 7.964580e-02 1.585570e-01 7.844643e-02 -7.910222e-02 -1.832395e-01 -2.686011e-01 -2.578174e-01 -1.144287e-01 9.385959e-04 -7.433058e-03
<VARIANCE> 25
 7.750090e+00 1.560353e+01 1.727707e+01 2.036815e+01 2.442961e+01 2.927043e+01 2.954405e+01 2.458160e+01 3.530312e+01 2.836466e+01 1.975685e+01 2.120930e+01 1.549563e-01 6.435450e-01 6.229476e-01 7.046632e-01 7.704814e-01 1.149914e+00 1.118486e+00 1.120571e+00 1.217196e+00 1.192832e+00 9.413325e-01 8.716943e-01 2.107968e-04
<GCONST> 7.139935e+01
<MIXTURE> 123 4.393044e-03
<MEAN> 25
 -3.482137e+00 2.452138e+00 -8.831652e-01 6.076845e+00 3.154072e+00 2.241406e+00 4.457323e+00 1.121627e-01 1.021239e+00 -1.344575e+00 -2.846579e+00 -8.769134e-01 -3.926072e-01 -6.931002e-01 -9.419020e-01 -3.800242e-01 -1.229538e-01 -4.686673e-02 4.560012e-01 8.588727e-01 6.594857e-01 5.276082e-01 8.529481e-01 4.280095e-01 -5.833595e-03
<VARIANCE> 25
 7.642385e+00 1.011536e+01 1.267265e+01 1.291645e+01 2.151294e+01 2.256096e+01 2.005684e+01 1.693465e+01 1.517062e+01 1.374840e+01 2.591099e+01 1.939703e+01 2.826073e-01 3.338742e-01 4.126625e-01 6.007201e-01 8.061608e-01 1.134627e+00 1.367589e+00 1.263527e+00 1.027874e+00 1.257233e+00 1.968584e+00 1.133788e+00 1.046563e-04
<GCONST> 6.756233e+01
<MIXTURE> 124 4.069876e-03
<MEAN> 25
 -6.295233e+00 -5.902996e-01 -2.984821e+00 5.418904e+00 4.776463e+00 3.127965e+00 5.806013e+00 2.570447e+00 3.039978e+00 1.108112e+00 5.481369e-01 3.084862e+00 -1.844315e-01 -3.172357e-01 -3.947101e-01 -2.233687e-01 1.814335e-01 5.886669e-01 7.695876e-01 9.220586e-01 6.639878e-01 3.063628e-01 1.027369e-01 -2.088178e-02 -1.817993e-04
<VARIANCE> 25
 1.086485e+01 1.034081e+01 1.035689e+01 1.320579e+01 1.182292e+01 1.949129e+01 1.747031e+01 1.615893e+01 1.513570e+01 1.538447e+01 2.132371e+01 1.413633e+01 1.040786e-01 1.647027e-01 2.666683e-01 3.973164e-01 5.837796e-01 7.464215e-01 7.612097e-01 7.916775e-01 8.774654e-01 9.202456e-01 1.029621e+00 9.633074e-01 1.852943e-05
<GCONST> 5.906252e+01
<MIXTURE> 125 4.069876e-03
<MEAN> 25
 -6.295233e+00 -5.902996e-01 -2.984821e+00 5.418904e+00 4.776463e+00 3.127965e+00 5.806013e+00 2.570447e+00 3.039978e+00 1.108112e+00 5.481369e-01 3.084862e+00 -1.844315e-01 -3.172357e-01 -3.947101e-01 -2.233687e-01 1.814335e-01 5.886669e-01 7.695876e-01 9.220586e-01 6.639878e-01 3.063628e-01 1.027369e-01 -2.088178e-02 -1.817993e-04
<VARIANCE> 25
 1.086485e+01 1.034081e+01 1.035689e+01 1.320579e+01 1.182292e+01 1.949129e+01 1.747031e+01 1.615893e+01 1.513570e+01 1.538447e+01 2.132371e+01 1.413633e+01 1.040786e-01 1.647027e-01 2.666683e-01 3.973164e-01 5.837796e-01 7.464215e-01 7.612097e-01 7.916775e-01 8.774654e-01 9.202456e-01 1.029621e+00 9.633074e-01 1.852943e-05
<GCONST> 5.906252e+01
<MIXTURE> 126 2.402244e-03
<MEAN> 25
 -3.860790e+00 -7.012661e+00 -5.346642e+00 2.423882e+00 4.595037e+00 -3.270703e+00 5.211443e-02 3.858620e+00 3.216722e+00 -2.457980e+00 -1.301024e+00 2.992018e+00 -1.596474e-02 -1.647140e-02 -5.549712e-02 -1.577418e-01 -3.064612e-01 -4.004411e-01 -2.852549e-01 -1.701405e-01 -1.011081e-01 -1.006087e-01 -6.588159e-02 -2.948704e-02 -1.795322e-03
<VARIANCE> 25
 7.505302e+00 1.401025e+01 1.374205e+01 1.621430e+01 3.025181e+01 2.344742e+01 2.285721e+01 3.248259e+01 3.143285e+01 2.831173e+01 2.234883e+01 1.896764e+01 1.741712e-01 3.520837e-01 4.902410e-01 5.538000e-01 7.507516e-01 9.814188e-01 1.100946e+00 1.271341e+00 1.310037e+00 1.293164e+00 1.235268e+00 1.145190e+00 2.100464e-04
<GCONST> 7.036483e+01
<MIXTURE> 127 2.402244e-03
<MEAN> 25
 -3.860790e+00 -7.012661e+00 -5.346642e+00 2.423882e+00 4.595037e+00 -3.270703e+00 5.211443e-02 3.858620e+00 3.216722e+00 -2.457980e+00 -1.301024e+00 2.992018e+00 -1.596474e-02 -1.647140e-02 -5.549712e-02 -1.577418e-01 -3.064612e-01 -4.004411e-01 -2.852549e-01 -1.701405e-01 -1.011081e-01 -1.006087e-01 -6.588159e-02 -2.948704e-02 -1.795322e-03
<VARIANCE> 25
 7.505302e+00 1.401025e+01 1.374205e+01 1.621430e+01 3.025181e+01 2.344742e+01 2.285721e+01 3.248259e+01 3.143285e+01 2.831173e+01 2.234883e+01 1.896764e+01 1.741712e-01 3.520837e-01 4.902410e-01 5.538000e-01 7.507516e-01 9.814188e-01 1.100946e+00 1.271341e+00 1.310037e+00 1.293164e+00 1.235268e+00 1.145190e+00 2.100464e-04
<GCONST> 7.036483e+01
<MIXTURE> 128 3.790457e-03
<MEAN> 25
 -3.972220e+00 1.595022e+00 -4.458181e-01 6.529034e+00 3.621271e+00 1.591493e+00 3.637580e+00 2.242014e+00 4.065252e+00 3.744160e+00 3.534586e+00 3.478908e+00 -3.932540e-01 -2.066752e-01 1.289989e-01 7.192649e-01 1.140684e+00 1.090328e+00 7.301822e-01 1.680076e-01 -4.448075e-01 -7.708446e-01 -6.861323e-01 -3.702379e-01 -2.127317e-05
<VARIANCE> 25
 1.024554e+01 1.164757e+01 1.507094e+01 1.941600e+01 1.965819e+01 2.440999e+01 2.390827e+01 2.477265e+01 2.633257e+01 2.371205e+01 2.866071e+01 1.799805e+01 8.713611e-01 1.149776e+00 1.390479e+00 1.478528e+00 1.630945e+00 1.908945e+00 2.205022e+00 2.339426e+00 2.149338e+00 1.827068e+00 1.730674e+00 1.805911e+00 1.042133e-06
<GCONST> 7.387990e+01
<TRANSP> 3
 0.000000e+00 1.000000e+00 0.000000e+00
 0.000000e+00 9.999990e-01 9.999998e-07
 0.000000e+00 0.000000e+00 0.000000e+00
<ENDHMM>
