~o
<STREAMINFO> 1 25
<VECSIZE> 25<NULLD><MFCC_E_D_N><DIAGC>
~h "jmodel"
<BEGINHMM>
<NUMSTATES> 3
<STATE> 2
<NUMMIXES> 128
<MIXTURE> 1 5.748963e-03
<MEAN> 25
 -2.582495e+00 3.181296e+00 2.309952e+00 8.756666e+00 4.372831e+00 3.449131e+00 4.061465e+00 3.932798e+00 5.832195e+00 5.252412e+00 5.882150e+00 3.079915e+00 -2.004578e+00 -1.634433e+00 -8.630295e-01 1.076198e+00 1.559318e+00 2.231403e+00 2.154803e+00 2.084506e+00 1.692484e+00 1.269073e+00 1.567120e+00 6.136023e-01 -4.691577e-02
<VARIANCE> 25
 1.007173e+01 1.175906e+01 1.495372e+01 1.867962e+01 2.319309e+01 2.215723e+01 2.189481e+01 2.199058e+01 2.099377e+01 2.253243e+01 2.096384e+01 1.707895e+01 1.788345e+00 2.111966e+00 3.030345e+00 3.210396e+00 3.745967e+00 3.359457e+00 3.318961e+00 3.380223e+00 3.523682e+00 3.727298e+00 3.513350e+00 2.834099e+00 3.121608e-03
<GCONST> 8.847049e+01
<MIXTURE> 2 4.549242e-03
<MEAN> 25
 -4.875671e+00 1.311720e+00 9.943511e-01 9.899809e+00 6.692275e+00 7.424650e+00 7.847087e+00 6.958091e+00 8.373269e+00 6.373019e+00 7.624402e+00 3.074697e+00 -6.200235e-02 4.161923e-02 1.425301e-01 2.258583e-01 2.652900e-01 2.813653e-01 2.954302e-01 3.195550e-01 3.497573e-01 3.089160e-01 1.971766e-01 8.006547e-02 1.228299e-06
<VARIANCE> 25
 6.952293e+00 8.901894e+00 1.065126e+01 1.591096e+01 1.723581e+01 1.556308e+01 1.689898e+01 1.848562e+01 1.658668e+01 1.738619e+01 1.811029e+01 1.434002e+01 1.252503e-01 2.266278e-01 3.364712e-01 4.671271e-01 6.492781e-01 8.148874e-01 9.298787e-01 1.003176e+00 1.051662e+00 1.077774e+00 1.075658e+00 1.013934e+00 1.000000e-06
<GCONST> 5.804302e+01
<MIXTURE> 3 4.549242e-03
<MEAN> 25
 -4.875671e+00 1.311720e+00 9.943511e-01 9.899809e+00 6.692275e+00 7.424650e+00 7.847087e+00 6.958091e+00 8.373269e+00 6.373019e+00 7.624402e+00 3.074697e+00 -6.200235e-02 4.161923e-02 1.425301e-01 2.258583e-01 2.652900e-01 2.813653e-01 2.954302e-01 3.195550e-01 3.497573e-01 3.089160e-01 1.971766e-01 8.006547e-02 1.228299e-06
<VARIANCE> 25
 6.952293e+00 8.901894e+00 1.065126e+01 1.591096e+01 1.723581e+01 1.556308e+01 1.689898e+01 1.848562e+01 1.658668e+01 1.738619e+01 1.811029e+01 1.434002e+01 1.252503e-01 2.266278e-01 3.364712e-01 4.671271e-01 6.492781e-01 8.148874e-01 9.298787e-01 1.003176e+00 1.051662e+00 1.077774e+00 1.075658e+00 1.013934e+00 1.000000e-06
<GCONST> 5.804302e+01
<MIXTURE> 4 1.671429e-02
<MEAN> 25
 2.287878e+00 2.637404e+00 -3.928470e+00 2.272399e-01 4.875762e+00 -1.881389e-01 -4.655688e-01 -4.751270e-02 1.905017e+00 1.192238e+00 -1.048288e+00 9.677309e-01 -2.732984e+00 1.386460e+00 1.225304e+00 2.851628e+00 6.855054e-01 -3.440174e-01 1.722825e+00 8.414155e-01 2.779877e-01 3.467311e-01 1.034613e+00 1.135114e+00 -8.453020e-02
<VARIANCE> 25
 2.089713e+01 2.709563e+01 2.801721e+01 4.066666e+01 3.715464e+01 5.502089e+01 5.584698e+01 5.545304e+01 4.385623e+01 4.892523e+01 4.299912e+01 3.454519e+01 1.840996e+00 4.755935e+00 4.194911e+00 4.123330e+00 4.345548e+00 6.464230e+00 5.446062e+00 4.850718e+00 5.417601e+00 5.115367e+00 5.240644e+00 3.900690e+00 5.596618e-03
<GCONST> 1.027433e+02
<MIXTURE> 5 3.206198e-03
<MEAN> 25
 -3.418023e+00 2.182364e+00 6.087118e-01 9.427015e+00 6.696734e+00 6.313167e+00 7.111709e+00 4.722195e+00 5.494853e+00 3.848208e+00 4.659106e+00 2.607186e+00 -3.249394e-01 7.527668e-01 1.224706e+00 1.032923e+00 3.074025e-01 -1.007823e-01 -8.368276e-02 3.356522e-02 4.578966e-01 6.838080e-01 4.038179e-01 8.807721e-02 -2.795391e-05
<VARIANCE> 25
 1.025346e+01 1.394732e+01 2.350302e+01 2.563107e+01 2.021851e+01 1.947040e+01 2.011368e+01 2.036891e+01 2.142301e+01 2.127992e+01 2.409466e+01 1.635929e+01 1.210361e+00 1.244358e+00 1.357171e+00 1.673791e+00 2.284833e+00 2.378114e+00 2.301215e+00 2.275052e+00 2.315243e+00 2.237867e+00 2.085352e+00 1.873696e+00 1.000146e-06
<GCONST> 7.517130e+01
<MIXTURE> 6 5.475854e-03
<MEAN> 25
 9.501483e+00 -5.078654e-01 -6.380598e+00 -1.095577e+01 -1.935705e+00 6.873092e+00 -6.077023e+00 -5.238803e+00 -3.788457e+00 2.319501e+00 4.613883e+00 -1.304034e+00 5.141321e-01 8.926485e-01 -3.843594e-01 -1.458027e+00 -5.656450e-01 1.326827e+00 1.480529e+00 1.390196e-01 -1.176186e+00 -1.148293e+00 3.561752e-01 1.246899e+00 -8.225608e-03
<VARIANCE> 25
 8.679286e+00 1.587385e+01 2.304126e+01 3.768191e+01 3.438118e+01 2.843200e+01 4.246191e+01 3.508442e+01 3.932883e+01 4.048183e+01 3.881215e+01 2.635065e+01 3.169985e-01 7.882791e-01 9.031990e-01 2.030113e+00 1.527214e+00 1.929238e+00 1.854173e+00 2.017068e+00 2.322062e+00 1.873572e+00 2.181219e+00 1.332184e+00 5.437211e-04
<GCONST> 8.277254e+01
<MIXTURE> 7 5.475854e-03
<MEAN> 25
 9.501483e+00 -5.078654e-01 -6.380598e+00 -1.095577e+01 -1.935705e+00 6.873092e+00 -6.077023e+00 -5.238803e+00 -3.788457e+00 2.319501e+00 4.613883e+00 -1.304034e+00 5.141321e-01 8.926485e-01 -3.843594e-01 -1.458027e+00 -5.656450e-01 1.326827e+00 1.480529e+00 1.390196e-01 -1.176186e+00 -1.148293e+00 3.561752e-01 1.246899e+00 -8.225608e-03
<VARIANCE> 25
 8.679286e+00 1.587385e+01 2.304126e+01 3.768191e+01 3.438118e+01 2.843200e+01 4.246191e+01 3.508442e+01 3.932883e+01 4.048183e+01 3.881215e+01 2.635065e+01 3.169985e-01 7.882791e-01 9.031990e-01 2.030113e+00 1.527214e+00 1.929238e+00 1.854173e+00 2.017068e+00 2.322062e+00 1.873572e+00 2.181219e+00 1.332184e+00 5.437211e-04
<GCONST> 8.277254e+01
<MIXTURE> 8 1.165917e-02
<MEAN> 25
 -4.654729e+00 1.387209e+00 1.251071e+00 9.582099e+00 6.543390e+00 6.257020e+00 6.424719e+00 5.582252e+00 6.675808e+00 5.586181e+00 6.484836e+00 3.160023e+00 -6.382122e-01 -1.408800e+00 -1.007857e+00 -1.719201e+00 -2.773981e-01 -9.453858e-01 -1.493482e-01 -2.800325e-01 -2.686511e-01 -1.802746e-01 -1.973129e-01 9.371901e-02 9.823421e-02
<VARIANCE> 25
 9.737023e+00 9.790138e+00 1.163557e+01 1.592258e+01 1.654825e+01 1.553742e+01 1.819374e+01 1.830872e+01 1.687554e+01 1.737198e+01 1.935165e+01 1.384508e+01 2.734311e+00 2.809048e+00 4.216493e+00 3.733514e+00 3.606687e+00 3.281402e+00 3.165715e+00 3.054173e+00 2.862703e+00 2.629414e+00 2.430835e+00 1.894248e+00 6.645162e-03
<GCONST> 8.642223e+01
<MIXTURE> 9 1.199672e-02
<MEAN> 25
 8.761460e+00 3.423319e+00 -6.068289e+00 -9.515378e+00 -1.813986e+00 5.905860e+00 -1.778708e+00 -1.757395e+00 -3.454886e+00 -2.590398e+00 -1.328417e-01 3.796521e-01 1.156814e+00 -3.250439e-01 -3.722283e-01 -2.904590e+00 -1.365408e+00 1.005883e+00 -1.477743e+00 -1.297940e-01 2.368558e-01 -4.010868e-01 1.059191e+00 1.183223e-01 6.574782e-02
<VARIANCE> 25
 1.102487e+01 1.751129e+01 2.718754e+01 5.196000e+01 4.289907e+01 3.338290e+01 3.899946e+01 4.337214e+01 4.751543e+01 4.162088e+01 3.388039e+01 2.295900e+01 1.966166e+00 2.219168e+00 3.730824e+00 4.130594e+00 4.286679e+00 3.469348e+00 4.288468e+00 4.967421e+00 4.790500e+00 3.479745e+00 4.239545e+00 2.653086e+00 1.994920e-03
<GCONST> 9.639281e+01
<MIXTURE> 10 6.596976e-03
<MEAN> 25
 8.265871e-01 7.635365e+00 5.367228e+00 7.152021e+00 1.579029e+00 -2.113952e+00 -5.072843e-01 -1.688854e+00 8.790737e-01 8.569104e-01 8.332135e-01 6.541899e-01 -1.924698e+00 -6.723073e-01 -4.567520e-01 3.023342e+00 2.460625e+00 2.707922e+00 2.368227e+00 2.276721e+00 1.859198e+00 1.546441e+00 2.333081e+00 5.247784e-01 -1.380852e-01
<VARIANCE> 25
 1.955373e+01 2.067393e+01 2.235078e+01 2.904322e+01 3.835153e+01 3.490554e+01 3.523080e+01 3.382207e+01 2.760996e+01 2.905591e+01 2.696141e+01 2.500194e+01 2.233077e+00 3.423951e+00 5.533269e+00 5.186467e+00 5.552832e+00 4.471259e+00 4.726467e+00 4.841142e+00 4.389750e+00 5.018608e+00 4.444811e+00 3.188111e+00 2.696984e-03
<GCONST> 9.746913e+01
<MIXTURE> 11 1.633820e-02
<MEAN> 25
 6.893738e+00 4.901828e+00 -1.055899e-01 6.033684e+00 -3.089482e+00 -6.425470e-01 1.257632e+00 -7.950103e+00 -1.422703e+00 -1.165369e+00 -2.038366e+00 -1.960123e+00 -4.659624e-01 5.983136e-01 9.387387e-02 1.546829e-01 1.316693e-01 -4.496469e-01 2.605841e-01 -3.668102e-02 -7.765812e-02 6.963270e-02 -4.057961e-01 2.346758e-01 -2.763484e-02
<VARIANCE> 25
 8.138799e+00 1.666823e+01 1.965371e+01 3.479677e+01 3.646958e+01 2.666536e+01 6.903538e+01 3.679341e+01 3.606734e+01 3.897413e+01 2.985246e+01 1.807338e+01 8.331738e-01 1.091991e+00 1.298035e+00 2.733440e+00 1.329329e+00 1.728019e+00 2.797798e+00 2.802532e+00 2.336038e+00 2.969490e+00 1.345621e+00 1.389020e+00 1.070136e-03
<GCONST> 8.542888e+01
<MIXTURE> 12 5.904134e-03
<MEAN> 25
 1.070909e+01 3.718592e+00 -4.541378e+00 -1.567826e+01 -8.526286e+00 8.669884e+00 -8.524916e-01 -1.962077e+00 -1.717912e+00 -4.844432e+00 1.726964e+00 6.637812e-01 5.917054e-02 2.996569e-01 8.365942e-02 -3.769047e-01 -2.946333e-01 2.354081e-02 2.866704e-01 4.577321e-01 1.589436e-01 -3.807973e-01 -3.973998e-01 7.028683e-02 -6.448896e-03
<VARIANCE> 25
 8.859682e+00 2.067630e+01 2.299566e+01 4.024334e+01 4.259576e+01 3.047549e+01 4.313468e+01 4.822258e+01 4.320372e+01 3.828012e+01 3.766506e+01 2.856414e+01 2.474632e-01 6.764667e-01 6.759426e-01 1.212138e+00 1.178086e+00 1.052430e+00 1.197203e+00 1.379843e+00 1.247337e+00 1.209412e+00 1.220157e+00 9.542021e-01 5.731265e-04
<GCONST> 7.901741e+01
<MIXTURE> 13 5.904134e-03
<MEAN> 25
 1.070909e+01 3.718592e+00 -4.541378e+00 -1.567826e+01 -8.526286e+00 8.669884e+00 -8.524916e-01 -1.962077e+00 -1.717912e+00 -4.844432e+00 1.726964e+00 6.637812e-01 5.917054e-02 2.996569e-01 8.365942e-02 -3.769047e-01 -2.946333e-01 2.354081e-02 2.866704e-01 4.577321e-01 1.589436e-01 -3.807973e-01 -3.973998e-01 7.028683e-02 -6.448896e-03
<VARIANCE> 25
 8.859682e+00 2.067630e+01 2.299566e+01 4.024334e+01 4.259576e+01 3.047549e+01 4.313468e+01 4.822258e+01 4.320372e+01 3.828012e+01 3.766506e+01 2.856414e+01 2.474632e-01 6.764667e-01 6.759426e-01 1.212138e+00 1.178086e+00 1.052430e+00 1.197203e+00 1.379843e+00 1.247337e+00 1.209412e+00 1.220157e+00 9.542021e-01 5.731265e-04
<GCONST> 7.901741e+01
<MIXTURE> 14 6.488954e-03
<MEAN> 25
 -4.315334e+00 -3.776205e-01 -3.128374e-01 8.914813e+00 7.515160e+00 7.379035e+00 7.827259e+00 7.321460e+00 7.252727e+00 5.224823e+00 6.862529e+00 4.102971e+00 -2.753776e-01 1.936893e-01 3.677509e-01 3.105954e-01 4.171580e-03 5.947708e-02 9.902216e-02 1.772825e-01 2.945893e-01 5.391400e-01 5.070851e-01 7.663837e-02 -9.322383e-03
<VARIANCE> 25
 9.310840e+00 1.386004e+01 1.862727e+01 1.782842e+01 2.089315e+01 1.958771e+01 2.151974e+01 2.069547e+01 2.007167e+01 2.391114e+01 2.141478e+01 1.597422e+01 9.629809e-01 1.640307e+00 1.781864e+00 1.936786e+00 2.255194e+00 2.258333e+00 2.260491e+00 2.239719e+00 2.286126e+00 2.507435e+00 2.195936e+00 1.813156e+00 1.030630e-03
<GCONST> 8.193031e+01
<MIXTURE> 15 2.475190e-03
<MEAN> 25
 -5.424104e+00 -6.444228e-01 -2.011948e-01 7.368020e+00 5.719728e+00 5.701523e+00 6.060597e+00 4.979655e+00 5.164851e+00 4.154551e+00 5.502402e+00 2.539962e+00 -1.212346e-01 -2.916862e-02 7.500418e-02 2.436760e-01 4.894040e-01 7.865168e-01 1.072446e+00 1.182141e+00 1.059321e+00 7.561350e-01 4.197349e-01 1.534032e-01 -8.263445e-05
<VARIANCE> 25
 6.984151e+00 5.606074e+00 9.032881e+00 1.281365e+01 1.407832e+01 1.429724e+01 1.492043e+01 1.489847e+01 1.410044e+01 1.418376e+01 1.510192e+01 1.250873e+01 1.247606e-01 2.061875e-01 3.197811e-01 5.030959e-01 6.995990e-01 7.936963e-01 7.631562e-01 7.916138e-01 9.090421e-01 1.023956e+00 1.071348e+00 1.041232e+00 2.795582e-05
<GCONST> 5.858709e+01
<MIXTURE> 16 2.475190e-03
<MEAN> 25
 -5.424104e+00 -6.444228e-01 -2.011948e-01 7.368020e+00 5.719728e+00 5.701523e+00 6.060597e+00 4.979655e+00 5.164851e+00 4.154551e+00 5.502402e+00 2.539962e+00 -1.212346e-01 -2.916862e-02 7.500418e-02 2.436760e-01 4.894040e-01 7.865168e-01 1.072446e+00 1.182141e+00 1.059321e+00 7.561350e-01 4.197349e-01 1.534032e-01 -8.263445e-05
<VARIANCE> 25
 6.984151e+00 5.606074e+00 9.032881e+00 1.281365e+01 1.407832e+01 1.429724e+01 1.492043e+01 1.489847e+01 1.410044e+01 1.418376e+01 1.510192e+01 1.250873e+01 1.247606e-01 2.061875e-01 3.197811e-01 5.030959e-01 6.995990e-01 7.936963e-01 7.631562e-01 7.916138e-01 9.090421e-01 1.023956e+00 1.071348e+00 1.041232e+00 2.795582e-05
<GCONST> 5.858709e+01
<MIXTURE> 17 9.518312e-03
<MEAN> 25
 2.927859e+00 -1.699372e+00 6.035717e+00 2.838304e+00 -4.533645e+00 -5.719017e+00 -1.983971e+00 1.512003e+00 -1.521919e+00 -3.411619e+00 -1.930960e-01 1.276596e+00 -8.312525e-01 -1.314813e+00 2.024556e+00 -2.381112e+00 -2.422424e+00 -4.110735e-01 3.195300e-01 1.352264e+00 -9.666222e-01 9.395610e-02 1.180856e+00 6.025132e-02 7.997787e-02
<VARIANCE> 25
 1.330440e+01 2.608538e+01 2.956858e+01 3.316318e+01 3.866982e+01 4.991693e+01 3.246901e+01 3.838651e+01 2.861666e+01 2.363409e+01 2.247797e+01 2.374467e+01 1.283095e+00 2.115805e+00 4.212638e+00 2.654232e+00 4.273631e+00 4.082420e+00 3.471758e+00 3.749184e+00 3.511395e+00 3.443293e+00 2.484171e+00 2.065023e+00 1.495890e-03
<GCONST> 9.263533e+01
<MIXTURE> 18 1.221018e-02
<MEAN> 25
 3.975050e+00 4.534785e+00 6.607355e+00 4.727987e+00 -4.575259e+00 -8.120432e+00 -1.600859e+00 -1.165391e+00 -3.307902e+00 -2.458270e+00 -8.436418e-01 5.130116e-01 -7.511363e-01 2.145888e+00 -2.492869e-01 1.997202e+00 3.097071e+00 1.457188e+00 7.867008e-01 -2.155019e-01 6.194913e-01 4.979694e-01 -2.752301e-01 -5.478800e-02 -1.224253e-01
<VARIANCE> 25
 1.612789e+01 2.588391e+01 3.347746e+01 2.598553e+01 3.990709e+01 3.565358e+01 3.925635e+01 3.546891e+01 3.888771e+01 3.403729e+01 3.262651e+01 3.190607e+01 2.596900e+00 3.007452e+00 4.984555e+00 4.054907e+00 4.078494e+00 4.623081e+00 4.691710e+00 4.411084e+00 4.436250e+00 4.439974e+00 4.522038e+00 3.567296e+00 4.114226e-03
<GCONST> 9.868105e+01
<MIXTURE> 19 9.912824e-03
<MEAN> 25
 -1.074947e+01 2.334908e+00 2.005401e-01 1.216964e+00 3.623069e+00 2.990800e-01 5.234919e+00 9.706445e-01 6.855429e-01 1.241767e+00 1.385814e+00 2.164878e+00 2.130161e+00 1.579315e+00 2.362880e+00 6.919827e-01 -1.105718e+00 -8.944684e-01 -8.381463e-01 -1.116637e+00 -1.456464e+00 -1.077903e+00 -7.522253e-01 -9.385862e-01 2.392425e-03
<VARIANCE> 25
 4.749700e+01 2.571745e+01 4.211850e+01 4.430006e+01 2.739297e+01 3.248483e+01 3.714989e+01 2.517716e+01 2.976724e+01 2.196886e+01 2.477304e+01 1.724451e+01 2.327863e+00 1.887900e+00 3.091815e+00 2.179727e+00 2.101224e+00 1.868489e+00 2.417706e+00 2.520138e+00 1.659930e+00 1.743121e+00 1.950399e+00 1.669945e+00 2.048545e-03
<GCONST> 8.937429e+01
<MIXTURE> 20 6.308331e-03
<MEAN> 25
 -1.417873e+01 7.389528e+00 8.123411e-01 6.146722e+00 4.825780e+00 1.613505e+00 5.218114e+00 8.277562e-01 9.178270e-01 7.910960e-01 2.549393e+00 -3.021554e-01 -3.276482e+00 -8.683690e-01 -1.553326e+00 3.337301e-01 1.534714e+00 2.062028e+00 1.977417e+00 2.043342e+00 2.135001e+00 2.034920e+00 1.685138e+00 9.514191e-01 4.720417e-02
<VARIANCE> 25
 1.962685e+01 2.353374e+01 3.108772e+01 3.704117e+01 3.080694e+01 2.790586e+01 2.983040e+01 3.152403e+01 2.785454e+01 2.812206e+01 2.517807e+01 2.084731e+01 2.104162e+00 2.175801e+00 1.933710e+00 2.531086e+00 2.700749e+00 2.305633e+00 2.301959e+00 2.353234e+00 2.247512e+00 2.655303e+00 2.233206e+00 1.874980e+00 1.885369e-03
<GCONST> 8.923335e+01
<MIXTURE> 21 7.928653e-03
<MEAN> 25
 3.979972e+00 -4.561313e+00 5.735677e+00 -1.560769e+00 -1.046414e+01 -8.683851e+00 -2.611808e+00 4.337626e+00 -2.001002e+00 -3.387908e+00 1.650271e-01 4.380849e-01 -7.247517e-01 1.344827e+00 2.574970e+00 -1.820603e-02 -1.536254e+00 3.379122e-01 6.208441e-01 -1.490589e+00 -1.960462e+00 2.919384e-01 1.322735e+00 2.674379e-01 -1.308398e-02
<VARIANCE> 25
 8.876669e+00 1.863420e+01 2.953179e+01 2.814750e+01 2.967587e+01 3.306783e+01 4.254488e+01 4.154529e+01 4.300814e+01 3.135261e+01 3.413923e+01 2.396036e+01 3.777960e-01 9.469602e-01 1.856912e+00 1.352470e+00 2.218492e+00 2.166491e+00 3.707048e+00 2.486622e+00 2.140121e+00 2.619950e+00 1.998927e+00 2.318322e+00 4.370185e-04
<GCONST> 8.526404e+01
<MIXTURE> 22 8.827789e-03
<MEAN> 25
 -1.693961e+01 6.015023e+00 -4.695168e+00 7.463596e+00 3.978657e+00 1.242572e+00 8.831857e+00 9.511973e-01 4.092356e+00 2.224649e+00 5.256694e+00 1.962839e+00 -3.975771e-01 -3.371687e-01 -6.950211e-03 -1.671088e-01 3.346519e-02 2.018143e-01 2.298917e-01 1.390898e-01 2.083069e-01 2.456998e-01 3.676688e-01 4.092979e-01 8.817495e-03
<VARIANCE> 25
 9.035603e+00 1.697559e+01 1.428709e+01 1.912274e+01 1.816431e+01 2.299259e+01 1.695000e+01 1.827900e+01 1.787930e+01 1.851381e+01 1.698733e+01 1.754790e+01 8.506344e-01 1.149036e+00 1.182086e+00 1.334116e+00 1.059658e+00 1.438256e+00 1.357713e+00 1.427846e+00 1.396854e+00 1.206711e+00 1.411518e+00 2.054495e+00 1.364813e-03
<GCONST> 7.636645e+01
<MIXTURE> 23 6.455497e-03
<MEAN> 25
 7.971663e+00 2.470315e+00 2.055300e+00 2.867572e+00 -4.512399e+00 -2.072356e+00 -2.826533e+00 -6.447608e+00 -3.264533e+00 -1.930994e+00 -3.882397e+00 -2.203539e+00 2.562774e-02 2.167643e-01 -2.474455e-02 3.240919e-02 -4.375493e-02 1.116484e-01 6.341119e-02 7.672659e-02 -2.453476e-02 5.310747e-02 -2.210864e-01 9.546567e-02 -4.334193e-03
<VARIANCE> 25
 9.300486e+00 2.002728e+01 2.949440e+01 3.852252e+01 3.553909e+01 5.796053e+01 6.961335e+01 5.065901e+01 4.356160e+01 4.861967e+01 4.432365e+01 3.622994e+01 1.074669e-01 3.000433e-01 3.539259e-01 5.084597e-01 5.610328e-01 7.167249e-01 8.546656e-01 9.710072e-01 8.231170e-01 8.292174e-01 1.137811e+00 7.223595e-01 8.023894e-05
<GCONST> 7.279212e+01
<MIXTURE> 24 6.455497e-03
<MEAN> 25
 7.971663e+00 2.470315e+00 2.055300e+00 2.867572e+00 -4.512399e+00 -2.072356e+00 -2.826533e+00 -6.447608e+00 -3.264533e+00 -1.930994e+00 -3.882397e+00 -2.203539e+00 2.562774e-02 2.167643e-01 -2.474455e-02 3.240919e-02 -4.375493e-02 1.116484e-01 6.341119e-02 7.672659e-02 -2.453476e-02 5.310747e-02 -2.210864e-01 9.546567e-02 -4.334193e-03
<VARIANCE> 25
 9.300486e+00 2.002728e+01 2.949440e+01 3.852252e+01 3.553909e+01 5.796053e+01 6.961335e+01 5.065901e+01 4.356160e+01 4.861967e+01 4.432365e+01 3.622994e+01 1.074669e-01 3.000433e-01 3.539259e-01 5.084597e-01 5.610328e-01 7.167249e-01 8.546656e-01 9.710072e-01 8.231170e-01 8.292174e-01 1.137811e+00 7.223595e-01 8.023894e-05
<GCONST> 7.279212e+01
<MIXTURE> 25 1.118642e-02
<MEAN> 25
 -9.931654e-01 2.162193e+00 1.636108e+01 -6.087654e-01 -1.062376e+01 -2.039659e+00 -3.680569e+00 -2.406519e+00 -7.221169e+00 -4.250265e+00 4.389530e+00 -1.844589e+00 -5.926703e-02 2.986168e-02 8.596155e-02 -1.053313e-01 -3.520296e-01 1.279039e-01 2.439030e-02 1.265765e-01 -2.051976e-01 3.102692e-01 -1.073244e-01 -2.044339e-01 3.084298e-03
<VARIANCE> 25
 9.038439e+00 1.506643e+01 1.332390e+01 1.855857e+01 2.474912e+01 3.193963e+01 1.976543e+01 1.970980e+01 1.740239e+01 2.459940e+01 1.352021e+01 1.698563e+01 5.311897e-01 1.211301e+00 1.176748e+00 1.085638e+00 1.980945e+00 1.309210e+00 1.323534e+00 1.283890e+00 1.020969e+00 1.131212e+00 9.221665e-01 2.122903e+00 1.078225e-03
<GCONST> 7.577547e+01
<MIXTURE> 26 7.727677e-03
<MEAN> 25
 2.311295e+00 -5.874445e+00 -9.725493e+00 -8.351560e-01 7.868711e+00 5.414609e+00 3.120144e+00 -4.348294e-01 2.649492e+00 -7.976024e-01 -2.549031e+00 -1.096568e+00 -6.789219e-01 6.594635e-01 3.206566e-01 7.788899e-01 1.241018e-01 1.221249e-01 4.178721e-01 2.815104e-01 2.039634e-01 5.200663e-02 3.704745e-01 5.072811e-01 -4.939383e-02
<VARIANCE> 25
 2.327571e+01 3.377757e+01 2.694938e+01 6.553001e+01 3.639053e+01 3.964383e+01 5.160248e+01 4.122650e+01 3.755442e+01 5.105320e+01 3.800454e+01 4.299427e+01 1.643783e+00 1.889197e+00 1.871774e+00 2.216888e+00 2.291339e+00 2.340149e+00 2.740127e+00 2.548229e+00 2.247466e+00 2.189310e+00 2.027771e+00 1.918855e+00 3.130374e-03
<GCONST> 9.334929e+01
<MIXTURE> 27 7.727677e-03
<MEAN> 25
 2.311295e+00 -5.874445e+00 -9.725493e+00 -8.351560e-01 7.868711e+00 5.414609e+00 3.120144e+00 -4.348294e-01 2.649492e+00 -7.976024e-01 -2.549031e+00 -1.096568e+00 -6.789219e-01 6.594635e-01 3.206566e-01 7.788899e-01 1.241018e-01 1.221249e-01 4.178721e-01 2.815104e-01 2.039634e-01 5.200663e-02 3.704745e-01 5.072811e-01 -4.939383e-02
<VARIANCE> 25
 2.327571e+01 3.377757e+01 2.694938e+01 6.553001e+01 3.639053e+01 3.964383e+01 5.160248e+01 4.122650e+01 3.755442e+01 5.105320e+01 3.800454e+01 4.299427e+01 1.643783e+00 1.889197e+00 1.871774e+00 2.216888e+00 2.291339e+00 2.340149e+00 2.740127e+00 2.548229e+00 2.247466e+00 2.189310e+00 2.027771e+00 1.918855e+00 3.130374e-03
<GCONST> 9.334929e+01
<MIXTURE> 28 5.036674e-03
<MEAN> 25
 -5.451540e+00 1.169767e-02 -1.569348e+00 6.616222e+00 5.232504e+00 3.518212e+00 5.416325e+00 3.130125e+00 3.922903e+00 2.394192e+00 2.638320e+00 3.220355e+00 -1.152404e-01 2.232149e-01 5.287557e-01 7.848816e-01 8.221590e-01 7.029298e-01 5.232020e-01 3.920034e-01 4.448395e-01 4.824372e-01 3.710269e-01 1.896559e-01 -1.241216e-05
<VARIANCE> 25
 1.043475e+01 8.352397e+00 1.216014e+01 1.484394e+01 1.471091e+01 1.773198e+01 1.804137e+01 1.901555e+01 1.718446e+01 1.673137e+01 2.060876e+01 1.500438e+01 2.565386e-01 3.365548e-01 4.068338e-01 4.641672e-01 6.216290e-01 8.471047e-01 1.056470e+00 1.144789e+00 1.102600e+00 1.029920e+00 1.036734e+00 1.066828e+00 1.000010e-06
<GCONST> 6.025250e+01
<MIXTURE> 29 5.036674e-03
<MEAN> 25
 -5.451540e+00 1.169767e-02 -1.569348e+00 6.616222e+00 5.232504e+00 3.518212e+00 5.416325e+00 3.130125e+00 3.922903e+00 2.394192e+00 2.638320e+00 3.220355e+00 -1.152404e-01 2.232149e-01 5.287557e-01 7.848816e-01 8.221590e-01 7.029298e-01 5.232020e-01 3.920034e-01 4.448395e-01 4.824372e-01 3.710269e-01 1.896559e-01 -1.241216e-05
<VARIANCE> 25
 1.043475e+01 8.352397e+00 1.216014e+01 1.484394e+01 1.471091e+01 1.773198e+01 1.804137e+01 1.901555e+01 1.718446e+01 1.673137e+01 2.060876e+01 1.500438e+01 2.565386e-01 3.365548e-01 4.068338e-01 4.641672e-01 6.216290e-01 8.471047e-01 1.056470e+00 1.144789e+00 1.102600e+00 1.029920e+00 1.036734e+00 1.066828e+00 1.000010e-06
<GCONST> 6.025250e+01
<MIXTURE> 30 8.917812e-03
<MEAN> 25
 -4.494856e+00 -1.955844e-01 6.549833e-01 9.089485e+00 7.776258e+00 7.510958e+00 7.584587e+00 6.881296e+00 6.534019e+00 4.897042e+00 7.013437e+00 3.502835e+00 -2.377401e-02 3.039365e-02 5.648663e-02 8.878811e-02 8.156331e-02 4.432442e-02 1.351708e-02 -3.020081e-03 1.724336e-02 5.153413e-02 6.148052e-02 3.488803e-02 -5.556997e-04
<VARIANCE> 25
 6.938110e+00 9.864533e+00 1.039685e+01 1.374210e+01 1.575179e+01 1.641825e+01 1.912591e+01 1.818077e+01 1.628381e+01 1.836780e+01 2.123915e+01 1.436375e+01 9.739164e-02 1.995653e-01 3.250103e-01 4.815429e-01 6.194437e-01 7.241967e-01 7.724708e-01 8.124726e-01 8.762312e-01 9.372468e-01 9.205505e-01 8.626050e-01 5.096844e-05
<GCONST> 6.058838e+01
<MIXTURE> 31 4.136493e-03
<MEAN> 25
 -3.300944e+00 -5.701986e+00 7.206945e-02 4.871325e+00 3.671896e+00 1.673237e+00 5.241649e+00 6.676536e+00 2.723094e+00 1.234057e+00 6.526035e+00 3.156682e+00 2.537243e-01 4.737577e-01 -2.129068e-01 3.083530e-01 1.228951e-01 4.265187e-01 1.882874e-01 1.552789e-02 3.815880e-01 3.846944e-01 1.036958e-01 1.150780e-01 -1.842297e-02
<VARIANCE> 25
 7.160679e+00 1.525959e+01 1.755055e+01 1.804231e+01 2.545340e+01 2.395416e+01 2.361509e+01 2.552608e+01 2.595589e+01 2.799475e+01 2.033768e+01 1.869547e+01 1.907814e-01 4.944006e-01 6.029036e-01 7.662388e-01 9.686534e-01 1.092041e+00 1.225442e+00 1.391628e+00 1.344021e+00 1.315691e+00 1.247164e+00 1.133220e+00 2.568195e-04
<GCONST> 7.184782e+01
<MIXTURE> 32 4.136493e-03
<MEAN> 25
 -3.300944e+00 -5.701986e+00 7.206945e-02 4.871325e+00 3.671896e+00 1.673237e+00 5.241649e+00 6.676536e+00 2.723094e+00 1.234057e+00 6.526035e+00 3.156682e+00 2.537243e-01 4.737577e-01 -2.129068e-01 3.083530e-01 1.228951e-01 4.265187e-01 1.882874e-01 1.552789e-02 3.815880e-01 3.846944e-01 1.036958e-01 1.150780e-01 -1.842297e-02
<VARIANCE> 25
 7.160679e+00 1.525959e+01 1.755055e+01 1.804231e+01 2.545340e+01 2.395416e+01 2.361509e+01 2.552608e+01 2.595589e+01 2.799475e+01 2.033768e+01 1.869547e+01 1.907814e-01 4.944006e-01 6.029036e-01 7.662388e-01 9.686534e-01 1.092041e+00 1.225442e+00 1.391628e+00 1.344021e+00 1.315691e+00 1.247164e+00 1.133220e+00 2.568195e-04
<GCONST> 7.184782e+01
<MIXTURE> 33 1.508826e-02
<MEAN> 25
 5.711383e+00 -4.364625e+00 -1.364934e+00 -2.686146e+00 -1.188421e+00 -4.219976e+00 -7.982735e+00 2.384321e+00 2.540525e+00 4.042056e-01 -4.145231e+00 -2.900708e+00 8.699891e-01 -9.773600e-01 -2.304544e+00 -1.994127e+00 1.532429e+00 1.689127e+00 -1.508421e+00 2.542066e-01 1.471339e+00 5.894511e-01 -1.725380e-01 -1.463938e+00 2.809564e-02
<VARIANCE> 25
 1.018918e+01 1.900846e+01 2.543641e+01 2.986384e+01 3.721389e+01 3.932620e+01 3.827618e+01 4.012552e+01 3.426896e+01 3.701669e+01 2.789272e+01 2.199364e+01 1.179539e+00 1.834467e+00 2.315975e+00 1.954268e+00 3.926938e+00 3.481277e+00 5.141559e+00 4.919727e+00 3.501710e+00 3.744477e+00 3.057556e+00 2.197704e+00 1.833971e-03
<GCONST> 9.234099e+01
<MIXTURE> 34 1.588179e-02
<MEAN> 25
 8.053384e+00 4.016692e-01 -1.276565e+00 2.021947e+00 -1.365319e+00 9.796668e-01 -4.348815e+00 -4.855353e+00 -1.039476e+00 -1.278213e+00 -1.215102e+00 -3.162270e+00 1.187348e-01 1.411194e+00 4.191846e-01 2.490762e+00 1.474876e-01 -5.803939e-01 1.166759e+00 -1.424128e+00 -4.467128e-01 -4.271642e-01 -5.474569e-01 3.992815e-01 -5.675567e-02
<VARIANCE> 25
 6.864340e+00 2.343458e+01 2.289253e+01 4.740633e+01 3.686597e+01 4.488116e+01 6.371703e+01 4.573186e+01 3.927136e+01 4.261246e+01 3.826575e+01 2.493650e+01 1.203332e+00 1.419432e+00 5.735992e+00 3.385738e+00 4.654578e+00 4.923297e+00 4.186480e+00 4.565546e+00 5.968731e+00 6.344467e+00 3.944178e+00 2.999470e+00 8.960414e-04
<GCONST> 9.636030e+01
<MIXTURE> 35 1.467755e-02
<MEAN> 25
 -2.297758e+00 -4.363990e+00 -8.336518e+00 -7.285632e-01 9.562522e+00 2.421084e-01 1.187939e+00 2.638180e+00 2.528100e+00 3.663043e+00 -8.792517e-01 1.293200e+00 7.138824e-01 -1.114682e+00 -9.158794e-01 -1.622652e+00 3.871378e-01 -1.668221e-01 -8.686018e-01 1.286107e-01 3.349855e-01 1.464093e-01 -6.423844e-01 -5.646244e-01 9.321977e-02
<VARIANCE> 25
 1.826169e+01 2.423723e+01 4.243460e+01 5.474932e+01 3.802581e+01 4.632716e+01 5.064827e+01 3.352309e+01 5.203101e+01 3.828224e+01 3.177474e+01 2.751162e+01 3.224598e+00 2.754837e+00 5.606020e+00 4.723365e+00 4.251549e+00 6.224576e+00 3.934734e+00 4.128772e+00 4.492451e+00 3.801837e+00 3.407306e+00 3.090234e+00 4.639786e-03
<GCONST> 1.004147e+02
<MIXTURE> 36 1.093293e-02
<MEAN> 25
 4.307725e+00 -4.423239e+00 6.873729e+00 1.938730e+00 -9.047259e+00 -8.249639e+00 -5.332958e+00 5.320414e+00 -1.735991e+00 -3.444419e+00 2.229451e+00 4.333043e-02 4.583682e-01 1.775414e-01 -9.719595e-01 2.961418e-02 1.064908e+00 2.719627e-01 -7.773035e-01 -1.280265e-01 5.911413e-01 7.562243e-01 -6.913283e-01 -5.183454e-01 -2.053256e-02
<VARIANCE> 25
 1.082339e+01 1.758161e+01 1.924591e+01 2.594324e+01 3.290550e+01 2.965993e+01 4.424554e+01 5.163022e+01 3.374157e+01 3.362273e+01 2.623178e+01 2.418097e+01 4.418285e-01 6.576889e-01 1.328655e+00 1.043070e+00 1.549893e+00 1.591638e+00 2.252101e+00 1.697972e+00 1.829080e+00 1.575783e+00 1.532255e+00 1.474818e+00 7.247825e-04
<GCONST> 8.149139e+01
<MIXTURE> 37 1.246826e-02
<MEAN> 25
 7.025378e-01 7.259745e+00 1.161953e+01 -5.379994e+00 -7.988650e+00 -4.569928e-01 -4.347190e+00 -8.322643e+00 -4.317485e+00 -3.682600e-01 -3.829265e+00 -1.539060e+00 2.948670e-01 6.664438e-01 -1.510863e+00 3.536289e+00 2.098318e+00 -3.446172e-01 1.031344e+00 3.014659e-01 6.239123e-01 -5.239469e-01 5.146960e-01 -8.288909e-02 -9.380345e-02
<VARIANCE> 25
 1.540032e+01 2.807774e+01 3.225056e+01 4.911029e+01 3.318038e+01 3.525473e+01 4.923908e+01 3.299532e+01 4.211706e+01 3.926784e+01 3.663303e+01 2.994839e+01 2.957627e+00 3.215543e+00 3.214186e+00 3.936253e+00 4.593740e+00 3.615640e+00 3.998846e+00 3.820050e+00 3.499251e+00 4.120347e+00 3.708215e+00 2.646068e+00 3.712714e-03
<GCONST> 9.793535e+01
<MIXTURE> 38 1.154525e-02
<MEAN> 25
 -4.520990e+00 8.142531e+00 4.428955e+00 2.871162e+00 1.296917e+00 -5.244426e+00 -3.415104e-02 -1.365933e+00 -2.518916e+00 -3.123939e+00 -2.075522e+00 4.140513e-01 -4.354243e+00 1.223275e+00 -2.661330e-01 1.265999e+00 2.401076e+00 1.096803e+00 2.011584e+00 7.812170e-01 6.356362e-01 9.634059e-01 1.090505e+00 1.679799e-01 4.573648e-02
<VARIANCE> 25
 2.847235e+01 3.173314e+01 3.618397e+01 3.010876e+01 4.876232e+01 3.230820e+01 3.574139e+01 5.496072e+01 3.169374e+01 2.916884e+01 2.466335e+01 3.390707e+01 2.249654e+00 4.727521e+00 3.664173e+00 4.818203e+00 3.939412e+00 5.074670e+00 4.356275e+00 4.937209e+00 4.150648e+00 5.473851e+00 4.297582e+00 3.155683e+00 2.230700e-03
<GCONST> 9.917397e+01
<MIXTURE> 39 9.501865e-03
<MEAN> 25
 1.124752e+00 2.035046e+00 1.032526e+01 -8.704446e+00 -1.195768e+01 -3.247420e-01 -2.041961e+00 -6.345626e+00 -4.972007e+00 1.135931e+00 -3.300958e+00 -2.521610e+00 -6.329694e-01 1.509458e+00 1.441584e+00 -1.400614e+00 3.104848e-01 1.368139e+00 -1.097971e+00 -1.370976e+00 1.675287e-01 5.300241e-01 -6.336347e-01 8.227837e-02 -1.904712e-03
<VARIANCE> 25
 8.658712e+00 3.098148e+01 2.920256e+01 3.785468e+01 3.870887e+01 4.374535e+01 4.954187e+01 3.127852e+01 3.827247e+01 3.122974e+01 3.472921e+01 2.753641e+01 7.296369e-01 1.423585e+00 1.737683e+00 2.685543e+00 2.778541e+00 2.811925e+00 2.911299e+00 2.669324e+00 2.938691e+00 2.478522e+00 2.116246e+00 1.920396e+00 1.196918e-03
<GCONST> 8.962070e+01
<MIXTURE> 40 1.030800e-02
<MEAN> 25
 -9.779207e+00 2.277723e+00 -1.520601e+00 8.275904e+00 3.647407e+00 4.731467e+00 5.730194e+00 3.869015e+00 4.271162e+00 3.825747e+00 5.667641e+00 1.971600e+00 -1.385738e-01 -2.879840e-01 -3.532413e-02 -2.517024e-01 -8.555765e-02 -8.599960e-02 5.651747e-02 1.211165e-01 2.588724e-02 3.764326e-02 9.672409e-02 1.866154e-02 3.950467e-03
<VARIANCE> 25
 4.014167e+01 2.006895e+01 2.906297e+01 2.453593e+01 2.443893e+01 2.439835e+01 2.081116e+01 1.925494e+01 1.722468e+01 1.878851e+01 1.775637e+01 1.609226e+01 7.099757e-01 7.427664e-01 8.475259e-01 1.048050e+00 1.048550e+00 1.227478e+00 1.286853e+00 1.279893e+00 1.232605e+00 1.148283e+00 1.155403e+00 1.293087e+00 8.160786e-04
<GCONST> 7.665756e+01
<MIXTURE> 41 6.713375e-03
<MEAN> 25
 1.163805e+00 1.584968e+00 1.072013e+01 -6.363153e+00 -1.043109e+01 -3.599684e+00 -2.218940e+00 -4.776535e+00 -4.636988e+00 2.583232e+00 -1.472097e+00 -8.630983e-01 1.387502e-01 -7.505322e-01 1.779362e+00 -3.485489e+00 -2.595796e+00 -1.366088e-01 -5.093406e-01 -2.653911e-01 -9.397553e-01 9.719296e-01 -9.150880e-01 -3.662395e-02 8.720072e-02
<VARIANCE> 25
 1.120315e+01 2.836161e+01 3.183954e+01 4.209414e+01 3.653071e+01 3.896720e+01 3.597032e+01 2.880423e+01 3.108709e+01 2.737321e+01 3.116822e+01 2.673535e+01 3.133903e+00 3.118590e+00 4.100083e+00 3.673489e+00 4.870869e+00 5.495437e+00 4.432661e+00 4.358270e+00 3.951981e+00 4.166999e+00 3.792147e+00 3.229328e+00 2.750590e-03
<GCONST> 9.723535e+01
<MIXTURE> 42 1.106211e-02
<MEAN> 25
 -2.659785e+00 3.992149e+00 5.451590e+00 3.067166e+00 -2.026287e-01 -6.222332e+00 8.975191e-01 -1.020436e+00 -2.142470e+00 -8.607446e-01 -2.109516e+00 8.460439e-01 3.985115e+00 -4.285653e-01 1.625751e+00 6.790578e-02 -2.533455e+00 -9.228775e-01 -2.723132e+00 -6.135665e-01 -6.077790e-01 -9.406016e-01 7.338733e-01 -1.182349e+00 1.912204e-02
<VARIANCE> 25
 3.147781e+01 1.962343e+01 4.123198e+01 2.043382e+01 3.305379e+01 3.562465e+01 4.512673e+01 2.926921e+01 2.421132e+01 2.323186e+01 1.947959e+01 1.625713e+01 2.941440e+00 3.844464e+00 5.442865e+00 4.010371e+00 4.611117e+00 5.423027e+00 5.528655e+00 4.964987e+00 4.550179e+00 4.401731e+00 3.439103e+00 2.707644e+00 3.853895e-03
<GCONST> 9.716675e+01
<MIXTURE> 43 7.108249e-03
<MEAN> 25
 3.170376e+00 -6.299161e+00 -2.253382e+00 -5.175918e+00 -7.396764e+00 -3.399401e+00 4.145911e+00 1.305243e+00 -5.057477e+00 -7.095222e+00 -4.324642e+00 -1.251139e+00 2.370900e-01 2.164153e+00 1.912758e+00 -1.340729e-01 -1.428560e+00 -7.941085e-01 -9.708207e-01 -7.771721e-01 8.222326e-01 1.469015e+00 3.416606e-01 2.092879e-02 -4.510537e-02
<VARIANCE> 25
 9.612116e+00 1.980029e+01 2.733936e+01 3.539791e+01 3.840392e+01 3.666661e+01 3.335254e+01 3.992484e+01 3.966703e+01 3.862477e+01 2.651419e+01 2.953880e+01 6.912435e-01 1.249373e+00 1.571252e+00 2.492834e+00 2.377069e+00 2.381817e+00 2.653905e+00 3.032084e+00 2.605843e+00 2.578406e+00 2.330870e+00 1.919315e+00 9.433854e-04
<GCONST> 8.798737e+01
<MIXTURE> 44 7.328289e-03
<MEAN> 25
 -1.473985e+01 1.433148e+00 3.446581e+00 -2.844688e+00 3.771114e+00 1.268084e+00 -2.764292e-01 2.412407e+00 1.323717e+00 -5.058873e-01 1.556022e+00 2.280370e+00 -1.562989e-01 -1.042454e-01 1.870306e-01 3.226348e-01 -7.293852e-02 2.686007e-01 4.409809e-01 9.743378e-02 3.107297e-01 2.128062e-01 5.475008e-02 2.987021e-02 5.127936e-03
<VARIANCE> 25
 4.380707e+01 2.730535e+01 3.612910e+01 3.080734e+01 2.978751e+01 3.607601e+01 2.793999e+01 3.107190e+01 2.664728e+01 2.705704e+01 2.636231e+01 2.005858e+01 1.216519e+00 1.615303e+00 1.359509e+00 1.285081e+00 2.036506e+00 1.790641e+00 1.456059e+00 1.603420e+00 1.579754e+00 1.489834e+00 1.360071e+00 1.435359e+00 1.236009e-03
<GCONST> 8.485011e+01
<MIXTURE> 45 1.364932e-02
<MEAN> 25
 -1.163900e+01 3.512590e+00 -1.191635e+00 2.063536e+00 5.439337e+00 -1.784558e+00 5.221797e+00 3.757893e+00 2.582714e+00 2.672691e+00 1.970639e+00 3.386458e+00 -2.717161e+00 7.259284e-01 -6.537624e-01 -2.941294e-01 5.943985e-02 -3.690711e-01 6.808270e-01 -2.458531e-01 -2.215004e-01 4.062921e-01 5.770500e-01 -1.261566e-01 9.145953e-02
<VARIANCE> 25
 2.831260e+01 2.783664e+01 3.002920e+01 2.872750e+01 2.903813e+01 3.250397e+01 2.505877e+01 3.450523e+01 2.014567e+01 2.260158e+01 3.434996e+01 1.523622e+01 2.075557e+00 3.133402e+00 2.958239e+00 2.505696e+00 2.265367e+00 2.692791e+00 1.933448e+00 2.829652e+00 1.757971e+00 2.528768e+00 2.035388e+00 1.733378e+00 5.171281e-03
<GCONST> 9.024151e+01
<MIXTURE> 46 9.336259e-03
<MEAN> 25
 -9.380219e+00 2.317241e+00 9.812769e-01 7.447983e+00 5.938141e+00 3.056697e+00 6.999566e+00 4.409524e+00 5.603086e+00 4.609994e+00 4.927561e+00 2.904700e+00 1.027193e+00 -2.326835e-01 3.975559e-02 9.613917e-01 5.899388e-01 9.349539e-01 3.874019e-01 6.614325e-01 4.777299e-01 4.811911e-01 6.180969e-01 5.116740e-01 -1.027392e-01
<VARIANCE> 25
 3.401276e+01 4.329156e+01 3.947235e+01 4.922515e+01 5.007531e+01 4.269942e+01 3.679991e+01 3.528465e+01 3.318821e+01 3.077728e+01 2.841879e+01 2.025308e+01 3.968136e+00 4.089795e+00 3.819453e+00 4.230288e+00 4.157161e+00 3.888981e+00 3.357644e+00 3.088407e+00 2.977651e+00 2.879134e+00 2.317828e+00 1.812722e+00 8.026280e-03
<GCONST> 9.838471e+01
<MIXTURE> 47 7.116147e-03
<MEAN> 25
 6.908021e+00 -7.050365e+00 -7.435747e+00 -6.723614e+00 2.081950e+00 1.049199e+00 -2.939170e+00 1.399121e+00 3.415211e+00 3.360079e-01 -3.934375e+00 -6.419854e+00 -1.705625e-01 -1.274884e+00 -5.878395e-01 -4.931301e-01 4.923162e-01 6.786092e-01 6.615544e-01 4.551708e-01 2.221970e-01 -8.271056e-01 -4.262348e-01 -3.945826e-01 3.154128e-02
<VARIANCE> 25
 1.159159e+01 2.035680e+01 2.018417e+01 3.166521e+01 3.625110e+01 4.862509e+01 4.511402e+01 3.795770e+01 4.198248e+01 4.354214e+01 4.537447e+01 3.138433e+01 5.001475e-01 7.144796e-01 1.138553e+00 1.853489e+00 1.992110e+00 2.356880e+00 2.564517e+00 2.765767e+00 2.193155e+00 2.020977e+00 2.184185e+00 1.961465e+00 5.415111e-04
<GCONST> 8.620936e+01
<MIXTURE> 48 7.116147e-03
<MEAN> 25
 6.908021e+00 -7.050365e+00 -7.435747e+00 -6.723614e+00 2.081950e+00 1.049199e+00 -2.939170e+00 1.399121e+00 3.415211e+00 3.360079e-01 -3.934375e+00 -6.419854e+00 -1.705625e-01 -1.274884e+00 -5.878395e-01 -4.931301e-01 4.923162e-01 6.786092e-01 6.615544e-01 4.551708e-01 2.221970e-01 -8.271056e-01 -4.262348e-01 -3.945826e-01 3.154128e-02
<VARIANCE> 25
 1.159159e+01 2.035680e+01 2.018417e+01 3.166521e+01 3.625110e+01 4.862509e+01 4.511402e+01 3.795770e+01 4.198248e+01 4.354214e+01 4.537447e+01 3.138433e+01 5.001475e-01 7.144796e-01 1.138553e+00 1.853489e+00 1.992110e+00 2.356880e+00 2.564517e+00 2.765767e+00 2.193155e+00 2.020977e+00 2.184185e+00 1.961465e+00 5.415111e-04
<GCONST> 8.620936e+01
<MIXTURE> 49 5.548473e-03
<MEAN> 25
 -5.087485e+00 3.547415e-01 1.706981e-01 8.453926e+00 6.148538e+00 5.620632e+00 6.068976e+00 4.488417e+00 5.026273e+00 3.723449e+00 4.934968e+00 2.862850e+00 3.660426e-01 6.559807e-01 7.026452e-01 3.534243e-01 -1.966139e-01 -6.695331e-01 -1.009067e+00 -1.121606e+00 -9.561820e-01 -6.807481e-01 -4.928881e-01 -2.715284e-01 -2.008005e-05
<VARIANCE> 25
 9.597992e+00 1.003649e+01 1.425577e+01 1.587317e+01 1.589453e+01 1.713665e+01 1.943544e+01 1.942959e+01 1.823021e+01 1.794926e+01 2.063239e+01 1.428914e+01 2.803990e-01 2.632295e-01 3.594671e-01 6.115493e-01 8.694316e-01 9.741457e-01 9.924999e-01 1.052719e+00 1.135285e+00 1.219569e+00 1.280768e+00 1.208620e+00 1.434273e-05
<GCONST> 6.432121e+01
<MIXTURE> 50 6.234641e-03
<MEAN> 25
 -4.621467e+00 7.702140e-02 -1.461096e+00 6.170568e+00 4.227542e+00 2.296926e+00 3.661582e+00 1.969413e+00 2.783674e+00 1.405818e+00 2.144556e+00 2.803985e+00 5.324841e-02 1.725762e-01 9.458701e-02 -1.787716e-01 -5.085760e-01 -6.208403e-01 -4.204818e-01 -4.966576e-02 4.341087e-01 7.797357e-01 7.367454e-01 4.539000e-01 -6.240315e-06
<VARIANCE> 25
 1.095341e+01 1.115562e+01 1.429586e+01 1.552778e+01 1.527910e+01 1.858618e+01 1.887613e+01 1.945628e+01 1.846048e+01 1.740619e+01 2.157939e+01 1.551183e+01 1.460613e-01 2.407083e-01 3.770375e-01 5.157390e-01 5.979596e-01 7.378014e-01 9.600011e-01 1.113195e+00 1.064947e+00 9.117492e-01 9.150879e-01 1.001175e+00 1.004563e-06
<GCONST> 5.963055e+01
<MIXTURE> 51 6.234641e-03
<MEAN> 25
 -4.621467e+00 7.702140e-02 -1.461096e+00 6.170568e+00 4.227542e+00 2.296926e+00 3.661582e+00 1.969413e+00 2.783674e+00 1.405818e+00 2.144556e+00 2.803985e+00 5.324841e-02 1.725762e-01 9.458701e-02 -1.787716e-01 -5.085760e-01 -6.208403e-01 -4.204818e-01 -4.966576e-02 4.341087e-01 7.797357e-01 7.367454e-01 4.539000e-01 -6.240315e-06
<VARIANCE> 25
 1.095341e+01 1.115562e+01 1.429586e+01 1.552778e+01 1.527910e+01 1.858618e+01 1.887613e+01 1.945628e+01 1.846048e+01 1.740619e+01 2.157939e+01 1.551183e+01 1.460613e-01 2.407083e-01 3.770375e-01 5.157390e-01 5.979596e-01 7.378014e-01 9.600011e-01 1.113195e+00 1.064947e+00 9.117492e-01 9.150879e-01 1.001175e+00 1.004563e-06
<GCONST> 5.963055e+01
<MIXTURE> 52 6.367945e-03
<MEAN> 25
 9.613813e+00 1.641912e+00 -5.924995e+00 -1.345586e+01 -3.307166e+00 9.213755e+00 -3.616885e+00 -3.006136e+00 -3.198102e+00 -2.002174e+00 3.714753e+00 9.733492e-01 -3.910673e-01 -4.283204e-01 -4.124486e-03 1.159553e+00 1.364679e+00 -5.361994e-01 -5.859116e-01 -6.526586e-01 -5.175980e-03 1.185583e+00 3.986941e-01 -5.469491e-01 -1.376199e-02
<VARIANCE> 25
 9.006927e+00 1.886218e+01 2.191121e+01 3.592097e+01 4.276853e+01 3.147600e+01 4.291766e+01 4.187780e+01 4.391257e+01 4.542888e+01 3.468987e+01 2.558912e+01 3.942864e-01 1.596777e+00 1.147807e+00 2.717136e+00 2.125373e+00 2.311480e+00 2.955451e+00 2.370418e+00 2.652137e+00 2.755718e+00 2.518229e+00 1.979836e+00 1.546436e-03
<GCONST> 8.817354e+01
<MIXTURE> 53 6.367945e-03
<MEAN> 25
 9.613813e+00 1.641912e+00 -5.924995e+00 -1.345586e+01 -3.307166e+00 9.213755e+00 -3.616885e+00 -3.006136e+00 -3.198102e+00 -2.002174e+00 3.714753e+00 9.733492e-01 -3.910673e-01 -4.283204e-01 -4.124486e-03 1.159553e+00 1.364679e+00 -5.361994e-01 -5.859116e-01 -6.526586e-01 -5.175980e-03 1.185583e+00 3.986941e-01 -5.469491e-01 -1.376199e-02
<VARIANCE> 25
 9.006927e+00 1.886218e+01 2.191121e+01 3.592097e+01 4.276853e+01 3.147600e+01 4.291766e+01 4.187780e+01 4.391257e+01 4.542888e+01 3.468987e+01 2.558912e+01 3.942864e-01 1.596777e+00 1.147807e+00 2.717136e+00 2.125373e+00 2.311480e+00 2.955451e+00 2.370418e+00 2.652137e+00 2.755718e+00 2.518229e+00 1.979836e+00 1.546436e-03
<GCONST> 8.817354e+01
<MIXTURE> 54 7.368620e-03
<MEAN> 25
 -3.633801e+00 4.931954e-02 -6.831419e-01 8.036570e+00 6.484003e+00 4.625407e+00 4.675332e+00 4.601055e+00 4.053099e+00 3.593801e+00 4.457477e+00 2.326298e+00 -2.133210e-03 2.653849e-02 3.415401e-02 4.748240e-02 5.136495e-02 4.707923e-02 3.888674e-02 2.892036e-02 3.080963e-02 2.506088e-02 1.452187e-02 1.778039e-03 -1.219590e-05
<VARIANCE> 25
 9.137465e+00 1.036359e+01 9.295803e+00 1.818508e+01 1.332127e+01 1.353345e+01 1.197145e+01 1.128198e+01 1.134292e+01 1.354989e+01 1.780268e+01 1.253449e+01 4.087522e-02 8.734614e-02 1.540843e-01 2.265825e-01 3.079380e-01 3.969485e-01 4.608482e-01 5.215847e-01 5.420835e-01 5.211474e-01 5.144392e-01 5.164422e-01 1.000000e-06
<GCONST> 4.724841e+01
<MIXTURE> 55 7.368620e-03
<MEAN> 25
 -3.633801e+00 4.931954e-02 -6.831419e-01 8.036570e+00 6.484003e+00 4.625407e+00 4.675332e+00 4.601055e+00 4.053099e+00 3.593801e+00 4.457477e+00 2.326298e+00 -2.133210e-03 2.653849e-02 3.415401e-02 4.748240e-02 5.136495e-02 4.707923e-02 3.888674e-02 2.892036e-02 3.080963e-02 2.506088e-02 1.452187e-02 1.778039e-03 -1.219590e-05
<VARIANCE> 25
 9.137465e+00 1.036359e+01 9.295803e+00 1.818508e+01 1.332127e+01 1.353345e+01 1.197145e+01 1.128198e+01 1.134292e+01 1.354989e+01 1.780268e+01 1.253449e+01 4.087522e-02 8.734614e-02 1.540843e-01 2.265825e-01 3.079380e-01 3.969485e-01 4.608482e-01 5.215847e-01 5.420835e-01 5.211474e-01 5.144392e-01 5.164422e-01 1.000000e-06
<GCONST> 4.724841e+01
<MIXTURE> 56 6.132464e-03
<MEAN> 25
 7.321386e+00 -6.263427e+00 -8.618116e+00 -8.292990e+00 4.059537e+00 4.123374e+00 -2.665215e+00 -1.508931e+00 2.329702e+00 7.100279e-01 -2.155963e+00 -6.750986e+00 -4.868891e-02 -7.701008e-03 -6.895791e-02 2.987860e-02 2.391318e-01 -7.943177e-03 1.234239e-01 -8.074711e-02 -6.352935e-02 2.709878e-02 -5.232798e-02 9.479018e-02 -5.902436e-03
<VARIANCE> 25
 9.121560e+00 2.329505e+01 2.022705e+01 4.155677e+01 3.031290e+01 4.669421e+01 6.124483e+01 3.383074e+01 3.793388e+01 3.601175e+01 3.705727e+01 2.939715e+01 2.242618e-01 4.363435e-01 4.235275e-01 8.210916e-01 7.422969e-01 1.112877e+00 8.911824e-01 8.601478e-01 8.739046e-01 9.743237e-01 1.018273e+00 8.631328e-01 2.615882e-04
<GCONST> 7.476833e+01
<MIXTURE> 57 6.132464e-03
<MEAN> 25
 7.321386e+00 -6.263427e+00 -8.618116e+00 -8.292990e+00 4.059537e+00 4.123374e+00 -2.665215e+00 -1.508931e+00 2.329702e+00 7.100279e-01 -2.155963e+00 -6.750986e+00 -4.868891e-02 -7.701008e-03 -6.895791e-02 2.987860e-02 2.391318e-01 -7.943177e-03 1.234239e-01 -8.074711e-02 -6.352935e-02 2.709878e-02 -5.232798e-02 9.479018e-02 -5.902436e-03
<VARIANCE> 25
 9.121560e+00 2.329505e+01 2.022705e+01 4.155677e+01 3.031290e+01 4.669421e+01 6.124483e+01 3.383074e+01 3.793388e+01 3.601175e+01 3.705727e+01 2.939715e+01 2.242618e-01 4.363435e-01 4.235275e-01 8.210916e-01 7.422969e-01 1.112877e+00 8.911824e-01 8.601478e-01 8.739046e-01 9.743237e-01 1.018273e+00 8.631328e-01 2.615882e-04
<GCONST> 7.476833e+01
<MIXTURE> 58 6.172147e-03
<MEAN> 25
 2.138410e+00 -3.615587e+00 7.688695e+00 -4.598901e+00 -1.355310e+01 -5.258285e+00 2.166842e+00 1.805203e+00 -2.910029e+00 1.969631e+00 5.413716e-01 -9.549087e-01 -2.155893e-02 -2.072491e-01 -9.995679e-02 -2.105023e-01 -1.483925e-01 5.159258e-01 4.355198e-01 2.147351e-01 -7.473511e-02 1.633385e-01 -1.194119e-01 -7.444985e-02 1.028741e-03
<VARIANCE> 25
 7.301934e+00 1.464967e+01 1.799828e+01 2.521925e+01 2.605488e+01 4.177309e+01 3.020241e+01 4.415043e+01 2.868564e+01 2.806849e+01 1.951595e+01 1.785612e+01 2.885715e-01 7.324004e-01 6.476546e-01 8.833485e-01 1.073602e+00 1.483861e+00 1.070854e+00 1.497595e+00 1.038105e+00 1.041811e+00 8.429091e-01 7.828877e-01 7.563523e-04
<GCONST> 7.477099e+01
<MIXTURE> 59 6.172147e-03
<MEAN> 25
 2.138410e+00 -3.615587e+00 7.688695e+00 -4.598901e+00 -1.355310e+01 -5.258285e+00 2.166842e+00 1.805203e+00 -2.910029e+00 1.969631e+00 5.413716e-01 -9.549087e-01 -2.155893e-02 -2.072491e-01 -9.995679e-02 -2.105023e-01 -1.483925e-01 5.159258e-01 4.355198e-01 2.147351e-01 -7.473511e-02 1.633385e-01 -1.194119e-01 -7.444985e-02 1.028741e-03
<VARIANCE> 25
 7.301934e+00 1.464967e+01 1.799828e+01 2.521925e+01 2.605488e+01 4.177309e+01 3.020241e+01 4.415043e+01 2.868564e+01 2.806849e+01 1.951595e+01 1.785612e+01 2.885715e-01 7.324004e-01 6.476546e-01 8.833485e-01 1.073602e+00 1.483861e+00 1.070854e+00 1.497595e+00 1.038105e+00 1.041811e+00 8.429091e-01 7.828877e-01 7.563523e-04
<GCONST> 7.477099e+01
<MIXTURE> 60 4.479129e-03
<MEAN> 25
 -4.258399e+00 -6.665520e-01 -1.085856e+00 3.694827e+00 1.734113e+00 2.121821e+00 1.632954e+00 1.529121e+00 2.159310e+00 1.264782e+00 2.384110e+00 1.910859e+00 -2.885546e-02 5.612024e-02 1.009740e-01 1.298159e-01 1.294977e-01 1.280761e-01 1.792335e-01 3.225275e-01 5.442087e-01 6.654268e-01 5.560922e-01 3.046141e-01 -3.895261e-04
<VARIANCE> 25
 6.985130e+00 4.525557e+00 1.027342e+01 1.130832e+01 1.357858e+01 1.700366e+01 1.402132e+01 1.185683e+01 1.271857e+01 1.318874e+01 1.593548e+01 1.232695e+01 8.707867e-02 1.684415e-01 2.792305e-01 4.318426e-01 5.861368e-01 7.299168e-01 8.280644e-01 8.983794e-01 9.035895e-01 8.362177e-01 8.386431e-01 8.646611e-01 2.294319e-05
<GCONST> 5.634721e+01
<MIXTURE> 61 4.479129e-03
<MEAN> 25
 -4.258399e+00 -6.665520e-01 -1.085856e+00 3.694827e+00 1.734113e+00 2.121821e+00 1.632954e+00 1.529121e+00 2.159310e+00 1.264782e+00 2.384110e+00 1.910859e+00 -2.885546e-02 5.612024e-02 1.009740e-01 1.298159e-01 1.294977e-01 1.280761e-01 1.792335e-01 3.225275e-01 5.442087e-01 6.654268e-01 5.560922e-01 3.046141e-01 -3.895261e-04
<VARIANCE> 25
 6.985130e+00 4.525557e+00 1.027342e+01 1.130832e+01 1.357858e+01 1.700366e+01 1.402132e+01 1.185683e+01 1.271857e+01 1.318874e+01 1.593548e+01 1.232695e+01 8.707867e-02 1.684415e-01 2.792305e-01 4.318426e-01 5.861368e-01 7.299168e-01 8.280644e-01 8.983794e-01 9.035895e-01 8.362177e-01 8.386431e-01 8.646611e-01 2.294319e-05
<GCONST> 5.634721e+01
<MIXTURE> 62 3.278034e-03
<MEAN> 25
 -5.174310e+00 1.331820e+00 9.240758e-01 8.810352e+00 6.084104e+00 4.946032e+00 5.493527e+00 3.939360e+00 4.963296e+00 3.875743e+00 4.970009e+00 2.944240e+00 -9.989654e-01 -1.172859e+00 -9.577585e-01 -2.760472e-01 4.207598e-01 1.001426e+00 1.367125e+00 1.558765e+00 1.472795e+00 1.226326e+00 1.047477e+00 6.818009e-01 -1.288209e-03
<VARIANCE> 25
 1.022257e+01 1.039662e+01 1.366644e+01 1.650628e+01 1.732640e+01 1.805054e+01 1.943059e+01 1.947419e+01 1.863507e+01 1.859217e+01 2.126348e+01 1.459421e+01 3.974892e-01 4.287065e-01 5.478924e-01 7.685914e-01 1.023954e+00 1.176677e+00 1.256626e+00 1.264282e+00 1.313728e+00 1.365599e+00 1.407731e+00 1.489986e+00 1.613493e-05
<GCONST> 6.760397e+01
<MIXTURE> 63 4.351215e-03
<MEAN> 25
 -4.213014e+00 -2.437951e+00 -4.744425e+00 2.866126e+00 3.402898e+00 -2.939228e-01 2.844557e+00 1.469276e+00 2.381482e+00 -8.556778e-01 -1.122159e+00 2.515275e+00 -1.005192e-01 3.337217e-01 4.160556e-01 5.055904e-01 3.896340e-01 4.187525e-01 3.996607e-01 1.573147e-01 1.484999e-01 2.526244e-01 2.330948e-01 1.337189e-01 -4.489159e-03
<VARIANCE> 25
 9.073114e+00 1.475851e+01 1.658201e+01 1.624394e+01 1.807637e+01 2.693318e+01 2.298489e+01 2.444275e+01 2.497292e+01 2.185062e+01 1.998884e+01 1.675650e+01 2.712302e-01 4.502429e-01 6.216532e-01 7.055309e-01 9.111940e-01 1.143604e+00 1.256361e+00 1.364087e+00 1.373571e+00 1.407538e+00 1.339341e+00 1.254611e+00 1.808720e-04
<GCONST> 7.128870e+01
<MIXTURE> 64 4.351215e-03
<MEAN> 25
 -4.213014e+00 -2.437951e+00 -4.744425e+00 2.866126e+00 3.402898e+00 -2.939228e-01 2.844557e+00 1.469276e+00 2.381482e+00 -8.556778e-01 -1.122159e+00 2.515275e+00 -1.005192e-01 3.337217e-01 4.160556e-01 5.055904e-01 3.896340e-01 4.187525e-01 3.996607e-01 1.573147e-01 1.484999e-01 2.526244e-01 2.330948e-01 1.337189e-01 -4.489159e-03
<VARIANCE> 25
 9.073114e+00 1.475851e+01 1.658201e+01 1.624394e+01 1.807637e+01 2.693318e+01 2.298489e+01 2.444275e+01 2.497292e+01 2.185062e+01 1.998884e+01 1.675650e+01 2.712302e-01 4.502429e-01 6.216532e-01 7.055309e-01 9.111940e-01 1.143604e+00 1.256361e+00 1.364087e+00 1.373571e+00 1.407538e+00 1.339341e+00 1.254611e+00 1.808720e-04
<GCONST> 7.128870e+01
<MIXTURE> 65 1.721197e-02
<MEAN> 25
 7.584248e+00 2.430544e+00 4.479182e-01 1.921599e+00 -5.067095e+00 -2.891661e+00 -2.991177e+00 -7.435735e+00 -3.015962e+00 -3.245414e+00 -5.132406e+00 -1.627295e+00 1.336542e-01 2.370227e-01 -8.101905e-02 8.112985e-02 -2.408689e-01 -3.175930e-02 4.983589e-02 -9.496534e-02 2.348853e-01 -2.301544e-01 -2.098779e-01 6.513085e-02 -5.318187e-03
<VARIANCE> 25
 9.954926e+00 1.676031e+01 2.741459e+01 3.836560e+01 3.548022e+01 5.813957e+01 7.958152e+01 5.539558e+01 4.831563e+01 5.451321e+01 4.885910e+01 4.196567e+01 5.325006e-01 9.687800e-01 1.437528e+00 2.314056e+00 1.703153e+00 2.188599e+00 2.458809e+00 2.875911e+00 2.629987e+00 2.667479e+00 2.196153e+00 2.024676e+00 3.961050e-04
<GCONST> 8.896555e+01
<MIXTURE> 66 1.191532e-02
<MEAN> 25
 5.655930e+00 -4.067605e+00 -5.171413e+00 -3.627024e+00 2.425240e+00 -3.135383e+00 -6.899932e+00 2.286799e+00 2.279822e+00 -2.244368e+00 -5.172089e+00 -2.920268e+00 7.062124e-02 1.668079e+00 1.849061e+00 2.802059e+00 -1.179893e+00 -1.081561e+00 2.397818e-01 -7.138342e-01 -5.596963e-01 -3.290565e-01 -3.206776e-01 1.189921e+00 -6.214493e-02
<VARIANCE> 25
 1.020251e+01 1.925054e+01 2.228365e+01 3.719862e+01 3.409614e+01 5.334324e+01 4.389442e+01 4.697760e+01 5.125613e+01 5.285354e+01 3.251797e+01 3.427278e+01 1.216034e+00 1.927646e+00 2.230993e+00 2.839230e+00 3.505008e+00 3.667859e+00 3.971642e+00 3.988305e+00 3.875261e+00 4.025955e+00 3.189384e+00 2.809712e+00 1.150469e-03
<GCONST> 9.419203e+01
<MIXTURE> 67 1.559142e-02
<MEAN> 25
 8.390906e+00 2.015698e+00 -5.560786e+00 -7.609904e+00 1.689870e+00 3.843490e+00 -4.073816e+00 -2.436589e+00 -3.121235e+00 7.526394e-01 4.169103e-01 -1.392855e+00 -1.040406e+00 1.825062e+00 8.738708e-01 2.954328e+00 1.298555e+00 -8.321468e-01 1.431919e+00 5.584639e-02 -1.550044e-01 2.169680e-01 -3.294677e-01 5.263126e-01 -1.172827e-01
<VARIANCE> 25
 1.151303e+01 3.343420e+01 2.691458e+01 5.309009e+01 4.439257e+01 4.988612e+01 5.630908e+01 4.507699e+01 5.800023e+01 5.154443e+01 4.773046e+01 4.141591e+01 1.921893e+00 2.932209e+00 3.203621e+00 3.936732e+00 3.905056e+00 4.509809e+00 4.093979e+00 4.313210e+00 5.687712e+00 4.469517e+00 4.593613e+00 3.314388e+00 3.198462e-03
<GCONST> 1.005157e+02
<MIXTURE> 68 1.485092e-02
<MEAN> 25
 -2.083916e+00 -2.247568e+00 -4.011487e+00 1.132992e+00 5.381912e+00 -6.304645e-01 2.182656e+00 1.812065e+00 2.179133e+00 1.637138e+00 2.606396e-01 1.760758e+00 2.749285e+00 4.980454e-01 2.533732e-02 -2.570617e+00 -2.314197e+00 -1.431217e+00 -2.327883e+00 -1.705182e+00 -1.522642e+00 -1.421160e+00 -1.898208e+00 -1.056835e+00 1.012259e-01
<VARIANCE> 25
 2.556967e+01 3.076249e+01 5.791032e+01 5.214505e+01 4.725060e+01 5.324866e+01 4.561016e+01 4.102291e+01 4.143361e+01 4.252226e+01 3.710893e+01 2.507542e+01 1.807412e+00 3.638072e+00 5.719600e+00 5.684494e+00 4.781601e+00 6.084674e+00 5.622114e+00 4.978493e+00 5.155480e+00 5.157818e+00 5.033815e+00 3.308935e+00 6.012175e-03
<GCONST> 1.033489e+02
<MIXTURE> 69 1.204884e-02
<MEAN> 25
 4.560056e+00 -4.326147e+00 -3.026329e+00 -3.588428e+00 -3.389733e+00 -7.554775e+00 -1.371359e+00 2.460169e+00 4.059408e-02 -4.620556e+00 -5.630504e+00 6.416186e-01 1.771724e+00 -2.190782e+00 -1.228859e+00 -2.296565e+00 -4.113214e-01 -2.268721e-01 -9.228784e-01 6.555376e-01 -3.314195e-01 -1.473004e+00 -1.970582e+00 -2.399241e-01 6.091139e-02
<VARIANCE> 25
 8.518955e+00 2.126868e+01 2.906560e+01 2.468615e+01 4.148919e+01 3.469144e+01 4.703085e+01 3.108196e+01 3.935390e+01 3.606534e+01 2.908916e+01 2.432795e+01 3.644449e+00 2.738807e+00 3.237249e+00 3.480289e+00 5.531819e+00 4.946953e+00 9.567641e+00 5.690285e+00 6.787059e+00 5.591263e+00 4.716864e+00 3.550599e+00 2.312888e-03
<GCONST> 9.851576e+01
<MIXTURE> 70 1.329190e-02
<MEAN> 25
 6.415311e+00 -1.861936e+00 -3.452404e+00 -3.600600e+00 1.039879e+00 4.470986e-01 -7.456494e+00 -3.647384e+00 1.386813e+00 2.657762e+00 -4.289340e-01 -4.229991e+00 1.887631e+00 -1.098616e+00 -8.222350e-01 -2.195363e+00 -1.344000e+00 1.439169e+00 -1.597373e+00 -1.526713e-01 9.367138e-01 -1.219063e-01 8.095872e-01 -1.348708e+00 5.241589e-02
<VARIANCE> 25
 1.239771e+01 2.002545e+01 2.530645e+01 4.227416e+01 3.693110e+01 4.182999e+01 4.124877e+01 3.907586e+01 4.041417e+01 2.811057e+01 3.790843e+01 2.382534e+01 3.224100e+00 2.710121e+00 3.867809e+00 4.152442e+00 4.345863e+00 6.294127e+00 6.700071e+00 6.478658e+00 6.463207e+00 4.652822e+00 4.790969e+00 3.657248e+00 2.368342e-03
<GCONST> 9.925071e+01
<MIXTURE> 71 1.406903e-02
<MEAN> 25
 5.323977e+00 5.242689e+00 2.116545e+00 3.200878e+00 -3.209092e+00 -2.948488e+00 -1.762976e+00 -6.489049e+00 -4.223898e+00 -2.987695e+00 -5.176716e+00 -1.990902e+00 -1.667727e+00 -1.073844e+00 2.184247e-01 -1.618248e+00 1.076061e+00 -5.392725e-01 -1.349278e-01 1.933005e+00 2.095683e-01 -1.176974e-01 1.059704e-01 6.433019e-01 4.314253e-02
<VARIANCE> 25
 1.705283e+01 2.012581e+01 2.785067e+01 3.570726e+01 4.141632e+01 3.675729e+01 4.197259e+01 3.523156e+01 3.145359e+01 4.246597e+01 3.542889e+01 2.999749e+01 1.597994e+00 2.805712e+00 4.931914e+00 4.281378e+00 3.787456e+00 4.199614e+00 4.052479e+00 4.685225e+00 3.897431e+00 4.292114e+00 3.956065e+00 3.469278e+00 1.355047e-03
<GCONST> 9.657350e+01
<MIXTURE> 72 8.134747e-03
<MEAN> 25
 3.007598e+00 -4.235301e+00 6.920608e+00 -1.348847e+00 -1.077070e+01 -8.024022e+00 -2.199619e+00 2.528919e+00 -5.603674e+00 -1.105087e+00 -5.646633e-01 3.598038e-01 1.142947e+00 -7.485226e-01 -2.923316e+00 4.281721e-01 2.351393e+00 -3.098187e-01 -1.534882e+00 1.235152e+00 1.794250e+00 -2.374698e-01 -1.207454e+00 1.283775e-01 -1.458092e-02
<VARIANCE> 25
 1.160572e+01 1.595863e+01 3.157940e+01 3.222321e+01 2.672764e+01 3.666289e+01 3.356240e+01 3.630065e+01 3.551105e+01 3.417870e+01 3.497594e+01 3.069322e+01 4.389948e-01 9.424427e-01 2.323040e+00 1.261997e+00 2.022754e+00 2.186737e+00 3.040406e+00 2.576989e+00 2.146135e+00 2.885628e+00 2.019738e+00 1.986327e+00 6.268450e-04
<GCONST> 8.574284e+01
<MIXTURE> 73 1.213625e-02
<MEAN> 25
 -5.581558e+00 -7.605535e-01 -1.325095e+00 4.947915e+00 4.257184e+00 2.314637e+00 5.525910e+00 3.358689e+00 4.387509e+00 3.378363e+00 4.133373e+00 3.006185e+00 8.051364e-01 -1.016696e+00 -8.738009e-01 -2.627368e+00 -1.262859e+00 -1.691255e+00 -8.852180e-01 -4.762667e-01 -8.973586e-01 -7.004926e-01 -1.072067e+00 -2.735897e-01 1.524986e-01
<VARIANCE> 25
 1.319483e+01 1.332276e+01 1.556221e+01 2.258313e+01 2.382308e+01 2.471599e+01 2.072341e+01 2.024166e+01 1.811729e+01 1.935263e+01 2.322059e+01 1.532757e+01 4.041564e+00 3.036560e+00 6.132293e+00 4.644318e+00 6.183196e+00 4.745058e+00 4.316395e+00 4.204961e+00 3.917452e+00 4.148284e+00 3.547585e+00 2.651009e+00 4.451082e-03
<GCONST> 9.287869e+01
<MIXTURE> 74 1.756491e-02
<MEAN> 25
 4.230824e+00 -2.212352e+00 5.039810e+00 -1.065657e+00 -7.806480e+00 -6.342422e+00 -1.770709e+00 1.640749e+00 -3.718112e+00 -2.235752e+00 -1.658996e+00 1.346404e-01 2.928166e-01 1.964318e+00 -4.127330e-01 1.658335e+00 1.525949e+00 4.188193e-01 1.811022e-01 -1.353264e+00 1.705901e-01 -1.273439e-01 -2.462336e-01 -1.483186e-01 -7.396059e-02
<VARIANCE> 25
 1.105618e+01 2.095434e+01 3.320479e+01 3.278160e+01 4.094846e+01 4.880551e+01 4.941558e+01 6.884304e+01 4.620691e+01 4.103419e+01 4.037722e+01 4.004657e+01 2.338969e+00 1.861417e+00 5.362632e+00 2.328434e+00 3.890584e+00 3.334779e+00 5.089707e+00 3.492985e+00 4.026133e+00 4.211534e+00 3.378872e+00 2.826878e+00 1.518267e-03
<GCONST> 9.708672e+01
<MIXTURE> 75 9.711651e-03
<MEAN> 25
 1.483362e+00 -1.140078e+00 1.157464e+01 1.420059e+00 -1.115000e+01 -6.500534e+00 -2.729800e+00 -7.099310e-01 -5.163598e+00 -3.330212e+00 3.108865e+00 -6.365028e-01 1.744478e+00 -1.656422e+00 2.980804e-01 -4.145359e-01 -2.502779e+00 -4.035785e-01 -1.530330e+00 7.650191e-01 -4.020045e-01 -2.612315e-01 1.010003e+00 -7.154993e-01 4.814252e-02
<VARIANCE> 25
 1.130924e+01 1.449179e+01 2.411147e+01 2.131818e+01 2.458984e+01 2.995564e+01 3.023518e+01 2.560599e+01 2.599473e+01 3.059857e+01 1.797776e+01 1.823179e+01 2.059651e+00 1.467069e+00 3.847004e+00 2.093093e+00 3.701133e+00 3.337891e+00 3.768559e+00 3.244872e+00 3.143350e+00 2.756583e+00 2.341005e+00 2.269896e+00 1.584086e-03
<GCONST> 8.860474e+01
<MIXTURE> 76 1.052359e-02
<MEAN> 25
 -7.427522e+00 -2.313345e-01 -3.503063e+00 4.085953e+00 3.937138e+00 -1.151372e-01 4.406410e+00 1.743115e+00 2.270573e+00 3.904212e-01 1.606596e+00 2.667111e+00 -1.736788e-01 -6.817285e-01 -1.402971e-01 -8.089164e-01 -5.038858e-01 -7.948503e-01 -4.692119e-01 -1.599361e-01 -4.154317e-01 -3.511819e-01 -3.613160e-01 -4.306127e-01 2.167851e-02
<VARIANCE> 25
 3.985297e+01 2.835448e+01 2.671005e+01 2.651684e+01 2.634953e+01 3.838837e+01 3.002269e+01 2.271550e+01 2.237572e+01 2.283204e+01 2.506597e+01 1.875355e+01 1.033007e+00 1.077229e+00 1.364792e+00 1.541790e+00 1.216396e+00 1.936462e+00 1.624565e+00 1.612284e+00 1.531329e+00 1.416656e+00 1.349329e+00 1.581208e+00 1.158321e-03
<GCONST> 8.281488e+01
<MIXTURE> 77 1.244626e-02
<MEAN> 25
 -4.881077e-01 8.539365e+00 1.247877e+01 -1.155571e+01 -7.014210e+00 9.271774e-01 -9.245966e+00 -7.204183e+00 -3.402234e+00 -2.065560e-01 -4.597888e+00 -1.490923e+00 6.643242e-02 1.339666e-01 7.212965e-02 2.472413e-01 -3.109628e-02 7.892858e-02 -6.493506e-02 -5.671999e-02 8.215860e-02 -3.957234e-02 2.368087e-02 1.208291e-01 -9.735463e-03
<VARIANCE> 25
 1.047518e+01 2.033919e+01 2.744496e+01 4.205696e+01 3.307743e+01 3.379691e+01 3.670641e+01 3.181048e+01 3.516227e+01 3.305923e+01 3.793343e+01 3.475339e+01 2.983974e-01 7.776438e-01 6.429319e-01 1.085472e+00 1.245536e+00 9.806138e-01 1.218771e+00 1.072887e+00 1.037775e+00 1.064759e+00 9.668629e-01 9.214583e-01 5.432652e-04
<GCONST> 7.779813e+01
<MIXTURE> 78 9.702551e-03
<MEAN> 25
 -1.071395e+01 2.164857e+00 -2.969915e+00 2.834906e+00 4.696304e+00 -5.334295e+00 4.216228e+00 1.945055e+00 1.361874e+00 1.404681e+00 2.814012e-01 2.721182e+00 1.568460e+00 -5.261499e-01 2.489919e-02 5.340153e-01 1.885262e-01 4.122402e-01 -1.580045e-01 -3.071528e-02 4.028391e-01 -2.300600e-01 -3.909068e-01 -7.098504e-01 -3.844038e-02
<VARIANCE> 25
 2.780816e+01 3.024901e+01 2.908056e+01 2.260744e+01 2.909057e+01 3.931961e+01 4.029968e+01 2.519010e+01 2.627544e+01 2.378178e+01 2.190257e+01 2.050459e+01 4.161019e+00 2.498436e+00 2.383557e+00 2.933412e+00 2.565520e+00 4.377989e+00 2.356198e+00 3.223853e+00 2.418502e+00 2.281000e+00 1.793108e+00 2.342893e+00 3.851015e-03
<GCONST> 9.199604e+01
<MIXTURE> 79 1.156824e-02
<MEAN> 25
 2.273675e+00 9.626464e-01 9.059237e+00 -5.421494e+00 -1.170392e+01 -3.632862e-01 -4.272731e-01 -6.385176e+00 -7.345010e+00 1.153129e+00 -3.300445e+00 -3.549558e+00 1.324381e+00 -3.957317e-01 -1.835131e+00 2.275574e+00 8.859414e-01 -1.283379e+00 4.321121e-01 5.250260e-01 -1.069399e-01 -7.966485e-01 2.852204e-01 2.024180e-01 -3.925723e-02
<VARIANCE> 25
 1.335711e+01 2.086975e+01 3.654390e+01 4.574105e+01 3.209341e+01 4.508918e+01 4.390032e+01 3.241768e+01 3.614034e+01 3.860395e+01 4.111078e+01 2.619870e+01 8.165249e-01 2.227745e+00 2.382025e+00 2.075445e+00 3.424327e+00 2.615979e+00 2.597047e+00 3.739357e+00 2.976399e+00 3.717956e+00 2.204960e+00 2.016220e+00 1.291004e-03
<GCONST> 9.166518e+01
<MIXTURE> 80 7.550998e-03
<MEAN> 25
 -1.459624e+01 3.985450e+00 7.026062e-01 2.858882e+00 2.444175e+00 1.380210e+00 6.437578e+00 2.492898e+00 2.678027e+00 2.372363e+00 4.834669e+00 1.195465e+00 4.279834e+00 -1.125914e-02 1.650401e+00 -1.124937e+00 -2.881067e+00 -2.764640e+00 -2.316123e+00 -2.009447e+00 -1.970678e+00 -1.681315e+00 -1.639956e+00 -6.089504e-01 -4.383257e-02
<VARIANCE> 25
 2.090073e+01 1.975274e+01 3.442688e+01 3.452514e+01 3.002799e+01 2.923650e+01 2.838557e+01 2.842672e+01 2.687753e+01 2.865649e+01 2.676751e+01 1.809661e+01 2.356789e+00 2.657495e+00 2.705305e+00 4.118773e+00 3.386600e+00 2.716552e+00 3.027816e+00 3.214253e+00 2.735736e+00 2.690405e+00 2.787579e+00 2.140420e+00 1.533294e-03
<GCONST> 9.139288e+01
<MIXTURE> 81 8.025434e-03
<MEAN> 25
 -1.118638e+00 4.064624e+00 1.018076e+01 -1.479563e+01 -9.083957e+00 -1.421118e+00 -6.761049e+00 -8.423551e+00 -4.153203e+00 -4.159735e-01 -7.570546e+00 -2.246651e+00 1.341222e-01 -5.872248e-01 -3.221479e-03 -5.565000e-01 -4.637618e-01 3.351512e-01 3.197941e-01 1.366183e-01 -1.413212e-01 1.064726e-01 -4.697897e-01 -1.252808e-01 1.150450e-02
<VARIANCE> 25
 1.015050e+01 3.280571e+01 2.646703e+01 2.938292e+01 3.370917e+01 3.052443e+01 4.550369e+01 2.826554e+01 3.797866e+01 3.187521e+01 2.533496e+01 3.103718e+01 7.721103e-01 2.276937e+00 1.546024e+00 2.871621e+00 2.663875e+00 2.126691e+00 3.278950e+00 2.288405e+00 2.356694e+00 2.540514e+00 2.298183e+00 2.080136e+00 1.183301e-03
<GCONST> 8.869256e+01
<MIXTURE> 82 8.213053e-03
<MEAN> 25
 -9.881895e+00 -3.876187e+00 1.750652e+00 -2.817850e+00 2.992739e+00 5.767756e-01 2.175507e+00 8.673882e-01 2.838641e+00 1.758416e+00 1.479225e+00 3.082988e+00 -1.251827e+00 -1.748634e-01 3.233397e-01 -2.535325e+00 -1.072451e+00 -1.246576e+00 -1.029846e+00 -7.809160e-01 -3.228911e-01 -4.293588e-01 -2.962104e-01 -1.271154e-01 1.752993e-01
<VARIANCE> 25
 1.781880e+01 2.440889e+01 3.262647e+01 3.088049e+01 3.364570e+01 3.198703e+01 3.550783e+01 3.237074e+01 3.078609e+01 2.560268e+01 3.211324e+01 1.774765e+01 3.868355e+00 3.025979e+00 3.250438e+00 3.327670e+00 3.612701e+00 3.202921e+00 2.930260e+00 3.143803e+00 2.733777e+00 2.537036e+00 2.473889e+00 1.843746e+00 3.575837e-03
<GCONST> 9.331175e+01
<MIXTURE> 83 1.167529e-02
<MEAN> 25
 -1.914959e+01 5.099740e+00 -2.494078e+00 2.649076e-01 7.138609e+00 -2.079503e+00 5.988498e+00 2.560107e+00 7.631860e-01 1.996131e+00 1.123293e+00 2.986321e+00 -3.450683e-02 -3.424852e-01 3.184713e-02 -4.340360e-01 -4.372589e-01 -1.308967e-01 -7.171536e-02 -1.946549e-01 -1.970917e-01 -2.564314e-02 -1.067758e-01 -1.648609e-01 3.481617e-03
<VARIANCE> 25
 1.121435e+01 1.627431e+01 2.615938e+01 2.199714e+01 2.039120e+01 2.378358e+01 2.109665e+01 2.246070e+01 1.917755e+01 1.960967e+01 2.086477e+01 1.402187e+01 9.631417e-01 9.630561e-01 1.410373e+00 1.514731e+00 1.159098e+00 1.199484e+00 1.161958e+00 1.509622e+00 1.318568e+00 1.344867e+00 1.237768e+00 1.226789e+00 8.079232e-04
<GCONST> 7.690716e+01
<MIXTURE> 84 1.066614e-02
<MEAN> 25
 1.193656e+00 9.016555e+00 7.198753e+00 7.984742e+00 2.805431e+00 -9.174161e-01 -1.487717e+00 -4.487675e+00 -4.093294e+00 -2.904473e+00 -2.411485e+00 -1.598680e+00 -1.787401e+00 -1.182252e+00 -1.195100e+00 1.279879e+00 2.246504e+00 1.496279e+00 1.436772e+00 1.291339e+00 1.161996e+00 4.059501e-01 4.102811e-01 4.294304e-01 -7.161475e-02
<VARIANCE> 25
 2.352524e+01 1.822690e+01 2.198009e+01 2.410508e+01 2.936446e+01 2.822216e+01 2.828248e+01 2.645314e+01 2.543884e+01 2.525799e+01 2.358517e+01 2.452798e+01 2.099791e+00 2.541616e+00 3.873570e+00 3.313316e+00 3.277619e+00 3.384156e+00 3.346526e+00 3.406510e+00 3.487865e+00 3.273390e+00 3.589834e+00 2.806961e+00 3.528577e-03
<GCONST> 9.260889e+01
<MIXTURE> 85 7.591393e-03
<MEAN> 25
 -3.105477e+00 7.837593e+00 5.824020e+00 1.322223e+00 -3.490780e+00 -5.345360e+00 -2.877948e+00 -6.087468e+00 -3.585705e+00 -3.184478e+00 -4.002708e-01 -1.896905e+00 3.926370e+00 3.006978e-01 1.773088e+00 -2.054826e+00 -3.393244e+00 -2.552849e+00 -2.905703e+00 -2.335533e+00 -2.238360e+00 -1.275667e+00 -2.246736e+00 -6.285591e-01 1.001077e-02
<VARIANCE> 25
 4.188877e+01 2.328353e+01 3.661238e+01 3.772445e+01 3.916800e+01 4.064994e+01 3.248574e+01 2.761083e+01 2.638167e+01 2.576908e+01 2.636273e+01 2.026215e+01 2.686176e+00 4.298068e+00 4.027352e+00 5.194677e+00 4.372161e+00 3.881488e+00 3.828463e+00 3.938695e+00 3.799472e+00 3.993274e+00 4.085089e+00 3.445405e+00 5.407073e-03
<GCONST> 9.821043e+01
<MIXTURE> 86 1.273941e-02
<MEAN> 25
 -4.975196e+00 -1.208721e+00 -7.959896e-01 6.336038e+00 5.017816e+00 4.674038e+00 5.318731e+00 4.572249e+00 4.660973e+00 3.915992e+00 5.338364e+00 2.701194e+00 -6.753583e-03 -8.720293e-03 -3.814956e-02 -6.560921e-02 -1.177577e-01 -1.849952e-01 -2.672590e-01 -3.320318e-01 -3.533290e-01 -3.193575e-01 -2.302391e-01 -1.064738e-01 -5.500083e-04
<VARIANCE> 25
 7.887949e+00 5.633366e+00 9.979733e+00 1.230376e+01 1.587448e+01 1.433571e+01 1.353832e+01 1.305231e+01 1.319319e+01 1.424078e+01 1.433122e+01 1.277798e+01 9.991980e-02 1.929706e-01 3.185019e-01 4.834533e-01 6.362129e-01 7.345992e-01 7.434183e-01 7.641780e-01 8.305458e-01 8.844353e-01 9.115865e-01 9.032078e-01 5.341769e-05
<GCONST> 5.811351e+01
<MIXTURE> 87 1.100681e-02
<MEAN> 25
 -3.090852e+00 4.349045e+00 3.060767e+00 6.311744e+00 5.146683e+00 4.025514e-01 1.563200e+00 -9.454219e-01 -6.010543e-01 -6.589122e-01 -1.250528e+00 3.243116e-01 -2.147216e+00 -2.774126e+00 -1.804160e+00 -2.133712e+00 4.949131e-02 -2.312631e-01 5.840896e-01 1.381293e+00 1.377533e+00 1.201659e+00 8.347728e-01 9.029833e-01 1.027105e-01
<VARIANCE> 25
 3.596523e+01 2.836147e+01 2.811278e+01 3.608131e+01 3.122535e+01 3.398737e+01 2.743661e+01 2.608768e+01 2.498000e+01 2.545259e+01 2.627004e+01 2.325482e+01 3.671238e+00 2.564233e+00 4.522436e+00 3.597568e+00 4.560132e+00 4.134479e+00 4.244476e+00 3.771933e+00 3.469414e+00 4.043380e+00 3.383276e+00 2.869078e+00 4.630673e-03
<GCONST> 9.648717e+01
<MIXTURE> 88 1.256585e-02
<MEAN> 25
 -4.094155e+00 -7.804121e-01 -1.615348e+00 5.660575e+00 4.891429e+00 3.399947e+00 4.398120e+00 3.035146e+00 3.663219e+00 2.222428e+00 2.710541e+00 2.678420e+00 2.472748e-02 1.635232e-01 3.327000e-01 3.578354e-01 1.376714e-01 2.195383e-01 5.594702e-02 -1.849434e-01 -2.684090e-01 -2.652631e-01 -6.534367e-02 2.604191e-02 -5.561069e-03
<VARIANCE> 25
 1.085551e+01 1.008961e+01 1.552188e+01 1.688120e+01 2.034410e+01 2.147895e+01 1.996956e+01 1.988662e+01 1.741165e+01 1.824142e+01 2.111630e+01 1.461357e+01 1.527999e+00 1.616376e+00 2.408441e+00 2.574788e+00 3.064021e+00 2.975639e+00 2.876377e+00 2.434419e+00 2.497213e+00 2.447869e+00 2.259485e+00 2.019832e+00 1.479864e-03
<GCONST> 8.346658e+01
<MIXTURE> 89 9.333527e-03
<MEAN> 25
 4.996389e+00 -6.920609e+00 -2.381198e+00 -4.086913e+00 8.659124e-02 -5.093508e+00 -6.392222e+00 7.050103e+00 4.726239e+00 -1.839745e+00 -6.387343e+00 -1.285623e+00 -5.346890e-01 5.664302e-02 1.706126e+00 1.179091e+00 -1.552782e+00 -1.613426e+00 1.243840e+00 1.502774e+00 -7.392626e-01 -1.277136e+00 -2.845875e-02 1.845770e+00 -3.989271e-03
<VARIANCE> 25
 9.021165e+00 2.190969e+01 2.575856e+01 3.774107e+01 3.232066e+01 3.230716e+01 4.617158e+01 5.560781e+01 3.183173e+01 3.495650e+01 2.717924e+01 3.393019e+01 2.837171e-01 8.243039e-01 1.253565e+00 1.550060e+00 1.614702e+00 1.925145e+00 2.430841e+00 2.208409e+00 1.854333e+00 1.594882e+00 2.462901e+00 1.533256e+00 4.750954e-04
<GCONST> 8.354297e+01
<MIXTURE> 90 7.114505e-03
<MEAN> 25
 2.451088e+00 -9.717873e+00 -4.756202e+00 -3.973290e+00 -3.382974e+00 -1.808329e+00 3.368687e+00 1.179608e+00 -7.529300e+00 -1.021692e+01 -3.430161e+00 -7.402147e-01 -1.637392e-01 9.088818e-01 1.168476e+00 -8.545402e-01 -1.612156e+00 -2.120813e-01 6.440277e-01 -2.091345e-01 -1.682299e-01 7.368872e-01 1.823321e-01 -5.493672e-01 -1.114325e-02
<VARIANCE> 25
 8.502781e+00 1.785482e+01 1.980610e+01 2.806158e+01 3.682412e+01 3.222711e+01 3.851958e+01 3.639962e+01 3.522832e+01 2.767939e+01 2.699159e+01 2.612871e+01 2.236708e-01 6.126484e-01 7.867047e-01 1.043628e+00 1.471084e+00 1.591477e+00 1.781863e+00 1.655297e+00 1.810642e+00 1.677803e+00 1.495706e+00 1.309299e+00 2.149888e-04
<GCONST> 7.814166e+01
<MIXTURE> 91 7.852945e-03
<MEAN> 25
 6.084511e+00 -6.833090e+00 -7.724872e+00 -5.089029e+00 4.228503e+00 1.064880e+00 -3.228575e+00 7.790940e-01 1.694259e+00 -2.489042e+00 -4.201447e+00 -5.187002e+00 2.148771e-01 1.020054e+00 1.295076e-01 6.862651e-01 -9.446922e-04 -4.450043e-01 -1.497998e-01 -2.246067e-01 -2.526094e-01 4.284064e-01 -1.466483e-01 2.044374e-01 -3.583196e-02
<VARIANCE> 25
 9.442361e+00 2.338088e+01 2.122263e+01 3.985099e+01 3.079648e+01 5.713923e+01 5.382424e+01 3.699239e+01 4.974206e+01 5.757147e+01 3.577285e+01 3.825582e+01 4.711267e-01 8.543776e-01 1.054463e+00 1.710912e+00 2.063542e+00 2.440331e+00 2.720324e+00 2.233292e+00 2.202039e+00 2.028162e+00 1.852878e+00 1.766285e+00 5.610727e-04
<GCONST> 8.663226e+01
<MIXTURE> 92 7.852945e-03
<MEAN> 25
 6.084511e+00 -6.833090e+00 -7.724872e+00 -5.089029e+00 4.228503e+00 1.064880e+00 -3.228575e+00 7.790940e-01 1.694259e+00 -2.489042e+00 -4.201447e+00 -5.187002e+00 2.148771e-01 1.020054e+00 1.295076e-01 6.862651e-01 -9.446922e-04 -4.450043e-01 -1.497998e-01 -2.246067e-01 -2.526094e-01 4.284064e-01 -1.466483e-01 2.044374e-01 -3.583196e-02
<VARIANCE> 25
 9.442361e+00 2.338088e+01 2.122263e+01 3.985099e+01 3.079648e+01 5.713923e+01 5.382424e+01 3.699239e+01 4.974206e+01 5.757147e+01 3.577285e+01 3.825582e+01 4.711267e-01 8.543776e-01 1.054463e+00 1.710912e+00 2.063542e+00 2.440331e+00 2.720324e+00 2.233292e+00 2.202039e+00 2.028162e+00 1.852878e+00 1.766285e+00 5.610727e-04
<GCONST> 8.663226e+01
<MIXTURE> 93 6.122769e-03
<MEAN> 25
 -6.825780e+00 -9.612191e-01 -2.402263e+00 5.798038e+00 5.908269e+00 3.922757e+00 6.123385e+00 3.608947e+00 4.119579e+00 2.509334e+00 1.818373e+00 3.705828e+00 -6.164173e-02 -1.543846e-01 -2.573735e-01 -3.317230e-01 -3.337521e-01 -2.844868e-01 -2.177767e-01 -1.742701e-01 -1.667335e-01 -1.506175e-01 -1.044208e-01 -3.553658e-02 -3.822499e-06
<VARIANCE> 25
 9.095771e+00 6.027732e+00 8.185064e+00 1.136905e+01 1.149247e+01 1.598289e+01 1.527738e+01 1.644409e+01 1.475763e+01 1.454148e+01 1.678704e+01 1.344934e+01 8.272631e-02 1.533735e-01 2.637327e-01 3.805915e-01 4.977576e-01 6.423444e-01 7.793705e-01 8.873019e-01 9.166194e-01 8.761600e-01 8.923459e-01 9.179378e-01 1.000002e-06
<GCONST> 5.360281e+01
<MIXTURE> 94 6.122769e-03
<MEAN> 25
 -6.825780e+00 -9.612191e-01 -2.402263e+00 5.798038e+00 5.908269e+00 3.922757e+00 6.123385e+00 3.608947e+00 4.119579e+00 2.509334e+00 1.818373e+00 3.705828e+00 -6.164173e-02 -1.543846e-01 -2.573735e-01 -3.317230e-01 -3.337521e-01 -2.844868e-01 -2.177767e-01 -1.742701e-01 -1.667335e-01 -1.506175e-01 -1.044208e-01 -3.553658e-02 -3.822499e-06
<VARIANCE> 25
 9.095771e+00 6.027732e+00 8.185064e+00 1.136905e+01 1.149247e+01 1.598289e+01 1.527738e+01 1.644409e+01 1.475763e+01 1.454148e+01 1.678704e+01 1.344934e+01 8.272631e-02 1.533735e-01 2.637327e-01 3.805915e-01 4.977576e-01 6.423444e-01 7.793705e-01 8.873019e-01 9.166194e-01 8.761600e-01 8.923459e-01 9.179378e-01 1.000002e-06
<GCONST> 5.360281e+01
<MIXTURE> 95 5.258835e-03
<MEAN> 25
 -5.830954e+00 -7.379388e-01 -1.990503e+00 4.896253e+00 4.223426e+00 2.807274e+00 4.173601e+00 1.661180e+00 2.225835e+00 8.721669e-01 1.197953e+00 2.594741e+00 1.455306e-01 1.468907e-01 8.557234e-02 -8.385302e-02 -3.783073e-01 -7.174742e-01 -1.055643e+00 -1.281420e+00 -1.263927e+00 -9.916141e-01 -6.499481e-01 -3.079101e-01 -1.422616e-04
<VARIANCE> 25
 1.025972e+01 6.486382e+00 1.223163e+01 1.278047e+01 1.397291e+01 1.833010e+01 1.790384e+01 1.689692e+01 1.541572e+01 1.542497e+01 1.997522e+01 1.434850e+01 2.094148e-01 2.930546e-01 4.542929e-01 6.308409e-01 8.001710e-01 8.963284e-01 9.120654e-01 9.245242e-01 9.704571e-01 1.076838e+00 1.159716e+00 1.114680e+00 4.195140e-05
<GCONST> 6.326245e+01
<MIXTURE> 96 7.034694e-03
<MEAN> 25
 -5.095834e+00 -4.546900e-01 -2.244164e+00 5.163490e+00 3.865633e+00 1.791924e+00 3.541889e+00 1.803815e+00 2.453014e+00 9.492193e-01 1.147124e+00 2.836632e+00 -2.968463e-02 8.782866e-02 2.134123e-01 4.056577e-01 5.388174e-01 4.999304e-01 2.461967e-01 -1.264673e-01 -4.635079e-01 -6.516196e-01 -6.086212e-01 -3.673521e-01 -1.587934e-05
<VARIANCE> 25
 1.102707e+01 9.725306e+00 1.288807e+01 1.428287e+01 1.502234e+01 1.952379e+01 1.807734e+01 1.930428e+01 1.800571e+01 1.661608e+01 1.976688e+01 1.453682e+01 1.204396e-01 2.181517e-01 3.167050e-01 3.979202e-01 4.946856e-01 6.606349e-01 8.673877e-01 9.964539e-01 9.567356e-01 8.642676e-01 8.867737e-01 9.407123e-01 1.000009e-06
<GCONST> 5.757371e+01
<MIXTURE> 97 7.034694e-03
<MEAN> 25
 -5.095834e+00 -4.546900e-01 -2.244164e+00 5.163490e+00 3.865633e+00 1.791924e+00 3.541889e+00 1.803815e+00 2.453014e+00 9.492193e-01 1.147124e+00 2.836632e+00 -2.968463e-02 8.782866e-02 2.134123e-01 4.056577e-01 5.388174e-01 4.999304e-01 2.461967e-01 -1.264673e-01 -4.635079e-01 -6.516196e-01 -6.086212e-01 -3.673521e-01 -1.587934e-05
<VARIANCE> 25
 1.102707e+01 9.725306e+00 1.288807e+01 1.428287e+01 1.502234e+01 1.952379e+01 1.807734e+01 1.930428e+01 1.800571e+01 1.661608e+01 1.976688e+01 1.453682e+01 1.204396e-01 2.181517e-01 3.167050e-01 3.979202e-01 4.946856e-01 6.606349e-01 8.673877e-01 9.964539e-01 9.567356e-01 8.642676e-01 8.867737e-01 9.407123e-01 1.000009e-06
<GCONST> 5.757371e+01
<MIXTURE> 98 9.917808e-03
<MEAN> 25
 -1.522383e+00 9.123126e-01 -2.490430e-01 4.535055e+00 3.415553e+00 2.345036e+00 3.307833e+00 1.498242e+00 1.670534e+00 1.107311e+00 3.113111e-01 1.066974e+00 -1.805025e+00 -1.496263e+00 -8.950981e-01 1.350049e-01 6.277820e-01 7.549717e-01 1.227736e+00 1.447930e+00 1.589864e+00 1.204855e+00 1.271889e+00 9.168532e-01 -3.124564e-02
<VARIANCE> 25
 1.516257e+01 2.083921e+01 3.055178e+01 3.313674e+01 4.454197e+01 3.737304e+01 3.308713e+01 2.840610e+01 2.702885e+01 3.024222e+01 2.978390e+01 2.305382e+01 1.326075e+00 1.508300e+00 2.512359e+00 2.515682e+00 2.842073e+00 2.883515e+00 3.000996e+00 2.712868e+00 2.728804e+00 3.127086e+00 2.732910e+00 2.155640e+00 2.860835e-03
<GCONST> 9.092197e+01
<MIXTURE> 99 6.696178e-03
<MEAN> 25
 -6.906431e+00 9.679348e+00 5.046869e+00 3.802177e+00 1.254005e+00 -5.805134e+00 -3.589697e-01 -3.926692e+00 -3.679853e+00 -3.493372e+00 -1.069921e+00 1.027320e+00 4.679842e-01 -6.870966e-01 3.495284e-01 -1.633126e-01 -1.088340e+00 -4.438060e-01 -3.653012e-01 -2.813587e-01 1.033610e-01 -5.663299e-02 1.881631e-01 2.358075e-01 4.733677e-03
<VARIANCE> 25
 3.288744e+01 2.346206e+01 5.923156e+01 2.858194e+01 3.308733e+01 3.234783e+01 3.616443e+01 2.596004e+01 2.498500e+01 2.667294e+01 2.040540e+01 2.812568e+01 2.049561e+00 1.675691e+00 1.268395e+00 1.905415e+00 2.362806e+00 2.295763e+00 1.448500e+00 1.594595e+00 1.860153e+00 1.526401e+00 1.212024e+00 1.327684e+00 1.720446e-03
<GCONST> 8.650287e+01
<MIXTURE> 100 4.498084e-03
<MEAN> 25
 -1.599185e+00 6.334125e+00 1.027979e+01 -7.450144e+00 -1.077924e+01 -5.073856e+00 -4.928245e+00 -9.957381e+00 -4.720963e+00 -8.481602e-01 -2.730047e+00 -2.710083e+00 2.917604e+00 -1.260529e+00 1.298012e+00 -2.184246e+00 -3.420459e+00 -7.843361e-01 -1.219964e+00 -8.174955e-01 -1.475111e+00 3.460760e-01 -1.651709e+00 -2.877550e-01 2.161119e-03
<VARIANCE> 25
 1.360607e+01 2.110770e+01 2.244093e+01 2.649177e+01 2.299928e+01 2.368936e+01 2.918386e+01 2.176256e+01 2.744540e+01 2.266611e+01 2.239849e+01 2.131296e+01 1.797094e+00 3.947721e+00 2.919164e+00 4.282121e+00 4.180364e+00 4.530673e+00 4.011860e+00 4.338994e+00 4.161765e+00 3.891949e+00 3.914556e+00 3.222248e+00 1.686804e-03
<GCONST> 9.256841e+01
<MIXTURE> 101 6.007792e-03
<MEAN> 25
 7.591293e+00 -3.773790e+00 -5.452254e+00 -6.960863e+00 9.468197e-01 -3.420446e-01 -1.139300e+01 -1.340080e+00 1.986620e+00 3.211667e+00 -2.029943e+00 -5.074940e+00 7.165818e-01 7.618058e-01 -1.534108e+00 -1.738542e+00 1.136204e+00 2.433411e+00 1.510015e-01 -1.536174e+00 -9.919843e-01 9.760062e-01 1.388563e+00 -5.156450e-01 -8.351350e-03
<VARIANCE> 25
 8.887724e+00 1.505445e+01 2.770574e+01 3.620018e+01 3.092376e+01 3.366607e+01 3.342493e+01 3.348907e+01 3.819461e+01 4.241510e+01 4.416662e+01 2.043164e+01 3.654830e-01 6.569948e-01 1.075340e+00 1.659892e+00 1.638868e+00 1.857757e+00 2.215482e+00 1.735591e+00 2.315409e+00 1.969687e+00 1.559953e+00 1.821427e+00 3.858357e-04
<GCONST> 8.223235e+01
<MIXTURE> 102 6.007792e-03
<MEAN> 25
 7.591293e+00 -3.773790e+00 -5.452254e+00 -6.960863e+00 9.468197e-01 -3.420446e-01 -1.139300e+01 -1.340080e+00 1.986620e+00 3.211667e+00 -2.029943e+00 -5.074940e+00 7.165818e-01 7.618058e-01 -1.534108e+00 -1.738542e+00 1.136204e+00 2.433411e+00 1.510015e-01 -1.536174e+00 -9.919843e-01 9.760062e-01 1.388563e+00 -5.156450e-01 -8.351350e-03
<VARIANCE> 25
 8.887724e+00 1.505445e+01 2.770574e+01 3.620018e+01 3.092376e+01 3.366607e+01 3.342493e+01 3.348907e+01 3.819461e+01 4.241510e+01 4.416662e+01 2.043164e+01 3.654830e-01 6.569948e-01 1.075340e+00 1.659892e+00 1.638868e+00 1.857757e+00 2.215482e+00 1.735591e+00 2.315409e+00 1.969687e+00 1.559953e+00 1.821427e+00 3.858357e-04
<GCONST> 8.223235e+01
<MIXTURE> 103 5.694618e-03
<MEAN> 25
 3.364447e+00 -9.470702e+00 -6.132151e+00 -3.091553e+00 -1.322356e+00 -1.967431e+00 2.433378e+00 2.514898e+00 -4.595823e+00 -9.249439e+00 -5.060888e+00 3.599861e-01 -1.575483e-01 -1.488407e+00 -9.790449e-01 3.750196e-01 1.210702e+00 1.018446e+00 1.570332e-01 -2.656681e-01 -7.802148e-01 -9.461025e-01 -3.461545e-02 1.200378e-01 2.694264e-02
<VARIANCE> 25
 1.034319e+01 2.038853e+01 2.289790e+01 3.170352e+01 4.813056e+01 3.499914e+01 4.641536e+01 3.668507e+01 4.233250e+01 2.936071e+01 3.003695e+01 2.640176e+01 6.434790e-01 1.251109e+00 1.539022e+00 1.942190e+00 2.931439e+00 2.411629e+00 2.891425e+00 2.576158e+00 2.562647e+00 2.522968e+00 2.097452e+00 2.015659e+00 8.072340e-04
<GCONST> 8.758423e+01
<MIXTURE> 104 5.694618e-03
<MEAN> 25
 3.364447e+00 -9.470702e+00 -6.132151e+00 -3.091553e+00 -1.322356e+00 -1.967431e+00 2.433378e+00 2.514898e+00 -4.595823e+00 -9.249439e+00 -5.060888e+00 3.599861e-01 -1.575483e-01 -1.488407e+00 -9.790449e-01 3.750196e-01 1.210702e+00 1.018446e+00 1.570332e-01 -2.656681e-01 -7.802148e-01 -9.461025e-01 -3.461545e-02 1.200378e-01 2.694264e-02
<VARIANCE> 25
 1.034319e+01 2.038853e+01 2.289790e+01 3.170352e+01 4.813056e+01 3.499914e+01 4.641536e+01 3.668507e+01 4.233250e+01 2.936071e+01 3.003695e+01 2.640176e+01 6.434790e-01 1.251109e+00 1.539022e+00 1.942190e+00 2.931439e+00 2.411629e+00 2.891425e+00 2.576158e+00 2.562647e+00 2.522968e+00 2.097452e+00 2.015659e+00 8.072340e-04
<GCONST> 8.758423e+01
<MIXTURE> 105 4.710235e-03
<MEAN> 25
 2.052791e+00 -1.460066e+00 9.426236e+00 -2.648723e+00 -1.147437e+01 -5.027902e+00 -4.148098e+00 -7.196246e-01 -3.942261e+00 -3.152705e+00 1.610347e+00 -1.205255e+00 -5.971550e-04 2.461661e-02 4.111193e-02 -6.313756e-02 -3.442402e-02 5.627194e-02 -2.290588e-02 7.418039e-02 -3.974327e-02 5.148455e-02 2.054213e-02 -1.701013e-02 -1.559842e-03
<VARIANCE> 25
 1.400454e+01 2.797435e+01 4.083919e+01 4.369331e+01 3.728457e+01 5.218258e+01 4.012247e+01 4.285955e+01 3.912944e+01 4.093869e+01 4.105959e+01 2.999861e+01 8.502407e-02 1.827228e-01 3.366226e-01 2.950294e-01 4.240381e-01 4.216408e-01 4.625668e-01 4.971032e-01 4.819302e-01 4.490316e-01 4.126078e-01 3.938022e-01 1.014001e-04
<GCONST> 6.671301e+01
<MIXTURE> 106 4.710235e-03
<MEAN> 25
 2.052791e+00 -1.460066e+00 9.426236e+00 -2.648723e+00 -1.147437e+01 -5.027902e+00 -4.148098e+00 -7.196246e-01 -3.942261e+00 -3.152705e+00 1.610347e+00 -1.205255e+00 -5.971550e-04 2.461661e-02 4.111193e-02 -6.313756e-02 -3.442402e-02 5.627194e-02 -2.290588e-02 7.418039e-02 -3.974327e-02 5.148455e-02 2.054213e-02 -1.701013e-02 -1.559842e-03
<VARIANCE> 25
 1.400454e+01 2.797435e+01 4.083919e+01 4.369331e+01 3.728457e+01 5.218258e+01 4.012247e+01 4.285955e+01 3.912944e+01 4.093869e+01 4.105959e+01 2.999861e+01 8.502407e-02 1.827228e-01 3.366226e-01 2.950294e-01 4.240381e-01 4.216408e-01 4.625668e-01 4.971032e-01 4.819302e-01 4.490316e-01 4.126078e-01 3.938022e-01 1.014001e-04
<GCONST> 6.671301e+01
<MIXTURE> 107 5.452374e-03
<MEAN> 25
 8.433018e+00 -2.312659e+00 -7.677826e+00 -9.665794e+00 2.126047e+00 3.226965e+00 -8.797888e+00 -4.235698e+00 -6.281128e-01 3.505287e+00 9.080938e-01 -4.815427e+00 -6.047801e-01 -7.439153e-01 8.306780e-01 1.655617e+00 2.380363e-01 -1.997705e+00 -8.551400e-01 9.165147e-01 1.717927e+00 8.466328e-03 -1.598518e+00 -7.194439e-01 -1.212684e-03
<VARIANCE> 25
 9.541241e+00 1.970144e+01 2.815139e+01 4.061904e+01 3.401145e+01 3.813893e+01 4.834019e+01 3.756161e+01 4.411306e+01 3.994884e+01 4.845898e+01 2.970291e+01 3.350439e-01 1.027526e+00 1.368807e+00 2.650466e+00 2.209793e+00 2.651185e+00 2.570913e+00 2.762420e+00 2.257141e+00 2.927989e+00 1.935972e+00 2.214412e+00 8.169748e-04
<GCONST> 8.782831e+01
<MIXTURE> 108 5.452374e-03
<MEAN> 25
 8.433018e+00 -2.312659e+00 -7.677826e+00 -9.665794e+00 2.126047e+00 3.226965e+00 -8.797888e+00 -4.235698e+00 -6.281128e-01 3.505287e+00 9.080938e-01 -4.815427e+00 -6.047801e-01 -7.439153e-01 8.306780e-01 1.655617e+00 2.380363e-01 -1.997705e+00 -8.551400e-01 9.165147e-01 1.717927e+00 8.466328e-03 -1.598518e+00 -7.194439e-01 -1.212684e-03
<VARIANCE> 25
 9.541241e+00 1.970144e+01 2.815139e+01 4.061904e+01 3.401145e+01 3.813893e+01 4.834019e+01 3.756161e+01 4.411306e+01 3.994884e+01 4.845898e+01 2.970291e+01 3.350439e-01 1.027526e+00 1.368807e+00 2.650466e+00 2.209793e+00 2.651185e+00 2.570913e+00 2.762420e+00 2.257141e+00 2.927989e+00 1.935972e+00 2.214412e+00 8.169748e-04
<GCONST> 8.782831e+01
<MIXTURE> 109 6.661064e-03
<MEAN> 25
 4.017188e+00 -1.040600e+01 -8.275157e+00 -1.477821e+00 2.879049e+00 2.204129e-02 -1.791262e-01 1.521665e+00 -2.230122e+00 -8.214417e+00 -5.293448e+00 -5.199638e-02 -2.682147e-02 -1.512983e-01 -1.891761e-02 2.881219e-01 1.632673e-01 1.188458e-01 -1.495973e-01 -8.364042e-02 -4.749062e-02 -1.414485e-01 2.256859e-01 5.944702e-03 -3.462403e-03
<VARIANCE> 25
 9.138565e+00 1.868156e+01 1.956223e+01 3.157317e+01 4.060255e+01 3.613039e+01 4.631697e+01 3.392255e+01 4.980172e+01 3.553372e+01 2.918588e+01 2.801933e+01 1.912000e-01 4.346324e-01 5.363384e-01 7.083716e-01 1.251179e+00 9.761820e-01 1.262041e+00 1.085800e+00 1.095230e+00 9.469988e-01 8.772191e-01 8.781034e-01 1.891110e-04
<GCONST> 7.461044e+01
<MIXTURE> 110 6.661064e-03
<MEAN> 25
 4.017188e+00 -1.040600e+01 -8.275157e+00 -1.477821e+00 2.879049e+00 2.204129e-02 -1.791262e-01 1.521665e+00 -2.230122e+00 -8.214417e+00 -5.293448e+00 -5.199638e-02 -2.682147e-02 -1.512983e-01 -1.891761e-02 2.881219e-01 1.632673e-01 1.188458e-01 -1.495973e-01 -8.364042e-02 -4.749062e-02 -1.414485e-01 2.256859e-01 5.944702e-03 -3.462403e-03
<VARIANCE> 25
 9.138565e+00 1.868156e+01 1.956223e+01 3.157317e+01 4.060255e+01 3.613039e+01 4.631697e+01 3.392255e+01 4.980172e+01 3.553372e+01 2.918588e+01 2.801933e+01 1.912000e-01 4.346324e-01 5.363384e-01 7.083716e-01 1.251179e+00 9.761820e-01 1.262041e+00 1.085800e+00 1.095230e+00 9.469988e-01 8.772191e-01 8.781034e-01 1.891110e-04
<GCONST> 7.461044e+01
<MIXTURE> 111 4.337247e-03
<MEAN> 25
 -4.471573e+00 -9.068826e-01 -1.721417e+00 1.687660e+00 9.658671e-01 9.657901e-01 3.128983e-01 2.105726e-01 8.985057e-02 -5.408831e-01 -6.300050e-01 1.962600e+00 -2.121245e-02 -3.259679e-02 -7.234344e-02 -7.362958e-02 -3.723680e-02 5.970347e-03 -8.936424e-04 -5.917776e-02 -1.406538e-01 -2.024511e-01 -1.900216e-01 -1.058694e-01 -2.142538e-04
<VARIANCE> 25
 7.021621e+00 4.977036e+00 1.021106e+01 9.405689e+00 1.311117e+01 2.384447e+01 1.467100e+01 1.316427e+01 1.160126e+01 1.191027e+01 1.362550e+01 1.160158e+01 7.923716e-02 1.635920e-01 2.752003e-01 4.204651e-01 5.693319e-01 7.060082e-01 8.005791e-01 8.580838e-01 8.927538e-01 8.568619e-01 8.619823e-01 8.490452e-01 2.231086e-05
<GCONST> 5.598577e+01
<MIXTURE> 112 4.337247e-03
<MEAN> 25
 -4.471573e+00 -9.068826e-01 -1.721417e+00 1.687660e+00 9.658671e-01 9.657901e-01 3.128983e-01 2.105726e-01 8.985057e-02 -5.408831e-01 -6.300050e-01 1.962600e+00 -2.121245e-02 -3.259679e-02 -7.234344e-02 -7.362958e-02 -3.723680e-02 5.970347e-03 -8.936424e-04 -5.917776e-02 -1.406538e-01 -2.024511e-01 -1.900216e-01 -1.058694e-01 -2.142538e-04
<VARIANCE> 25
 7.021621e+00 4.977036e+00 1.021106e+01 9.405689e+00 1.311117e+01 2.384447e+01 1.467100e+01 1.316427e+01 1.160126e+01 1.191027e+01 1.362550e+01 1.160158e+01 7.923716e-02 1.635920e-01 2.752003e-01 4.204651e-01 5.693319e-01 7.060082e-01 8.005791e-01 8.580838e-01 8.927538e-01 8.568619e-01 8.619823e-01 8.490452e-01 2.231086e-05
<GCONST> 5.598577e+01
<MIXTURE> 113 5.938666e-03
<MEAN> 25
 9.788352e+00 1.570437e+00 -8.366984e+00 -1.675268e+01 -9.182290e-01 6.219191e+00 -5.950748e+00 -1.744705e+00 -5.594615e+00 4.595761e-01 5.601118e-01 -6.116533e-02 1.988173e-02 6.029774e-02 -6.798711e-02 -8.951123e-02 1.600863e-01 2.018270e-01 -4.097509e-02 1.330589e-03 1.016960e-01 -5.095049e-02 1.330154e-01 1.268813e-01 -2.658067e-03
<VARIANCE> 25
 8.376882e+00 1.517852e+01 2.840466e+01 3.197097e+01 4.803774e+01 3.364061e+01 4.074662e+01 3.622526e+01 3.452071e+01 5.033642e+01 3.369702e+01 2.610968e+01 1.159363e-01 3.151631e-01 2.943004e-01 6.215792e-01 5.843762e-01 6.537449e-01 8.072036e-01 7.824016e-01 1.111987e+00 8.283901e-01 6.806012e-01 7.409289e-01 1.348292e-04
<GCONST> 7.042043e+01
<MIXTURE> 114 5.938666e-03
<MEAN> 25
 9.788352e+00 1.570437e+00 -8.366984e+00 -1.675268e+01 -9.182290e-01 6.219191e+00 -5.950748e+00 -1.744705e+00 -5.594615e+00 4.595761e-01 5.601118e-01 -6.116533e-02 1.988173e-02 6.029774e-02 -6.798711e-02 -8.951123e-02 1.600863e-01 2.018270e-01 -4.097509e-02 1.330589e-03 1.016960e-01 -5.095049e-02 1.330154e-01 1.268813e-01 -2.658067e-03
<VARIANCE> 25
 8.376882e+00 1.517852e+01 2.840466e+01 3.197097e+01 4.803774e+01 3.364061e+01 4.074662e+01 3.622526e+01 3.452071e+01 5.033642e+01 3.369702e+01 2.610968e+01 1.159363e-01 3.151631e-01 2.943004e-01 6.215792e-01 5.843762e-01 6.537449e-01 8.072036e-01 7.824016e-01 1.111987e+00 8.283901e-01 6.806012e-01 7.409289e-01 1.348292e-04
<GCONST> 7.042043e+01
<MIXTURE> 115 2.935202e-03
<MEAN> 25
 -4.032011e+00 -7.533674e-01 -3.109818e+00 3.653809e+00 2.415634e+00 -4.255684e-01 2.232164e+00 4.098443e-01 1.388847e+00 -1.820038e-02 4.184295e-02 2.683221e+00 3.139542e-02 -7.202482e-02 -2.298736e-01 -4.397198e-01 -6.326561e-01 -6.708213e-01 -5.910035e-01 -5.085462e-01 -4.872256e-01 -4.544334e-01 -3.438885e-01 -1.639596e-01 -2.165295e-06
<VARIANCE> 25
 9.392836e+00 9.876886e+00 1.352008e+01 1.270016e+01 1.347951e+01 1.758537e+01 1.710886e+01 2.079148e+01 1.791469e+01 1.719815e+01 1.918040e+01 1.470050e+01 2.038321e-01 3.456940e-01 4.863596e-01 5.630699e-01 6.339983e-01 7.980027e-01 1.008300e+00 1.130400e+00 1.074205e+00 9.978374e-01 1.025248e+00 1.068007e+00 1.000197e-06
<GCONST> 6.018391e+01
<MIXTURE> 116 2.935202e-03
<MEAN> 25
 -4.032011e+00 -7.533674e-01 -3.109818e+00 3.653809e+00 2.415634e+00 -4.255684e-01 2.232164e+00 4.098443e-01 1.388847e+00 -1.820038e-02 4.184295e-02 2.683221e+00 3.139542e-02 -7.202482e-02 -2.298736e-01 -4.397198e-01 -6.326561e-01 -6.708213e-01 -5.910035e-01 -5.085462e-01 -4.872256e-01 -4.544334e-01 -3.438885e-01 -1.639596e-01 -2.165295e-06
<VARIANCE> 25
 9.392836e+00 9.876886e+00 1.352008e+01 1.270016e+01 1.347951e+01 1.758537e+01 1.710886e+01 2.079148e+01 1.791469e+01 1.719815e+01 1.918040e+01 1.470050e+01 2.038321e-01 3.456940e-01 4.863596e-01 5.630699e-01 6.339983e-01 7.980027e-01 1.008300e+00 1.130400e+00 1.074205e+00 9.978374e-01 1.025248e+00 1.068007e+00 1.000197e-06
<GCONST> 6.018391e+01
<MIXTURE> 117 6.506003e-03
<MEAN> 25
 -4.644592e+00 1.117793e+00 1.054499e+00 9.758447e+00 6.260121e+00 6.256477e+00 6.463082e+00 5.044496e+00 6.385674e+00 4.929173e+00 6.367208e+00 2.709929e+00 -7.503008e-02 -2.341336e-01 -3.583474e-01 -4.199596e-01 -3.675186e-01 -3.027199e-01 -2.873273e-01 -3.314594e-01 -3.917833e-01 -3.689738e-01 -2.631080e-01 -1.159785e-01 -9.052962e-06
<VARIANCE> 25
 7.187259e+00 8.753097e+00 9.809425e+00 1.430823e+01 1.561781e+01 1.534934e+01 1.772638e+01 1.796108e+01 1.640261e+01 1.637152e+01 1.674076e+01 1.475332e+01 2.166086e-01 3.075042e-01 4.261350e-01 6.171185e-01 8.536685e-01 1.055364e+00 1.177562e+00 1.232911e+00 1.223976e+00 1.194855e+00 1.167213e+00 1.113683e+00 1.000000e-06
<GCONST> 6.042865e+01
<MIXTURE> 118 6.506003e-03
<MEAN> 25
 -4.644592e+00 1.117793e+00 1.054499e+00 9.758447e+00 6.260121e+00 6.256477e+00 6.463082e+00 5.044496e+00 6.385674e+00 4.929173e+00 6.367208e+00 2.709929e+00 -7.503008e-02 -2.341336e-01 -3.583474e-01 -4.199596e-01 -3.675186e-01 -3.027199e-01 -2.873273e-01 -3.314594e-01 -3.917833e-01 -3.689738e-01 -2.631080e-01 -1.159785e-01 -9.052962e-06
<VARIANCE> 25
 7.187259e+00 8.753097e+00 9.809425e+00 1.430823e+01 1.561781e+01 1.534934e+01 1.772638e+01 1.796108e+01 1.640261e+01 1.637152e+01 1.674076e+01 1.475332e+01 2.166086e-01 3.075042e-01 4.261350e-01 6.171185e-01 8.536685e-01 1.055364e+00 1.177562e+00 1.232911e+00 1.223976e+00 1.194855e+00 1.167213e+00 1.113683e+00 1.000000e-06
<GCONST> 6.042865e+01
<MIXTURE> 119 4.297961e-03
<MEAN> 25
 -4.937232e+00 -7.643536e+00 2.277034e+00 1.984888e+00 2.160422e+00 1.543156e-01 5.256248e+00 6.046521e+00 1.113261e+00 9.569846e-01 6.575056e+00 1.564046e+00 -4.919006e-02 -8.413067e-02 3.221410e-02 -5.829171e-02 -1.181947e-01 -1.657756e-01 -7.314097e-02 -1.839956e-03 -8.480048e-02 -9.947140e-02 -6.227079e-02 -5.312254e-02 1.055138e-03
<VARIANCE> 25
 8.608589e+00 9.745679e+00 1.666907e+01 2.013428e+01 2.344337e+01 2.335054e+01 2.484140e+01 2.763670e+01 2.515922e+01 2.785506e+01 2.041366e+01 2.024827e+01 1.594720e-01 2.829605e-01 4.592567e-01 6.276906e-01 8.052294e-01 1.019022e+00 1.093741e+00 1.284455e+00 1.281759e+00 1.254161e+00 1.189077e+00 1.106761e+00 2.307842e-04
<GCONST> 6.978113e+01
<MIXTURE> 120 4.297961e-03
<MEAN> 25
 -4.937232e+00 -7.643536e+00 2.277034e+00 1.984888e+00 2.160422e+00 1.543156e-01 5.256248e+00 6.046521e+00 1.113261e+00 9.569846e-01 6.575056e+00 1.564046e+00 -4.919006e-02 -8.413067e-02 3.221410e-02 -5.829171e-02 -1.181947e-01 -1.657756e-01 -7.314097e-02 -1.839956e-03 -8.480048e-02 -9.947140e-02 -6.227079e-02 -5.312254e-02 1.055138e-03
<VARIANCE> 25
 8.608589e+00 9.745679e+00 1.666907e+01 2.013428e+01 2.344337e+01 2.335054e+01 2.484140e+01 2.763670e+01 2.515922e+01 2.785506e+01 2.041366e+01 2.024827e+01 1.594720e-01 2.829605e-01 4.592567e-01 6.276906e-01 8.052294e-01 1.019022e+00 1.093741e+00 1.284455e+00 1.281759e+00 1.254161e+00 1.189077e+00 1.106761e+00 2.307842e-04
<GCONST> 6.978113e+01
<MIXTURE> 121 4.567511e-03
<MEAN> 25
 2.069018e-01 -2.529751e+00 5.161912e+00 -1.288669e+01 -1.265779e+01 -1.660135e+00 1.008280e+00 -5.098965e+00 -4.205598e+00 -4.781443e-01 -5.500925e+00 -4.309259e+00 2.468002e-02 1.323938e-01 -4.183326e-02 7.839081e-02 1.578912e-01 8.279304e-02 -7.708082e-02 -1.864614e-01 -2.705329e-01 -2.561735e-01 -1.161206e-01 9.539023e-04 -7.418110e-03
<VARIANCE> 25
 7.720848e+00 1.560298e+01 1.729660e+01 2.049849e+01 2.444744e+01 2.922183e+01 2.954767e+01 2.458891e+01 3.525631e+01 2.838346e+01 1.974762e+01 2.115727e+01 1.549665e-01 6.421185e-01 6.221526e-01 7.047081e-01 7.697510e-01 1.160122e+00 1.119822e+00 1.125815e+00 1.218105e+00 1.192277e+00 9.417791e-01 8.705702e-01 2.106784e-04
<GCONST> 7.140822e+01
<MIXTURE> 122 4.567511e-03
<MEAN> 25
 2.069018e-01 -2.529751e+00 5.161912e+00 -1.288669e+01 -1.265779e+01 -1.660135e+00 1.008280e+00 -5.098965e+00 -4.205598e+00 -4.781443e-01 -5.500925e+00 -4.309259e+00 2.468002e-02 1.323938e-01 -4.183326e-02 7.839081e-02 1.578912e-01 8.279304e-02 -7.708082e-02 -1.864614e-01 -2.705329e-01 -2.561735e-01 -1.161206e-01 9.539023e-04 -7.418110e-03
<VARIANCE> 25
 7.720848e+00 1.560298e+01 1.729660e+01 2.049849e+01 2.444744e+01 2.922183e+01 2.954767e+01 2.458891e+01 3.525631e+01 2.838346e+01 1.974762e+01 2.115727e+01 1.549665e-01 6.421185e-01 6.221526e-01 7.047081e-01 7.697510e-01 1.160122e+00 1.119822e+00 1.125815e+00 1.218105e+00 1.192277e+00 9.417791e-01 8.705702e-01 2.106784e-04
<GCONST> 7.140822e+01
<MIXTURE> 123 4.393044e-03
<MEAN> 25
 -4.344378e+00 1.062010e+00 -5.326757e-02 6.184038e+00 5.230982e+00 3.390297e+00 3.265938e+00 3.688622e-01 3.686357e-01 -4.780311e-01 1.190599e-01 8.124687e-01 -4.862497e-01 -7.906865e-01 -8.647245e-01 -6.128352e-01 -2.492919e-01 6.477658e-02 3.767369e-01 6.733432e-01 7.903525e-01 7.636653e-01 6.924338e-01 4.757279e-01 -2.869524e-03
<VARIANCE> 25
 1.193708e+01 1.103627e+01 1.616598e+01 1.713294e+01 2.150900e+01 2.757349e+01 2.197139e+01 1.864141e+01 1.904685e+01 1.722023e+01 2.218238e+01 1.962632e+01 3.640334e-01 3.663090e-01 5.068168e-01 7.059799e-01 9.515092e-01 1.158842e+00 1.173802e+00 1.193410e+00 1.155769e+00 1.165095e+00 1.200166e+00 1.381704e+00 9.716345e-05
<GCONST> 6.967773e+01
<MIXTURE> 124 4.069876e-03
<MEAN> 25
 -6.577621e+00 -1.187390e+00 -2.932088e+00 5.114639e+00 4.965858e+00 3.374795e+00 5.390381e+00 2.550922e+00 3.192610e+00 1.278131e+00 1.139449e+00 3.042651e+00 -2.061740e-01 -3.264096e-01 -3.644278e-01 -2.168463e-01 1.275570e-01 5.197045e-01 8.085225e-01 8.631963e-01 6.556023e-01 3.267991e-01 7.138633e-02 -3.089614e-02 3.731584e-05
<VARIANCE> 25
 1.106107e+01 7.173624e+00 1.114118e+01 1.242650e+01 1.208851e+01 1.985526e+01 1.549650e+01 1.709766e+01 1.540155e+01 1.602542e+01 1.920174e+01 1.441533e+01 1.051476e-01 1.719299e-01 2.717746e-01 4.165848e-01 5.914139e-01 7.055671e-01 7.472309e-01 8.153042e-01 9.066191e-01 9.786959e-01 1.005995e+00 1.006105e+00 1.799408e-05
<GCONST> 5.884943e+01
<MIXTURE> 125 4.069876e-03
<MEAN> 25
 -6.577621e+00 -1.187390e+00 -2.932088e+00 5.114639e+00 4.965858e+00 3.374795e+00 5.390381e+00 2.550922e+00 3.192610e+00 1.278131e+00 1.139449e+00 3.042651e+00 -2.061740e-01 -3.264096e-01 -3.644278e-01 -2.168463e-01 1.275570e-01 5.197045e-01 8.085225e-01 8.631963e-01 6.556023e-01 3.267991e-01 7.138633e-02 -3.089614e-02 3.731584e-05
<VARIANCE> 25
 1.106107e+01 7.173624e+00 1.114118e+01 1.242650e+01 1.208851e+01 1.985526e+01 1.549650e+01 1.709766e+01 1.540155e+01 1.602542e+01 1.920174e+01 1.441533e+01 1.051476e-01 1.719299e-01 2.717746e-01 4.165848e-01 5.914139e-01 7.055671e-01 7.472309e-01 8.153042e-01 9.066191e-01 9.786959e-01 1.005995e+00 1.006105e+00 1.799408e-05
<GCONST> 5.884943e+01
<MIXTURE> 126 2.402244e-03
<MEAN> 25
 -3.785311e+00 -6.936781e+00 -5.283648e+00 2.310048e+00 4.282226e+00 -3.237336e+00 6.389814e-02 3.554081e+00 3.347907e+00 -2.694517e+00 -1.429485e+00 3.049058e+00 -1.927276e-03 -7.940465e-03 -3.535898e-02 -1.566507e-01 -3.196290e-01 -3.887343e-01 -2.746978e-01 -1.567197e-01 -1.131407e-01 -1.154694e-01 -9.692391e-02 -3.120961e-02 -1.457344e-03
<VARIANCE> 25
 7.445196e+00 1.260241e+01 1.384036e+01 1.520922e+01 2.467533e+01 2.369868e+01 2.274146e+01 2.838478e+01 3.132471e+01 2.622291e+01 2.174304e+01 1.922267e+01 1.706107e-01 3.535593e-01 4.828722e-01 5.694679e-01 7.544208e-01 9.954641e-01 1.122414e+00 1.261782e+00 1.327905e+00 1.310210e+00 1.213841e+00 1.147038e+00 2.112365e-04
<GCONST> 6.981031e+01
<MIXTURE> 127 2.402244e-03
<MEAN> 25
 -3.785311e+00 -6.936781e+00 -5.283648e+00 2.310048e+00 4.282226e+00 -3.237336e+00 6.389814e-02 3.554081e+00 3.347907e+00 -2.694517e+00 -1.429485e+00 3.049058e+00 -1.927276e-03 -7.940465e-03 -3.535898e-02 -1.566507e-01 -3.196290e-01 -3.887343e-01 -2.746978e-01 -1.567197e-01 -1.131407e-01 -1.154694e-01 -9.692391e-02 -3.120961e-02 -1.457344e-03
<VARIANCE> 25
 7.445196e+00 1.260241e+01 1.384036e+01 1.520922e+01 2.467533e+01 2.369868e+01 2.274146e+01 2.838478e+01 3.132471e+01 2.622291e+01 2.174304e+01 1.922267e+01 1.706107e-01 3.535593e-01 4.828722e-01 5.694679e-01 7.544208e-01 9.954641e-01 1.122414e+00 1.261782e+00 1.327905e+00 1.310210e+00 1.213841e+00 1.147038e+00 2.112365e-04
<GCONST> 6.981031e+01
<MIXTURE> 128 3.790457e-03
<MEAN> 25
 -3.938545e+00 1.547679e+00 -3.455194e-01 6.573195e+00 3.620600e+00 1.852360e+00 3.579360e+00 2.367718e+00 3.961406e+00 3.699112e+00 3.772269e+00 3.525710e+00 -3.965545e-01 -1.978709e-01 9.737154e-02 7.263682e-01 1.183267e+00 1.134312e+00 7.176168e-01 1.319029e-01 -4.383770e-01 -7.870667e-01 -7.018677e-01 -3.950399e-01 -3.868521e-05
<VARIANCE> 25
 1.024948e+01 1.172273e+01 1.501594e+01 1.931903e+01 2.002685e+01 2.120920e+01 2.428848e+01 2.467567e+01 2.639457e+01 2.385681e+01 2.677782e+01 1.818933e+01 8.923129e-01 1.146973e+00 1.367164e+00 1.502721e+00 1.581448e+00 1.865641e+00 2.247268e+00 2.326808e+00 2.147352e+00 1.857040e+00 1.743345e+00 1.749784e+00 1.005434e-06
<GCONST> 7.365465e+01
<TRANSP> 3
 0.000000e+00 1.000000e+00 0.000000e+00
 0.000000e+00 9.999990e-01 9.999998e-07
 0.000000e+00 0.000000e+00 0.000000e+00
<ENDHMM>
