~o
<STREAMINFO> 1 25
<VECSIZE> 25<NULLD><MFCC_E_D_N><DIAGC>
~h "jmodel"
<BEGINHMM>
<NUMSTATES> 3
<STATE> 2
<NUMMIXES> 128
<MIXTURE> 1 5.748963e-03
<MEAN> 25
 -2.578935e+00 3.178019e+00 2.316920e+00 8.739336e+00 4.321726e+00 3.463665e+00 4.066223e+00 3.890707e+00 5.859453e+00 5.253609e+00 5.858995e+00 3.074306e+00 -2.001631e+00 -1.629308e+00 -8.584807e-01 1.063545e+00 1.555472e+00 2.234601e+00 2.145489e+00 2.079333e+00 1.694906e+00 1.264452e+00 1.563516e+00 6.103259e-01 -4.671348e-02
<VARIANCE> 25
 1.002967e+01 1.171621e+01 1.489220e+01 1.867717e+01 2.372438e+01 2.212044e+01 2.181449e+01 2.240141e+01 2.109922e+01 2.245744e+01 2.103597e+01 1.702344e+01 1.784110e+00 2.110776e+00 3.022530e+00 3.236860e+00 3.731839e+00 3.344341e+00 3.327138e+00 3.375513e+00 3.507772e+00 3.719243e+00 3.504386e+00 2.825383e+00 3.120289e-03
<GCONST> 8.847880e+01
<MIXTURE> 2 4.549242e-03
<MEAN> 25
 -4.870399e+00 1.321204e+00 9.976463e-01 9.864081e+00 6.678567e+00 7.452183e+00 7.840814e+00 6.930883e+00 8.398405e+00 6.361865e+00 7.587021e+00 3.068141e+00 -6.200367e-02 4.130234e-02 1.441718e-01 2.312536e-01 2.703106e-01 2.909485e-01 3.024406e-01 3.148032e-01 3.510216e-01 3.033455e-01 1.953028e-01 8.214335e-02 1.685886e-06
<VARIANCE> 25
 6.929192e+00 8.884983e+00 1.060843e+01 1.614061e+01 1.720661e+01 1.567335e+01 1.683626e+01 1.857922e+01 1.666311e+01 1.734129e+01 1.835858e+01 1.428897e+01 1.247256e-01 2.256863e-01 3.356657e-01 4.719833e-01 6.523808e-01 8.328544e-01 9.374044e-01 1.004228e+00 1.047557e+00 1.080411e+00 1.071900e+00 1.010679e+00 9.958003e-07
<GCONST> 5.808971e+01
<MIXTURE> 3 4.549242e-03
<MEAN> 25
 -4.870399e+00 1.321204e+00 9.976463e-01 9.864081e+00 6.678567e+00 7.452183e+00 7.840814e+00 6.930883e+00 8.398405e+00 6.361865e+00 7.587021e+00 3.068141e+00 -6.200367e-02 4.130234e-02 1.441718e-01 2.312536e-01 2.703106e-01 2.909485e-01 3.024406e-01 3.148032e-01 3.510216e-01 3.033455e-01 1.953028e-01 8.214335e-02 1.685886e-06
<VARIANCE> 25
 6.929192e+00 8.884983e+00 1.060843e+01 1.614061e+01 1.720661e+01 1.567335e+01 1.683626e+01 1.857922e+01 1.666311e+01 1.734129e+01 1.835858e+01 1.428897e+01 1.247256e-01 2.256863e-01 3.356657e-01 4.719833e-01 6.523808e-01 8.328544e-01 9.374044e-01 1.004228e+00 1.047557e+00 1.080411e+00 1.071900e+00 1.010679e+00 9.958003e-07
<GCONST> 5.808971e+01
<MIXTURE> 4 1.671429e-02
<MEAN> 25
 3.356424e+00 2.435780e+00 -3.839593e+00 8.960418e-01 4.423564e+00 -2.618296e-01 -9.967127e-03 8.118129e-02 1.469591e+00 1.334315e+00 -1.913300e+00 7.749795e-02 -2.735610e+00 1.229682e+00 1.752341e+00 3.011487e+00 9.267732e-01 5.008963e-01 1.513476e+00 1.018356e+00 9.622514e-01 4.314784e-01 1.187425e+00 8.727232e-01 -1.019288e-01
<VARIANCE> 25
 2.114267e+01 3.001718e+01 2.954297e+01 3.962210e+01 4.576847e+01 6.837298e+01 6.505563e+01 5.325391e+01 5.458525e+01 6.100775e+01 4.941233e+01 3.525867e+01 2.381441e+00 5.024877e+00 3.743619e+00 5.149682e+00 5.012050e+00 6.151022e+00 6.106163e+00 5.566261e+00 5.866193e+00 6.298320e+00 6.168832e+00 4.430750e+00 6.233983e-03
<GCONST> 1.054732e+02
<MIXTURE> 5 3.206198e-03
<MEAN> 25
 -3.421802e+00 2.181099e+00 6.162056e-01 9.390075e+00 6.671851e+00 6.337296e+00 7.103632e+00 4.709054e+00 5.527246e+00 3.838988e+00 4.630332e+00 2.600253e+00 -3.255842e-01 7.496995e-01 1.222146e+00 1.029033e+00 3.115449e-01 -9.559838e-02 -8.079255e-02 3.581563e-02 4.576967e-01 6.789903e-01 4.030551e-01 8.494365e-02 -2.514981e-05
<VARIANCE> 25
 1.022428e+01 1.390032e+01 2.341295e+01 2.597430e+01 2.037782e+01 1.949334e+01 2.007395e+01 2.034400e+01 2.161358e+01 2.125194e+01 2.424932e+01 1.631458e+01 1.206972e+00 1.242802e+00 1.354298e+00 1.678917e+00 2.280812e+00 2.380160e+00 2.300846e+00 2.276239e+00 2.307576e+00 2.236910e+00 2.078959e+00 1.876350e+00 9.994392e-07
<GCONST> 7.518177e+01
<MIXTURE> 6 5.475854e-03
<MEAN> 25
 9.110997e+00 -6.217959e-01 -6.703601e+00 -1.073944e+01 -3.057588e+00 8.231804e+00 -6.421896e+00 -4.335479e+00 -3.751221e+00 1.272088e+00 4.966107e+00 -6.820267e-01 5.419442e-01 8.581163e-01 -4.250364e-01 -1.455814e+00 -7.692305e-01 1.392225e+00 1.612161e+00 2.869096e-01 -1.302699e+00 -1.172983e+00 1.815955e-01 1.287087e+00 -8.391109e-03
<VARIANCE> 25
 9.719986e+00 1.532472e+01 2.107914e+01 3.549310e+01 3.695818e+01 4.091666e+01 4.067774e+01 3.858763e+01 3.660156e+01 3.598201e+01 3.758081e+01 2.738843e+01 2.876764e-01 7.803472e-01 9.060116e-01 1.737952e+00 1.921244e+00 2.425721e+00 1.946811e+00 1.978946e+00 2.283558e+00 1.843395e+00 2.334319e+00 1.279034e+00 5.899923e-04
<GCONST> 8.331155e+01
<MIXTURE> 7 5.475854e-03
<MEAN> 25
 9.110997e+00 -6.217959e-01 -6.703601e+00 -1.073944e+01 -3.057588e+00 8.231804e+00 -6.421896e+00 -4.335479e+00 -3.751221e+00 1.272088e+00 4.966107e+00 -6.820267e-01 5.419442e-01 8.581163e-01 -4.250364e-01 -1.455814e+00 -7.692305e-01 1.392225e+00 1.612161e+00 2.869096e-01 -1.302699e+00 -1.172983e+00 1.815955e-01 1.287087e+00 -8.391109e-03
<VARIANCE> 25
 9.719986e+00 1.532472e+01 2.107914e+01 3.549310e+01 3.695818e+01 4.091666e+01 4.067774e+01 3.858763e+01 3.660156e+01 3.598201e+01 3.758081e+01 2.738843e+01 2.876764e-01 7.803472e-01 9.060116e-01 1.737952e+00 1.921244e+00 2.425721e+00 1.946811e+00 1.978946e+00 2.283558e+00 1.843395e+00 2.334319e+00 1.279034e+00 5.899923e-04
<GCONST> 8.331155e+01
<MIXTURE> 8 1.165917e-02
<MEAN> 25
 -4.729623e+00 1.363143e+00 1.293128e+00 9.558655e+00 6.573112e+00 6.255448e+00 6.479568e+00 5.686414e+00 6.660577e+00 5.632136e+00 6.572128e+00 3.152970e+00 -6.299673e-01 -1.425603e+00 -1.071139e+00 -1.731477e+00 -2.310170e-01 -9.450213e-01 -1.779104e-01 -2.893398e-01 -2.525952e-01 -1.741113e-01 -2.134012e-01 8.130169e-02 9.888035e-02
<VARIANCE> 25
 9.340758e+00 9.845921e+00 1.160967e+01 1.605823e+01 1.666113e+01 1.570339e+01 1.812667e+01 1.753713e+01 1.704717e+01 1.737291e+01 1.888481e+01 1.399511e+01 2.756847e+00 2.815126e+00 3.906585e+00 3.761273e+00 3.455504e+00 3.317151e+00 3.128532e+00 3.080576e+00 2.872415e+00 2.655370e+00 2.434427e+00 1.901682e+00 6.681986e-03
<GCONST> 8.629015e+01
<MIXTURE> 9 1.199672e-02
<MEAN> 25
 9.196423e+00 3.305490e+00 -6.226293e+00 -1.072528e+01 -2.270336e+00 5.136367e+00 -2.239687e+00 -2.290358e+00 -5.288963e+00 -1.250897e+00 6.864142e-01 5.958937e-02 1.403364e+00 -1.621500e-01 -4.704639e-01 -2.679073e+00 -1.607091e+00 8.689539e-01 -9.702460e-01 -1.903470e-01 -2.026841e-01 -5.626110e-01 6.148147e-01 -1.480677e-01 7.266457e-02
<VARIANCE> 25
 1.261057e+01 2.168774e+01 3.396267e+01 5.298066e+01 4.930173e+01 3.299490e+01 4.298283e+01 5.126590e+01 4.185986e+01 4.071043e+01 3.593466e+01 2.689024e+01 2.132808e+00 2.489309e+00 4.513451e+00 4.844956e+00 5.163137e+00 4.133164e+00 4.213291e+00 5.983332e+00 5.001064e+00 4.029040e+00 4.008679e+00 2.776360e+00 2.190769e-03
<GCONST> 9.879136e+01
<MIXTURE> 10 6.596976e-03
<MEAN> 25
 8.180166e-01 7.631809e+00 5.376853e+00 7.144344e+00 1.584950e+00 -2.116192e+00 -5.150515e-01 -1.681252e+00 8.741887e-01 8.587477e-01 8.335758e-01 6.570334e-01 -1.923582e+00 -6.723108e-01 -4.595676e-01 3.025925e+00 2.461295e+00 2.709115e+00 2.372666e+00 2.274672e+00 1.860757e+00 1.544752e+00 2.333984e+00 5.241539e-01 -1.380834e-01
<VARIANCE> 25
 1.954245e+01 2.068110e+01 2.229508e+01 2.907298e+01 3.830136e+01 3.492886e+01 3.515424e+01 3.388145e+01 2.760202e+01 2.903357e+01 2.698587e+01 2.499941e+01 2.235552e+00 3.426668e+00 5.534952e+00 5.173094e+00 5.554433e+00 4.474721e+00 4.700539e+00 4.853384e+00 4.386419e+00 5.018072e+00 4.443957e+00 3.191468e+00 2.699905e-03
<GCONST> 9.746490e+01
<MIXTURE> 11 1.633820e-02
<MEAN> 25
 6.624151e+00 4.373409e+00 1.936305e+00 5.525721e+00 -3.038512e+00 -1.823725e+00 -1.157482e+00 -5.518950e+00 -1.606449e+00 4.727510e-02 -2.221207e+00 -1.346771e+00 -3.049263e-01 4.846844e-01 6.591603e-02 1.553082e-01 2.444660e-01 -6.031358e-02 2.637225e-01 -4.622833e-01 -4.179988e-02 2.688667e-02 -2.462767e-01 4.241729e-01 -2.058884e-02
<VARIANCE> 25
 1.191721e+01 2.097093e+01 1.624138e+01 2.151308e+01 3.398359e+01 2.804960e+01 4.309969e+01 3.492270e+01 4.082488e+01 2.743282e+01 3.456050e+01 2.213339e+01 8.109446e-01 1.115961e+00 1.874631e+00 1.852133e+00 2.460355e+00 2.458491e+00 2.109047e+00 3.375456e+00 1.555613e+00 1.465786e+00 1.601560e+00 1.804208e+00 7.762954e-04
<GCONST> 8.479352e+01
<MIXTURE> 12 5.904134e-03
<MEAN> 25
 1.052635e+01 3.423715e+00 -4.685004e+00 -1.574903e+01 -8.577354e+00 9.215109e+00 -9.306428e-01 -1.887882e+00 -1.970733e+00 -4.600947e+00 1.770051e+00 1.127051e+00 1.054614e-01 2.032086e-01 1.323904e-01 -5.288852e-01 -2.109477e-01 -6.768872e-02 4.170079e-01 4.073642e-01 2.016292e-01 -2.859812e-01 -3.682890e-01 9.083074e-02 -5.476947e-03
<VARIANCE> 25
 8.856243e+00 2.068581e+01 2.199033e+01 3.383826e+01 3.904756e+01 3.224240e+01 3.878543e+01 4.543223e+01 4.140524e+01 3.543774e+01 3.520146e+01 2.859512e+01 2.606979e-01 7.610582e-01 6.735155e-01 1.410714e+00 1.208894e+00 1.102955e+00 1.254610e+00 1.360167e+00 1.199629e+00 1.241403e+00 1.187132e+00 9.286128e-01 5.706753e-04
<GCONST> 7.876810e+01
<MIXTURE> 13 5.904134e-03
<MEAN> 25
 1.052635e+01 3.423715e+00 -4.685004e+00 -1.574903e+01 -8.577354e+00 9.215109e+00 -9.306428e-01 -1.887882e+00 -1.970733e+00 -4.600947e+00 1.770051e+00 1.127051e+00 1.054614e-01 2.032086e-01 1.323904e-01 -5.288852e-01 -2.109477e-01 -6.768872e-02 4.170079e-01 4.073642e-01 2.016292e-01 -2.859812e-01 -3.682890e-01 9.083074e-02 -5.476947e-03
<VARIANCE> 25
 8.856243e+00 2.068581e+01 2.199033e+01 3.383826e+01 3.904756e+01 3.224240e+01 3.878543e+01 4.543223e+01 4.140524e+01 3.543774e+01 3.520146e+01 2.859512e+01 2.606979e-01 7.610582e-01 6.735155e-01 1.410714e+00 1.208894e+00 1.102955e+00 1.254610e+00 1.360167e+00 1.199629e+00 1.241403e+00 1.187132e+00 9.286128e-01 5.706753e-04
<GCONST> 7.876810e+01
<MIXTURE> 14 6.488954e-03
<MEAN> 25
 -4.317531e+00 -3.755899e-01 -3.078346e-01 8.902243e+00 7.506697e+00 7.381903e+00 7.826436e+00 7.318799e+00 7.258646e+00 5.225142e+00 6.860514e+00 4.099105e+00 -2.747144e-01 1.936621e-01 3.655265e-01 3.091416e-01 7.744026e-03 6.243552e-02 9.677186e-02 1.774985e-01 2.963909e-01 5.391617e-01 5.067958e-01 7.586128e-02 -9.329371e-03
<VARIANCE> 25
 9.282523e+00 1.386119e+01 1.862563e+01 1.793084e+01 2.101242e+01 1.958738e+01 2.152234e+01 2.071901e+01 2.008931e+01 2.389792e+01 2.141929e+01 1.598162e+01 9.618210e-01 1.639790e+00 1.773189e+00 1.937616e+00 2.244751e+00 2.261352e+00 2.255657e+00 2.239349e+00 2.284291e+00 2.506157e+00 2.195077e+00 1.811991e+00 1.029269e-03
<GCONST> 8.192567e+01
<MIXTURE> 15 2.475190e-03
<MEAN> 25
 -5.411444e+00 -6.203304e-01 -1.954851e-01 7.317454e+00 5.691123e+00 5.781094e+00 6.070773e+00 4.931297e+00 5.233809e+00 4.130129e+00 5.446750e+00 2.543905e+00 -1.191030e-01 -3.013912e-02 7.449674e-02 2.466113e-01 4.937942e-01 7.997940e-01 1.071029e+00 1.168177e+00 1.050453e+00 7.438210e-01 4.161213e-01 1.589313e-01 -4.174471e-05
<VARIANCE> 25
 6.946115e+00 5.629750e+00 8.962986e+00 1.301586e+01 1.406530e+01 1.494869e+01 1.481248e+01 1.505668e+01 1.455318e+01 1.414051e+01 1.534818e+01 1.241002e+01 1.243137e-01 2.046099e-01 3.172423e-01 5.004793e-01 6.962439e-01 8.084875e-01 7.574782e-01 8.085740e-01 9.111265e-01 1.033715e+00 1.064132e+00 1.036468e+00 2.797418e-05
<GCONST> 5.868149e+01
<MIXTURE> 16 2.475190e-03
<MEAN> 25
 -5.411444e+00 -6.203304e-01 -1.954851e-01 7.317454e+00 5.691123e+00 5.781094e+00 6.070773e+00 4.931297e+00 5.233809e+00 4.130129e+00 5.446750e+00 2.543905e+00 -1.191030e-01 -3.013912e-02 7.449674e-02 2.466113e-01 4.937942e-01 7.997940e-01 1.071029e+00 1.168177e+00 1.050453e+00 7.438210e-01 4.161213e-01 1.589313e-01 -4.174471e-05
<VARIANCE> 25
 6.946115e+00 5.629750e+00 8.962986e+00 1.301586e+01 1.406530e+01 1.494869e+01 1.481248e+01 1.505668e+01 1.455318e+01 1.414051e+01 1.534818e+01 1.241002e+01 1.243137e-01 2.046099e-01 3.172423e-01 5.004793e-01 6.962439e-01 8.084875e-01 7.574782e-01 8.085740e-01 9.111265e-01 1.033715e+00 1.064132e+00 1.036468e+00 2.797418e-05
<GCONST> 5.868149e+01
<MIXTURE> 17 9.518312e-03
<MEAN> 25
 3.237694e+00 -3.445885e-01 6.805533e+00 1.702820e+00 -5.098421e+00 -5.653153e+00 -3.058025e+00 -2.086031e-03 -2.634666e+00 -2.962281e+00 3.539087e-01 -2.850688e-01 -7.223983e-01 -1.256114e+00 1.471876e+00 -1.926501e+00 -2.443405e+00 -1.115349e-01 1.754172e-01 6.908559e-01 -5.606990e-01 -1.178778e-01 9.880407e-01 4.128125e-01 7.755819e-02
<VARIANCE> 25
 1.817063e+01 3.104372e+01 3.347686e+01 4.219238e+01 4.998869e+01 4.857121e+01 3.762731e+01 3.270786e+01 3.377242e+01 2.432532e+01 2.730593e+01 2.565981e+01 1.758576e+00 2.540008e+00 3.823019e+00 3.130492e+00 3.850478e+00 4.968435e+00 4.579055e+00 4.337791e+00 4.198681e+00 3.654825e+00 2.866568e+00 2.580157e+00 2.059011e-03
<GCONST> 9.617393e+01
<MIXTURE> 18 1.221018e-02
<MEAN> 25
 3.654568e+00 4.271045e+00 6.537180e+00 4.445322e+00 -4.226155e+00 -8.323533e+00 -1.395728e+00 -9.696979e-01 -3.018865e+00 -2.147219e+00 -1.226452e+00 4.774916e-01 -7.304751e-01 2.248773e+00 -2.383599e-01 1.829303e+00 2.920302e+00 1.636554e+00 6.587520e-01 -3.183249e-01 5.974868e-01 4.791276e-01 -2.418543e-01 -1.701630e-02 -1.197684e-01
<VARIANCE> 25
 1.647919e+01 2.554707e+01 3.154327e+01 2.558983e+01 3.915326e+01 3.330125e+01 3.905384e+01 3.395686e+01 3.823749e+01 3.325082e+01 3.310686e+01 2.929174e+01 2.396258e+00 3.077091e+00 4.559483e+00 4.318057e+00 4.288388e+00 5.461350e+00 4.735662e+00 4.265347e+00 4.154142e+00 4.013045e+00 4.298420e+00 3.447740e+00 3.985642e-03
<GCONST> 9.819287e+01
<MIXTURE> 19 9.912824e-03
<MEAN> 25
 -9.827068e+00 1.733957e+00 9.327574e-01 1.292232e+00 3.633227e+00 1.217031e+00 2.623320e+00 9.918172e-01 1.864751e+00 1.484467e+00 6.317331e-01 1.785857e+00 1.976300e+00 1.379823e+00 2.272275e+00 8.918107e-01 -9.851236e-01 -1.250046e+00 -8.616524e-01 -1.289220e+00 -1.637425e+00 -1.018729e+00 -5.738196e-01 -8.918713e-01 6.638660e-03
<VARIANCE> 25
 5.200455e+01 3.104035e+01 4.754235e+01 5.596889e+01 3.997938e+01 2.904011e+01 3.072728e+01 2.916059e+01 2.522953e+01 2.530756e+01 2.812744e+01 1.986609e+01 2.580372e+00 2.721523e+00 2.127972e+00 2.601205e+00 2.567457e+00 2.604405e+00 2.503871e+00 2.216624e+00 2.334919e+00 2.095347e+00 2.378351e+00 1.795839e+00 2.378987e-03
<GCONST> 9.213255e+01
<MIXTURE> 20 6.308331e-03
<MEAN> 25
 -1.414736e+01 7.341294e+00 8.497062e-01 6.071745e+00 4.744873e+00 1.633760e+00 5.139531e+00 8.177515e-01 9.127340e-01 6.994020e-01 2.520647e+00 -1.378755e-01 -3.283831e+00 -8.726526e-01 -1.553178e+00 3.512127e-01 1.512868e+00 2.057140e+00 1.965647e+00 2.053271e+00 2.115977e+00 2.009210e+00 1.641405e+00 9.501418e-01 4.766049e-02
<VARIANCE> 25
 1.963030e+01 2.357809e+01 3.069721e+01 3.757360e+01 3.103490e+01 2.822081e+01 3.022145e+01 3.117273e+01 2.766268e+01 2.843400e+01 2.495983e+01 2.239263e+01 2.091343e+00 2.155292e+00 1.900581e+00 2.542662e+00 2.717303e+00 2.286425e+00 2.292676e+00 2.297278e+00 2.267981e+00 2.697680e+00 2.337856e+00 1.870108e+00 1.877237e-03
<GCONST> 8.932948e+01
<MIXTURE> 21 7.928653e-03
<MEAN> 25
 4.425882e+00 -4.787134e+00 5.399615e+00 -4.977876e-01 -1.098245e+01 -7.472308e+00 -2.640823e+00 3.950726e+00 -3.206193e+00 -3.060885e+00 1.037259e+00 -1.793025e-01 -7.033610e-01 1.177615e+00 2.577673e+00 -1.979927e-01 -1.542603e+00 5.516779e-01 6.505716e-01 -1.263832e+00 -1.992017e+00 1.295327e-01 1.238932e+00 2.624183e-01 -1.077419e-02
<VARIANCE> 25
 9.071341e+00 1.696293e+01 2.751249e+01 3.208573e+01 2.653118e+01 3.947861e+01 3.834389e+01 3.511448e+01 4.645501e+01 2.872973e+01 3.402313e+01 2.228897e+01 3.403724e-01 1.059172e+00 1.691255e+00 1.293908e+00 2.096536e+00 2.237655e+00 3.230552e+00 2.615078e+00 1.979050e+00 2.515739e+00 1.827027e+00 2.031436e+00 4.233983e-04
<GCONST> 8.434498e+01
<MIXTURE> 22 8.827789e-03
<MEAN> 25
 -1.790741e+01 7.127183e+00 -4.123038e+00 7.404611e+00 4.585413e+00 2.732750e+00 8.409761e+00 1.722403e+00 5.343503e+00 3.271067e+00 5.688232e+00 1.218085e+00 -3.027030e-01 -2.046601e-01 -1.225092e-01 -1.455121e-01 -2.144065e-03 1.418515e-01 1.860316e-01 1.782823e-01 2.540893e-01 2.062735e-01 1.744815e-01 1.894857e-01 8.777933e-03
<VARIANCE> 25
 8.130450e+00 1.695755e+01 1.733732e+01 2.512030e+01 2.289143e+01 2.100076e+01 1.942864e+01 1.882398e+01 1.840919e+01 2.101454e+01 1.936809e+01 1.400387e+01 1.103268e+00 1.357510e+00 1.361588e+00 1.569927e+00 1.410363e+00 1.527510e+00 1.512922e+00 1.527375e+00 1.617099e+00 1.539932e+00 1.353179e+00 1.167190e+00 1.741174e-03
<GCONST> 7.837294e+01
<MIXTURE> 23 6.455497e-03
<MEAN> 25
 7.301815e+00 2.757402e+00 1.986866e+00 3.658204e+00 -3.678053e+00 -3.286838e+00 -2.982247e+00 -5.751523e+00 -2.248937e+00 -7.160704e-01 -4.155470e+00 -1.525296e+00 2.569599e-02 1.679579e-01 2.051015e-02 3.722787e-02 -9.022277e-02 6.716564e-02 3.446597e-02 7.150362e-02 -4.006246e-03 -2.774784e-03 -1.014343e-02 1.545686e-01 -5.322623e-03
<VARIANCE> 25
 1.203569e+01 2.169323e+01 2.466293e+01 4.071218e+01 4.095387e+01 4.860447e+01 5.927272e+01 4.785415e+01 4.672519e+01 3.860137e+01 4.572251e+01 3.724619e+01 1.201163e-01 2.673243e-01 3.823142e-01 4.675958e-01 6.740342e-01 6.779358e-01 8.013266e-01 7.925022e-01 7.918402e-01 7.708317e-01 8.476515e-01 8.476224e-01 8.643574e-05
<GCONST> 7.232993e+01
<MIXTURE> 24 6.455497e-03
<MEAN> 25
 7.301815e+00 2.757402e+00 1.986866e+00 3.658204e+00 -3.678053e+00 -3.286838e+00 -2.982247e+00 -5.751523e+00 -2.248937e+00 -7.160704e-01 -4.155470e+00 -1.525296e+00 2.569599e-02 1.679579e-01 2.051015e-02 3.722787e-02 -9.022277e-02 6.716564e-02 3.446597e-02 7.150362e-02 -4.006246e-03 -2.774784e-03 -1.014343e-02 1.545686e-01 -5.322623e-03
<VARIANCE> 25
 1.203569e+01 2.169323e+01 2.466293e+01 4.071218e+01 4.095387e+01 4.860447e+01 5.927272e+01 4.785415e+01 4.672519e+01 3.860137e+01 4.572251e+01 3.724619e+01 1.201163e-01 2.673243e-01 3.823142e-01 4.675958e-01 6.740342e-01 6.779358e-01 8.013266e-01 7.925022e-01 7.918402e-01 7.708317e-01 8.476515e-01 8.476224e-01 8.643574e-05
<GCONST> 7.232993e+01
<MIXTURE> 25 1.118642e-02
<MEAN> 25
 4.682189e-01 3.737258e+00 1.501798e+01 -2.023030e+00 -1.089567e+01 -6.416927e-02 -3.936658e+00 -2.818422e+00 -7.062993e+00 -4.543528e+00 4.788554e+00 -2.301328e+00 -2.184683e-01 3.350326e-01 1.425209e-01 2.690261e-01 9.423432e-02 -1.723376e-01 2.841262e-01 2.991797e-02 -5.539532e-02 3.685354e-02 -6.352621e-02 -4.314819e-02 -1.396060e-02
<VARIANCE> 25
 7.324106e+00 2.029226e+01 2.319135e+01 2.828117e+01 2.666817e+01 5.293787e+01 2.551328e+01 2.507504e+01 2.625229e+01 2.851978e+01 1.731554e+01 2.239217e+01 5.234199e-01 1.362740e+00 1.425174e+00 1.085245e+00 2.240209e+00 2.633854e+00 2.147264e+00 1.856869e+00 1.368284e+00 1.528546e+00 1.442965e+00 1.313731e+00 1.079174e-03
<GCONST> 8.152885e+01
<MIXTURE> 26 7.727677e-03
<MEAN> 25
 1.353262e+00 -6.114704e+00 -9.889520e+00 -2.524931e+00 8.840117e+00 4.792737e+00 2.668107e+00 8.795838e-01 2.104232e+00 -1.369841e-01 -1.545530e+00 -1.753090e+00 -4.921794e-01 8.768470e-01 3.044274e-01 5.915056e-01 1.355135e-01 -2.254287e-01 8.041852e-01 -4.882865e-03 5.807158e-01 -4.316032e-02 1.680573e-01 1.997214e-01 -4.760108e-02
<VARIANCE> 25
 2.154442e+01 3.115852e+01 2.894030e+01 6.155389e+01 4.089874e+01 4.501589e+01 4.240551e+01 4.074901e+01 3.489464e+01 4.109169e+01 4.530906e+01 4.046685e+01 1.444808e+00 1.915108e+00 2.860622e+00 1.712173e+00 2.576682e+00 2.597190e+00 3.009983e+00 2.669745e+00 2.286229e+00 1.954558e+00 2.097264e+00 2.085717e+00 3.562555e-03
<GCONST> 9.362316e+01
<MIXTURE> 27 7.727677e-03
<MEAN> 25
 1.353262e+00 -6.114704e+00 -9.889520e+00 -2.524931e+00 8.840117e+00 4.792737e+00 2.668107e+00 8.795838e-01 2.104232e+00 -1.369841e-01 -1.545530e+00 -1.753090e+00 -4.921794e-01 8.768470e-01 3.044274e-01 5.915056e-01 1.355135e-01 -2.254287e-01 8.041852e-01 -4.882865e-03 5.807158e-01 -4.316032e-02 1.680573e-01 1.997214e-01 -4.760108e-02
<VARIANCE> 25
 2.154442e+01 3.115852e+01 2.894030e+01 6.155389e+01 4.089874e+01 4.501589e+01 4.240551e+01 4.074901e+01 3.489464e+01 4.109169e+01 4.530906e+01 4.046685e+01 1.444808e+00 1.915108e+00 2.860622e+00 1.712173e+00 2.576682e+00 2.597190e+00 3.009983e+00 2.669745e+00 2.286229e+00 1.954558e+00 2.097264e+00 2.085717e+00 3.562555e-03
<GCONST> 9.362316e+01
<MIXTURE> 28 5.036674e-03
<MEAN> 25
 -5.509165e+00 1.635290e-01 -1.432378e+00 6.527001e+00 5.067566e+00 3.690750e+00 5.445994e+00 2.971505e+00 4.228753e+00 2.349735e+00 2.419624e+00 3.250652e+00 -1.071949e-01 2.069552e-01 5.349096e-01 8.063989e-01 8.512719e-01 7.824723e-01 6.062946e-01 3.591336e-01 4.730444e-01 4.199019e-01 3.536408e-01 1.991851e-01 -3.872450e-05
<VARIANCE> 25
 1.115893e+01 8.407301e+00 1.197742e+01 1.561246e+01 1.485572e+01 2.291273e+01 1.721851e+01 1.863895e+01 2.006883e+01 1.657566e+01 2.059253e+01 1.498834e+01 2.485333e-01 3.261221e-01 3.901589e-01 4.619666e-01 6.085479e-01 9.318509e-01 1.152742e+00 1.140651e+00 1.085711e+00 1.057847e+00 1.002483e+00 1.023013e+00 1.028663e-06
<GCONST> 6.071679e+01
<MIXTURE> 29 5.036674e-03
<MEAN> 25
 -5.509165e+00 1.635290e-01 -1.432378e+00 6.527001e+00 5.067566e+00 3.690750e+00 5.445994e+00 2.971505e+00 4.228753e+00 2.349735e+00 2.419624e+00 3.250652e+00 -1.071949e-01 2.069552e-01 5.349096e-01 8.063989e-01 8.512719e-01 7.824723e-01 6.062946e-01 3.591336e-01 4.730444e-01 4.199019e-01 3.536408e-01 1.991851e-01 -3.872450e-05
<VARIANCE> 25
 1.115893e+01 8.407301e+00 1.197742e+01 1.561246e+01 1.485572e+01 2.291273e+01 1.721851e+01 1.863895e+01 2.006883e+01 1.657566e+01 2.059253e+01 1.498834e+01 2.485333e-01 3.261221e-01 3.901589e-01 4.619666e-01 6.085479e-01 9.318509e-01 1.152742e+00 1.140651e+00 1.085711e+00 1.057847e+00 1.002483e+00 1.023013e+00 1.028663e-06
<GCONST> 6.071679e+01
<MIXTURE> 30 8.917812e-03
<MEAN> 25
 -4.475227e+00 -1.177328e-01 6.489415e-01 8.841111e+00 7.602482e+00 7.765223e+00 7.577735e+00 6.633183e+00 6.755656e+00 4.776596e+00 6.750881e+00 3.489975e+00 -1.841853e-02 2.465214e-02 5.471782e-02 1.039809e-01 1.108192e-01 1.192660e-01 4.057827e-02 -1.940531e-02 1.534653e-02 2.645459e-02 5.894307e-02 6.022066e-02 -3.722479e-04
<VARIANCE> 25
 6.730772e+00 9.731505e+00 1.006848e+01 1.513304e+01 1.614749e+01 1.781781e+01 1.852305e+01 1.942503e+01 1.722334e+01 1.821504e+01 2.260429e+01 1.391542e+01 9.516507e-02 1.942211e-01 3.148242e-01 4.732783e-01 6.252552e-01 8.677652e-01 7.698264e-01 7.947766e-01 8.485941e-01 9.261901e-01 8.915982e-01 8.543831e-01 5.036898e-05
<GCONST> 6.079595e+01
<MIXTURE> 31 4.136493e-03
<MEAN> 25
 -3.323404e+00 -5.454819e+00 1.039706e-01 4.634981e+00 3.549387e+00 1.863451e+00 5.114266e+00 6.509947e+00 2.986934e+00 1.292567e+00 6.314522e+00 3.022543e+00 2.580295e-01 4.680974e-01 -2.346236e-01 3.191417e-01 1.345694e-01 4.201953e-01 1.996053e-01 1.939430e-02 3.642825e-01 3.947704e-01 1.166220e-01 1.461856e-01 -1.874133e-02
<VARIANCE> 25
 6.992347e+00 1.672666e+01 1.753772e+01 1.954170e+01 2.534384e+01 2.427445e+01 2.356532e+01 2.532970e+01 2.733331e+01 2.743182e+01 2.135582e+01 1.919804e+01 1.875675e-01 4.833647e-01 6.051922e-01 7.657394e-01 9.490332e-01 1.076331e+00 1.211530e+00 1.356697e+00 1.327038e+00 1.288439e+00 1.216231e+00 1.143276e+00 2.532575e-04
<GCONST> 7.192870e+01
<MIXTURE> 32 4.136493e-03
<MEAN> 25
 -3.323404e+00 -5.454819e+00 1.039706e-01 4.634981e+00 3.549387e+00 1.863451e+00 5.114266e+00 6.509947e+00 2.986934e+00 1.292567e+00 6.314522e+00 3.022543e+00 2.580295e-01 4.680974e-01 -2.346236e-01 3.191417e-01 1.345694e-01 4.201953e-01 1.996053e-01 1.939430e-02 3.642825e-01 3.947704e-01 1.166220e-01 1.461856e-01 -1.874133e-02
<VARIANCE> 25
 6.992347e+00 1.672666e+01 1.753772e+01 1.954170e+01 2.534384e+01 2.427445e+01 2.356532e+01 2.532970e+01 2.733331e+01 2.743182e+01 2.135582e+01 1.919804e+01 1.875675e-01 4.833647e-01 6.051922e-01 7.657394e-01 9.490332e-01 1.076331e+00 1.211530e+00 1.356697e+00 1.327038e+00 1.288439e+00 1.216231e+00 1.143276e+00 2.532575e-04
<GCONST> 7.192870e+01
<MIXTURE> 33 1.508826e-02
<MEAN> 25
 5.986093e+00 -6.203138e+00 -6.589360e-01 -1.049077e+00 -2.835019e+00 -4.320346e+00 -6.222083e+00 4.336069e+00 2.066688e+00 -6.070353e-01 -3.534995e+00 -2.558113e+00 6.637644e-01 -1.096879e+00 -2.146746e+00 -1.857468e+00 1.397586e+00 1.532276e+00 -7.292575e-01 4.136889e-01 8.628900e-01 8.305331e-01 -5.090111e-01 -1.400729e+00 2.875308e-02
<VARIANCE> 25
 8.145513e+00 2.691195e+01 3.041333e+01 3.579216e+01 3.569970e+01 3.913615e+01 4.218790e+01 5.826925e+01 3.454019e+01 3.298915e+01 3.508356e+01 2.212749e+01 1.144574e+00 2.288139e+00 1.846421e+00 1.616177e+00 4.273697e+00 3.040014e+00 3.644777e+00 4.818586e+00 2.915808e+00 3.335088e+00 4.140641e+00 2.265124e+00 1.370181e-03
<GCONST> 9.247832e+01
<MIXTURE> 34 1.588179e-02
<MEAN> 25
 8.377667e+00 4.717641e-01 -1.919146e-01 1.951601e+00 -2.293899e+00 -1.758664e+00 -4.679497e+00 -4.241690e+00 -1.071781e+00 -3.947916e-02 -2.522443e+00 -3.567607e+00 1.397264e-01 1.507095e+00 9.407926e-01 2.421318e+00 -5.783746e-02 -5.873146e-02 8.696821e-01 -1.877903e+00 -6.681361e-01 1.644897e-01 -6.450979e-01 4.935582e-01 -6.119344e-02
<VARIANCE> 25
 8.358309e+00 2.771771e+01 2.596190e+01 4.438041e+01 4.027951e+01 4.544666e+01 6.007668e+01 4.834119e+01 5.298149e+01 3.955370e+01 4.770295e+01 2.697675e+01 1.141722e+00 1.813077e+00 4.683029e+00 3.791147e+00 5.254206e+00 5.439703e+00 4.591088e+00 5.426901e+00 4.466281e+00 4.112236e+00 4.118164e+00 3.473953e+00 1.061009e-03
<GCONST> 9.763063e+01
<MIXTURE> 35 1.467755e-02
<MEAN> 25
 -1.906778e+00 -5.928972e+00 -1.013757e+01 -2.190616e+00 1.007028e+01 9.934577e-01 -1.687403e+00 2.374576e+00 4.078814e-01 3.726206e+00 8.673327e-01 7.867712e-01 -6.458981e-02 -1.535663e+00 -3.989986e-01 -7.596316e-01 1.405786e+00 -8.871822e-01 -1.934757e-01 9.017808e-01 -1.157238e-02 5.535132e-01 -8.699231e-01 -5.554571e-01 8.555092e-02
<VARIANCE> 25
 1.267187e+01 2.879021e+01 3.363396e+01 5.853913e+01 3.897130e+01 4.568276e+01 6.410912e+01 3.370382e+01 4.079166e+01 2.893830e+01 3.098543e+01 2.721336e+01 2.818784e+00 4.119609e+00 5.568708e+00 3.802536e+00 6.434785e+00 4.805258e+00 5.545463e+00 4.712040e+00 4.129881e+00 3.365743e+00 2.916420e+00 3.569527e+00 3.972561e-03
<GCONST> 1.000510e+02
<MIXTURE> 36 1.093293e-02
<MEAN> 25
 4.560537e+00 -3.182695e+00 6.779756e+00 2.569957e+00 -9.492596e+00 -8.296121e+00 -6.222628e+00 2.360078e+00 -2.164067e+00 -4.115627e+00 3.008359e+00 -5.789392e-01 3.329296e-01 1.200087e-01 -9.941300e-01 -5.657258e-02 8.648907e-01 2.193658e-01 -4.777658e-01 -8.805197e-02 5.014552e-01 5.422043e-01 -4.710148e-01 -4.406084e-01 -1.858024e-02
<VARIANCE> 25
 1.116494e+01 2.216453e+01 2.012727e+01 2.723804e+01 3.007340e+01 3.507203e+01 4.073225e+01 3.764298e+01 3.669618e+01 2.856090e+01 2.778866e+01 2.484071e+01 4.959858e-01 7.645403e-01 1.362911e+00 1.267875e+00 1.760625e+00 1.691822e+00 2.292827e+00 1.728460e+00 1.756622e+00 1.721747e+00 1.485171e+00 1.442316e+00 6.923309e-04
<GCONST> 8.219176e+01
<MIXTURE> 37 1.246826e-02
<MEAN> 25
 -2.420060e-01 7.311906e+00 1.211397e+01 -5.115754e+00 -7.622715e+00 -6.478761e-01 -2.573502e+00 -7.091088e+00 -4.031793e+00 -3.887693e-01 -2.632500e+00 -1.035827e+00 -8.373779e-03 6.668640e-01 -1.640813e+00 3.236341e+00 1.962791e+00 -9.435824e-01 1.251123e+00 -2.452240e-03 5.182171e-01 -4.488130e-02 1.546784e-01 3.851632e-01 -9.057168e-02
<VARIANCE> 25
 1.548964e+01 2.179247e+01 2.621550e+01 4.309364e+01 2.819870e+01 2.869600e+01 5.657975e+01 3.382942e+01 3.137918e+01 2.963965e+01 3.565166e+01 2.816339e+01 2.613892e+00 2.743188e+00 3.178616e+00 3.695804e+00 3.854570e+00 4.383200e+00 3.638907e+00 3.786604e+00 2.943840e+00 3.196581e+00 4.044284e+00 3.032775e+00 3.388014e-03
<GCONST> 9.574333e+01
<MIXTURE> 38 1.154525e-02
<MEAN> 25
 -4.786362e+00 8.126669e+00 4.189701e+00 2.484475e+00 2.243145e-01 -5.686369e+00 -4.111315e-01 -3.614523e+00 -2.721894e+00 -3.024805e+00 -1.014788e+00 7.822195e-01 -4.325818e+00 7.387390e-01 -3.981105e-01 1.417237e+00 2.212169e+00 1.166260e+00 1.786669e+00 1.252810e+00 5.857286e-01 9.526492e-02 5.322724e-01 8.982434e-01 5.598916e-02
<VARIANCE> 25
 2.822455e+01 2.592912e+01 3.259461e+01 3.013807e+01 4.405836e+01 3.602149e+01 3.395536e+01 3.614819e+01 2.841724e+01 2.650030e+01 2.070866e+01 2.802248e+01 2.002884e+00 3.856223e+00 3.195567e+00 4.623942e+00 3.905936e+00 4.676317e+00 3.905108e+00 3.928819e+00 3.710292e+00 4.717217e+00 4.096463e+00 3.824524e+00 1.775232e-03
<GCONST> 9.655541e+01
<MIXTURE> 39 9.501865e-03
<MEAN> 25
 1.207193e+00 2.699270e+00 9.766502e+00 -8.712431e+00 -9.259455e+00 7.607976e-01 -1.925528e+00 -6.290406e+00 -4.395051e+00 5.747214e-01 -3.145003e+00 -2.006848e+00 -8.910517e-01 1.488120e+00 1.706258e+00 -1.708446e+00 -1.829625e-01 1.626163e+00 -1.321781e+00 -8.468779e-01 3.183725e-01 3.788894e-01 -1.293806e-01 -2.243458e-01 3.535571e-03
<VARIANCE> 25
 7.704570e+00 2.474527e+01 2.741354e+01 3.339202e+01 4.867158e+01 4.850455e+01 4.025699e+01 2.998444e+01 4.009037e+01 2.743938e+01 3.240695e+01 2.540775e+01 7.914439e-01 1.446013e+00 1.653530e+00 3.412971e+00 3.233412e+00 3.129997e+00 2.625389e+00 2.871586e+00 2.119587e+00 2.199227e+00 2.557287e+00 2.146576e+00 1.071146e-03
<GCONST> 8.919919e+01
<MIXTURE> 40 1.030800e-02
<MEAN> 25
 -8.898243e+00 2.193337e+00 -7.469659e-01 7.504603e+00 3.302193e+00 5.650568e+00 5.030833e+00 3.819352e+00 5.197085e+00 4.074526e+00 5.105519e+00 1.423656e+00 -9.297646e-02 -2.014925e-01 -5.932656e-02 -2.575804e-01 -6.059277e-02 -6.706478e-02 3.981848e-02 1.184655e-01 2.367101e-03 4.084824e-02 1.015216e-01 5.016344e-02 2.190317e-03
<VARIANCE> 25
 4.191166e+01 1.927218e+01 2.932259e+01 3.226255e+01 2.803505e+01 1.863746e+01 1.901654e+01 2.023808e+01 2.025572e+01 1.767387e+01 2.160047e+01 1.536761e+01 7.413300e-01 7.033702e-01 8.656479e-01 1.143272e+00 1.095126e+00 1.316055e+00 1.267726e+00 1.225793e+00 1.259404e+00 1.183206e+00 1.108303e+00 1.073267e+00 8.468669e-04
<GCONST> 7.703361e+01
<MIXTURE> 41 6.713375e-03
<MEAN> 25
 1.229533e+00 1.851577e+00 1.049711e+01 -6.981499e+00 -9.594593e+00 -3.285756e+00 -2.189901e+00 -4.994523e+00 -4.713477e+00 2.344862e+00 -1.567407e+00 -8.608925e-01 -3.767646e-02 -7.044033e-01 1.786911e+00 -3.508054e+00 -2.440380e+00 5.427914e-02 -5.600342e-01 -3.008234e-01 -8.574955e-01 1.069012e+00 -9.064712e-01 2.520102e-02 8.234982e-02
<VARIANCE> 25
 1.134627e+01 2.782053e+01 3.094759e+01 3.722029e+01 4.606620e+01 4.266941e+01 3.635676e+01 2.862068e+01 3.117836e+01 2.796745e+01 3.127606e+01 2.587692e+01 3.218736e+00 3.333303e+00 3.698325e+00 4.033288e+00 4.762018e+00 6.073783e+00 4.508514e+00 4.301486e+00 3.852389e+00 3.950489e+00 3.890337e+00 3.150118e+00 2.907601e-03
<GCONST> 9.754182e+01
<MIXTURE> 42 1.106211e-02
<MEAN> 25
 -3.407998e+00 3.311685e+00 3.713173e+00 4.669017e+00 5.566529e-01 -6.454141e+00 2.836156e-02 -1.775687e+00 -1.541157e+00 -5.811608e-01 -3.141177e+00 1.440786e+00 3.711546e+00 -6.642890e-01 1.349302e+00 2.121682e-01 -2.106165e+00 -1.057745e+00 -2.482791e+00 -4.278659e-01 -7.368732e-01 -6.580751e-01 9.719100e-01 -1.398023e+00 2.064887e-02
<VARIANCE> 25
 3.525889e+01 2.113354e+01 4.255423e+01 2.857720e+01 3.960725e+01 2.945450e+01 3.056201e+01 2.133904e+01 2.703081e+01 2.234811e+01 1.846448e+01 1.318463e+01 3.204004e+00 3.897148e+00 5.089273e+00 4.673330e+00 4.324769e+00 6.069481e+00 4.961125e+00 4.312271e+00 4.732903e+00 5.072512e+00 4.247060e+00 2.650616e+00 3.460811e-03
<GCONST> 9.706218e+01
<MIXTURE> 43 7.108249e-03
<MEAN> 25
 3.153815e+00 -6.312889e+00 -2.218287e+00 -5.178445e+00 -7.245159e+00 -3.489117e+00 4.140335e+00 1.410580e+00 -4.961377e+00 -7.000632e+00 -4.300089e+00 -1.266781e+00 2.380964e-01 2.171142e+00 1.897896e+00 -1.133164e-01 -1.430084e+00 -7.934361e-01 -9.643930e-01 -7.892974e-01 8.049970e-01 1.450845e+00 3.310373e-01 3.287443e-02 -4.521136e-02
<VARIANCE> 25
 9.526954e+00 1.964958e+01 2.723870e+01 3.496567e+01 4.016294e+01 3.736262e+01 3.297879e+01 4.030360e+01 4.023291e+01 3.900455e+01 2.638354e+01 2.939288e+01 6.877986e-01 1.242561e+00 1.594142e+00 2.533459e+00 2.406913e+00 2.414906e+00 2.635745e+00 3.036866e+00 2.617210e+00 2.577889e+00 2.326029e+00 1.929868e+00 9.366696e-04
<GCONST> 8.807224e+01
<MIXTURE> 44 7.328289e-03
<MEAN> 25
 -1.330390e+01 1.927734e+00 3.295574e+00 -3.125920e+00 3.004000e+00 2.246237e+00 1.232536e-01 2.330534e+00 2.517345e+00 -5.906144e-01 1.242082e+00 1.678775e+00 -1.949960e-01 3.651584e-02 2.177403e-01 2.046112e-01 2.526406e-02 2.198830e-01 3.467373e-01 2.168971e-01 1.742402e-01 1.977152e-01 1.917707e-01 5.426202e-02 3.530544e-03
<VARIANCE> 25
 4.936871e+01 2.342520e+01 2.974053e+01 3.130957e+01 3.402454e+01 3.371157e+01 2.398804e+01 2.949632e+01 3.724291e+01 2.471426e+01 2.575461e+01 2.250038e+01 1.119704e+00 1.513264e+00 1.540104e+00 1.439340e+00 1.963154e+00 1.559809e+00 1.650760e+00 1.465216e+00 1.404095e+00 1.358893e+00 1.358579e+00 1.280405e+00 1.297968e-03
<GCONST> 8.450867e+01
<MIXTURE> 45 1.364932e-02
<MEAN> 25
 -1.157041e+01 2.724668e+00 -1.105046e+00 2.043117e+00 5.323923e+00 -6.394764e-01 4.209535e+00 1.921343e+00 1.719106e+00 1.834535e+00 7.018712e-01 3.056798e+00 -2.925922e+00 2.791718e-01 -2.927865e-01 -1.327441e-01 -4.056640e-02 8.514499e-02 5.796614e-01 5.073196e-01 -1.619386e-01 -5.893132e-02 -8.508619e-02 2.642227e-01 1.101489e-01
<VARIANCE> 25
 3.331718e+01 2.501835e+01 2.574965e+01 3.105627e+01 2.959373e+01 3.356594e+01 2.710043e+01 2.585119e+01 2.591466e+01 3.324709e+01 3.203139e+01 2.178052e+01 2.175944e+00 2.536212e+00 2.726826e+00 3.205757e+00 2.126340e+00 2.270037e+00 1.943103e+00 2.149077e+00 1.745652e+00 2.031441e+00 1.973087e+00 1.579117e+00 3.319517e-03
<GCONST> 8.969045e+01
<MIXTURE> 46 9.336259e-03
<MEAN> 25
 -9.385583e+00 2.323771e+00 1.188486e+00 7.432706e+00 5.875341e+00 3.220439e+00 6.987722e+00 4.369584e+00 5.569275e+00 4.577051e+00 4.888092e+00 2.929477e+00 1.044596e+00 -2.084352e-01 3.737906e-02 9.751043e-01 6.057991e-01 9.443156e-01 3.812871e-01 6.393574e-01 4.818640e-01 4.976023e-01 6.434262e-01 4.979897e-01 -1.039732e-01
<VARIANCE> 25
 3.441350e+01 4.295852e+01 3.795284e+01 5.056467e+01 5.120338e+01 4.118587e+01 3.740966e+01 3.569482e+01 3.403898e+01 3.111465e+01 2.865759e+01 2.033336e+01 3.867146e+00 4.130446e+00 3.867442e+00 4.128174e+00 4.113122e+00 3.713137e+00 3.392583e+00 3.156290e+00 2.936691e+00 2.816435e+00 2.272339e+00 1.798928e+00 7.942604e-03
<GCONST> 9.831250e+01
<MIXTURE> 47 7.116147e-03
<MEAN> 25
 7.229418e+00 -7.359882e+00 -7.620848e+00 -7.139677e+00 1.355890e+00 1.612880e+00 -2.193168e+00 1.445055e+00 2.794144e+00 1.505847e-01 -3.753839e+00 -6.262589e+00 -2.120610e-01 -1.248778e+00 -6.737943e-01 -4.510286e-01 6.779290e-01 7.846920e-01 9.048949e-01 2.967953e-01 1.145167e-01 -8.520699e-01 -4.359909e-01 -5.108787e-01 3.113154e-02
<VARIANCE> 25
 1.065838e+01 2.013660e+01 2.001034e+01 4.131052e+01 3.681854e+01 6.173711e+01 4.377805e+01 3.960120e+01 4.265061e+01 4.451665e+01 5.064758e+01 3.627519e+01 5.183181e-01 7.569482e-01 1.121114e+00 1.644426e+00 1.959275e+00 2.173324e+00 2.261624e+00 2.398984e+00 2.091377e+00 2.060632e+00 2.122755e+00 1.995756e+00 5.478461e-04
<GCONST> 8.649610e+01
<MIXTURE> 48 7.116147e-03
<MEAN> 25
 7.229418e+00 -7.359882e+00 -7.620848e+00 -7.139677e+00 1.355890e+00 1.612880e+00 -2.193168e+00 1.445055e+00 2.794144e+00 1.505847e-01 -3.753839e+00 -6.262589e+00 -2.120610e-01 -1.248778e+00 -6.737943e-01 -4.510286e-01 6.779290e-01 7.846920e-01 9.048949e-01 2.967953e-01 1.145167e-01 -8.520699e-01 -4.359909e-01 -5.108787e-01 3.113154e-02
<VARIANCE> 25
 1.065838e+01 2.013660e+01 2.001034e+01 4.131052e+01 3.681854e+01 6.173711e+01 4.377805e+01 3.960120e+01 4.265061e+01 4.451665e+01 5.064758e+01 3.627519e+01 5.183181e-01 7.569482e-01 1.121114e+00 1.644426e+00 1.959275e+00 2.173324e+00 2.261624e+00 2.398984e+00 2.091377e+00 2.060632e+00 2.122755e+00 1.995756e+00 5.478461e-04
<GCONST> 8.649610e+01
<MIXTURE> 49 5.548473e-03
<MEAN> 25
 -5.075740e+00 3.574884e-01 1.660963e-01 8.452599e+00 6.145126e+00 5.615084e+00 6.071434e+00 4.482186e+00 5.026357e+00 3.717418e+00 4.923181e+00 2.866456e+00 3.653610e-01 6.555909e-01 7.030095e-01 3.527636e-01 -1.953794e-01 -6.703596e-01 -1.010286e+00 -1.119081e+00 -9.560229e-01 -6.803593e-01 -4.923209e-01 -2.709395e-01 -2.341868e-05
<VARIANCE> 25
 9.722834e+00 1.003230e+01 1.426158e+01 1.586150e+01 1.588762e+01 1.717202e+01 1.941959e+01 1.944334e+01 1.821849e+01 1.796337e+01 2.073783e+01 1.428625e+01 2.805294e-01 2.631013e-01 3.593171e-01 6.113487e-01 8.698542e-01 9.754204e-01 9.937975e-01 1.057670e+00 1.134126e+00 1.218382e+00 1.279648e+00 1.207641e+00 1.434518e-05
<GCONST> 6.434344e+01
<MIXTURE> 50 6.234641e-03
<MEAN> 25
 -4.641018e+00 1.244347e-01 -1.468087e+00 6.260288e+00 4.213710e+00 2.192598e+00 3.668113e+00 1.936657e+00 2.776021e+00 1.400087e+00 2.113339e+00 2.829637e+00 5.717478e-02 1.723426e-01 9.067161e-02 -1.689997e-01 -5.111759e-01 -6.146118e-01 -4.232846e-01 -5.029155e-02 4.431990e-01 7.735309e-01 7.257941e-01 4.445818e-01 1.935942e-06
<VARIANCE> 25
 1.057814e+01 1.123395e+01 1.429684e+01 1.589137e+01 1.525552e+01 1.955346e+01 1.866257e+01 1.974065e+01 1.844894e+01 1.737762e+01 2.179319e+01 1.514986e+01 1.443288e-01 2.398107e-01 3.800398e-01 5.256360e-01 5.954754e-01 7.305255e-01 9.531641e-01 1.111676e+00 1.054338e+00 9.042209e-01 9.385355e-01 9.836443e-01 1.030936e-06
<GCONST> 5.966615e+01
<MIXTURE> 51 6.234641e-03
<MEAN> 25
 -4.641018e+00 1.244347e-01 -1.468087e+00 6.260288e+00 4.213710e+00 2.192598e+00 3.668113e+00 1.936657e+00 2.776021e+00 1.400087e+00 2.113339e+00 2.829637e+00 5.717478e-02 1.723426e-01 9.067161e-02 -1.689997e-01 -5.111759e-01 -6.146118e-01 -4.232846e-01 -5.029155e-02 4.431990e-01 7.735309e-01 7.257941e-01 4.445818e-01 1.935942e-06
<VARIANCE> 25
 1.057814e+01 1.123395e+01 1.429684e+01 1.589137e+01 1.525552e+01 1.955346e+01 1.866257e+01 1.974065e+01 1.844894e+01 1.737762e+01 2.179319e+01 1.514986e+01 1.443288e-01 2.398107e-01 3.800398e-01 5.256360e-01 5.954754e-01 7.305255e-01 9.531641e-01 1.111676e+00 1.054338e+00 9.042209e-01 9.385355e-01 9.836443e-01 1.030936e-06
<GCONST> 5.966615e+01
<MIXTURE> 52 6.367945e-03
<MEAN> 25
 9.174123e+00 8.447257e-01 -6.528638e+00 -1.506477e+01 -3.885511e+00 9.811286e+00 -2.054855e+00 -2.183460e+00 -3.971280e+00 -1.888266e+00 3.766455e+00 1.065558e+00 -4.453035e-01 -5.290774e-01 -2.318657e-02 8.735602e-01 1.415402e+00 -4.350442e-01 -5.576527e-01 -4.580279e-01 -5.895793e-02 1.040081e+00 3.356163e-01 -6.320710e-01 -8.973350e-03
<VARIANCE> 25
 1.118037e+01 2.580740e+01 2.359464e+01 3.576522e+01 3.885883e+01 3.156441e+01 3.944710e+01 4.429585e+01 3.679042e+01 3.740507e+01 3.280770e+01 2.719930e+01 4.023004e-01 1.572960e+00 1.184775e+00 3.369197e+00 1.943910e+00 1.909422e+00 2.860404e+00 2.633257e+00 2.699429e+00 2.294306e+00 2.372473e+00 1.986421e+00 1.796998e-03
<GCONST> 8.825787e+01
<MIXTURE> 53 6.367945e-03
<MEAN> 25
 9.174123e+00 8.447257e-01 -6.528638e+00 -1.506477e+01 -3.885511e+00 9.811286e+00 -2.054855e+00 -2.183460e+00 -3.971280e+00 -1.888266e+00 3.766455e+00 1.065558e+00 -4.453035e-01 -5.290774e-01 -2.318657e-02 8.735602e-01 1.415402e+00 -4.350442e-01 -5.576527e-01 -4.580279e-01 -5.895793e-02 1.040081e+00 3.356163e-01 -6.320710e-01 -8.973350e-03
<VARIANCE> 25
 1.118037e+01 2.580740e+01 2.359464e+01 3.576522e+01 3.885883e+01 3.156441e+01 3.944710e+01 4.429585e+01 3.679042e+01 3.740507e+01 3.280770e+01 2.719930e+01 4.023004e-01 1.572960e+00 1.184775e+00 3.369197e+00 1.943910e+00 1.909422e+00 2.860404e+00 2.633257e+00 2.699429e+00 2.294306e+00 2.372473e+00 1.986421e+00 1.796998e-03
<GCONST> 8.825787e+01
<MIXTURE> 54 7.368620e-03
<MEAN> 25
 -3.633788e+00 4.934200e-02 -6.831572e-01 8.036605e+00 6.483988e+00 4.625336e+00 4.675301e+00 4.601007e+00 4.053089e+00 3.593788e+00 4.457437e+00 2.326288e+00 -2.132079e-03 2.653660e-02 3.415066e-02 4.748762e-02 5.136245e-02 4.707653e-02 3.888700e-02 2.892024e-02 3.081330e-02 2.506428e-02 1.451583e-02 1.779950e-03 -1.218490e-05
<VARIANCE> 25
 9.137460e+00 1.036365e+01 9.295811e+00 1.818526e+01 1.332126e+01 1.353449e+01 1.197161e+01 1.128243e+01 1.134289e+01 1.354986e+01 1.780295e+01 1.253445e+01 4.087531e-02 8.734650e-02 1.540860e-01 2.265873e-01 3.079379e-01 3.969482e-01 4.608461e-01 5.215823e-01 5.420839e-01 5.211475e-01 5.144447e-01 5.164406e-01 1.000022e-06
<GCONST> 4.724862e+01
<MIXTURE> 55 7.368620e-03
<MEAN> 25
 -3.633788e+00 4.934200e-02 -6.831572e-01 8.036605e+00 6.483988e+00 4.625336e+00 4.675301e+00 4.601007e+00 4.053089e+00 3.593788e+00 4.457437e+00 2.326288e+00 -2.132079e-03 2.653660e-02 3.415066e-02 4.748762e-02 5.136245e-02 4.707653e-02 3.888700e-02 2.892024e-02 3.081330e-02 2.506428e-02 1.451583e-02 1.779950e-03 -1.218490e-05
<VARIANCE> 25
 9.137460e+00 1.036365e+01 9.295811e+00 1.818526e+01 1.332126e+01 1.353449e+01 1.197161e+01 1.128243e+01 1.134289e+01 1.354986e+01 1.780295e+01 1.253445e+01 4.087531e-02 8.734650e-02 1.540860e-01 2.265873e-01 3.079379e-01 3.969482e-01 4.608461e-01 5.215823e-01 5.420839e-01 5.211475e-01 5.144447e-01 5.164406e-01 1.000022e-06
<GCONST> 4.724862e+01
<MIXTURE> 56 6.132464e-03
<MEAN> 25
 7.498287e+00 -6.771418e+00 -9.108817e+00 -8.937923e+00 3.854365e+00 4.240142e+00 -2.060343e+00 -1.361754e+00 1.838629e+00 6.361118e-01 -2.303549e+00 -6.923175e+00 -2.807758e-02 2.173702e-02 -8.950812e-02 5.176853e-02 2.882093e-01 5.617294e-02 1.166384e-01 -1.486642e-01 -5.612988e-02 -4.140838e-02 -8.444949e-02 -2.297792e-02 -6.849405e-03
<VARIANCE> 25
 9.243041e+00 2.294915e+01 1.959415e+01 4.528611e+01 3.284808e+01 5.395863e+01 6.091050e+01 3.654096e+01 3.864108e+01 3.679161e+01 4.077420e+01 3.220605e+01 2.149975e-01 4.291864e-01 4.460041e-01 7.961782e-01 8.237345e-01 1.104482e+00 8.994418e-01 8.906193e-01 8.904920e-01 9.069598e-01 1.010215e+00 8.688941e-01 2.480550e-04
<GCONST> 7.533946e+01
<MIXTURE> 57 6.132464e-03
<MEAN> 25
 7.498287e+00 -6.771418e+00 -9.108817e+00 -8.937923e+00 3.854365e+00 4.240142e+00 -2.060343e+00 -1.361754e+00 1.838629e+00 6.361118e-01 -2.303549e+00 -6.923175e+00 -2.807758e-02 2.173702e-02 -8.950812e-02 5.176853e-02 2.882093e-01 5.617294e-02 1.166384e-01 -1.486642e-01 -5.612988e-02 -4.140838e-02 -8.444949e-02 -2.297792e-02 -6.849405e-03
<VARIANCE> 25
 9.243041e+00 2.294915e+01 1.959415e+01 4.528611e+01 3.284808e+01 5.395863e+01 6.091050e+01 3.654096e+01 3.864108e+01 3.679161e+01 4.077420e+01 3.220605e+01 2.149975e-01 4.291864e-01 4.460041e-01 7.961782e-01 8.237345e-01 1.104482e+00 8.994418e-01 8.906193e-01 8.904920e-01 9.069598e-01 1.010215e+00 8.688941e-01 2.480550e-04
<GCONST> 7.533946e+01
<MIXTURE> 58 6.172147e-03
<MEAN> 25
 2.605540e+00 -3.070695e+00 7.337848e+00 -5.093607e+00 -1.343428e+01 -5.440572e+00 1.603430e+00 8.069425e-01 -2.522729e+00 1.768674e+00 6.586741e-01 -8.751538e-01 -3.766187e-02 -1.284839e-01 -5.336608e-02 -1.795408e-01 -2.068671e-02 2.609198e-01 3.743873e-01 2.198338e-01 6.942321e-03 -6.006969e-03 -6.921793e-02 -1.415256e-01 -3.171728e-03
<VARIANCE> 25
 7.563423e+00 1.555843e+01 1.995967e+01 2.852138e+01 2.326307e+01 4.749539e+01 3.233023e+01 3.439772e+01 3.390179e+01 3.093916e+01 2.330900e+01 1.988143e+01 3.072927e-01 8.032371e-01 7.871262e-01 1.028571e+00 8.807888e-01 1.269956e+00 1.170464e+00 1.293315e+00 1.084754e+00 1.084037e+00 9.076273e-01 8.664498e-01 7.179143e-04
<GCONST> 7.577383e+01
<MIXTURE> 59 6.172147e-03
<MEAN> 25
 2.605540e+00 -3.070695e+00 7.337848e+00 -5.093607e+00 -1.343428e+01 -5.440572e+00 1.603430e+00 8.069425e-01 -2.522729e+00 1.768674e+00 6.586741e-01 -8.751538e-01 -3.766187e-02 -1.284839e-01 -5.336608e-02 -1.795408e-01 -2.068671e-02 2.609198e-01 3.743873e-01 2.198338e-01 6.942321e-03 -6.006969e-03 -6.921793e-02 -1.415256e-01 -3.171728e-03
<VARIANCE> 25
 7.563423e+00 1.555843e+01 1.995967e+01 2.852138e+01 2.326307e+01 4.749539e+01 3.233023e+01 3.439772e+01 3.390179e+01 3.093916e+01 2.330900e+01 1.988143e+01 3.072927e-01 8.032371e-01 7.871262e-01 1.028571e+00 8.807888e-01 1.269956e+00 1.170464e+00 1.293315e+00 1.084754e+00 1.084037e+00 9.076273e-01 8.664498e-01 7.179143e-04
<GCONST> 7.577383e+01
<MIXTURE> 60 4.479129e-03
<MEAN> 25
 -4.279325e+00 -6.445373e-01 -1.057211e+00 3.618410e+00 1.678388e+00 2.208714e+00 1.638989e+00 1.487503e+00 2.286809e+00 1.274710e+00 2.356046e+00 1.871064e+00 -3.021944e-02 5.719692e-02 9.947266e-02 1.232526e-01 1.387833e-01 1.290244e-01 1.773535e-01 3.277006e-01 5.383329e-01 6.599893e-01 5.566465e-01 2.933178e-01 -4.794087e-04
<VARIANCE> 25
 6.900400e+00 4.520637e+00 1.024434e+01 1.191064e+01 1.379056e+01 1.771303e+01 1.393839e+01 1.191563e+01 1.413514e+01 1.307045e+01 1.585942e+01 1.243345e+01 8.667102e-02 1.668406e-01 2.767757e-01 4.361735e-01 5.887825e-01 7.351469e-01 8.218956e-01 8.968913e-01 8.975075e-01 8.314372e-01 8.320232e-01 8.691472e-01 2.401204e-05
<GCONST> 5.655849e+01
<MIXTURE> 61 4.479129e-03
<MEAN> 25
 -4.279325e+00 -6.445373e-01 -1.057211e+00 3.618410e+00 1.678388e+00 2.208714e+00 1.638989e+00 1.487503e+00 2.286809e+00 1.274710e+00 2.356046e+00 1.871064e+00 -3.021944e-02 5.719692e-02 9.947266e-02 1.232526e-01 1.387833e-01 1.290244e-01 1.773535e-01 3.277006e-01 5.383329e-01 6.599893e-01 5.566465e-01 2.933178e-01 -4.794087e-04
<VARIANCE> 25
 6.900400e+00 4.520637e+00 1.024434e+01 1.191064e+01 1.379056e+01 1.771303e+01 1.393839e+01 1.191563e+01 1.413514e+01 1.307045e+01 1.585942e+01 1.243345e+01 8.667102e-02 1.668406e-01 2.767757e-01 4.361735e-01 5.887825e-01 7.351469e-01 8.218956e-01 8.968913e-01 8.975075e-01 8.314372e-01 8.320232e-01 8.691472e-01 2.401204e-05
<GCONST> 5.655849e+01
<MIXTURE> 62 3.278034e-03
<MEAN> 25
 -5.069534e+00 1.245928e+00 1.040550e+00 8.798880e+00 6.044704e+00 5.062274e+00 5.499193e+00 3.966780e+00 5.029207e+00 3.929720e+00 4.938040e+00 2.942204e+00 -1.004718e+00 -1.161502e+00 -9.434739e-01 -2.860965e-01 4.259368e-01 1.015941e+00 1.377184e+00 1.546866e+00 1.481816e+00 1.236671e+00 1.065841e+00 7.206304e-01 -1.233050e-03
<VARIANCE> 25
 9.897319e+00 9.904786e+00 1.307423e+01 1.671197e+01 1.857672e+01 1.745193e+01 1.958696e+01 1.977147e+01 1.907016e+01 1.864980e+01 2.157829e+01 1.472474e+01 3.997867e-01 4.341225e-01 5.671006e-01 7.898381e-01 1.029648e+00 1.205799e+00 1.254721e+00 1.276771e+00 1.323933e+00 1.363841e+00 1.392214e+00 1.368853e+00 1.640924e-05
<GCONST> 6.764595e+01
<MIXTURE> 63 4.351215e-03
<MEAN> 25
 -4.000769e+00 -1.671208e+00 -4.350131e+00 2.845189e+00 2.899876e+00 -6.849740e-02 2.751400e+00 1.129577e+00 3.368229e+00 -4.697480e-01 -1.437472e+00 2.297632e+00 -9.430818e-02 2.995332e-01 3.490658e-01 5.282474e-01 4.433346e-01 4.820445e-01 4.664318e-01 1.729403e-01 1.731319e-01 2.091306e-01 1.977112e-01 1.970078e-01 -5.789415e-03
<VARIANCE> 25
 1.017480e+01 1.666136e+01 1.651690e+01 2.216962e+01 1.906031e+01 3.284946e+01 2.070183e+01 2.299452e+01 2.984564e+01 2.049285e+01 1.929979e+01 1.576955e+01 2.536031e-01 4.099311e-01 6.234604e-01 8.247775e-01 9.084910e-01 1.137951e+00 1.260749e+00 1.268553e+00 1.266842e+00 1.289727e+00 1.252456e+00 1.235494e+00 1.839338e-04
<GCONST> 7.162292e+01
<MIXTURE> 64 4.351215e-03
<MEAN> 25
 -4.000769e+00 -1.671208e+00 -4.350131e+00 2.845189e+00 2.899876e+00 -6.849740e-02 2.751400e+00 1.129577e+00 3.368229e+00 -4.697480e-01 -1.437472e+00 2.297632e+00 -9.430818e-02 2.995332e-01 3.490658e-01 5.282474e-01 4.433346e-01 4.820445e-01 4.664318e-01 1.729403e-01 1.731319e-01 2.091306e-01 1.977112e-01 1.970078e-01 -5.789415e-03
<VARIANCE> 25
 1.017480e+01 1.666136e+01 1.651690e+01 2.216962e+01 1.906031e+01 3.284946e+01 2.070183e+01 2.299452e+01 2.984564e+01 2.049285e+01 1.929979e+01 1.576955e+01 2.536031e-01 4.099311e-01 6.234604e-01 8.247775e-01 9.084910e-01 1.137951e+00 1.260749e+00 1.268553e+00 1.266842e+00 1.289727e+00 1.252456e+00 1.235494e+00 1.839338e-04
<GCONST> 7.162292e+01
<MIXTURE> 65 1.721197e-02
<MEAN> 25
 7.333019e+00 2.258553e+00 1.469673e+00 1.658237e+00 -4.921500e+00 -3.712207e+00 -4.698165e+00 -5.999284e+00 -2.468438e+00 -1.560008e+00 -5.064544e+00 -1.712465e+00 1.180803e-01 7.925463e-02 3.190751e-02 1.149447e-01 -3.250112e-01 3.640221e-01 -1.789219e-02 -3.608099e-01 1.789668e-01 9.193618e-02 -1.123985e-02 -7.023853e-02 -6.815765e-03
<VARIANCE> 25
 1.088460e+01 1.994781e+01 2.333915e+01 3.332442e+01 3.715230e+01 5.171911e+01 5.569433e+01 5.369125e+01 5.747857e+01 5.058508e+01 5.432991e+01 4.481998e+01 5.706162e-01 8.848236e-01 1.554434e+00 1.628416e+00 1.943650e+00 2.156503e+00 2.362467e+00 3.513507e+00 2.215686e+00 2.254424e+00 2.146424e+00 2.006866e+00 4.004650e-04
<GCONST> 8.836123e+01
<MIXTURE> 66 1.191532e-02
<MEAN> 25
 5.944341e+00 -4.301621e+00 -4.734392e+00 -4.737194e+00 2.491969e+00 -6.177297e+00 -4.632647e+00 2.452743e+00 1.804279e+00 -1.352749e+00 -5.428396e+00 -3.680504e+00 1.169004e-01 1.810983e+00 1.945681e+00 2.487570e+00 -1.431494e+00 -1.240627e+00 -4.783164e-02 -8.993003e-01 -2.533741e-01 -1.729682e-01 -3.618420e-01 1.128357e+00 -6.200914e-02
<VARIANCE> 25
 9.729574e+00 2.426988e+01 2.693861e+01 2.924608e+01 3.698400e+01 5.140120e+01 6.453198e+01 4.677528e+01 4.922486e+01 5.556660e+01 3.347036e+01 3.013060e+01 1.154691e+00 2.103240e+00 2.431838e+00 2.254325e+00 3.879890e+00 4.046063e+00 3.638279e+00 5.272529e+00 3.696256e+00 4.038386e+00 3.269291e+00 2.830040e+00 1.226226e-03
<GCONST> 9.499407e+01
<MIXTURE> 67 1.559142e-02
<MEAN> 25
 8.272792e+00 1.573087e+00 -6.256344e+00 -8.766984e+00 1.540108e+00 4.111960e+00 -3.220604e+00 -1.920420e+00 -3.840108e+00 8.477728e-01 7.806852e-01 -1.666312e+00 -1.044905e+00 1.900962e+00 6.220495e-01 2.925247e+00 1.272835e+00 -6.466088e-01 1.186336e+00 -7.062395e-02 3.522551e-01 2.477063e-01 -1.174657e-01 6.654058e-01 -1.281365e-01
<VARIANCE> 25
 1.437251e+01 3.692539e+01 3.017772e+01 5.382211e+01 4.916408e+01 5.822414e+01 5.634249e+01 4.877230e+01 5.923042e+01 5.136883e+01 5.690928e+01 4.370769e+01 1.981647e+00 3.158556e+00 4.516008e+00 4.253680e+00 4.354970e+00 4.270477e+00 4.384235e+00 4.855001e+00 5.387484e+00 4.328304e+00 4.886747e+00 3.395470e+00 2.778589e-03
<GCONST> 1.021744e+02
<MIXTURE> 68 1.485092e-02
<MEAN> 25
 -2.146332e+00 -2.235163e+00 -4.062166e+00 1.313923e+00 5.291940e+00 -7.957169e-01 2.136454e+00 1.773250e+00 1.969596e+00 1.682760e+00 3.638583e-01 1.851987e+00 2.765987e+00 5.232906e-01 1.584319e-02 -2.520761e+00 -2.388769e+00 -1.539349e+00 -2.369643e+00 -1.766745e+00 -1.593024e+00 -1.458710e+00 -1.896360e+00 -1.058731e+00 1.018922e-01
<VARIANCE> 25
 2.663558e+01 3.208792e+01 5.786543e+01 5.236152e+01 4.608595e+01 5.474183e+01 4.441618e+01 4.183092e+01 3.985226e+01 4.276976e+01 3.741626e+01 2.534889e+01 1.847149e+00 3.722586e+00 5.863653e+00 5.940489e+00 4.661974e+00 5.821262e+00 5.753204e+00 4.911422e+00 5.100370e+00 5.250916e+00 5.370036e+00 3.372621e+00 6.127989e-03
<GCONST> 1.035804e+02
<MIXTURE> 69 1.204884e-02
<MEAN> 25
 4.646827e+00 -4.248259e+00 -3.562038e+00 -3.571270e+00 -3.470408e+00 -7.828154e+00 -1.158363e+00 2.243223e+00 -3.455055e-01 -4.684721e+00 -5.622450e+00 9.492192e-01 1.654029e+00 -2.236134e+00 -1.329826e+00 -2.232228e+00 -5.083869e-01 -3.332967e-01 -4.768656e-01 6.280541e-01 -6.387945e-01 -1.431833e+00 -2.190817e+00 -1.739588e-01 6.229419e-02
<VARIANCE> 25
 8.879373e+00 2.221691e+01 2.715626e+01 2.618810e+01 4.281135e+01 3.584053e+01 4.914842e+01 3.229315e+01 3.952884e+01 3.779291e+01 3.141699e+01 2.441892e+01 3.587551e+00 2.923320e+00 3.339090e+00 3.679631e+00 5.828578e+00 4.998866e+00 7.096844e+00 6.057199e+00 5.866862e+00 5.877553e+00 4.365406e+00 3.692505e+00 2.436073e-03
<GCONST> 9.875056e+01
<MIXTURE> 70 1.329190e-02
<MEAN> 25
 6.639891e+00 -2.000692e+00 -3.623294e+00 -3.472452e+00 -4.493088e-02 2.290198e-01 -8.129784e+00 -3.832247e+00 8.621256e-01 2.821298e+00 3.247304e-01 -4.404490e+00 2.295277e+00 -1.038926e+00 -8.380482e-01 -2.167460e+00 -1.957915e+00 1.972000e+00 -1.907460e+00 -2.264007e-01 3.435826e-01 -2.396931e-01 1.285389e+00 -1.221143e+00 5.626963e-02
<VARIANCE> 25
 1.118099e+01 1.930521e+01 2.450791e+01 4.123065e+01 3.253516e+01 4.830605e+01 4.410247e+01 3.692847e+01 3.939044e+01 2.751810e+01 4.008769e+01 2.348484e+01 3.684340e+00 2.757629e+00 3.963273e+00 4.148701e+00 5.511201e+00 8.064360e+00 7.208678e+00 6.679703e+00 5.415193e+00 4.700966e+00 6.262671e+00 4.023759e+00 2.183158e-03
<GCONST> 9.995462e+01
<MIXTURE> 71 1.406903e-02
<MEAN> 25
 5.749138e+00 4.866888e+00 2.625982e+00 3.300692e+00 -3.627515e+00 -3.849090e+00 -3.107513e+00 -6.867361e+00 -4.088024e+00 -2.065934e+00 -3.502907e+00 -2.789924e+00 -1.653339e+00 -1.022523e+00 -1.227703e-01 -1.762038e+00 1.264488e+00 9.857453e-02 -3.765470e-01 1.401811e+00 6.535486e-02 -1.239583e-01 4.575844e-01 4.628432e-01 3.661155e-02
<VARIANCE> 25
 1.744568e+01 2.068114e+01 2.449393e+01 3.798653e+01 3.286845e+01 3.886916e+01 4.735917e+01 3.172649e+01 3.540541e+01 3.267816e+01 3.342745e+01 2.742341e+01 1.629316e+00 3.806394e+00 5.826749e+00 5.252040e+00 3.773825e+00 4.019243e+00 4.046051e+00 4.133536e+00 3.635816e+00 3.640685e+00 3.528926e+00 3.205142e+00 1.173352e-03
<GCONST> 9.605570e+01
<MIXTURE> 72 8.134747e-03
<MEAN> 25
 3.247828e+00 -4.005629e+00 5.995807e+00 -9.448768e-01 -9.344261e+00 -9.352382e+00 -1.416994e+00 3.665833e+00 -3.811049e+00 -2.624289e+00 -8.358847e-01 1.476281e+00 9.773824e-01 -1.031722e+00 -2.577176e+00 6.164677e-01 1.567367e+00 -3.599636e-01 -9.823387e-01 1.667293e+00 2.095814e+00 -7.056707e-01 -1.378566e+00 4.503578e-01 -7.925496e-03
<VARIANCE> 25
 1.004089e+01 1.755185e+01 2.918780e+01 4.162215e+01 3.248787e+01 2.815178e+01 3.889820e+01 4.490825e+01 4.457579e+01 3.569200e+01 3.683135e+01 2.781968e+01 3.760774e-01 1.095752e+00 1.672100e+00 1.577369e+00 3.035376e+00 2.501586e+00 3.049209e+00 2.356667e+00 2.598798e+00 2.684857e+00 1.842061e+00 1.839902e+00 5.354334e-04
<GCONST> 8.652293e+01
<MIXTURE> 73 1.213625e-02
<MEAN> 25
 -5.638912e+00 -7.881289e-01 -1.309483e+00 4.914115e+00 4.244498e+00 2.324855e+00 5.508984e+00 3.442956e+00 4.358871e+00 3.431107e+00 4.245885e+00 3.025062e+00 8.019194e-01 -1.031386e+00 -9.407157e-01 -2.644703e+00 -1.262036e+00 -1.746975e+00 -9.022777e-01 -5.054498e-01 -9.187203e-01 -7.000632e-01 -1.100866e+00 -2.832281e-01 1.547129e-01
<VARIANCE> 25
 1.289137e+01 1.339377e+01 1.521476e+01 2.263347e+01 2.334888e+01 2.490943e+01 2.039287e+01 2.005147e+01 1.779489e+01 1.904333e+01 2.300572e+01 1.557010e+01 4.055813e+00 3.088597e+00 5.968435e+00 4.680759e+00 6.141990e+00 4.574816e+00 4.311078e+00 4.248348e+00 3.898605e+00 4.229290e+00 3.555626e+00 2.671009e+00 4.305159e-03
<GCONST> 9.273293e+01
<MIXTURE> 74 1.756491e-02
<MEAN> 25
 4.061110e+00 -1.831920e+00 4.861453e+00 -1.452002e-01 -6.595260e+00 -7.837063e+00 -2.578988e+00 1.269244e+00 -3.347280e+00 -2.110007e+00 -9.527885e-01 -6.882611e-01 2.701482e-01 2.263279e+00 -1.744878e-01 1.297654e+00 8.163035e-01 7.796786e-01 -5.156818e-02 -1.481796e+00 1.577782e-01 8.088288e-02 -1.670971e-01 7.312230e-02 -7.765523e-02
<VARIANCE> 25
 1.137169e+01 2.000652e+01 3.039219e+01 3.148158e+01 4.541510e+01 5.221548e+01 5.497096e+01 4.179872e+01 4.336583e+01 3.634080e+01 3.823726e+01 3.516565e+01 1.655679e+00 2.006505e+00 3.400497e+00 2.518315e+00 4.072399e+00 4.846572e+00 4.383100e+00 3.332164e+00 3.337477e+00 3.196665e+00 3.207722e+00 2.872378e+00 1.447791e-03
<GCONST> 9.537737e+01
<MIXTURE> 75 9.711651e-03
<MEAN> 25
 2.241772e+00 -1.570182e+00 1.082358e+01 3.008497e+00 -9.775085e+00 -7.367856e+00 -4.580105e+00 1.588993e-01 -5.508708e+00 -4.539570e+00 3.221221e+00 -2.506559e-01 1.972536e+00 -1.710885e+00 -8.566513e-02 -2.151280e-01 -2.071352e+00 -3.778417e-01 -1.703973e+00 8.900828e-01 -2.964784e-01 -3.534482e-01 1.371088e+00 -8.620707e-01 3.421819e-02
<VARIANCE> 25
 1.057153e+01 1.673735e+01 2.805029e+01 4.557877e+01 3.113741e+01 2.754762e+01 2.798745e+01 2.605315e+01 3.263796e+01 2.955545e+01 1.646085e+01 1.792755e+01 2.665912e+00 1.689741e+00 3.912555e+00 2.117826e+00 3.653761e+00 3.826493e+00 3.976834e+00 2.897229e+00 3.594475e+00 3.629290e+00 2.747475e+00 2.594295e+00 1.303308e-03
<GCONST> 9.077268e+01
<MIXTURE> 76 1.052359e-02
<MEAN> 25
 -5.361985e+00 -2.324498e-02 -2.374539e+00 4.668750e+00 3.823186e+00 6.417209e-01 3.751299e+00 1.149934e+00 3.069100e+00 3.020167e-01 -6.090012e-01 2.375437e+00 -1.521063e-01 -5.732386e-01 -7.749840e-04 -8.844559e-01 -4.146864e-01 -7.264134e-01 -6.429541e-01 -2.558058e-02 -4.748419e-01 -3.203751e-01 -2.546437e-01 -2.036980e-01 1.996445e-02
<VARIANCE> 25
 3.740817e+01 2.797847e+01 2.582800e+01 3.501458e+01 2.952685e+01 3.930982e+01 2.559566e+01 2.609666e+01 2.593790e+01 1.952604e+01 3.295205e+01 1.675364e+01 9.787081e-01 1.014086e+00 1.536582e+00 1.363656e+00 1.369772e+00 1.688172e+00 1.567261e+00 1.608293e+00 1.601249e+00 1.372345e+00 1.278675e+00 1.103126e+00 1.163380e-03
<GCONST> 8.267946e+01
<MIXTURE> 77 1.244626e-02
<MEAN> 25
 -4.655430e-01 8.584611e+00 1.202022e+01 -1.067166e+01 -6.878100e+00 8.107090e-01 -8.316686e+00 -7.269609e+00 -2.889117e+00 1.646661e-02 -3.822524e+00 -1.763204e+00 8.177186e-02 5.571496e-02 -6.353320e-03 2.588886e-01 -5.195386e-02 7.031282e-03 -1.590603e-01 2.770120e-02 8.249038e-03 -1.353540e-01 -1.285932e-02 2.295266e-01 -1.049730e-02
<VARIANCE> 25
 9.832993e+00 1.917526e+01 2.739367e+01 4.555631e+01 3.041448e+01 3.393751e+01 4.175405e+01 3.006275e+01 3.689306e+01 3.089881e+01 4.079794e+01 3.249389e+01 2.871263e-01 8.387467e-01 6.666527e-01 9.927379e-01 1.146516e+00 1.064741e+00 1.320513e+00 1.090836e+00 1.036091e+00 1.145684e+00 9.116185e-01 1.016009e+00 5.303082e-04
<GCONST> 7.789922e+01
<MIXTURE> 78 9.702551e-03
<MEAN> 25
 -1.022654e+01 1.962668e+00 -1.516253e+00 3.868131e+00 3.913668e+00 -2.839183e+00 4.486851e+00 1.271176e+00 6.518110e-01 -3.992088e-01 -7.713214e-01 3.793939e+00 1.992257e+00 1.240976e-01 -5.497618e-02 6.399856e-01 6.837903e-02 -1.249204e-02 -2.662160e-01 -5.101039e-01 4.654222e-01 3.335989e-01 -1.969703e-01 -7.245496e-01 -5.068241e-02
<VARIANCE> 25
 3.717292e+01 2.437853e+01 2.232796e+01 3.602489e+01 4.279703e+01 3.200365e+01 4.184131e+01 2.899369e+01 2.873787e+01 2.924908e+01 1.953013e+01 2.232513e+01 4.122489e+00 2.541394e+00 2.756195e+00 2.717899e+00 2.288637e+00 3.071022e+00 3.992799e+00 2.642379e+00 1.943173e+00 2.061204e+00 1.888865e+00 1.913958e+00 4.372397e-03
<GCONST> 9.249062e+01
<MIXTURE> 79 1.156824e-02
<MEAN> 25
 2.031215e+00 1.219507e+00 9.596815e+00 -5.575663e+00 -1.083278e+01 -2.088004e+00 -1.349119e+00 -4.765679e+00 -6.756807e+00 8.660072e-01 -1.059068e+00 -2.680272e+00 1.076427e+00 -6.965684e-01 -1.503072e+00 2.269575e+00 2.572387e-01 -1.560077e+00 4.982048e-01 9.218983e-01 -4.470203e-02 -7.591597e-01 2.286139e-01 4.793990e-01 -3.702071e-02
<VARIANCE> 25
 1.291802e+01 2.808040e+01 3.749194e+01 4.202210e+01 3.180245e+01 3.699818e+01 3.648423e+01 5.471064e+01 3.229016e+01 3.402016e+01 4.769277e+01 2.508159e+01 8.514703e-01 2.156359e+00 1.621826e+00 2.288429e+00 2.243457e+00 2.264266e+00 3.686259e+00 3.595636e+00 2.814846e+00 2.405879e+00 1.872570e+00 1.838173e+00 1.063905e-03
<GCONST> 9.039268e+01
<MIXTURE> 80 7.550998e-03
<MEAN> 25
 -1.460606e+01 3.980179e+00 6.916433e-01 2.873422e+00 2.438961e+00 1.407678e+00 6.391646e+00 2.489455e+00 2.715721e+00 2.374482e+00 4.842371e+00 1.191691e+00 4.283978e+00 -1.671305e-02 1.638796e+00 -1.130430e+00 -2.886127e+00 -2.778424e+00 -2.320718e+00 -2.019593e+00 -1.974851e+00 -1.681791e+00 -1.648995e+00 -6.054038e-01 -4.415392e-02
<VARIANCE> 25
 2.094904e+01 1.985378e+01 3.441144e+01 3.471440e+01 3.027631e+01 2.918495e+01 2.829399e+01 2.856424e+01 2.672621e+01 2.880764e+01 2.691792e+01 1.810432e+01 2.359984e+00 2.665552e+00 2.674155e+00 4.138877e+00 3.399798e+00 2.703859e+00 3.033726e+00 3.203240e+00 2.751709e+00 2.710126e+00 2.782457e+00 2.148946e+00 1.515819e-03
<GCONST> 9.141821e+01
<MIXTURE> 81 8.025434e-03
<MEAN> 25
 -1.119603e+00 4.072129e+00 1.014334e+01 -1.465234e+01 -9.044995e+00 -1.283743e+00 -6.674335e+00 -8.396216e+00 -4.052901e+00 -4.010545e-01 -7.474677e+00 -2.239355e+00 1.201855e-01 -5.847133e-01 8.674401e-04 -5.685275e-01 -4.715202e-01 3.397441e-01 3.017541e-01 1.564605e-01 -1.439725e-01 9.633003e-02 -4.518930e-01 -1.372099e-01 1.154550e-02
<VARIANCE> 25
 1.007507e+01 3.243059e+01 2.637179e+01 3.065506e+01 3.344388e+01 3.195039e+01 4.548597e+01 2.806687e+01 3.944401e+01 3.150250e+01 2.601900e+01 3.069221e+01 7.818167e-01 2.265019e+00 1.539345e+00 2.873631e+00 2.699849e+00 2.117709e+00 3.266745e+00 2.286995e+00 2.341974e+00 2.522001e+00 2.327347e+00 2.083931e+00 1.170865e-03
<GCONST> 8.878297e+01
<MIXTURE> 82 8.213053e-03
<MEAN> 25
 -9.966000e+00 -3.847973e+00 1.610770e+00 -2.979396e+00 3.213701e+00 5.650108e-01 2.070804e+00 1.012726e+00 2.785034e+00 1.848945e+00 1.510207e+00 3.041232e+00 -1.318667e+00 -1.279832e-01 3.099182e-01 -2.554450e+00 -1.097130e+00 -1.218418e+00 -9.893696e-01 -8.193402e-01 -3.026824e-01 -4.769164e-01 -3.015597e-01 -8.787329e-02 1.767096e-01
<VARIANCE> 25
 1.802731e+01 2.461120e+01 3.183472e+01 3.020778e+01 3.281256e+01 3.217132e+01 3.182788e+01 3.310656e+01 3.181892e+01 2.553308e+01 3.234360e+01 1.751068e+01 3.723147e+00 2.979665e+00 3.265769e+00 3.298497e+00 3.489591e+00 3.311485e+00 2.928686e+00 3.067373e+00 2.755884e+00 2.442849e+00 2.426619e+00 1.826934e+00 3.475492e-03
<GCONST> 9.303181e+01
<MIXTURE> 83 1.167529e-02
<MEAN> 25
 -1.993696e+01 5.410258e+00 -1.799822e+00 -2.995609e-01 7.698193e+00 -1.333404e+00 5.513382e+00 2.996551e+00 1.020601e+00 2.061584e+00 6.612841e-01 2.998770e+00 -3.405802e-02 -4.613098e-01 1.514132e-02 -3.523370e-01 -4.813729e-01 -1.006459e-01 -1.141071e-01 -9.579006e-02 -2.531173e-02 -2.912566e-02 -2.044472e-02 -2.560820e-02 4.903494e-03
<VARIANCE> 25
 9.232083e+00 1.670274e+01 2.805490e+01 2.312948e+01 2.199610e+01 2.425389e+01 2.182171e+01 2.339868e+01 2.166509e+01 2.328854e+01 2.313263e+01 1.512195e+01 1.053603e+00 9.381521e-01 1.224760e+00 1.061095e+00 1.354423e+00 1.301874e+00 1.300123e+00 1.366030e+00 1.339599e+00 1.304951e+00 1.206017e+00 1.059704e+00 9.241528e-04
<GCONST> 7.726573e+01
<MIXTURE> 84 1.066614e-02
<MEAN> 25
 1.127696e+00 8.983448e+00 7.160407e+00 7.850234e+00 2.689736e+00 -9.317999e-01 -1.514835e+00 -4.524651e+00 -4.041266e+00 -2.852797e+00 -2.410747e+00 -1.596104e+00 -1.770204e+00 -1.155599e+00 -1.203008e+00 1.258295e+00 2.203905e+00 1.500515e+00 1.437543e+00 1.251928e+00 1.157020e+00 3.911170e-01 3.962491e-01 4.637204e-01 -7.065860e-02
<VARIANCE> 25
 2.333333e+01 1.795949e+01 2.166865e+01 2.447912e+01 2.946590e+01 2.798987e+01 2.804845e+01 2.717674e+01 2.508508e+01 2.488391e+01 2.328939e+01 2.437868e+01 2.090890e+00 2.542999e+00 3.808787e+00 3.284692e+00 3.322739e+00 3.396935e+00 3.243869e+00 3.433129e+00 3.420072e+00 3.204879e+00 3.533401e+00 2.871127e+00 3.543920e-03
<GCONST> 9.248836e+01
<MIXTURE> 85 7.591393e-03
<MEAN> 25
 -3.113921e+00 7.886236e+00 5.715475e+00 1.298418e+00 -3.484075e+00 -5.325394e+00 -2.966620e+00 -6.117797e+00 -3.531396e+00 -3.179266e+00 -4.802487e-01 -1.891776e+00 3.938932e+00 3.228370e-01 1.752117e+00 -2.083818e+00 -3.407099e+00 -2.581590e+00 -2.885522e+00 -2.337837e+00 -2.244738e+00 -1.258361e+00 -2.298004e+00 -6.187578e-01 9.206677e-03
<VARIANCE> 25
 4.242423e+01 2.341561e+01 3.651551e+01 3.827639e+01 3.980066e+01 4.111322e+01 3.219248e+01 2.788184e+01 2.669182e+01 2.609807e+01 2.621339e+01 2.055958e+01 2.710850e+00 4.320711e+00 4.064073e+00 5.198588e+00 4.423778e+00 3.874841e+00 3.855935e+00 3.986363e+00 3.855766e+00 4.055583e+00 3.945813e+00 3.484180e+00 5.436286e-03
<GCONST> 9.836749e+01
<MIXTURE> 86 1.273941e-02
<MEAN> 25
 -4.968802e+00 -1.186889e+00 -7.865403e-01 6.297976e+00 4.994103e+00 4.736158e+00 5.324934e+00 4.535087e+00 4.717534e+00 3.899156e+00 5.296054e+00 2.696883e+00 -6.214049e-03 -9.247489e-03 -3.788342e-02 -6.298031e-02 -1.108594e-01 -1.712629e-01 -2.611593e-01 -3.315854e-01 -3.514332e-01 -3.209867e-01 -2.279982e-01 -1.022356e-01 -5.321517e-04
<VARIANCE> 25
 7.855503e+00 5.674047e+00 9.930379e+00 1.248891e+01 1.590043e+01 1.490958e+01 1.349545e+01 1.318269e+01 1.362041e+01 1.419360e+01 1.451286e+01 1.273595e+01 9.947815e-02 1.918841e-01 3.164991e-01 4.831527e-01 6.403953e-01 7.660725e-01 7.456464e-01 7.615471e-01 8.257383e-01 8.802870e-01 9.070607e-01 9.029347e-01 5.341594e-05
<GCONST> 5.822728e+01
<MIXTURE> 87 1.100681e-02
<MEAN> 25
 -3.350137e+00 4.511722e+00 3.435332e+00 6.507126e+00 5.186734e+00 7.637528e-01 1.302314e+00 -1.124886e+00 -4.837672e-01 -8.983603e-01 -7.779793e-01 3.569690e-01 -2.232944e+00 -2.704870e+00 -1.980852e+00 -2.120187e+00 -6.399783e-02 -7.800942e-02 6.244261e-01 1.383410e+00 1.332567e+00 9.383988e-01 8.397164e-01 1.086670e+00 1.035489e-01
<VARIANCE> 25
 3.672775e+01 2.814813e+01 2.901226e+01 3.683537e+01 3.128655e+01 3.147418e+01 2.938629e+01 2.631323e+01 2.501472e+01 2.411995e+01 2.419659e+01 2.447448e+01 3.844658e+00 2.689016e+00 4.022389e+00 3.673825e+00 4.597223e+00 4.309874e+00 3.978463e+00 3.808954e+00 3.452901e+00 3.358047e+00 3.386890e+00 2.847032e+00 4.704218e-03
<GCONST> 9.628246e+01
<MIXTURE> 88 1.256585e-02
<MEAN> 25
 -4.106582e+00 -5.339636e-01 -1.189627e+00 4.890831e+00 4.388414e+00 3.573268e+00 4.437933e+00 3.085123e+00 3.835861e+00 2.217784e+00 2.385956e+00 2.447191e+00 -8.508826e-03 2.650549e-01 2.213967e-01 2.857837e-01 3.347016e-01 3.891449e-01 -1.086056e-01 -2.362982e-01 -1.823639e-01 -1.839781e-01 -3.090575e-02 -8.065193e-02 -7.696173e-03
<VARIANCE> 25
 9.620569e+00 1.055178e+01 1.569719e+01 1.981621e+01 2.199014e+01 2.046380e+01 1.882981e+01 1.899160e+01 1.934221e+01 1.767265e+01 2.355108e+01 1.469404e+01 1.265736e+00 1.837691e+00 2.001667e+00 2.455081e+00 2.616596e+00 3.151276e+00 2.780575e+00 2.616085e+00 2.385569e+00 2.458869e+00 2.206248e+00 2.010157e+00 1.435211e-03
<GCONST> 8.321925e+01
<MIXTURE> 89 9.333527e-03
<MEAN> 25
 5.644636e+00 -7.103124e+00 -3.122584e+00 -2.920119e+00 -5.896187e-01 -5.881904e+00 -4.768815e+00 4.072425e+00 3.583265e+00 -2.350660e+00 -5.171099e+00 -3.739112e+00 -4.398024e-01 1.660124e-01 1.973659e+00 1.012961e+00 -1.987762e+00 -1.860209e+00 8.068081e-01 1.260399e+00 -9.388397e-01 -1.186869e+00 3.540318e-01 1.608450e+00 -5.926781e-03
<VARIANCE> 25
 1.089743e+01 2.550732e+01 2.836745e+01 3.209700e+01 5.080888e+01 4.049976e+01 6.548605e+01 4.048011e+01 3.883686e+01 3.809507e+01 3.685846e+01 2.992299e+01 4.552857e-01 8.091282e-01 1.292218e+00 1.380072e+00 1.806134e+00 2.963764e+00 2.369854e+00 1.797021e+00 2.120538e+00 1.952382e+00 2.067110e+00 1.376135e+00 3.737184e-04
<GCONST> 8.548623e+01
<MIXTURE> 90 7.114505e-03
<MEAN> 25
 2.454317e+00 -9.717965e+00 -4.742332e+00 -3.962482e+00 -3.396357e+00 -1.808364e+00 3.360146e+00 1.181988e+00 -7.537323e+00 -1.020170e+01 -3.414319e+00 -7.424102e-01 -1.638555e-01 9.085434e-01 1.169218e+00 -8.546066e-01 -1.610925e+00 -2.086673e-01 6.453092e-01 -2.100993e-01 -1.706505e-01 7.340035e-01 1.831095e-01 -5.491393e-01 -1.114953e-02
<VARIANCE> 25
 8.507859e+00 1.778170e+01 1.990418e+01 2.813947e+01 3.702131e+01 3.214785e+01 3.848671e+01 3.636780e+01 3.522339e+01 2.779131e+01 2.714215e+01 2.610419e+01 2.234424e-01 6.124400e-01 7.867377e-01 1.041898e+00 1.471993e+00 1.598401e+00 1.777870e+00 1.652846e+00 1.810207e+00 1.683053e+00 1.494276e+00 1.307385e+00 2.148646e-04
<GCONST> 7.815367e+01
<MIXTURE> 91 7.852945e-03
<MEAN> 25
 5.831162e+00 -7.214535e+00 -7.844243e+00 -5.332285e+00 4.065426e+00 -2.372041e-01 -1.229809e+00 2.066921e+00 1.510455e+00 -2.265907e+00 -4.773900e+00 -4.743515e+00 1.833877e-01 1.176100e+00 -1.225448e-03 3.507508e-01 1.112192e-01 -7.375205e-01 -2.252435e-01 -2.539247e-01 -1.512486e-02 3.623513e-01 -8.849020e-02 1.072638e-01 -3.537889e-02
<VARIANCE> 25
 1.034138e+01 2.380223e+01 2.469961e+01 3.713985e+01 3.215672e+01 5.083861e+01 5.095849e+01 4.721783e+01 4.726147e+01 5.668494e+01 3.613816e+01 3.627432e+01 4.624609e-01 9.651441e-01 1.181315e+00 1.525000e+00 2.723671e+00 2.277640e+00 2.234374e+00 2.357957e+00 1.970403e+00 2.009893e+00 1.928738e+00 1.626103e+00 5.326124e-04
<GCONST> 8.678156e+01
<MIXTURE> 92 7.852945e-03
<MEAN> 25
 5.831162e+00 -7.214535e+00 -7.844243e+00 -5.332285e+00 4.065426e+00 -2.372041e-01 -1.229809e+00 2.066921e+00 1.510455e+00 -2.265907e+00 -4.773900e+00 -4.743515e+00 1.833877e-01 1.176100e+00 -1.225448e-03 3.507508e-01 1.112192e-01 -7.375205e-01 -2.252435e-01 -2.539247e-01 -1.512486e-02 3.623513e-01 -8.849020e-02 1.072638e-01 -3.537889e-02
<VARIANCE> 25
 1.034138e+01 2.380223e+01 2.469961e+01 3.713985e+01 3.215672e+01 5.083861e+01 5.095849e+01 4.721783e+01 4.726147e+01 5.668494e+01 3.613816e+01 3.627432e+01 4.624609e-01 9.651441e-01 1.181315e+00 1.525000e+00 2.723671e+00 2.277640e+00 2.234374e+00 2.357957e+00 1.970403e+00 2.009893e+00 1.928738e+00 1.626103e+00 5.326124e-04
<GCONST> 8.678156e+01
<MIXTURE> 93 6.122769e-03
<MEAN> 25
 -6.825819e+00 -9.612056e-01 -2.402231e+00 5.798120e+00 5.908294e+00 3.922797e+00 6.123493e+00 3.609040e+00 4.119614e+00 2.509350e+00 1.818382e+00 3.705910e+00 -6.164000e-02 -1.543872e-01 -2.573870e-01 -3.317066e-01 -3.337587e-01 -2.844732e-01 -2.177871e-01 -1.742780e-01 -1.667204e-01 -1.506447e-01 -1.044153e-01 -3.554936e-02 -3.837683e-06
<VARIANCE> 25
 9.093901e+00 6.027777e+00 8.185111e+00 1.136881e+01 1.149258e+01 1.598249e+01 1.527640e+01 1.644382e+01 1.475774e+01 1.454170e+01 1.678724e+01 1.344866e+01 8.272374e-02 1.533694e-01 2.637162e-01 3.805642e-01 4.977629e-01 6.423341e-01 7.793725e-01 8.873125e-01 9.166239e-01 8.761251e-01 8.923470e-01 9.178919e-01 1.000000e-06
<GCONST> 5.360219e+01
<MIXTURE> 94 6.122769e-03
<MEAN> 25
 -6.825819e+00 -9.612056e-01 -2.402231e+00 5.798120e+00 5.908294e+00 3.922797e+00 6.123493e+00 3.609040e+00 4.119614e+00 2.509350e+00 1.818382e+00 3.705910e+00 -6.164000e-02 -1.543872e-01 -2.573870e-01 -3.317066e-01 -3.337587e-01 -2.844732e-01 -2.177871e-01 -1.742780e-01 -1.667204e-01 -1.506447e-01 -1.044153e-01 -3.554936e-02 -3.837683e-06
<VARIANCE> 25
 9.093901e+00 6.027777e+00 8.185111e+00 1.136881e+01 1.149258e+01 1.598249e+01 1.527640e+01 1.644382e+01 1.475774e+01 1.454170e+01 1.678724e+01 1.344866e+01 8.272374e-02 1.533694e-01 2.637162e-01 3.805642e-01 4.977629e-01 6.423341e-01 7.793725e-01 8.873125e-01 9.166239e-01 8.761251e-01 8.923470e-01 9.178919e-01 1.000000e-06
<GCONST> 5.360219e+01
<MIXTURE> 95 5.258835e-03
<MEAN> 25
 -5.760794e+00 -7.150854e-01 -1.999866e+00 4.913711e+00 4.218984e+00 2.786195e+00 4.193325e+00 1.647836e+00 2.235432e+00 8.582680e-01 1.156864e+00 2.611022e+00 1.430448e-01 1.478155e-01 9.063318e-02 -8.485732e-02 -3.728051e-01 -7.226740e-01 -1.062424e+00 -1.267750e+00 -1.261343e+00 -9.884158e-01 -6.453561e-01 -3.049674e-01 -1.708769e-04
<VARIANCE> 25
 1.098103e+01 6.551918e+00 1.219774e+01 1.276323e+01 1.390464e+01 1.832694e+01 1.789403e+01 1.684230e+01 1.535874e+01 1.538349e+01 2.015609e+01 1.434834e+01 2.093199e-01 2.916286e-01 4.569078e-01 6.266295e-01 8.050746e-01 8.978982e-01 9.163876e-01 9.543211e-01 9.668264e-01 1.072712e+00 1.157250e+00 1.109858e+00 4.193366e-05
<GCONST> 6.335363e+01
<MIXTURE> 96 7.034694e-03
<MEAN> 25
 -4.972476e+00 -2.249771e-01 -2.349173e+00 5.478562e+00 3.833194e+00 1.457840e+00 3.440828e+00 1.605843e+00 2.668008e+00 8.957506e-01 8.139530e-01 2.791691e+00 -5.536591e-02 8.173168e-02 2.259615e-01 3.661343e-01 5.300886e-01 5.189372e-01 2.974664e-01 -8.502226e-02 -4.486243e-01 -6.537119e-01 -6.354795e-01 -3.418851e-01 3.106196e-05
<VARIANCE> 25
 1.103438e+01 1.057252e+01 1.282003e+01 1.655700e+01 1.448069e+01 2.281355e+01 1.771074e+01 1.949787e+01 1.859969e+01 1.607877e+01 2.168281e+01 1.404411e+01 1.350508e-01 2.105573e-01 3.112573e-01 4.426138e-01 4.831913e-01 6.562932e-01 9.013867e-01 1.008655e+00 9.306962e-01 8.350154e-01 8.753304e-01 9.204178e-01 1.024564e-06
<GCONST> 5.808259e+01
<MIXTURE> 97 7.034694e-03
<MEAN> 25
 -4.972476e+00 -2.249771e-01 -2.349173e+00 5.478562e+00 3.833194e+00 1.457840e+00 3.440828e+00 1.605843e+00 2.668008e+00 8.957506e-01 8.139530e-01 2.791691e+00 -5.536591e-02 8.173168e-02 2.259615e-01 3.661343e-01 5.300886e-01 5.189372e-01 2.974664e-01 -8.502226e-02 -4.486243e-01 -6.537119e-01 -6.354795e-01 -3.418851e-01 3.106196e-05
<VARIANCE> 25
 1.103438e+01 1.057252e+01 1.282003e+01 1.655700e+01 1.448069e+01 2.281355e+01 1.771074e+01 1.949787e+01 1.859969e+01 1.607877e+01 2.168281e+01 1.404411e+01 1.350508e-01 2.105573e-01 3.112573e-01 4.426138e-01 4.831913e-01 6.562932e-01 9.013867e-01 1.008655e+00 9.306962e-01 8.350154e-01 8.753304e-01 9.204178e-01 1.024564e-06
<GCONST> 5.808259e+01
<MIXTURE> 98 9.917808e-03
<MEAN> 25
 -1.505426e+00 1.268479e+00 5.057545e-01 4.422823e+00 2.248509e+00 2.717438e+00 3.064258e+00 1.153464e+00 2.799349e+00 1.060598e+00 1.809591e-02 9.914659e-01 -1.709077e+00 -1.333636e+00 -8.594137e-01 -9.292950e-02 5.155831e-01 1.021221e+00 1.121127e+00 1.265729e+00 1.677823e+00 1.017456e+00 1.091052e+00 7.517517e-01 -2.999415e-02
<VARIANCE> 25
 1.252635e+01 1.754497e+01 3.010464e+01 2.871179e+01 4.702882e+01 3.724186e+01 2.887255e+01 3.622001e+01 3.346522e+01 2.768669e+01 2.751807e+01 2.062972e+01 1.257795e+00 1.410823e+00 2.194447e+00 2.617462e+00 2.631886e+00 2.749672e+00 2.802912e+00 2.768242e+00 2.274268e+00 2.841546e+00 2.691493e+00 2.192543e+00 2.271120e-03
<GCONST> 8.959865e+01
<MIXTURE> 99 6.696178e-03
<MEAN> 25
 -5.992471e+00 8.627735e+00 4.790344e+00 4.266115e+00 8.084228e-01 -5.831483e+00 -1.086753e+00 -3.558466e+00 -2.934118e+00 -3.550535e+00 -1.927368e+00 1.212153e+00 2.498692e-01 -8.128290e-01 3.256196e-01 -1.625840e-01 -1.059652e+00 -4.521973e-01 -3.627574e-01 -7.440384e-02 -2.008084e-01 -5.454523e-02 3.803445e-02 2.460760e-01 1.186865e-02
<VARIANCE> 25
 3.925461e+01 2.246688e+01 5.306769e+01 3.869164e+01 3.234793e+01 3.058841e+01 2.544344e+01 2.704158e+01 2.706625e+01 2.356964e+01 2.133897e+01 2.954528e+01 1.924646e+00 1.547477e+00 1.842637e+00 1.862712e+00 2.416612e+00 1.775369e+00 1.553626e+00 1.456639e+00 1.759223e+00 1.417590e+00 1.279239e+00 1.139450e+00 1.338143e-03
<GCONST> 8.596381e+01
<MIXTURE> 100 4.498084e-03
<MEAN> 25
 -1.596757e+00 6.345509e+00 1.028044e+01 -7.455846e+00 -1.076913e+01 -5.065902e+00 -4.933171e+00 -9.959121e+00 -4.715691e+00 -8.554931e-01 -2.714223e+00 -2.703285e+00 2.911787e+00 -1.262647e+00 1.298440e+00 -2.181179e+00 -3.416367e+00 -7.851802e-01 -1.218529e+00 -8.159721e-01 -1.476988e+00 3.460278e-01 -1.651016e+00 -2.829971e-01 2.066086e-03
<VARIANCE> 25
 1.361698e+01 2.103639e+01 2.244923e+01 2.640920e+01 2.314920e+01 2.372558e+01 2.909395e+01 2.174266e+01 2.742995e+01 2.261022e+01 2.253304e+01 2.131167e+01 1.812703e+00 3.948353e+00 2.918822e+00 4.287672e+00 4.187744e+00 4.529427e+00 4.012683e+00 4.338716e+00 4.163345e+00 3.893071e+00 3.913573e+00 3.223770e+00 1.674612e-03
<GCONST> 9.257524e+01
<MIXTURE> 101 6.007792e-03
<MEAN> 25
 7.970273e+00 -3.624891e+00 -5.775405e+00 -5.868326e+00 3.677990e-01 -1.204911e+00 -1.048779e+01 -2.140101e+00 1.021659e+00 2.533380e+00 -1.643667e+00 -5.415089e+00 7.088437e-01 6.391366e-01 -1.487003e+00 -1.625156e+00 8.882279e-01 2.314066e+00 2.464163e-01 -1.454799e+00 -9.258689e-01 1.113772e+00 1.302711e+00 -4.181254e-01 -5.385059e-03
<VARIANCE> 25
 8.912228e+00 1.594078e+01 3.157370e+01 5.280161e+01 3.668187e+01 3.360515e+01 3.480563e+01 3.404462e+01 4.038496e+01 4.169393e+01 5.554762e+01 2.360920e+01 2.922266e-01 6.318834e-01 1.113123e+00 1.475063e+00 1.844711e+00 1.985487e+00 2.023435e+00 1.870349e+00 2.436808e+00 2.158024e+00 1.761939e+00 1.848812e+00 3.263305e-04
<GCONST> 8.337313e+01
<MIXTURE> 102 6.007792e-03
<MEAN> 25
 7.970273e+00 -3.624891e+00 -5.775405e+00 -5.868326e+00 3.677990e-01 -1.204911e+00 -1.048779e+01 -2.140101e+00 1.021659e+00 2.533380e+00 -1.643667e+00 -5.415089e+00 7.088437e-01 6.391366e-01 -1.487003e+00 -1.625156e+00 8.882279e-01 2.314066e+00 2.464163e-01 -1.454799e+00 -9.258689e-01 1.113772e+00 1.302711e+00 -4.181254e-01 -5.385059e-03
<VARIANCE> 25
 8.912228e+00 1.594078e+01 3.157370e+01 5.280161e+01 3.668187e+01 3.360515e+01 3.480563e+01 3.404462e+01 4.038496e+01 4.169393e+01 5.554762e+01 2.360920e+01 2.922266e-01 6.318834e-01 1.113123e+00 1.475063e+00 1.844711e+00 1.985487e+00 2.023435e+00 1.870349e+00 2.436808e+00 2.158024e+00 1.761939e+00 1.848812e+00 3.263305e-04
<GCONST> 8.337313e+01
<MIXTURE> 103 5.694618e-03
<MEAN> 25
 3.342008e+00 -9.526626e+00 -6.169012e+00 -3.017553e+00 -1.256826e+00 -1.930039e+00 2.161919e+00 2.609304e+00 -4.608461e+00 -9.083999e+00 -4.918509e+00 3.740461e-01 -1.741507e-01 -1.510550e+00 -9.980167e-01 3.483166e-01 1.270463e+00 1.030422e+00 1.496486e-01 -2.071497e-01 -7.773585e-01 -9.029812e-01 -4.132384e-02 1.299822e-01 2.697263e-02
<VARIANCE> 25
 1.026791e+01 2.010424e+01 2.339109e+01 3.139818e+01 4.796243e+01 3.447656e+01 5.051224e+01 3.666935e+01 4.202434e+01 3.027463e+01 3.107253e+01 2.595449e+01 6.537070e-01 1.340712e+00 1.527505e+00 1.945032e+00 3.044812e+00 2.393961e+00 2.854231e+00 2.841759e+00 2.521527e+00 2.571660e+00 2.084811e+00 2.002297e+00 8.010847e-04
<GCONST> 8.785757e+01
<MIXTURE> 104 5.694618e-03
<MEAN> 25
 3.342008e+00 -9.526626e+00 -6.169012e+00 -3.017553e+00 -1.256826e+00 -1.930039e+00 2.161919e+00 2.609304e+00 -4.608461e+00 -9.083999e+00 -4.918509e+00 3.740461e-01 -1.741507e-01 -1.510550e+00 -9.980167e-01 3.483166e-01 1.270463e+00 1.030422e+00 1.496486e-01 -2.071497e-01 -7.773585e-01 -9.029812e-01 -4.132384e-02 1.299822e-01 2.697263e-02
<VARIANCE> 25
 1.026791e+01 2.010424e+01 2.339109e+01 3.139818e+01 4.796243e+01 3.447656e+01 5.051224e+01 3.666935e+01 4.202434e+01 3.027463e+01 3.107253e+01 2.595449e+01 6.537070e-01 1.340712e+00 1.527505e+00 1.945032e+00 3.044812e+00 2.393961e+00 2.854231e+00 2.841759e+00 2.521527e+00 2.571660e+00 2.084811e+00 2.002297e+00 8.010847e-04
<GCONST> 8.785757e+01
<MIXTURE> 105 4.710235e-03
<MEAN> 25
 2.143169e+00 -1.462955e+00 9.150667e+00 -2.695168e+00 -1.151474e+01 -4.879654e+00 -4.122246e+00 -8.021620e-01 -3.625797e+00 -3.132751e+00 1.492151e+00 -1.181872e+00 6.460981e-03 3.202549e-02 4.739502e-02 -5.371398e-02 1.304564e-02 4.213050e-02 -1.281729e-02 6.261919e-02 -3.743342e-02 3.149339e-02 3.548997e-02 -3.725575e-02 -2.302251e-03
<VARIANCE> 25
 1.391374e+01 2.841785e+01 4.122778e+01 4.488189e+01 3.811778e+01 5.526037e+01 4.093487e+01 4.292960e+01 4.269610e+01 4.187258e+01 4.155244e+01 3.048027e+01 8.387969e-02 1.845775e-01 3.391428e-01 2.952616e-01 3.811939e-01 4.273235e-01 4.664440e-01 4.982286e-01 4.888821e-01 4.383071e-01 4.246324e-01 4.050809e-01 8.937996e-05
<GCONST> 6.684048e+01
<MIXTURE> 106 4.710235e-03
<MEAN> 25
 2.143169e+00 -1.462955e+00 9.150667e+00 -2.695168e+00 -1.151474e+01 -4.879654e+00 -4.122246e+00 -8.021620e-01 -3.625797e+00 -3.132751e+00 1.492151e+00 -1.181872e+00 6.460981e-03 3.202549e-02 4.739502e-02 -5.371398e-02 1.304564e-02 4.213050e-02 -1.281729e-02 6.261919e-02 -3.743342e-02 3.149339e-02 3.548997e-02 -3.725575e-02 -2.302251e-03
<VARIANCE> 25
 1.391374e+01 2.841785e+01 4.122778e+01 4.488189e+01 3.811778e+01 5.526037e+01 4.093487e+01 4.292960e+01 4.269610e+01 4.187258e+01 4.155244e+01 3.048027e+01 8.387969e-02 1.845775e-01 3.391428e-01 2.952616e-01 3.811939e-01 4.273235e-01 4.664440e-01 4.982286e-01 4.888821e-01 4.383071e-01 4.246324e-01 4.050809e-01 8.937996e-05
<GCONST> 6.684048e+01
<MIXTURE> 107 5.452374e-03
<MEAN> 25
 8.596158e+00 -2.264984e+00 -8.091006e+00 -9.583869e+00 1.946756e+00 2.999920e+00 -8.557124e+00 -4.555727e+00 -8.503871e-01 3.342803e+00 8.867506e-01 -5.044509e+00 -6.106209e-01 -7.714705e-01 8.387374e-01 1.765134e+00 2.319514e-01 -2.004962e+00 -9.319708e-01 8.422388e-01 1.740291e+00 4.513403e-02 -1.661726e+00 -8.167409e-01 -1.628558e-03
<VARIANCE> 25
 9.471949e+00 2.080055e+01 2.860615e+01 4.266776e+01 3.560934e+01 3.852314e+01 5.179479e+01 3.608652e+01 4.569757e+01 4.174550e+01 5.116180e+01 3.029307e+01 3.539981e-01 9.752551e-01 1.457402e+00 2.408046e+00 2.290699e+00 2.815388e+00 2.622860e+00 2.531491e+00 2.397312e+00 3.012306e+00 1.938398e+00 2.196079e+00 7.096285e-04
<GCONST> 8.811774e+01
<MIXTURE> 108 5.452374e-03
<MEAN> 25
 8.596158e+00 -2.264984e+00 -8.091006e+00 -9.583869e+00 1.946756e+00 2.999920e+00 -8.557124e+00 -4.555727e+00 -8.503871e-01 3.342803e+00 8.867506e-01 -5.044509e+00 -6.106209e-01 -7.714705e-01 8.387374e-01 1.765134e+00 2.319514e-01 -2.004962e+00 -9.319708e-01 8.422388e-01 1.740291e+00 4.513403e-02 -1.661726e+00 -8.167409e-01 -1.628558e-03
<VARIANCE> 25
 9.471949e+00 2.080055e+01 2.860615e+01 4.266776e+01 3.560934e+01 3.852314e+01 5.179479e+01 3.608652e+01 4.569757e+01 4.174550e+01 5.116180e+01 3.029307e+01 3.539981e-01 9.752551e-01 1.457402e+00 2.408046e+00 2.290699e+00 2.815388e+00 2.622860e+00 2.531491e+00 2.397312e+00 3.012306e+00 1.938398e+00 2.196079e+00 7.096285e-04
<GCONST> 8.811774e+01
<MIXTURE> 109 6.661064e-03
<MEAN> 25
 4.087901e+00 -1.051622e+01 -8.294135e+00 -1.334114e+00 2.755646e+00 -4.773010e-02 -5.195887e-02 1.450575e+00 -2.551918e+00 -8.351907e+00 -5.386585e+00 7.787709e-02 -3.368708e-02 -1.308634e-01 -3.059503e-02 2.491767e-01 1.981109e-01 1.150436e-01 -1.292450e-01 -1.029390e-01 -4.250733e-02 -1.310238e-01 2.176975e-01 1.319440e-02 -3.535287e-03
<VARIANCE> 25
 9.084682e+00 1.863612e+01 1.999785e+01 3.158465e+01 4.076133e+01 3.669081e+01 4.665017e+01 3.432376e+01 4.606617e+01 3.533924e+01 2.952451e+01 2.817933e+01 1.926362e-01 4.227081e-01 5.401084e-01 6.349249e-01 1.232031e+00 1.000328e+00 1.266512e+00 1.095275e+00 1.116324e+00 9.508365e-01 8.776705e-01 8.859978e-01 1.818931e-04
<GCONST> 7.448858e+01
<MIXTURE> 110 6.661064e-03
<MEAN> 25
 4.087901e+00 -1.051622e+01 -8.294135e+00 -1.334114e+00 2.755646e+00 -4.773010e-02 -5.195887e-02 1.450575e+00 -2.551918e+00 -8.351907e+00 -5.386585e+00 7.787709e-02 -3.368708e-02 -1.308634e-01 -3.059503e-02 2.491767e-01 1.981109e-01 1.150436e-01 -1.292450e-01 -1.029390e-01 -4.250733e-02 -1.310238e-01 2.176975e-01 1.319440e-02 -3.535287e-03
<VARIANCE> 25
 9.084682e+00 1.863612e+01 1.999785e+01 3.158465e+01 4.076133e+01 3.669081e+01 4.665017e+01 3.432376e+01 4.606617e+01 3.533924e+01 2.952451e+01 2.817933e+01 1.926362e-01 4.227081e-01 5.401084e-01 6.349249e-01 1.232031e+00 1.000328e+00 1.266512e+00 1.095275e+00 1.116324e+00 9.508365e-01 8.776705e-01 8.859978e-01 1.818931e-04
<GCONST> 7.448858e+01
<MIXTURE> 111 4.337247e-03
<MEAN> 25
 -4.473892e+00 -9.006375e-01 -1.716585e+00 1.684478e+00 9.596010e-01 9.770426e-01 3.170808e-01 2.050862e-01 1.123543e-01 -5.366956e-01 -6.311794e-01 1.957911e+00 -2.125722e-02 -3.234853e-02 -7.241765e-02 -7.381471e-02 -3.578031e-02 6.661086e-03 -9.954394e-04 -5.795628e-02 -1.401115e-01 -2.021508e-01 -1.892156e-01 -1.069656e-01 -2.261493e-04
<VARIANCE> 25
 7.001923e+00 4.988598e+00 1.021177e+01 9.511305e+00 1.312580e+01 2.402357e+01 1.466393e+01 1.316387e+01 1.190248e+01 1.190136e+01 1.360843e+01 1.160603e+01 7.916349e-02 1.633640e-01 2.748997e-01 4.211271e-01 5.703425e-01 7.070469e-01 7.995749e-01 8.585173e-01 8.913410e-01 8.552476e-01 8.620006e-01 8.477468e-01 2.247049e-05
<GCONST> 5.603141e+01
<MIXTURE> 112 4.337247e-03
<MEAN> 25
 -4.473892e+00 -9.006375e-01 -1.716585e+00 1.684478e+00 9.596010e-01 9.770426e-01 3.170808e-01 2.050862e-01 1.123543e-01 -5.366956e-01 -6.311794e-01 1.957911e+00 -2.125722e-02 -3.234853e-02 -7.241765e-02 -7.381471e-02 -3.578031e-02 6.661086e-03 -9.954394e-04 -5.795628e-02 -1.401115e-01 -2.021508e-01 -1.892156e-01 -1.069656e-01 -2.261493e-04
<VARIANCE> 25
 7.001923e+00 4.988598e+00 1.021177e+01 9.511305e+00 1.312580e+01 2.402357e+01 1.466393e+01 1.316387e+01 1.190248e+01 1.190136e+01 1.360843e+01 1.160603e+01 7.916349e-02 1.633640e-01 2.748997e-01 4.211271e-01 5.703425e-01 7.070469e-01 7.995749e-01 8.585173e-01 8.913410e-01 8.552476e-01 8.620006e-01 8.477468e-01 2.247049e-05
<GCONST> 5.603141e+01
<MIXTURE> 113 5.938666e-03
<MEAN> 25
 9.955172e+00 1.711752e+00 -8.775849e+00 -1.707576e+01 -1.036456e+00 5.723648e+00 -5.244444e+00 -1.437218e+00 -5.685264e+00 -4.889548e-01 3.241127e-01 -1.836478e-01 1.323345e-03 1.089665e-02 -6.126841e-02 -1.099506e-01 1.121110e-01 1.483722e-01 6.235669e-02 3.289139e-02 -5.789487e-02 -5.212661e-02 1.779350e-01 2.581784e-02 -1.313153e-03
<VARIANCE> 25
 8.933750e+00 1.669611e+01 2.953027e+01 3.422517e+01 5.248787e+01 3.449883e+01 3.977112e+01 3.912560e+01 3.720869e+01 4.617523e+01 3.624405e+01 2.834268e+01 1.243327e-01 3.208365e-01 3.158966e-01 6.351248e-01 6.218899e-01 6.518849e-01 7.750734e-01 8.432031e-01 9.554901e-01 9.014499e-01 7.216046e-01 7.300053e-01 1.261894e-04
<GCONST> 7.118126e+01
<MIXTURE> 114 5.938666e-03
<MEAN> 25
 9.955172e+00 1.711752e+00 -8.775849e+00 -1.707576e+01 -1.036456e+00 5.723648e+00 -5.244444e+00 -1.437218e+00 -5.685264e+00 -4.889548e-01 3.241127e-01 -1.836478e-01 1.323345e-03 1.089665e-02 -6.126841e-02 -1.099506e-01 1.121110e-01 1.483722e-01 6.235669e-02 3.289139e-02 -5.789487e-02 -5.212661e-02 1.779350e-01 2.581784e-02 -1.313153e-03
<VARIANCE> 25
 8.933750e+00 1.669611e+01 2.953027e+01 3.422517e+01 5.248787e+01 3.449883e+01 3.977112e+01 3.912560e+01 3.720869e+01 4.617523e+01 3.624405e+01 2.834268e+01 1.243327e-01 3.208365e-01 3.158966e-01 6.351248e-01 6.218899e-01 6.518849e-01 7.750734e-01 8.432031e-01 9.554901e-01 9.014499e-01 7.216046e-01 7.300053e-01 1.261894e-04
<GCONST> 7.118126e+01
<MIXTURE> 115 2.935202e-03
<MEAN> 25
 -4.015608e+00 -7.220752e-01 -3.113693e+00 3.714629e+00 2.416476e+00 -4.752987e-01 2.216596e+00 3.839817e-01 1.400368e+00 -1.788302e-02 1.236564e-02 2.676284e+00 3.117454e-02 -7.329533e-02 -2.313417e-01 -4.331516e-01 -6.312901e-01 -6.678993e-01 -5.869675e-01 -5.048622e-01 -4.811912e-01 -4.522451e-01 -3.485013e-01 -1.625788e-01 7.562787e-06
<VARIANCE> 25
 9.273484e+00 1.000263e+01 1.347749e+01 1.333196e+01 1.342861e+01 1.798400e+01 1.707216e+01 2.086147e+01 1.791840e+01 1.712456e+01 1.924909e+01 1.461547e+01 2.039524e-01 3.441705e-01 4.847609e-01 5.691729e-01 6.327564e-01 7.969646e-01 1.010256e+00 1.130625e+00 1.076178e+00 9.948798e-01 1.025087e+00 1.061420e+00 1.019583e-06
<GCONST> 6.025699e+01
<MIXTURE> 116 2.935202e-03
<MEAN> 25
 -4.015608e+00 -7.220752e-01 -3.113693e+00 3.714629e+00 2.416476e+00 -4.752987e-01 2.216596e+00 3.839817e-01 1.400368e+00 -1.788302e-02 1.236564e-02 2.676284e+00 3.117454e-02 -7.329533e-02 -2.313417e-01 -4.331516e-01 -6.312901e-01 -6.678993e-01 -5.869675e-01 -5.048622e-01 -4.811912e-01 -4.522451e-01 -3.485013e-01 -1.625788e-01 7.562787e-06
<VARIANCE> 25
 9.273484e+00 1.000263e+01 1.347749e+01 1.333196e+01 1.342861e+01 1.798400e+01 1.707216e+01 2.086147e+01 1.791840e+01 1.712456e+01 1.924909e+01 1.461547e+01 2.039524e-01 3.441705e-01 4.847609e-01 5.691729e-01 6.327564e-01 7.969646e-01 1.010256e+00 1.130625e+00 1.076178e+00 9.948798e-01 1.025087e+00 1.061420e+00 1.019583e-06
<GCONST> 6.025699e+01
<MIXTURE> 117 6.506003e-03
<MEAN> 25
 -4.644630e+00 1.117871e+00 1.054646e+00 9.757089e+00 6.259264e+00 6.257127e+00 6.462830e+00 5.044004e+00 6.386573e+00 4.928694e+00 6.366054e+00 2.709695e+00 -7.510205e-02 -2.341256e-01 -3.582537e-01 -4.199472e-01 -3.673183e-01 -3.025851e-01 -2.872392e-01 -3.313074e-01 -3.917031e-01 -3.689962e-01 -2.630468e-01 -1.160892e-01 -8.958201e-06
<VARIANCE> 25
 7.186577e+00 8.752364e+00 9.808513e+00 1.432361e+01 1.562402e+01 1.535155e+01 1.772522e+01 1.796113e+01 1.640778e+01 1.637230e+01 1.675093e+01 1.475216e+01 2.166585e-01 3.074708e-01 4.261630e-01 6.172835e-01 8.539208e-01 1.055600e+00 1.177648e+00 1.233202e+00 1.223900e+00 1.194736e+00 1.167131e+00 1.113858e+00 1.000000e-06
<GCONST> 6.043202e+01
<MIXTURE> 118 6.506003e-03
<MEAN> 25
 -4.644630e+00 1.117871e+00 1.054646e+00 9.757089e+00 6.259264e+00 6.257127e+00 6.462830e+00 5.044004e+00 6.386573e+00 4.928694e+00 6.366054e+00 2.709695e+00 -7.510205e-02 -2.341256e-01 -3.582537e-01 -4.199472e-01 -3.673183e-01 -3.025851e-01 -2.872392e-01 -3.313074e-01 -3.917031e-01 -3.689962e-01 -2.630468e-01 -1.160892e-01 -8.958201e-06
<VARIANCE> 25
 7.186577e+00 8.752364e+00 9.808513e+00 1.432361e+01 1.562402e+01 1.535155e+01 1.772522e+01 1.796113e+01 1.640778e+01 1.637230e+01 1.675093e+01 1.475216e+01 2.166585e-01 3.074708e-01 4.261630e-01 6.172835e-01 8.539208e-01 1.055600e+00 1.177648e+00 1.233202e+00 1.223900e+00 1.194736e+00 1.167131e+00 1.113858e+00 1.000000e-06
<GCONST> 6.043202e+01
<MIXTURE> 119 4.297961e-03
<MEAN> 25
 -4.977705e+00 -7.619184e+00 2.231449e+00 2.003649e+00 2.227645e+00 2.244622e-01 5.266610e+00 5.924582e+00 1.189887e+00 9.703223e-01 6.601454e+00 1.560379e+00 -5.030647e-02 -7.878591e-02 3.702708e-02 -5.853955e-02 -1.241409e-01 -1.804357e-01 -6.926742e-02 -1.190467e-02 -9.202451e-02 -1.109544e-01 -5.366970e-02 -5.977264e-02 1.085186e-03
<VARIANCE> 25
 8.489736e+00 9.929742e+00 1.653803e+01 2.024189e+01 2.291045e+01 2.332302e+01 2.499407e+01 2.656874e+01 2.530887e+01 2.802861e+01 2.045436e+01 2.042718e+01 1.603439e-01 2.821606e-01 4.590822e-01 6.328395e-01 8.043337e-01 1.002235e+00 1.098063e+00 1.277984e+00 1.283656e+00 1.244426e+00 1.191558e+00 1.112332e+00 2.316480e-04
<GCONST> 6.974495e+01
<MIXTURE> 120 4.297961e-03
<MEAN> 25
 -4.977705e+00 -7.619184e+00 2.231449e+00 2.003649e+00 2.227645e+00 2.244622e-01 5.266610e+00 5.924582e+00 1.189887e+00 9.703223e-01 6.601454e+00 1.560379e+00 -5.030647e-02 -7.878591e-02 3.702708e-02 -5.853955e-02 -1.241409e-01 -1.804357e-01 -6.926742e-02 -1.190467e-02 -9.202451e-02 -1.109544e-01 -5.366970e-02 -5.977264e-02 1.085186e-03
<VARIANCE> 25
 8.489736e+00 9.929742e+00 1.653803e+01 2.024189e+01 2.291045e+01 2.332302e+01 2.499407e+01 2.656874e+01 2.530887e+01 2.802861e+01 2.045436e+01 2.042718e+01 1.603439e-01 2.821606e-01 4.590822e-01 6.328395e-01 8.043337e-01 1.002235e+00 1.098063e+00 1.277984e+00 1.283656e+00 1.244426e+00 1.191558e+00 1.112332e+00 2.316480e-04
<GCONST> 6.974495e+01
<MIXTURE> 121 4.567511e-03
<MEAN> 25
 1.767675e-01 -2.497826e+00 5.137371e+00 -1.286462e+01 -1.260079e+01 -1.603482e+00 9.974759e-01 -5.093723e+00 -4.103512e+00 -4.718097e-01 -5.485866e+00 -4.306510e+00 2.473286e-02 1.327318e-01 -4.515509e-02 7.859962e-02 1.603435e-01 7.390508e-02 -7.837774e-02 -1.768256e-01 -2.689349e-01 -2.533683e-01 -1.119910e-01 2.816470e-03 -7.545842e-03
<VARIANCE> 25
 7.865781e+00 1.565317e+01 1.723378e+01 2.051757e+01 2.466043e+01 2.979110e+01 2.937823e+01 2.448275e+01 3.677806e+01 2.824512e+01 1.974219e+01 2.107611e+01 1.550690e-01 6.397931e-01 6.240132e-01 7.036673e-01 7.683183e-01 1.147643e+00 1.113153e+00 1.122241e+00 1.211022e+00 1.189726e+00 9.386311e-01 8.766336e-01 2.130234e-04
<GCONST> 7.146187e+01
<MIXTURE> 122 4.567511e-03
<MEAN> 25
 1.767675e-01 -2.497826e+00 5.137371e+00 -1.286462e+01 -1.260079e+01 -1.603482e+00 9.974759e-01 -5.093723e+00 -4.103512e+00 -4.718097e-01 -5.485866e+00 -4.306510e+00 2.473286e-02 1.327318e-01 -4.515509e-02 7.859962e-02 1.603435e-01 7.390508e-02 -7.837774e-02 -1.768256e-01 -2.689349e-01 -2.533683e-01 -1.119910e-01 2.816470e-03 -7.545842e-03
<VARIANCE> 25
 7.865781e+00 1.565317e+01 1.723378e+01 2.051757e+01 2.466043e+01 2.979110e+01 2.937823e+01 2.448275e+01 3.677806e+01 2.824512e+01 1.974219e+01 2.107611e+01 1.550690e-01 6.397931e-01 6.240132e-01 7.036673e-01 7.683183e-01 1.147643e+00 1.113153e+00 1.122241e+00 1.211022e+00 1.189726e+00 9.386311e-01 8.766336e-01 2.130234e-04
<GCONST> 7.146187e+01
<MIXTURE> 123 4.393044e-03
<MEAN> 25
 -3.845346e+00 1.175717e+00 3.306716e-01 6.197900e+00 4.073729e+00 3.296949e+00 3.471407e+00 -1.684086e-01 8.560805e-01 -4.440899e-01 -6.033696e-01 6.331866e-01 -5.481405e-01 -7.531198e-01 -7.055042e-01 -6.396315e-01 -2.671036e-01 2.186979e-01 3.074467e-01 5.873315e-01 8.649643e-01 6.182806e-01 7.583838e-01 5.384891e-01 -3.091088e-03
<VARIANCE> 25
 1.135837e+01 9.556968e+00 1.484314e+01 1.737196e+01 3.079802e+01 2.803202e+01 2.041230e+01 1.978577e+01 2.139304e+01 1.615586e+01 2.260188e+01 1.832632e+01 3.904209e-01 3.369904e-01 6.415051e-01 7.279224e-01 9.088699e-01 1.274117e+00 1.117309e+00 1.114118e+00 1.107648e+00 1.228560e+00 1.194419e+00 1.135460e+00 9.416255e-05
<GCONST> 6.973843e+01
<MIXTURE> 124 4.069876e-03
<MEAN> 25
 -6.528285e+00 -1.157323e+00 -2.876916e+00 5.062210e+00 4.927585e+00 3.536126e+00 5.410618e+00 2.511045e+00 3.335309e+00 1.272079e+00 1.083586e+00 3.044455e+00 -2.008296e-01 -3.205087e-01 -3.559339e-01 -2.070205e-01 1.406160e-01 5.445768e-01 8.117616e-01 8.428243e-01 6.455141e-01 3.122570e-01 7.036285e-02 -1.448879e-02 1.095530e-04
<VARIANCE> 25
 1.099139e+01 7.077599e+00 1.114952e+01 1.259081e+01 1.209014e+01 2.164841e+01 1.536525e+01 1.702287e+01 1.665321e+01 1.585129e+01 1.908698e+01 1.425715e+01 1.056586e-01 1.661687e-01 2.695470e-01 4.210697e-01 5.954043e-01 7.429160e-01 7.404246e-01 8.272093e-01 9.027228e-01 9.819905e-01 9.954850e-01 9.898689e-01 1.808976e-05
<GCONST> 5.898186e+01
<MIXTURE> 125 4.069876e-03
<MEAN> 25
 -6.528285e+00 -1.157323e+00 -2.876916e+00 5.062210e+00 4.927585e+00 3.536126e+00 5.410618e+00 2.511045e+00 3.335309e+00 1.272079e+00 1.083586e+00 3.044455e+00 -2.008296e-01 -3.205087e-01 -3.559339e-01 -2.070205e-01 1.406160e-01 5.445768e-01 8.117616e-01 8.428243e-01 6.455141e-01 3.122570e-01 7.036285e-02 -1.448879e-02 1.095530e-04
<VARIANCE> 25
 1.099139e+01 7.077599e+00 1.114952e+01 1.259081e+01 1.209014e+01 2.164841e+01 1.536525e+01 1.702287e+01 1.665321e+01 1.585129e+01 1.908698e+01 1.425715e+01 1.056586e-01 1.661687e-01 2.695470e-01 4.210697e-01 5.954043e-01 7.429160e-01 7.404246e-01 8.272093e-01 9.027228e-01 9.819905e-01 9.954850e-01 9.898689e-01 1.808976e-05
<GCONST> 5.898186e+01
<MIXTURE> 126 2.402244e-03
<MEAN> 25
 -3.658870e+00 -6.769629e+00 -5.373314e+00 2.256933e+00 4.572770e+00 -3.287149e+00 7.288793e-02 3.299336e+00 3.172841e+00 -2.513924e+00 -1.518175e+00 3.001706e+00 3.895253e-03 -8.680645e-03 -4.293183e-02 -1.770134e-01 -3.618315e-01 -3.805239e-01 -2.385814e-01 -2.095632e-01 -9.275838e-02 -5.639091e-02 -1.705729e-01 -3.040436e-02 -2.713757e-03
<VARIANCE> 25
 7.638506e+00 1.295746e+01 1.360737e+01 1.478375e+01 2.626424e+01 2.299503e+01 2.194610e+01 2.913779e+01 3.102534e+01 2.621524e+01 2.122193e+01 1.860250e+01 1.658238e-01 3.397819e-01 4.678250e-01 5.571666e-01 7.799723e-01 9.631352e-01 1.116635e+00 1.294235e+00 1.293879e+00 1.358747e+00 1.314574e+00 1.107378e+00 2.448996e-04
<GCONST> 6.987595e+01
<MIXTURE> 127 2.402244e-03
<MEAN> 25
 -3.658870e+00 -6.769629e+00 -5.373314e+00 2.256933e+00 4.572770e+00 -3.287149e+00 7.288793e-02 3.299336e+00 3.172841e+00 -2.513924e+00 -1.518175e+00 3.001706e+00 3.895253e-03 -8.680645e-03 -4.293183e-02 -1.770134e-01 -3.618315e-01 -3.805239e-01 -2.385814e-01 -2.095632e-01 -9.275838e-02 -5.639091e-02 -1.705729e-01 -3.040436e-02 -2.713757e-03
<VARIANCE> 25
 7.638506e+00 1.295746e+01 1.360737e+01 1.478375e+01 2.626424e+01 2.299503e+01 2.194610e+01 2.913779e+01 3.102534e+01 2.621524e+01 2.122193e+01 1.860250e+01 1.658238e-01 3.397819e-01 4.678250e-01 5.571666e-01 7.799723e-01 9.631352e-01 1.116635e+00 1.294235e+00 1.293879e+00 1.358747e+00 1.314574e+00 1.107378e+00 2.448996e-04
<GCONST> 6.987595e+01
<MIXTURE> 128 3.790457e-03
<MEAN> 25
 -4.014075e+00 1.584097e+00 -2.687915e-01 6.239386e+00 3.302305e+00 2.137565e+00 3.555659e+00 2.207540e+00 4.474756e+00 3.436625e+00 3.213276e+00 3.384309e+00 -4.198425e-01 -1.960038e-01 1.243840e-01 6.357909e-01 1.182206e+00 1.103582e+00 7.088105e-01 2.087600e-01 -3.951039e-01 -7.699210e-01 -6.528792e-01 -4.369374e-01 1.857858e-05
<VARIANCE> 25
 1.022044e+01 1.121576e+01 1.475727e+01 2.336765e+01 2.096049e+01 2.587618e+01 2.298168e+01 2.367250e+01 2.941748e+01 2.358037e+01 2.965788e+01 1.768714e+01 8.590178e-01 1.074352e+00 1.290108e+00 1.601685e+00 1.493931e+00 1.829540e+00 2.203486e+00 2.333708e+00 2.057886e+00 1.749411e+00 1.707408e+00 1.758168e+00 1.036974e-06
<GCONST> 7.382078e+01
<TRANSP> 3
 0.000000e+00 1.000000e+00 0.000000e+00
 0.000000e+00 9.999990e-01 9.999998e-07
 0.000000e+00 0.000000e+00 0.000000e+00
<ENDHMM>
