~o
<STREAMINFO> 1 25
<VECSIZE> 25<NULLD><MFCC_E_D_N><DIAGC>
~h "jmodel"
<BEGINHMM>
<NUMSTATES> 3
<STATE> 2
<NUMMIXES> 128
<MIXTURE> 1 5.748963e-03
<MEAN> 25
 -2.584301e+00 3.182126e+00 2.311499e+00 8.755564e+00 4.371800e+00 3.448613e+00 4.063334e+00 3.934959e+00 5.832301e+00 5.252839e+00 5.884736e+00 3.080485e+00 -2.004702e+00 -1.634790e+00 -8.641376e-01 1.076087e+00 1.560823e+00 2.232475e+00 2.154519e+00 2.084870e+00 1.693374e+00 1.269717e+00 1.567435e+00 6.131444e-01 -4.692401e-02
<VARIANCE> 25
 1.006403e+01 1.176097e+01 1.494846e+01 1.867944e+01 2.319288e+01 2.215738e+01 2.189388e+01 2.197861e+01 2.100080e+01 2.254122e+01 2.094751e+01 1.708268e+01 1.788831e+00 2.111613e+00 3.026183e+00 3.209597e+00 3.739604e+00 3.356630e+00 3.318708e+00 3.380476e+00 3.521659e+00 3.726779e+00 3.513919e+00 2.834937e+00 3.121411e-03
<GCONST> 8.846474e+01
<MIXTURE> 2 4.549242e-03
<MEAN> 25
 -4.868216e+00 1.312210e+00 9.817453e-01 9.883431e+00 6.650376e+00 7.384115e+00 7.843787e+00 6.941217e+00 8.390041e+00 6.370217e+00 7.589569e+00 3.064631e+00 -6.152917e-02 4.000666e-02 1.406741e-01 2.261621e-01 2.651345e-01 2.822468e-01 2.942004e-01 3.213345e-01 3.513358e-01 3.051111e-01 1.942433e-01 7.952806e-02 1.910146e-06
<VARIANCE> 25
 6.952045e+00 8.882447e+00 1.064054e+01 1.589988e+01 1.752390e+01 1.583364e+01 1.682455e+01 1.852683e+01 1.660611e+01 1.732538e+01 1.828534e+01 1.430587e+01 1.248715e-01 2.261478e-01 3.387939e-01 4.656738e-01 6.480849e-01 8.133265e-01 9.279414e-01 9.995675e-01 1.048963e+00 1.082063e+00 1.073864e+00 1.010786e+00 1.008938e-06
<GCONST> 5.807031e+01
<MIXTURE> 3 4.549242e-03
<MEAN> 25
 -4.868216e+00 1.312210e+00 9.817453e-01 9.883431e+00 6.650376e+00 7.384115e+00 7.843787e+00 6.941217e+00 8.390041e+00 6.370217e+00 7.589569e+00 3.064631e+00 -6.152917e-02 4.000666e-02 1.406741e-01 2.261621e-01 2.651345e-01 2.822468e-01 2.942004e-01 3.213345e-01 3.513358e-01 3.051111e-01 1.942433e-01 7.952806e-02 1.910146e-06
<VARIANCE> 25
 6.952045e+00 8.882447e+00 1.064054e+01 1.589988e+01 1.752390e+01 1.583364e+01 1.682455e+01 1.852683e+01 1.660611e+01 1.732538e+01 1.828534e+01 1.430587e+01 1.248715e-01 2.261478e-01 3.387939e-01 4.656738e-01 6.480849e-01 8.133265e-01 9.279414e-01 9.995675e-01 1.048963e+00 1.082063e+00 1.073864e+00 1.010786e+00 1.008938e-06
<GCONST> 5.807031e+01
<MIXTURE> 4 1.671429e-02
<MEAN> 25
 3.444584e+00 2.574444e+00 -3.814895e+00 9.261823e-01 4.303863e+00 -1.705817e-01 6.104000e-02 -2.779349e-02 1.522833e+00 1.271142e+00 -1.891787e+00 7.313841e-02 -2.758116e+00 1.214266e+00 1.762424e+00 3.083341e+00 9.130760e-01 4.926734e-01 1.521139e+00 1.040571e+00 9.858350e-01 4.307301e-01 1.240968e+00 8.911867e-01 -1.037461e-01
<VARIANCE> 25
 2.105531e+01 2.946121e+01 2.911042e+01 3.966536e+01 4.556323e+01 6.873080e+01 6.503328e+01 5.367387e+01 5.521224e+01 6.206881e+01 4.950756e+01 3.598349e+01 2.364749e+00 5.029062e+00 3.752119e+00 4.927449e+00 5.004238e+00 6.141148e+00 6.070193e+00 5.547155e+00 5.951347e+00 6.410979e+00 6.088195e+00 4.454144e+00 6.071407e-03
<GCONST> 1.054331e+02
<MIXTURE> 5 3.206198e-03
<MEAN> 25
 -3.416837e+00 2.180980e+00 6.072710e-01 9.427073e+00 6.691188e+00 6.309601e+00 7.113967e+00 4.721906e+00 5.498375e+00 3.843607e+00 4.652757e+00 2.603724e+00 -3.244251e-01 7.529108e-01 1.224927e+00 1.032716e+00 3.084666e-01 -9.938222e-02 -8.241867e-02 3.280534e-02 4.572599e-01 6.832579e-01 4.031475e-01 8.701485e-02 -2.643627e-05
<VARIANCE> 25
 1.024459e+01 1.393679e+01 2.348169e+01 2.560332e+01 2.024800e+01 1.946786e+01 2.010320e+01 2.034784e+01 2.141481e+01 2.129752e+01 2.412119e+01 1.636638e+01 1.209917e+00 1.243638e+00 1.356440e+00 1.672208e+00 2.284420e+00 2.375576e+00 2.302138e+00 2.274592e+00 2.314542e+00 2.236817e+00 2.084743e+00 1.874735e+00 1.002400e-06
<GCONST> 7.516767e+01
<MIXTURE> 6 5.475854e-03
<MEAN> 25
 9.117564e+00 -5.381103e-01 -6.207410e+00 -1.074459e+01 -1.470129e+00 6.742246e+00 -6.091678e+00 -4.899684e+00 -3.504925e+00 1.581387e+00 4.317304e+00 -9.663815e-01 4.605869e-01 8.924143e-01 -3.398581e-01 -1.244440e+00 -5.993515e-01 1.260075e+00 1.324824e+00 2.887056e-01 -1.177332e+00 -1.250753e+00 3.538549e-01 1.076445e+00 -1.002385e-02
<VARIANCE> 25
 9.988135e+00 1.685210e+01 2.244600e+01 3.592588e+01 3.840756e+01 2.779650e+01 4.004172e+01 3.706680e+01 3.642054e+01 4.102633e+01 4.031615e+01 2.658958e+01 2.780347e-01 7.993458e-01 8.626892e-01 2.478657e+00 1.435628e+00 1.942469e+00 2.081227e+00 2.002712e+00 2.247972e+00 2.249847e+00 2.077865e+00 1.425406e+00 6.337051e-04
<GCONST> 8.337962e+01
<MIXTURE> 7 5.475854e-03
<MEAN> 25
 9.117564e+00 -5.381103e-01 -6.207410e+00 -1.074459e+01 -1.470129e+00 6.742246e+00 -6.091678e+00 -4.899684e+00 -3.504925e+00 1.581387e+00 4.317304e+00 -9.663815e-01 4.605869e-01 8.924143e-01 -3.398581e-01 -1.244440e+00 -5.993515e-01 1.260075e+00 1.324824e+00 2.887056e-01 -1.177332e+00 -1.250753e+00 3.538549e-01 1.076445e+00 -1.002385e-02
<VARIANCE> 25
 9.988135e+00 1.685210e+01 2.244600e+01 3.592588e+01 3.840756e+01 2.779650e+01 4.004172e+01 3.706680e+01 3.642054e+01 4.102633e+01 4.031615e+01 2.658958e+01 2.780347e-01 7.993458e-01 8.626892e-01 2.478657e+00 1.435628e+00 1.942469e+00 2.081227e+00 2.002712e+00 2.247972e+00 2.249847e+00 2.077865e+00 1.425406e+00 6.337051e-04
<GCONST> 8.337962e+01
<MIXTURE> 8 1.165917e-02
<MEAN> 25
 -4.729943e+00 1.362729e+00 1.291926e+00 9.559388e+00 6.574454e+00 6.254691e+00 6.479937e+00 5.688301e+00 6.659652e+00 5.630259e+00 6.571369e+00 3.152304e+00 -6.293451e-01 -1.425088e+00 -1.070864e+00 -1.730677e+00 -2.310266e-01 -9.455630e-01 -1.779405e-01 -2.899440e-01 -2.536952e-01 -1.743617e-01 -2.133607e-01 8.157834e-02 9.887572e-02
<VARIANCE> 25
 9.338605e+00 9.846039e+00 1.161030e+01 1.605007e+01 1.663696e+01 1.570414e+01 1.812415e+01 1.750876e+01 1.704069e+01 1.738877e+01 1.889227e+01 1.399891e+01 2.757861e+00 2.817151e+00 3.907294e+00 3.762022e+00 3.455626e+00 3.315675e+00 3.128267e+00 3.080499e+00 2.873446e+00 2.656306e+00 2.434768e+00 1.902327e+00 6.681795e-03
<GCONST> 8.628967e+01
<MIXTURE> 9 1.199672e-02
<MEAN> 25
 9.249857e+00 3.351899e+00 -6.117879e+00 -1.065992e+01 -2.273983e+00 5.027689e+00 -2.269256e+00 -2.190187e+00 -5.411325e+00 -1.316933e+00 7.265583e-01 1.817891e-02 1.412774e+00 -1.394439e-01 -4.770865e-01 -2.701997e+00 -1.612820e+00 8.712837e-01 -9.623253e-01 -2.169813e-01 -1.946101e-01 -5.183687e-01 6.101952e-01 -1.521695e-01 7.253797e-02
<VARIANCE> 25
 1.210406e+01 2.107196e+01 3.324286e+01 5.262476e+01 4.942456e+01 3.191535e+01 4.260203e+01 5.173247e+01 4.134439e+01 4.114870e+01 3.656376e+01 2.655580e+01 2.082604e+00 2.412600e+00 4.486612e+00 4.784755e+00 4.976918e+00 4.026775e+00 4.160146e+00 5.946174e+00 4.945608e+00 4.180356e+00 3.934674e+00 2.754100e+00 2.201594e-03
<GCONST> 9.851459e+01
<MIXTURE> 10 6.596976e-03
<MEAN> 25
 8.192121e-01 7.636055e+00 5.371696e+00 7.151737e+00 1.583192e+00 -2.124345e+00 -5.128309e-01 -1.685436e+00 8.700523e-01 8.501103e-01 8.384103e-01 6.688057e-01 -1.924790e+00 -6.716076e-01 -4.607857e-01 3.026249e+00 2.464473e+00 2.708485e+00 2.371252e+00 2.276094e+00 1.861931e+00 1.545365e+00 2.331628e+00 5.230989e-01 -1.380198e-01
<VARIANCE> 25
 1.953338e+01 2.066456e+01 2.229716e+01 2.904132e+01 3.828357e+01 3.498162e+01 3.513124e+01 3.381614e+01 2.760819e+01 2.910765e+01 2.694008e+01 2.514584e+01 2.232810e+00 3.427249e+00 5.532994e+00 5.167458e+00 5.548301e+00 4.468152e+00 4.701024e+00 4.840572e+00 4.383726e+00 5.015503e+00 4.454111e+00 3.190566e+00 2.706063e-03
<GCONST> 9.746355e+01
<MIXTURE> 11 1.633820e-02
<MEAN> 25
 7.693424e+00 4.594563e+00 3.271956e+00 5.085243e+00 -3.227180e+00 -1.941444e+00 -2.281751e+00 -6.584173e+00 -3.204360e+00 -9.733145e-02 -2.685879e+00 -2.158996e+00 -2.680235e-01 4.954891e-01 1.115001e-01 3.221295e-01 4.498177e-01 -1.207540e-01 2.700053e-01 -1.552985e-01 -9.191304e-02 2.251025e-02 -8.189011e-02 1.122992e-01 -1.777813e-02
<VARIANCE> 25
 1.039149e+01 2.403854e+01 2.216803e+01 3.171510e+01 3.744256e+01 4.019222e+01 4.672703e+01 4.151846e+01 4.368199e+01 3.449497e+01 3.361120e+01 2.850998e+01 9.007812e-01 1.282899e+00 1.698666e+00 2.159051e+00 2.190693e+00 2.223625e+00 2.185692e+00 2.677513e+00 2.270426e+00 2.075674e+00 1.867581e+00 1.557292e+00 9.483396e-04
<GCONST> 8.754418e+01
<MIXTURE> 12 5.904134e-03
<MEAN> 25
 1.036701e+01 3.423665e+00 -4.296021e+00 -1.525069e+01 -8.188229e+00 8.345491e+00 -1.227080e+00 -1.575347e+00 -1.924036e+00 -4.964792e+00 2.185177e+00 7.503818e-01 8.000106e-02 2.897899e-01 9.152868e-02 -4.508951e-01 -3.407204e-01 1.246321e-01 2.301517e-01 4.945801e-01 7.245696e-02 -3.124982e-01 -3.388427e-01 5.247531e-02 -5.532770e-03
<VARIANCE> 25
 9.655560e+00 2.081634e+01 2.178471e+01 3.816525e+01 4.214546e+01 2.990130e+01 3.999239e+01 4.640806e+01 4.084342e+01 3.594892e+01 3.668869e+01 2.677146e+01 2.280756e-01 6.557066e-01 6.333905e-01 1.299286e+00 1.113770e+00 1.223423e+00 1.267985e+00 1.356429e+00 1.242678e+00 1.266924e+00 1.200448e+00 8.882226e-01 5.806995e-04
<GCONST> 7.864364e+01
<MIXTURE> 13 5.904134e-03
<MEAN> 25
 1.036701e+01 3.423665e+00 -4.296021e+00 -1.525069e+01 -8.188229e+00 8.345491e+00 -1.227080e+00 -1.575347e+00 -1.924036e+00 -4.964792e+00 2.185177e+00 7.503818e-01 8.000106e-02 2.897899e-01 9.152868e-02 -4.508951e-01 -3.407204e-01 1.246321e-01 2.301517e-01 4.945801e-01 7.245696e-02 -3.124982e-01 -3.388427e-01 5.247531e-02 -5.532770e-03
<VARIANCE> 25
 9.655560e+00 2.081634e+01 2.178471e+01 3.816525e+01 4.214546e+01 2.990130e+01 3.999239e+01 4.640806e+01 4.084342e+01 3.594892e+01 3.668869e+01 2.677146e+01 2.280756e-01 6.557066e-01 6.333905e-01 1.299286e+00 1.113770e+00 1.223423e+00 1.267985e+00 1.356429e+00 1.242678e+00 1.266924e+00 1.200448e+00 8.882226e-01 5.806995e-04
<GCONST> 7.864364e+01
<MIXTURE> 14 6.488954e-03
<MEAN> 25
 -4.314655e+00 -3.704543e-01 -3.222327e-01 8.901420e+00 7.491574e+00 7.363851e+00 7.827538e+00 7.310692e+00 7.267118e+00 5.209999e+00 6.833728e+00 4.089187e+00 -2.735519e-01 1.930776e-01 3.640356e-01 3.100866e-01 2.962729e-03 5.508180e-02 9.593848e-02 1.754467e-01 2.923227e-01 5.407059e-01 5.094010e-01 8.182756e-02 -9.320263e-03
<VARIANCE> 25
 9.276619e+00 1.386817e+01 1.861114e+01 1.779483e+01 2.102074e+01 1.963729e+01 2.142296e+01 2.070099e+01 2.006002e+01 2.394470e+01 2.171833e+01 1.597753e+01 9.588509e-01 1.635811e+00 1.770390e+00 1.928463e+00 2.241730e+00 2.263329e+00 2.250758e+00 2.236036e+00 2.281444e+00 2.500643e+00 2.195076e+00 1.821860e+00 1.026296e-03
<GCONST> 8.191181e+01
<MIXTURE> 15 2.475190e-03
<MEAN> 25
 -5.391071e+00 -6.056572e-01 -2.253807e-01 7.355021e+00 5.642827e+00 5.633573e+00 6.069065e+00 4.950335e+00 5.216879e+00 4.136112e+00 5.424050e+00 2.511202e+00 -1.199391e-01 -3.178543e-02 7.576117e-02 2.450744e-01 4.824327e-01 7.760732e-01 1.069157e+00 1.180620e+00 1.054030e+00 7.545676e-01 4.144600e-01 1.469506e-01 -4.370376e-05
<VARIANCE> 25
 6.999846e+00 5.711768e+00 9.010394e+00 1.274517e+01 1.439993e+01 1.450350e+01 1.477044e+01 1.487327e+01 1.420236e+01 1.415251e+01 1.557814e+01 1.247501e+01 1.240346e-01 2.055964e-01 3.188877e-01 5.016620e-01 6.979158e-01 8.043265e-01 7.620122e-01 7.856399e-01 9.026904e-01 1.021809e+00 1.066875e+00 1.042480e+00 2.799344e-05
<GCONST> 5.863536e+01
<MIXTURE> 16 2.475190e-03
<MEAN> 25
 -5.391071e+00 -6.056572e-01 -2.253807e-01 7.355021e+00 5.642827e+00 5.633573e+00 6.069065e+00 4.950335e+00 5.216879e+00 4.136112e+00 5.424050e+00 2.511202e+00 -1.199391e-01 -3.178543e-02 7.576117e-02 2.450744e-01 4.824327e-01 7.760732e-01 1.069157e+00 1.180620e+00 1.054030e+00 7.545676e-01 4.144600e-01 1.469506e-01 -4.370376e-05
<VARIANCE> 25
 6.999846e+00 5.711768e+00 9.010394e+00 1.274517e+01 1.439993e+01 1.450350e+01 1.477044e+01 1.487327e+01 1.420236e+01 1.415251e+01 1.557814e+01 1.247501e+01 1.240346e-01 2.055964e-01 3.188877e-01 5.016620e-01 6.979158e-01 8.043265e-01 7.620122e-01 7.856399e-01 9.026904e-01 1.021809e+00 1.066875e+00 1.042480e+00 2.799344e-05
<GCONST> 5.863536e+01
<MIXTURE> 17 9.518312e-03
<MEAN> 25
 3.760262e+00 -7.632774e-01 6.432841e+00 2.396439e+00 -5.999639e+00 -6.390565e+00 -3.122705e+00 -1.473254e-01 -2.691593e+00 -3.277247e+00 6.935748e-02 -7.582766e-03 -7.615759e-01 -1.219239e+00 1.310521e+00 -2.135083e+00 -2.367430e+00 -1.522830e-01 1.835147e-01 7.607062e-01 -2.829783e-01 -1.802557e-01 1.031982e+00 3.990543e-01 8.235256e-02
<VARIANCE> 25
 1.659855e+01 3.171450e+01 3.013759e+01 3.969901e+01 4.495370e+01 4.890963e+01 4.251327e+01 3.429253e+01 3.570760e+01 2.699455e+01 2.809796e+01 2.809872e+01 1.842712e+00 2.707909e+00 4.010659e+00 3.080770e+00 4.100276e+00 5.499879e+00 4.993839e+00 4.739005e+00 4.075540e+00 4.033190e+00 3.067630e+00 2.739532e+00 2.129168e-03
<GCONST> 9.700049e+01
<MIXTURE> 18 1.221018e-02
<MEAN> 25
 2.681983e+00 4.699344e+00 6.849649e+00 5.255668e+00 -4.751476e+00 -9.211557e+00 -2.703647e-01 -1.384403e+00 -4.253757e+00 -3.641697e+00 -7.264180e-01 2.677885e+00 -9.782068e-01 2.220093e+00 -7.168278e-01 1.845940e+00 3.110381e+00 8.820268e-01 7.036433e-01 1.893419e-01 9.984272e-01 5.607311e-01 -5.917571e-01 1.751090e-01 -1.047867e-01
<VARIANCE> 25
 1.718414e+01 2.214864e+01 3.211896e+01 2.266080e+01 3.261174e+01 3.045485e+01 3.703331e+01 2.795112e+01 3.434657e+01 3.305896e+01 2.808252e+01 4.320813e+01 2.171586e+00 2.443844e+00 4.373290e+00 4.391913e+00 3.745089e+00 5.177120e+00 3.684897e+00 4.122993e+00 4.146187e+00 3.708518e+00 3.882249e+00 3.511623e+00 4.226461e-03
<GCONST> 9.664668e+01
<MIXTURE> 19 9.912824e-03
<MEAN> 25
 -8.445724e+00 2.379971e+00 7.835073e-01 2.338838e+00 4.091892e+00 1.561712e+00 3.672314e+00 1.030538e+00 2.211168e+00 4.678526e-01 5.813282e-01 1.734561e+00 2.101443e+00 1.863888e+00 2.146431e+00 7.003673e-01 -8.928811e-01 -9.660727e-01 -9.610788e-01 -1.525274e+00 -1.847494e+00 -1.291084e+00 -7.774903e-01 -4.378675e-01 1.126106e-02
<VARIANCE> 25
 5.562809e+01 2.676283e+01 4.234035e+01 5.040313e+01 2.814903e+01 3.043967e+01 2.550683e+01 2.450766e+01 3.154424e+01 2.441550e+01 2.616552e+01 1.919872e+01 1.940765e+00 2.131414e+00 1.791767e+00 1.912729e+00 2.717708e+00 2.151160e+00 2.021065e+00 1.995602e+00 2.267838e+00 1.874706e+00 1.940191e+00 1.899449e+00 2.460406e-03
<GCONST> 8.953166e+01
<MIXTURE> 20 6.308331e-03
<MEAN> 25
 -1.400526e+01 7.357307e+00 1.055241e+00 5.651913e+00 4.799228e+00 1.114416e+00 5.626626e+00 7.428295e-01 4.403668e-01 7.287726e-01 2.018032e+00 -9.082268e-02 -3.150289e+00 -8.146399e-01 -1.566311e+00 3.038458e-01 1.530119e+00 2.136412e+00 2.048965e+00 2.055817e+00 2.009384e+00 1.918325e+00 1.530036e+00 9.267327e-01 4.386594e-02
<VARIANCE> 25
 1.866392e+01 2.184864e+01 2.935194e+01 3.760489e+01 2.868474e+01 2.932240e+01 3.028509e+01 2.938747e+01 2.882300e+01 2.627176e+01 2.712671e+01 1.998892e+01 2.168420e+00 2.065537e+00 1.778805e+00 2.375314e+00 2.518400e+00 2.215005e+00 2.206396e+00 2.156523e+00 2.298524e+00 2.644647e+00 2.374434e+00 1.739848e+00 1.897642e-03
<GCONST> 8.859087e+01
<MIXTURE> 21 7.928653e-03
<MEAN> 25
 3.274275e+00 -5.433603e+00 6.124521e+00 2.851545e-01 -9.966119e+00 -1.063119e+01 -3.839077e+00 6.231040e+00 -5.084228e+00 -2.184618e+00 6.084451e-01 6.767712e-01 -6.226251e-01 1.084739e+00 2.524498e+00 2.521567e-01 -1.598952e+00 3.759760e-01 2.522672e-01 -2.126565e+00 -1.805124e+00 -2.457980e-01 1.420808e+00 -1.922700e-01 -9.850819e-03
<VARIANCE> 25
 6.939371e+00 1.378591e+01 2.596499e+01 2.430457e+01 2.213550e+01 2.772319e+01 3.152539e+01 5.182990e+01 4.518145e+01 2.494021e+01 2.882506e+01 1.919380e+01 2.813960e-01 7.370789e-01 1.330707e+00 1.016378e+00 1.498472e+00 1.942191e+00 2.795425e+00 3.257880e+00 2.543612e+00 2.150136e+00 1.771584e+00 1.773243e+00 3.122905e-04
<GCONST> 8.089487e+01
<MIXTURE> 22 8.827789e-03
<MEAN> 25
 -1.791930e+01 7.154332e+00 -4.129059e+00 7.391874e+00 4.602569e+00 2.758487e+00 8.399969e+00 1.748118e+00 5.376482e+00 3.299080e+00 5.714762e+00 1.185611e+00 -3.094721e-01 -2.078137e-01 -1.255151e-01 -1.495438e-01 -7.039939e-03 1.369112e-01 1.806506e-01 1.782517e-01 2.486288e-01 2.070137e-01 1.727520e-01 1.924015e-01 8.855959e-03
<VARIANCE> 25
 8.125216e+00 1.682249e+01 1.740027e+01 2.517448e+01 2.289113e+01 2.085841e+01 1.942680e+01 1.870693e+01 1.816700e+01 2.088073e+01 1.924951e+01 1.378520e+01 1.090816e+00 1.357283e+00 1.363857e+00 1.572333e+00 1.408647e+00 1.526993e+00 1.509008e+00 1.533069e+00 1.614294e+00 1.545042e+00 1.357216e+00 1.168051e+00 1.745253e-03
<GCONST> 7.831432e+01
<MIXTURE> 23 6.455497e-03
<MEAN> 25
 7.537302e+00 2.359103e+00 2.541885e+00 1.635792e+00 -4.643604e+00 -2.779020e+00 -3.687364e+00 -5.831834e+00 -2.996402e+00 -1.775793e+00 -2.942133e+00 -1.533215e+00 5.235288e-02 2.075548e-01 -1.717631e-02 1.203504e-01 -1.572988e-01 7.368252e-02 1.006563e-01 -1.915411e-01 -9.900822e-02 8.692842e-02 1.068581e-01 3.862179e-02 -5.324446e-03
<VARIANCE> 25
 1.007801e+01 2.126122e+01 2.467509e+01 3.990703e+01 3.260576e+01 4.777616e+01 5.220117e+01 5.063517e+01 4.327465e+01 4.312612e+01 4.942228e+01 3.587738e+01 1.057720e-01 2.614254e-01 3.367920e-01 4.814496e-01 7.008571e-01 9.269174e-01 8.366380e-01 9.605637e-01 9.155341e-01 7.683601e-01 7.903360e-01 6.717691e-01 7.969989e-05
<GCONST> 7.197010e+01
<MIXTURE> 24 6.455497e-03
<MEAN> 25
 7.537302e+00 2.359103e+00 2.541885e+00 1.635792e+00 -4.643604e+00 -2.779020e+00 -3.687364e+00 -5.831834e+00 -2.996402e+00 -1.775793e+00 -2.942133e+00 -1.533215e+00 5.235288e-02 2.075548e-01 -1.717631e-02 1.203504e-01 -1.572988e-01 7.368252e-02 1.006563e-01 -1.915411e-01 -9.900822e-02 8.692842e-02 1.068581e-01 3.862179e-02 -5.324446e-03
<VARIANCE> 25
 1.007801e+01 2.126122e+01 2.467509e+01 3.990703e+01 3.260576e+01 4.777616e+01 5.220117e+01 5.063517e+01 4.327465e+01 4.312612e+01 4.942228e+01 3.587738e+01 1.057720e-01 2.614254e-01 3.367920e-01 4.814496e-01 7.008571e-01 9.269174e-01 8.366380e-01 9.605637e-01 9.155341e-01 7.683601e-01 7.903360e-01 6.717691e-01 7.969989e-05
<GCONST> 7.197010e+01
<MIXTURE> 25 1.118642e-02
<MEAN> 25
 -1.235763e-02 1.474468e+00 1.610224e+01 2.901736e-01 -1.123324e+01 -2.096572e+00 -4.698035e+00 -3.790308e+00 -8.156088e+00 -4.853933e+00 3.153863e+00 -1.752069e+00 -2.944734e-01 6.533759e-01 2.756003e-01 5.780255e-02 3.576514e-01 -9.704122e-02 4.329554e-01 -4.234032e-01 -9.438103e-02 1.385842e-01 -3.360639e-01 -2.630267e-03 -1.308051e-02
<VARIANCE> 25
 6.250061e+00 2.048812e+01 1.639727e+01 2.661495e+01 3.159534e+01 4.471768e+01 1.892436e+01 2.866564e+01 2.135401e+01 2.620218e+01 1.821291e+01 1.870912e+01 5.330192e-01 1.309817e+00 1.301729e+00 1.150411e+00 2.554390e+00 2.899823e+00 1.660913e+00 1.367650e+00 1.242033e+00 1.478603e+00 1.808417e+00 1.116804e+00 8.633088e-04
<GCONST> 7.970918e+01
<MIXTURE> 26 7.727677e-03
<MEAN> 25
 2.361363e+00 -5.570045e+00 -1.013731e+01 -8.921322e-01 7.593122e+00 5.689845e+00 3.437332e+00 -7.216444e-01 2.373063e+00 -8.679018e-01 -2.795185e+00 -1.085191e+00 -6.219446e-01 6.583178e-01 2.752713e-01 7.478593e-01 1.066972e-01 1.890283e-01 4.089139e-01 3.093396e-01 3.914622e-01 7.019027e-02 4.413837e-01 3.615814e-01 -5.219680e-02
<VARIANCE> 25
 2.324370e+01 3.869159e+01 2.421989e+01 5.815758e+01 3.743694e+01 4.039068e+01 4.715670e+01 4.233618e+01 3.687643e+01 5.130565e+01 3.714362e+01 4.323370e+01 1.523806e+00 1.849556e+00 1.849955e+00 1.898339e+00 2.161674e+00 2.244160e+00 2.474455e+00 2.626097e+00 2.341705e+00 2.416166e+00 2.043318e+00 1.962355e+00 3.036663e-03
<GCONST> 9.291388e+01
<MIXTURE> 27 7.727677e-03
<MEAN> 25
 2.361363e+00 -5.570045e+00 -1.013731e+01 -8.921322e-01 7.593122e+00 5.689845e+00 3.437332e+00 -7.216444e-01 2.373063e+00 -8.679018e-01 -2.795185e+00 -1.085191e+00 -6.219446e-01 6.583178e-01 2.752713e-01 7.478593e-01 1.066972e-01 1.890283e-01 4.089139e-01 3.093396e-01 3.914622e-01 7.019027e-02 4.413837e-01 3.615814e-01 -5.219680e-02
<VARIANCE> 25
 2.324370e+01 3.869159e+01 2.421989e+01 5.815758e+01 3.743694e+01 4.039068e+01 4.715670e+01 4.233618e+01 3.687643e+01 5.130565e+01 3.714362e+01 4.323370e+01 1.523806e+00 1.849556e+00 1.849955e+00 1.898339e+00 2.161674e+00 2.244160e+00 2.474455e+00 2.626097e+00 2.341705e+00 2.416166e+00 2.043318e+00 1.962355e+00 3.036663e-03
<GCONST> 9.291388e+01
<MIXTURE> 28 5.036674e-03
<MEAN> 25
 -5.304410e+00 7.540556e-02 -1.676966e+00 6.609853e+00 4.910032e+00 3.320510e+00 5.515753e+00 3.066822e+00 4.177742e+00 2.306128e+00 2.381480e+00 2.994750e+00 -1.041699e-01 2.211935e-01 5.477376e-01 7.911611e-01 8.017164e-01 6.819611e-01 5.496492e-01 3.606087e-01 4.237066e-01 4.924701e-01 3.473645e-01 1.539949e-01 5.166281e-07
<VARIANCE> 25
 1.030692e+01 8.134483e+00 1.182280e+01 1.412307e+01 1.561434e+01 1.756663e+01 1.756213e+01 1.832600e+01 1.746398e+01 1.709850e+01 2.117743e+01 1.527590e+01 2.484363e-01 3.446958e-01 4.170496e-01 4.454370e-01 6.185176e-01 8.229520e-01 1.035449e+00 1.154790e+00 1.075817e+00 1.011714e+00 1.028140e+00 1.079880e+00 1.102580e-06
<GCONST> 6.019431e+01
<MIXTURE> 29 5.036674e-03
<MEAN> 25
 -5.304410e+00 7.540556e-02 -1.676966e+00 6.609853e+00 4.910032e+00 3.320510e+00 5.515753e+00 3.066822e+00 4.177742e+00 2.306128e+00 2.381480e+00 2.994750e+00 -1.041699e-01 2.211935e-01 5.477376e-01 7.911611e-01 8.017164e-01 6.819611e-01 5.496492e-01 3.606087e-01 4.237066e-01 4.924701e-01 3.473645e-01 1.539949e-01 5.166281e-07
<VARIANCE> 25
 1.030692e+01 8.134483e+00 1.182280e+01 1.412307e+01 1.561434e+01 1.756663e+01 1.756213e+01 1.832600e+01 1.746398e+01 1.709850e+01 2.117743e+01 1.527590e+01 2.484363e-01 3.446958e-01 4.170496e-01 4.454370e-01 6.185176e-01 8.229520e-01 1.035449e+00 1.154790e+00 1.075817e+00 1.011714e+00 1.028140e+00 1.079880e+00 1.102580e-06
<GCONST> 6.019431e+01
<MIXTURE> 30 8.917812e-03
<MEAN> 25
 -4.456470e+00 -8.982819e-02 5.735953e-01 9.048781e+00 7.503515e+00 7.290865e+00 7.543420e+00 6.742757e+00 6.672437e+00 4.788877e+00 6.666276e+00 3.361040e+00 -1.794892e-02 3.695856e-02 6.022133e-02 7.817785e-02 5.650034e-02 4.318223e-02 1.154438e-02 8.305597e-03 1.646651e-02 4.785527e-02 6.087910e-02 6.098072e-02 -4.509471e-04
<VARIANCE> 25
 6.789290e+00 1.013631e+01 1.021908e+01 1.337401e+01 1.725861e+01 1.726976e+01 1.882219e+01 1.829769e+01 1.643737e+01 1.822952e+01 2.395014e+01 1.444058e+01 9.599861e-02 2.002889e-01 3.294782e-01 4.777317e-01 6.221152e-01 7.415501e-01 7.534948e-01 8.143479e-01 8.615333e-01 9.232270e-01 9.111379e-01 9.016126e-01 5.036749e-05
<GCONST> 6.079954e+01
<MIXTURE> 31 4.136493e-03
<MEAN> 25
 -3.292312e+00 -5.631633e+00 2.265112e-02 4.883190e+00 3.655735e+00 1.674135e+00 5.249580e+00 6.606042e+00 2.785043e+00 1.253166e+00 6.496016e+00 3.131612e+00 2.515642e-01 4.769040e-01 -2.081240e-01 3.075081e-01 1.160018e-01 4.199443e-01 1.935922e-01 9.890906e-03 3.770367e-01 3.837648e-01 1.098500e-01 1.193493e-01 -1.833779e-02
<VARIANCE> 25
 7.173927e+00 1.577973e+01 1.762335e+01 1.791937e+01 2.532070e+01 2.375164e+01 2.354293e+01 2.561414e+01 2.613099e+01 2.798473e+01 2.050618e+01 1.874969e+01 1.903949e-01 4.936349e-01 6.047702e-01 7.646514e-01 9.646140e-01 1.092610e+00 1.219819e+00 1.397276e+00 1.338887e+00 1.314172e+00 1.249310e+00 1.137552e+00 2.571835e-04
<GCONST> 7.187985e+01
<MIXTURE> 32 4.136493e-03
<MEAN> 25
 -3.292312e+00 -5.631633e+00 2.265112e-02 4.883190e+00 3.655735e+00 1.674135e+00 5.249580e+00 6.606042e+00 2.785043e+00 1.253166e+00 6.496016e+00 3.131612e+00 2.515642e-01 4.769040e-01 -2.081240e-01 3.075081e-01 1.160018e-01 4.199443e-01 1.935922e-01 9.890906e-03 3.770367e-01 3.837648e-01 1.098500e-01 1.193493e-01 -1.833779e-02
<VARIANCE> 25
 7.173927e+00 1.577973e+01 1.762335e+01 1.791937e+01 2.532070e+01 2.375164e+01 2.354293e+01 2.561414e+01 2.613099e+01 2.798473e+01 2.050618e+01 1.874969e+01 1.903949e-01 4.936349e-01 6.047702e-01 7.646514e-01 9.646140e-01 1.092610e+00 1.219819e+00 1.397276e+00 1.338887e+00 1.314172e+00 1.249310e+00 1.137552e+00 2.571835e-04
<GCONST> 7.187985e+01
<MIXTURE> 33 1.508826e-02
<MEAN> 25
 5.919240e+00 -4.253503e+00 -1.949456e+00 -2.988591e+00 -8.102193e-01 -5.464890e+00 -6.888445e+00 1.814812e+00 2.600748e+00 -3.765250e-01 -4.689477e+00 -2.893238e+00 8.233683e-01 -1.357389e+00 -2.280472e+00 -1.922635e+00 1.207026e+00 1.547788e+00 -1.009362e+00 4.203692e-01 1.093990e+00 7.252782e-01 -3.697682e-01 -1.251200e+00 4.101988e-02
<VARIANCE> 25
 1.129328e+01 1.960117e+01 2.631449e+01 3.254297e+01 4.351746e+01 3.899649e+01 3.950475e+01 4.113017e+01 3.595281e+01 3.897891e+01 3.162918e+01 2.627958e+01 1.266099e+00 2.017836e+00 2.135815e+00 1.975543e+00 4.246719e+00 3.213078e+00 4.247295e+00 5.474890e+00 3.370376e+00 4.127504e+00 3.004011e+00 2.356166e+00 1.366803e-03
<GCONST> 9.302917e+01
<MIXTURE> 34 1.588179e-02
<MEAN> 25
 8.740515e+00 1.255736e-01 -3.791537e-02 8.390948e-01 -2.693061e+00 -1.170491e+00 -6.260666e+00 -4.901329e+00 -1.714813e+00 2.574549e-01 -2.660562e+00 -3.668471e+00 -4.915236e-03 1.317432e+00 1.362577e+00 2.403029e+00 -4.598884e-02 -1.563514e-01 7.844921e-01 -1.568138e+00 -8.578223e-01 1.002031e-01 -5.550187e-01 2.488937e-01 -6.200442e-02
<VARIANCE> 25
 8.123478e+00 3.004368e+01 2.899928e+01 5.152489e+01 4.224800e+01 5.021605e+01 5.322383e+01 5.568009e+01 5.081845e+01 4.257065e+01 4.645550e+01 3.036291e+01 1.219315e+00 1.924384e+00 4.371091e+00 3.892684e+00 5.403305e+00 5.614100e+00 5.316371e+00 6.051929e+00 5.077265e+00 5.448405e+00 4.844078e+00 3.725471e+00 1.109572e-03
<GCONST> 9.931857e+01
<MIXTURE> 35 1.467755e-02
<MEAN> 25
 -1.476675e+00 -5.348998e+00 -1.040342e+01 2.400519e-01 1.033795e+01 6.594658e-01 -7.096268e-01 1.869633e+00 9.146683e-01 4.626680e+00 7.677310e-01 9.288181e-01 3.087268e-01 -1.455038e+00 -1.436217e+00 -1.637367e+00 7.445230e-01 -6.175740e-01 -1.110997e+00 2.767064e-01 -2.439472e-01 5.672568e-01 -2.500441e-01 -9.214492e-01 1.122479e-01
<VARIANCE> 25
 1.759334e+01 2.601328e+01 3.658862e+01 5.051628e+01 3.466331e+01 4.660219e+01 5.701685e+01 3.602502e+01 4.229264e+01 3.149381e+01 3.141478e+01 2.799037e+01 2.988037e+00 4.038673e+00 6.851612e+00 4.532368e+00 6.455314e+00 4.777288e+00 4.498050e+00 4.186167e+00 4.071351e+00 4.140948e+00 3.861814e+00 3.554764e+00 4.348983e-03
<GCONST> 1.008805e+02
<MIXTURE> 36 1.093293e-02
<MEAN> 25
 5.027617e+00 -3.537460e+00 7.076915e+00 2.692556e+00 -1.017577e+01 -8.946040e+00 -6.270032e+00 3.093178e+00 -1.934231e+00 -4.602678e+00 2.835925e+00 -1.732858e-01 3.600959e-01 1.585961e-01 -9.059857e-01 1.874672e-02 8.646458e-01 5.066480e-02 -4.690631e-01 1.653013e-02 4.234640e-01 5.620500e-01 -4.240294e-01 -3.251817e-01 -1.592007e-02
<VARIANCE> 25
 9.856129e+00 1.681717e+01 2.227095e+01 2.818422e+01 3.146235e+01 3.203745e+01 4.610008e+01 3.514910e+01 3.958262e+01 3.263172e+01 2.768144e+01 2.666861e+01 4.669167e-01 7.435960e-01 1.535035e+00 1.241097e+00 1.655023e+00 1.649554e+00 2.154959e+00 1.763304e+00 2.008304e+00 1.700528e+00 1.412666e+00 1.439526e+00 7.233857e-04
<GCONST> 8.220592e+01
<MIXTURE> 37 1.246826e-02
<MEAN> 25
 5.388514e-01 7.676127e+00 1.203144e+01 -5.471359e+00 -7.979069e+00 -1.069900e+00 -4.974300e+00 -8.321902e+00 -3.808333e+00 -9.543340e-01 -3.588540e+00 -1.234458e+00 1.768961e-01 6.571290e-01 -1.359552e+00 3.555125e+00 1.968074e+00 -3.251936e-01 1.079957e+00 4.554257e-01 5.382279e-01 -3.385116e-01 5.228742e-01 -6.955244e-02 -9.409312e-02
<VARIANCE> 25
 1.575666e+01 2.632659e+01 3.077455e+01 5.113658e+01 3.374640e+01 3.248982e+01 4.453953e+01 3.485390e+01 3.894581e+01 3.591444e+01 3.796090e+01 3.098420e+01 2.926736e+00 3.411028e+00 2.990866e+00 4.128848e+00 4.615345e+00 3.806805e+00 4.203685e+00 3.825423e+00 3.435038e+00 3.622595e+00 3.851300e+00 2.855771e+00 3.929575e-03
<GCONST> 9.783468e+01
<MIXTURE> 38 1.154525e-02
<MEAN> 25
 -4.879308e+00 8.661104e+00 5.568564e+00 2.429900e+00 8.440639e-01 -6.929676e+00 -6.407639e-01 -2.863122e+00 -3.882274e+00 -2.433736e+00 -1.396095e+00 -3.128246e-01 -4.112809e+00 1.370292e+00 -8.052166e-01 9.015065e-01 2.814172e+00 1.425641e+00 2.164590e+00 9.449359e-01 7.987480e-01 6.993220e-01 8.552439e-01 3.069241e-01 4.035481e-02
<VARIANCE> 25
 2.696695e+01 2.556510e+01 3.719119e+01 3.210098e+01 4.218274e+01 4.173144e+01 3.091784e+01 3.550295e+01 3.287705e+01 2.926784e+01 2.065696e+01 2.508344e+01 2.528723e+00 3.394937e+00 4.250391e+00 5.457181e+00 3.855835e+00 4.516658e+00 4.072920e+00 3.894111e+00 3.687202e+00 4.064212e+00 3.721357e+00 2.774803e+00 1.942032e-03
<GCONST> 9.687433e+01
<MIXTURE> 39 9.501865e-03
<MEAN> 25
 1.141389e+00 2.554533e+00 1.056001e+01 -9.050188e+00 -1.088359e+01 -6.486178e-01 -2.561162e+00 -6.808738e+00 -5.263372e+00 7.610094e-01 -3.479641e+00 -2.135316e+00 -6.120317e-01 1.338991e+00 1.513851e+00 -1.367089e+00 1.047367e-01 1.378404e+00 -1.321346e+00 -1.301328e+00 4.648805e-01 4.445703e-01 -5.225021e-01 -7.874352e-03 1.826587e-03
<VARIANCE> 25
 8.962828e+00 2.839339e+01 3.140431e+01 3.678205e+01 3.751535e+01 4.297762e+01 4.491605e+01 3.245210e+01 4.477573e+01 3.146707e+01 3.455420e+01 2.841458e+01 8.520170e-01 1.952546e+00 1.609789e+00 2.787664e+00 2.299051e+00 3.064101e+00 3.123173e+00 2.633862e+00 2.321720e+00 2.468389e+00 2.005148e+00 2.201394e+00 1.120647e-03
<GCONST> 8.985484e+01
<MIXTURE> 40 1.030800e-02
<MEAN> 25
 -7.361034e+00 3.031939e+00 -2.090054e+00 7.556675e+00 2.879711e+00 4.362879e+00 5.246137e+00 3.246623e+00 5.473999e+00 4.043853e+00 5.266031e+00 1.603214e+00 -1.384763e-01 -1.692300e-01 7.124624e-02 -1.774610e-01 -1.742161e-01 -1.111596e-01 1.816065e-01 1.582606e-01 4.344329e-02 -2.803161e-02 9.518352e-02 8.120620e-02 1.454280e-03
<VARIANCE> 25
 4.539879e+01 1.957059e+01 2.731555e+01 2.296231e+01 2.365458e+01 1.926943e+01 1.633803e+01 1.911687e+01 1.624207e+01 1.593624e+01 1.757786e+01 1.288865e+01 6.166690e-01 7.173258e-01 7.973899e-01 9.412642e-01 9.748749e-01 1.071988e+00 1.269167e+00 1.268129e+00 1.029552e+00 1.211694e+00 1.133511e+00 1.090736e+00 7.216037e-04
<GCONST> 7.463974e+01
<MIXTURE> 41 6.713375e-03
<MEAN> 25
 9.075270e-01 1.998588e+00 1.089383e+01 -6.687175e+00 -1.001746e+01 -3.681930e+00 -1.646417e+00 -5.186424e+00 -5.595756e+00 2.265365e+00 -1.618194e+00 -4.965708e-01 1.967821e-01 -8.268542e-01 1.657295e+00 -3.436507e+00 -2.350876e+00 2.538817e-01 -6.528963e-01 -5.647892e-01 -8.278255e-01 1.023301e+00 -1.028891e+00 -1.441062e-01 8.107003e-02
<VARIANCE> 25
 1.241158e+01 2.778858e+01 3.169929e+01 3.775497e+01 3.762616e+01 3.787663e+01 4.141928e+01 2.804353e+01 3.945340e+01 2.802615e+01 2.951240e+01 2.721770e+01 3.064801e+00 3.089093e+00 3.562745e+00 3.645308e+00 4.709385e+00 6.812555e+00 4.633403e+00 4.628945e+00 3.715371e+00 3.946101e+00 3.521917e+00 3.516123e+00 2.971336e-03
<GCONST> 9.762268e+01
<MIXTURE> 42 1.106211e-02
<MEAN> 25
 -2.143420e+00 4.614274e+00 5.045705e+00 2.805153e+00 2.198116e-01 -6.308913e+00 -2.719733e-01 -1.668877e+00 -2.041821e+00 -1.646084e+00 -2.070824e+00 1.602738e+00 4.026370e+00 -4.067984e-01 1.467576e+00 1.302956e-03 -2.853596e+00 -9.680194e-01 -2.160467e+00 -8.883842e-01 -7.639899e-01 -6.485748e-01 3.865460e-01 -1.033745e+00 1.069693e-02
<VARIANCE> 25
 3.521188e+01 2.034846e+01 4.585044e+01 2.488582e+01 3.843911e+01 3.651270e+01 3.928547e+01 2.754378e+01 3.323594e+01 2.838284e+01 1.919310e+01 1.793963e+01 3.532106e+00 4.701330e+00 5.830670e+00 4.829787e+00 4.559327e+00 6.242522e+00 4.911937e+00 5.076121e+00 5.003222e+00 4.738513e+00 4.085696e+00 3.213863e+00 4.103616e-03
<GCONST> 9.944267e+01
<MIXTURE> 43 7.108249e-03
<MEAN> 25
 3.171225e+00 -6.298282e+00 -2.249391e+00 -5.197848e+00 -7.379554e+00 -3.396873e+00 4.121296e+00 1.312308e+00 -5.056267e+00 -7.087008e+00 -4.306498e+00 -1.244381e+00 2.369861e-01 2.162018e+00 1.909821e+00 -1.311776e-01 -1.429296e+00 -7.950593e-01 -9.666311e-01 -7.800996e-01 8.212739e-01 1.466179e+00 3.422598e-01 2.025038e-02 -4.505393e-02
<VARIANCE> 25
 9.586148e+00 1.971017e+01 2.728444e+01 3.517141e+01 3.848210e+01 3.658899e+01 3.336450e+01 3.973894e+01 3.960583e+01 3.866537e+01 2.660966e+01 2.950022e+01 6.891893e-01 1.249990e+00 1.573717e+00 2.486895e+00 2.375725e+00 2.377331e+00 2.654889e+00 3.020654e+00 2.601887e+00 2.574503e+00 2.328415e+00 1.915359e+00 9.429178e-04
<GCONST> 8.795328e+01
<MIXTURE> 44 7.328289e-03
<MEAN> 25
 -1.498879e+01 2.091253e+00 3.750264e+00 -3.251889e+00 3.536070e+00 1.232595e+00 8.255685e-01 2.397119e+00 6.261009e-01 -4.544998e-01 1.434472e+00 1.925069e+00 -1.309054e-01 -4.370583e-02 1.962273e-01 3.297883e-01 -6.430607e-02 2.369598e-01 4.703487e-01 1.253843e-01 1.955354e-01 1.646334e-01 1.626685e-01 2.319370e-01 2.213119e-03
<VARIANCE> 25
 3.908926e+01 2.792624e+01 3.196885e+01 2.791049e+01 2.693607e+01 3.391101e+01 2.917266e+01 2.890913e+01 3.237207e+01 2.602983e+01 2.601862e+01 1.788592e+01 1.171484e+00 1.428494e+00 1.342817e+00 1.244353e+00 2.032888e+00 1.595932e+00 1.481455e+00 1.528033e+00 1.497137e+00 1.405326e+00 1.367756e+00 1.285871e+00 1.213832e-03
<GCONST> 8.378672e+01
<MIXTURE> 45 1.364932e-02
<MEAN> 25
 -1.217393e+01 3.714098e+00 -1.232905e+00 3.353480e+00 5.992439e+00 -1.423850e-02 5.024766e+00 2.616618e+00 2.838530e+00 1.823344e+00 1.870404e+00 2.819763e+00 -2.897156e+00 4.787436e-01 -3.658515e-01 -4.895106e-01 2.785958e-01 4.749210e-02 4.501684e-01 4.662918e-02 -1.126664e-01 -7.383427e-03 1.776086e-01 -1.053187e-01 1.140218e-01
<VARIANCE> 25
 3.246807e+01 2.950764e+01 2.905383e+01 3.681162e+01 3.046675e+01 2.758754e+01 2.870898e+01 2.565794e+01 2.616354e+01 2.376363e+01 2.959234e+01 1.541537e+01 2.304877e+00 3.052201e+00 2.898653e+00 2.541486e+00 2.445236e+00 2.542371e+00 2.193652e+00 2.150409e+00 2.036304e+00 2.041874e+00 1.929195e+00 2.145151e+00 4.178642e-03
<GCONST> 9.037215e+01
<MIXTURE> 46 9.336259e-03
<MEAN> 25
 -9.461424e+00 2.316022e+00 1.199253e+00 7.561899e+00 5.940069e+00 3.320612e+00 7.070177e+00 4.486011e+00 5.695115e+00 4.683421e+00 5.030997e+00 2.926373e+00 1.060287e+00 -2.409183e-01 4.106600e-02 9.990047e-01 6.024271e-01 9.418266e-01 3.863334e-01 6.736127e-01 4.726784e-01 5.071804e-01 6.404973e-01 5.241071e-01 -1.055032e-01
<VARIANCE> 25
 3.421346e+01 4.378163e+01 3.854061e+01 4.991093e+01 5.077814e+01 4.088347e+01 3.699735e+01 3.538667e+01 3.329900e+01 3.105303e+01 2.825675e+01 2.020390e+01 3.910032e+00 4.138535e+00 3.878537e+00 4.140404e+00 4.172133e+00 3.693661e+00 3.380715e+00 3.113818e+00 2.980821e+00 2.864358e+00 2.308790e+00 1.784637e+00 7.956433e-03
<GCONST> 9.830035e+01
<MIXTURE> 47 7.116147e-03
<MEAN> 25
 6.693402e+00 -7.389885e+00 -7.664492e+00 -6.330977e+00 1.577602e+00 7.671968e-01 -3.364655e+00 2.000464e+00 2.839951e+00 1.096507e+00 -3.964541e+00 -7.024487e+00 -1.606029e-01 -1.273677e+00 -6.956232e-01 -3.256253e-01 3.786457e-01 7.562364e-01 8.135352e-01 4.554184e-01 1.470007e-01 -7.459806e-01 -6.038824e-01 -3.345483e-01 3.049047e-02
<VARIANCE> 25
 1.183661e+01 1.868100e+01 1.906709e+01 2.941147e+01 3.239978e+01 4.693257e+01 4.591902e+01 4.042698e+01 3.903447e+01 4.945645e+01 4.441652e+01 3.060590e+01 4.715375e-01 6.956090e-01 1.001763e+00 1.618883e+00 2.236446e+00 2.070647e+00 2.207997e+00 2.540364e+00 1.934113e+00 2.012599e+00 2.197680e+00 1.902009e+00 5.067920e-04
<GCONST> 8.513644e+01
<MIXTURE> 48 7.116147e-03
<MEAN> 25
 6.693402e+00 -7.389885e+00 -7.664492e+00 -6.330977e+00 1.577602e+00 7.671968e-01 -3.364655e+00 2.000464e+00 2.839951e+00 1.096507e+00 -3.964541e+00 -7.024487e+00 -1.606029e-01 -1.273677e+00 -6.956232e-01 -3.256253e-01 3.786457e-01 7.562364e-01 8.135352e-01 4.554184e-01 1.470007e-01 -7.459806e-01 -6.038824e-01 -3.345483e-01 3.049047e-02
<VARIANCE> 25
 1.183661e+01 1.868100e+01 1.906709e+01 2.941147e+01 3.239978e+01 4.693257e+01 4.591902e+01 4.042698e+01 3.903447e+01 4.945645e+01 4.441652e+01 3.060590e+01 4.715375e-01 6.956090e-01 1.001763e+00 1.618883e+00 2.236446e+00 2.070647e+00 2.207997e+00 2.540364e+00 1.934113e+00 2.012599e+00 2.197680e+00 1.902009e+00 5.067920e-04
<GCONST> 8.513644e+01
<MIXTURE> 49 5.548473e-03
<MEAN> 25
 -4.869479e+00 5.449034e-01 -4.138657e-02 8.335815e+00 5.778468e+00 5.253638e+00 6.028637e+00 4.264587e+00 5.288954e+00 3.668833e+00 4.628651e+00 2.652853e+00 3.487251e-01 6.681514e-01 7.155811e-01 3.112489e-01 -2.063485e-01 -6.460558e-01 -9.678224e-01 -1.073521e+00 -9.243869e-01 -6.651275e-01 -4.943191e-01 -2.685076e-01 1.404546e-04
<VARIANCE> 25
 1.027844e+01 1.058602e+01 1.441294e+01 1.522514e+01 1.716612e+01 1.846590e+01 1.985364e+01 1.991509e+01 1.922882e+01 1.721883e+01 2.239807e+01 1.431782e+01 2.700162e-01 2.548634e-01 3.528421e-01 6.224544e-01 8.343656e-01 9.579079e-01 9.766014e-01 1.033610e+00 1.095520e+00 1.193930e+00 1.240976e+00 1.348171e+00 1.436401e-05
<GCONST> 6.456474e+01
<MIXTURE> 50 6.234641e-03
<MEAN> 25
 -4.518076e+00 1.961932e-01 -1.660026e+00 6.255275e+00 3.816596e+00 2.258240e+00 3.838818e+00 2.040215e+00 3.458337e+00 1.148327e+00 1.341730e+00 2.280170e+00 4.022622e-02 1.340117e-01 8.724199e-02 -1.647882e-01 -5.055934e-01 -5.750218e-01 -3.368168e-01 -1.003898e-02 4.451919e-01 7.797536e-01 7.424813e-01 4.407511e-01 -4.131325e-05
<VARIANCE> 25
 9.725975e+00 1.020529e+01 1.408164e+01 1.414793e+01 1.529976e+01 1.789276e+01 1.717928e+01 1.808732e+01 2.035393e+01 1.763383e+01 2.597062e+01 1.643661e+01 1.352735e-01 2.328157e-01 4.130676e-01 5.309701e-01 5.655360e-01 6.968452e-01 9.712678e-01 1.080984e+00 1.010971e+00 8.628718e-01 8.738722e-01 1.077963e+00 1.103510e-06
<GCONST> 5.935883e+01
<MIXTURE> 51 6.234641e-03
<MEAN> 25
 -4.518076e+00 1.961932e-01 -1.660026e+00 6.255275e+00 3.816596e+00 2.258240e+00 3.838818e+00 2.040215e+00 3.458337e+00 1.148327e+00 1.341730e+00 2.280170e+00 4.022622e-02 1.340117e-01 8.724199e-02 -1.647882e-01 -5.055934e-01 -5.750218e-01 -3.368168e-01 -1.003898e-02 4.451919e-01 7.797536e-01 7.424813e-01 4.407511e-01 -4.131325e-05
<VARIANCE> 25
 9.725975e+00 1.020529e+01 1.408164e+01 1.414793e+01 1.529976e+01 1.789276e+01 1.717928e+01 1.808732e+01 2.035393e+01 1.763383e+01 2.597062e+01 1.643661e+01 1.352735e-01 2.328157e-01 4.130676e-01 5.309701e-01 5.655360e-01 6.968452e-01 9.712678e-01 1.080984e+00 1.010971e+00 8.628718e-01 8.738722e-01 1.077963e+00 1.103510e-06
<GCONST> 5.935883e+01
<MIXTURE> 52 6.367945e-03
<MEAN> 25
 9.392425e+00 1.402149e+00 -5.449084e+00 -1.433974e+01 -4.127111e+00 8.924342e+00 -3.070554e+00 -2.279771e+00 -4.981080e+00 -1.266443e+00 4.332420e+00 5.650923e-01 -4.236230e-01 -5.839851e-01 -1.083061e-01 7.334955e-01 1.256962e+00 -2.654070e-01 -5.810513e-01 -6.213132e-01 1.737302e-03 1.508096e+00 4.164755e-01 -7.371592e-01 -4.610223e-03
<VARIANCE> 25
 9.946840e+00 1.954905e+01 2.317883e+01 3.313327e+01 3.865577e+01 2.650278e+01 3.904489e+01 4.314869e+01 3.809929e+01 4.440022e+01 3.807444e+01 2.645212e+01 4.035269e-01 1.351189e+00 1.100993e+00 3.216218e+00 1.966999e+00 2.126747e+00 2.537416e+00 2.339599e+00 2.585665e+00 2.719483e+00 2.132256e+00 2.265176e+00 1.815485e-03
<GCONST> 8.765448e+01
<MIXTURE> 53 6.367945e-03
<MEAN> 25
 9.392425e+00 1.402149e+00 -5.449084e+00 -1.433974e+01 -4.127111e+00 8.924342e+00 -3.070554e+00 -2.279771e+00 -4.981080e+00 -1.266443e+00 4.332420e+00 5.650923e-01 -4.236230e-01 -5.839851e-01 -1.083061e-01 7.334955e-01 1.256962e+00 -2.654070e-01 -5.810513e-01 -6.213132e-01 1.737302e-03 1.508096e+00 4.164755e-01 -7.371592e-01 -4.610223e-03
<VARIANCE> 25
 9.946840e+00 1.954905e+01 2.317883e+01 3.313327e+01 3.865577e+01 2.650278e+01 3.904489e+01 4.314869e+01 3.809929e+01 4.440022e+01 3.807444e+01 2.645212e+01 4.035269e-01 1.351189e+00 1.100993e+00 3.216218e+00 1.966999e+00 2.126747e+00 2.537416e+00 2.339599e+00 2.585665e+00 2.719483e+00 2.132256e+00 2.265176e+00 1.815485e-03
<GCONST> 8.765448e+01
<MIXTURE> 54 7.368620e-03
<MEAN> 25
 -3.609266e+00 9.564006e-02 -7.129329e-01 8.004854e+00 6.281075e+00 4.494472e+00 4.740515e+00 4.504768e+00 4.186951e+00 3.607908e+00 4.290645e+00 2.243964e+00 -4.114215e-03 1.713811e-02 4.812694e-02 6.221102e-02 4.187734e-02 4.410631e-02 5.034113e-02 3.980508e-02 5.179467e-02 3.945478e-02 7.462249e-03 -6.595137e-03 -2.445877e-05
<VARIANCE> 25
 8.965356e+00 1.025605e+01 9.113915e+00 1.773822e+01 1.424842e+01 1.370372e+01 1.184861e+01 1.140069e+01 1.167137e+01 1.344314e+01 1.824177e+01 1.241705e+01 4.039371e-02 8.892921e-02 1.625163e-01 2.290246e-01 3.067760e-01 3.896010e-01 4.540522e-01 5.243378e-01 5.677156e-01 5.285310e-01 5.180937e-01 5.161408e-01 1.040818e-06
<GCONST> 4.743468e+01
<MIXTURE> 55 7.368620e-03
<MEAN> 25
 -3.609266e+00 9.564006e-02 -7.129329e-01 8.004854e+00 6.281075e+00 4.494472e+00 4.740515e+00 4.504768e+00 4.186951e+00 3.607908e+00 4.290645e+00 2.243964e+00 -4.114215e-03 1.713811e-02 4.812694e-02 6.221102e-02 4.187734e-02 4.410631e-02 5.034113e-02 3.980508e-02 5.179467e-02 3.945478e-02 7.462249e-03 -6.595137e-03 -2.445877e-05
<VARIANCE> 25
 8.965356e+00 1.025605e+01 9.113915e+00 1.773822e+01 1.424842e+01 1.370372e+01 1.184861e+01 1.140069e+01 1.167137e+01 1.344314e+01 1.824177e+01 1.241705e+01 4.039371e-02 8.892921e-02 1.625163e-01 2.290246e-01 3.067760e-01 3.896010e-01 4.540522e-01 5.243378e-01 5.677156e-01 5.285310e-01 5.180937e-01 5.161408e-01 1.040818e-06
<GCONST> 4.743468e+01
<MIXTURE> 56 6.132464e-03
<MEAN> 25
 6.910575e+00 -6.589404e+00 -7.861294e+00 -9.775631e+00 3.337699e+00 4.651785e+00 -2.981198e+00 -9.414703e-01 9.244569e-01 1.781152e+00 -1.056773e+00 -6.382131e+00 2.355774e-02 1.688290e-02 -5.667808e-02 2.609655e-02 1.927790e-01 -2.167330e-02 2.053109e-01 -9.434167e-02 7.215492e-02 -4.667097e-02 -3.078367e-01 8.841492e-02 -9.468960e-03
<VARIANCE> 25
 8.813882e+00 1.976773e+01 2.139677e+01 4.147390e+01 2.914115e+01 4.643805e+01 5.244703e+01 3.141764e+01 3.615751e+01 4.085518e+01 4.281517e+01 2.987792e+01 1.797561e-01 5.129886e-01 3.844897e-01 6.948205e-01 7.565001e-01 1.047602e+00 8.564186e-01 8.496207e-01 9.421167e-01 8.816285e-01 1.293850e+00 7.399982e-01 2.732948e-04
<GCONST> 7.427679e+01
<MIXTURE> 57 6.132464e-03
<MEAN> 25
 6.910575e+00 -6.589404e+00 -7.861294e+00 -9.775631e+00 3.337699e+00 4.651785e+00 -2.981198e+00 -9.414703e-01 9.244569e-01 1.781152e+00 -1.056773e+00 -6.382131e+00 2.355774e-02 1.688290e-02 -5.667808e-02 2.609655e-02 1.927790e-01 -2.167330e-02 2.053109e-01 -9.434167e-02 7.215492e-02 -4.667097e-02 -3.078367e-01 8.841492e-02 -9.468960e-03
<VARIANCE> 25
 8.813882e+00 1.976773e+01 2.139677e+01 4.147390e+01 2.914115e+01 4.643805e+01 5.244703e+01 3.141764e+01 3.615751e+01 4.085518e+01 4.281517e+01 2.987792e+01 1.797561e-01 5.129886e-01 3.844897e-01 6.948205e-01 7.565001e-01 1.047602e+00 8.564186e-01 8.496207e-01 9.421167e-01 8.816285e-01 1.293850e+00 7.399982e-01 2.732948e-04
<GCONST> 7.427679e+01
<MIXTURE> 58 6.172147e-03
<MEAN> 25
 2.582631e+00 -3.088377e+00 7.375349e+00 -5.240291e+00 -1.339010e+01 -5.542932e+00 1.611256e+00 7.764050e-01 -2.458050e+00 1.777360e+00 5.717166e-01 -8.446578e-01 -3.112896e-02 -1.293676e-01 -6.866582e-02 -1.557161e-01 -2.830042e-02 2.363038e-01 3.822300e-01 2.079086e-01 1.528521e-02 1.670340e-02 -6.806958e-02 -1.420666e-01 -2.944053e-03
<VARIANCE> 25
 7.386347e+00 1.500551e+01 2.052656e+01 2.720032e+01 2.394265e+01 4.689334e+01 3.263187e+01 3.510806e+01 3.230510e+01 3.144092e+01 2.268967e+01 2.004121e+01 3.054559e-01 8.024744e-01 7.506270e-01 1.015909e+00 8.907059e-01 1.230958e+00 1.157256e+00 1.316466e+00 1.073152e+00 1.057102e+00 9.168483e-01 8.715788e-01 7.170655e-04
<GCONST> 7.558774e+01
<MIXTURE> 59 6.172147e-03
<MEAN> 25
 2.582631e+00 -3.088377e+00 7.375349e+00 -5.240291e+00 -1.339010e+01 -5.542932e+00 1.611256e+00 7.764050e-01 -2.458050e+00 1.777360e+00 5.717166e-01 -8.446578e-01 -3.112896e-02 -1.293676e-01 -6.866582e-02 -1.557161e-01 -2.830042e-02 2.363038e-01 3.822300e-01 2.079086e-01 1.528521e-02 1.670340e-02 -6.806958e-02 -1.420666e-01 -2.944053e-03
<VARIANCE> 25
 7.386347e+00 1.500551e+01 2.052656e+01 2.720032e+01 2.394265e+01 4.689334e+01 3.263187e+01 3.510806e+01 3.230510e+01 3.144092e+01 2.268967e+01 2.004121e+01 3.054559e-01 8.024744e-01 7.506270e-01 1.015909e+00 8.907059e-01 1.230958e+00 1.157256e+00 1.316466e+00 1.073152e+00 1.057102e+00 9.168483e-01 8.715788e-01 7.170655e-04
<GCONST> 7.558774e+01
<MIXTURE> 60 4.479129e-03
<MEAN> 25
 -4.015229e+00 -1.070590e-01 -1.404340e+00 4.274382e+00 1.395308e+00 1.923290e+00 2.350931e+00 1.382239e+00 3.258484e+00 1.097058e+00 1.460830e+00 1.603011e+00 -2.472249e-02 4.058787e-02 1.462389e-01 1.417305e-01 6.826656e-02 6.820235e-02 1.774489e-01 3.327689e-01 4.815238e-01 6.838318e-01 5.434644e-01 2.943610e-01 -1.078781e-05
<VARIANCE> 25
 5.966875e+00 5.261532e+00 9.633930e+00 1.103574e+01 1.250097e+01 1.439609e+01 1.415160e+01 1.205293e+01 1.491179e+01 1.330716e+01 1.824947e+01 1.137386e+01 8.290609e-02 1.622252e-01 3.074453e-01 4.892437e-01 5.344275e-01 7.075298e-01 7.944551e-01 8.667270e-01 8.653793e-01 7.786806e-01 9.037049e-01 9.531352e-01 2.377689e-05
<GCONST> 5.627820e+01
<MIXTURE> 61 4.479129e-03
<MEAN> 25
 -4.015229e+00 -1.070590e-01 -1.404340e+00 4.274382e+00 1.395308e+00 1.923290e+00 2.350931e+00 1.382239e+00 3.258484e+00 1.097058e+00 1.460830e+00 1.603011e+00 -2.472249e-02 4.058787e-02 1.462389e-01 1.417305e-01 6.826656e-02 6.820235e-02 1.774489e-01 3.327689e-01 4.815238e-01 6.838318e-01 5.434644e-01 2.943610e-01 -1.078781e-05
<VARIANCE> 25
 5.966875e+00 5.261532e+00 9.633930e+00 1.103574e+01 1.250097e+01 1.439609e+01 1.415160e+01 1.205293e+01 1.491179e+01 1.330716e+01 1.824947e+01 1.137386e+01 8.290609e-02 1.622252e-01 3.074453e-01 4.892437e-01 5.344275e-01 7.075298e-01 7.944551e-01 8.667270e-01 8.653793e-01 7.786806e-01 9.037049e-01 9.531352e-01 2.377689e-05
<GCONST> 5.627820e+01
<MIXTURE> 62 3.278034e-03
<MEAN> 25
 -5.092003e+00 1.249244e+00 1.024389e+00 8.809155e+00 6.122585e+00 5.038639e+00 5.506005e+00 4.026815e+00 4.983414e+00 3.910873e+00 4.954258e+00 2.948481e+00 -1.002694e+00 -1.165363e+00 -9.526664e-01 -2.764031e-01 4.270673e-01 1.005723e+00 1.385357e+00 1.551772e+00 1.477064e+00 1.241515e+00 1.064722e+00 7.262269e-01 -1.267254e-03
<VARIANCE> 25
 9.898669e+00 9.983942e+00 1.311321e+01 1.678117e+01 1.742652e+01 1.758767e+01 1.969225e+01 1.910642e+01 1.892637e+01 1.871982e+01 2.166315e+01 1.478023e+01 4.017546e-01 4.322492e-01 5.544105e-01 7.783844e-01 1.035215e+00 1.194318e+00 1.252516e+00 1.277657e+00 1.328982e+00 1.363377e+00 1.400703e+00 1.369190e+00 1.636166e-05
<GCONST> 6.754499e+01
<MIXTURE> 63 4.351215e-03
<MEAN> 25
 -3.073295e+00 -3.194570e-01 -5.037985e+00 3.562774e+00 2.132162e+00 -3.269118e-01 3.471069e+00 6.420762e-01 4.481674e+00 -1.024624e-01 -9.003598e-01 1.458582e+00 -1.020533e-01 3.598297e-01 4.778333e-01 5.127036e-01 2.154414e-01 2.217809e-01 4.603937e-01 7.472884e-02 1.411480e-01 2.827695e-01 2.029784e-01 1.291043e-01 -4.691271e-03
<VARIANCE> 25
 8.969361e+00 1.771833e+01 1.430449e+01 1.299975e+01 1.486238e+01 1.876909e+01 1.912743e+01 2.242918e+01 2.325748e+01 1.955617e+01 1.827987e+01 1.483039e+01 2.194752e-01 4.239798e-01 5.947756e-01 5.914443e-01 7.796577e-01 1.042616e+00 1.227458e+00 1.364893e+00 1.010591e+00 1.272236e+00 1.352373e+00 1.335809e+00 1.768068e-04
<GCONST> 6.874753e+01
<MIXTURE> 64 4.351215e-03
<MEAN> 25
 -3.073295e+00 -3.194570e-01 -5.037985e+00 3.562774e+00 2.132162e+00 -3.269118e-01 3.471069e+00 6.420762e-01 4.481674e+00 -1.024624e-01 -9.003598e-01 1.458582e+00 -1.020533e-01 3.598297e-01 4.778333e-01 5.127036e-01 2.154414e-01 2.217809e-01 4.603937e-01 7.472884e-02 1.411480e-01 2.827695e-01 2.029784e-01 1.291043e-01 -4.691271e-03
<VARIANCE> 25
 8.969361e+00 1.771833e+01 1.430449e+01 1.299975e+01 1.486238e+01 1.876909e+01 1.912743e+01 2.242918e+01 2.325748e+01 1.955617e+01 1.827987e+01 1.483039e+01 2.194752e-01 4.239798e-01 5.947756e-01 5.914443e-01 7.796577e-01 1.042616e+00 1.227458e+00 1.364893e+00 1.010591e+00 1.272236e+00 1.352373e+00 1.335809e+00 1.768068e-04
<GCONST> 6.874753e+01
<MIXTURE> 65 1.721197e-02
<MEAN> 25
 7.866377e+00 2.138322e+00 1.758670e+00 4.101217e-01 -5.236268e+00 -3.968572e+00 -5.642716e+00 -6.572578e+00 -3.700583e+00 -2.477124e+00 -5.038950e+00 -1.769638e+00 1.712989e-01 1.337981e-01 -4.367313e-03 1.366432e-01 -2.089286e-01 2.806967e-01 -1.248484e-01 -1.441858e-01 1.650354e-01 1.843982e-02 -6.846709e-03 -1.595432e-01 -5.157277e-03
<VARIANCE> 25
 9.918049e+00 1.898976e+01 2.590615e+01 3.653161e+01 3.708194e+01 5.848877e+01 5.654716e+01 5.797907e+01 5.376281e+01 5.602845e+01 5.846395e+01 4.905954e+01 5.310121e-01 9.327022e-01 1.550798e+00 1.833575e+00 1.977451e+00 2.254203e+00 2.335134e+00 2.925707e+00 2.426303e+00 2.483618e+00 2.323928e+00 2.027402e+00 4.256506e-04
<GCONST> 8.912967e+01
<MIXTURE> 66 1.191532e-02
<MEAN> 25
 6.629827e+00 -3.985781e+00 -5.586952e+00 -4.910487e+00 1.344290e+00 -4.793576e+00 -6.953079e+00 1.004663e+00 6.563231e-01 -1.914686e+00 -6.063385e+00 -3.451076e+00 -3.941467e-02 1.645636e+00 2.163739e+00 2.314099e+00 -1.222670e+00 -1.226721e+00 6.894826e-02 -5.349526e-01 -1.339270e-01 -2.569872e-01 -2.070915e-01 1.028136e+00 -6.353513e-02
<VARIANCE> 25
 8.836384e+00 2.247255e+01 2.656575e+01 3.302304e+01 3.799289e+01 5.589628e+01 5.480252e+01 4.637656e+01 5.294920e+01 6.679754e+01 3.649142e+01 3.572172e+01 1.257018e+00 2.410432e+00 2.538906e+00 2.427408e+00 4.139341e+00 4.269962e+00 4.302049e+00 4.765596e+00 4.173054e+00 5.113642e+00 3.823463e+00 3.203193e+00 1.441364e-03
<GCONST> 9.670365e+01
<MIXTURE> 67 1.559142e-02
<MEAN> 25
 8.878544e+00 2.028753e+00 -5.935701e+00 -8.277582e+00 9.927386e-01 3.212831e+00 -3.413200e+00 -2.358697e+00 -3.696883e+00 8.573966e-01 -1.242298e-01 -1.759691e+00 -1.045225e+00 1.810469e+00 1.018119e+00 3.055325e+00 1.360147e+00 -4.936870e-01 1.291972e+00 1.100407e-01 1.643499e-01 1.800590e-01 -2.712685e-01 6.170785e-01 -1.282608e-01
<VARIANCE> 25
 1.168846e+01 3.812902e+01 3.025768e+01 5.515338e+01 4.860651e+01 5.366092e+01 6.118585e+01 5.235968e+01 6.374125e+01 5.703903e+01 5.477654e+01 4.640667e+01 2.168750e+00 3.410522e+00 3.304384e+00 4.434150e+00 4.468380e+00 4.488180e+00 4.625201e+00 4.986924e+00 5.385572e+00 4.968422e+00 5.035687e+00 3.670547e+00 3.097337e-03
<GCONST> 1.026930e+02
<MIXTURE> 68 1.485092e-02
<MEAN> 25
 -2.091141e+00 -2.260825e+00 -3.943721e+00 1.313200e+00 5.296854e+00 -8.224425e-01 2.146117e+00 1.925932e+00 2.011334e+00 1.474748e+00 4.539055e-01 1.849468e+00 2.782391e+00 4.952359e-01 -6.819659e-04 -2.591702e+00 -2.362618e+00 -1.545925e+00 -2.365246e+00 -1.748566e+00 -1.575063e+00 -1.406169e+00 -1.978436e+00 -1.059025e+00 1.019423e-01
<VARIANCE> 25
 2.593147e+01 3.161887e+01 5.897080e+01 5.181627e+01 4.592508e+01 5.546746e+01 4.461921e+01 4.210198e+01 3.981783e+01 4.537447e+01 3.670213e+01 2.540325e+01 1.852840e+00 3.865602e+00 5.852072e+00 5.780938e+00 4.761583e+00 5.601513e+00 5.681653e+00 4.982651e+00 5.231700e+00 5.467339e+00 4.943339e+00 3.362155e+00 6.095302e-03
<GCONST> 1.035799e+02
<MIXTURE> 69 1.204884e-02
<MEAN> 25
 4.466112e+00 -4.186953e+00 -3.284591e+00 -3.639979e+00 -2.816462e+00 -7.804719e+00 -1.151436e+00 2.297566e+00 -2.856763e-02 -4.537896e+00 -5.688851e+00 8.061911e-01 1.756292e+00 -2.283007e+00 -1.344062e+00 -2.289922e+00 -5.266945e-01 -2.175263e-01 -6.420259e-01 5.352806e-01 -4.609538e-01 -1.184203e+00 -2.148805e+00 -2.325162e-01 6.259983e-02
<VARIANCE> 25
 8.996017e+00 2.068947e+01 2.636093e+01 2.447900e+01 4.713532e+01 3.365559e+01 4.615131e+01 2.986537e+01 3.887852e+01 3.632078e+01 2.926239e+01 2.352059e+01 3.441478e+00 2.781796e+00 3.136874e+00 3.516632e+00 5.429061e+00 4.981816e+00 7.112256e+00 5.831702e+00 6.051852e+00 6.667263e+00 4.141417e+00 3.540499e+00 2.300233e-03
<GCONST> 9.801841e+01
<MIXTURE> 70 1.329190e-02
<MEAN> 25
 6.803196e+00 -2.226306e+00 -4.130986e+00 -3.679978e+00 7.172419e-01 -9.720874e-01 -8.144035e+00 -3.102708e+00 6.803660e-01 3.685441e+00 4.078674e-01 -5.586032e+00 1.793144e+00 -9.464105e-01 -5.523557e-01 -2.098919e+00 -1.799630e+00 1.082696e+00 -1.214439e+00 2.386521e-01 4.305462e-01 1.049160e-01 4.539200e-01 -1.529536e+00 5.679146e-02
<VARIANCE> 25
 1.144686e+01 1.980338e+01 2.505263e+01 4.087066e+01 4.117528e+01 3.924375e+01 4.466562e+01 4.430308e+01 4.083086e+01 3.417758e+01 4.094960e+01 2.692941e+01 3.161869e+00 3.057415e+00 4.592898e+00 4.369903e+00 5.053611e+00 5.642194e+00 6.000126e+00 7.176929e+00 5.393589e+00 4.782279e+00 5.381388e+00 3.847964e+00 2.224007e-03
<GCONST> 1.000795e+02
<MIXTURE> 71 1.406903e-02
<MEAN> 25
 6.178063e+00 5.371807e+00 4.329100e+00 3.438867e+00 -3.497828e+00 -3.588518e+00 -3.165417e+00 -6.585889e+00 -4.450415e+00 -2.520503e+00 -5.222792e+00 -2.992553e+00 -1.533428e+00 -8.323963e-01 -4.492534e-01 -1.780111e+00 1.311845e+00 -6.343791e-02 -8.470682e-02 1.496494e+00 3.047670e-01 -3.853603e-02 7.841876e-01 1.417085e-01 4.098128e-02
<VARIANCE> 25
 1.885892e+01 2.504683e+01 2.346188e+01 4.443282e+01 3.858726e+01 3.961181e+01 4.137783e+01 3.939993e+01 3.829950e+01 4.172247e+01 3.454939e+01 3.365709e+01 1.694968e+00 3.440837e+00 5.677098e+00 4.658479e+00 5.035437e+00 4.681873e+00 5.011351e+00 5.127988e+00 4.090265e+00 4.192420e+00 3.660517e+00 3.160222e+00 1.417762e-03
<GCONST> 9.839427e+01
<MIXTURE> 72 8.134747e-03
<MEAN> 25
 3.789826e+00 -3.680790e+00 5.460052e+00 -2.465535e+00 -1.040199e+01 -9.619935e+00 -2.446245e+00 1.917650e+00 -4.946082e+00 -2.201488e+00 -1.883987e+00 6.186838e-01 9.321841e-01 -7.857299e-01 -2.576850e+00 4.639541e-01 2.136370e+00 -6.554766e-01 -1.317181e+00 1.526008e+00 1.814739e+00 -5.974820e-01 -1.289496e+00 4.032026e-01 -6.143866e-03
<VARIANCE> 25
 1.079150e+01 1.949743e+01 3.288837e+01 3.843334e+01 3.231890e+01 3.345237e+01 4.109689e+01 3.627502e+01 4.373869e+01 4.135395e+01 3.881222e+01 2.850891e+01 4.325756e-01 1.027962e+00 2.021036e+00 1.469978e+00 2.185056e+00 2.359810e+00 3.062181e+00 2.732819e+00 2.602498e+00 2.961700e+00 2.024948e+00 2.131804e+00 5.409084e-04
<GCONST> 8.726582e+01
<MIXTURE> 73 1.213625e-02
<MEAN> 25
 -5.634291e+00 -7.859152e-01 -1.297658e+00 4.921736e+00 4.243516e+00 2.324901e+00 5.512681e+00 3.460868e+00 4.372284e+00 3.401012e+00 4.251718e+00 3.017692e+00 8.097609e-01 -1.029556e+00 -9.432616e-01 -2.644702e+00 -1.252437e+00 -1.743715e+00 -9.066950e-01 -5.080596e-01 -9.187939e-01 -6.988714e-01 -1.106441e+00 -2.835081e-01 1.545410e-01
<VARIANCE> 25
 1.284141e+01 1.337050e+01 1.523172e+01 2.258060e+01 2.330660e+01 2.496653e+01 2.033956e+01 1.998117e+01 1.774545e+01 1.940065e+01 2.281259e+01 1.557576e+01 4.054047e+00 3.109480e+00 5.961135e+00 4.679216e+00 6.159355e+00 4.565799e+00 4.301020e+00 4.244291e+00 3.924821e+00 4.247658e+00 3.535482e+00 2.668039e+00 4.323882e-03
<GCONST> 9.273905e+01
<MIXTURE> 74 1.756491e-02
<MEAN> 25
 4.253869e+00 -1.420161e+00 5.498407e+00 -8.142500e-01 -8.604845e+00 -8.294786e+00 -2.244331e+00 5.027952e-01 -4.527621e+00 -3.165151e+00 -1.429433e+00 6.812000e-01 2.510822e-01 2.060294e+00 -9.998425e-02 1.752051e+00 1.212224e+00 1.731590e-01 7.551191e-03 -1.100849e+00 2.974123e-01 9.747083e-02 -3.125986e-01 7.457446e-02 -7.721619e-02
<VARIANCE> 25
 1.219191e+01 2.149401e+01 3.696048e+01 3.860150e+01 3.580663e+01 3.800071e+01 5.276838e+01 4.524358e+01 4.822107e+01 4.427009e+01 4.061451e+01 3.606541e+01 2.050501e+00 1.966648e+00 4.066060e+00 2.583628e+00 3.815375e+00 4.280168e+00 4.797678e+00 5.016318e+00 4.209382e+00 4.005906e+00 3.545268e+00 3.612370e+00 1.702632e-03
<GCONST> 9.744751e+01
<MIXTURE> 75 9.711651e-03
<MEAN> 25
 2.625499e+00 -1.213243e+00 1.106423e+01 1.711676e+00 -1.180987e+01 -7.657656e+00 -4.506168e+00 -5.086679e-01 -4.578899e+00 -4.611934e+00 3.257802e+00 1.806705e-01 1.752009e+00 -1.763511e+00 2.104371e-01 -2.671176e-01 -2.401205e+00 -4.939766e-01 -1.464363e+00 9.423841e-01 -1.601560e-01 -3.546611e-01 1.070834e+00 -6.392241e-01 3.849391e-02
<VARIANCE> 25
 1.133073e+01 1.799600e+01 3.024432e+01 2.777415e+01 2.697761e+01 3.271863e+01 3.230925e+01 3.112142e+01 3.418546e+01 3.146246e+01 2.036012e+01 2.175039e+01 2.371433e+00 1.898337e+00 4.282519e+00 2.492904e+00 3.864363e+00 4.425615e+00 4.150894e+00 3.590463e+00 3.944156e+00 3.366017e+00 3.111638e+00 2.512046e+00 1.538912e-03
<GCONST> 9.234682e+01
<MIXTURE> 76 1.052359e-02
<MEAN> 25
 -6.750983e+00 -7.530633e-01 -2.494302e+00 4.371863e+00 3.931403e+00 1.158928e+00 4.521389e+00 1.913378e+00 2.456867e+00 1.134053e-01 1.464971e+00 2.556250e+00 -1.091346e-01 -6.026397e-01 -2.454692e-01 -7.744742e-01 -5.002015e-01 -8.242068e-01 -5.863838e-01 -1.721740e-01 -3.868820e-01 -5.305438e-01 -3.182348e-01 -2.341119e-01 1.896393e-02
<VARIANCE> 25
 3.566305e+01 2.881138e+01 3.122913e+01 2.682696e+01 3.041836e+01 3.271781e+01 2.553575e+01 2.509722e+01 2.845616e+01 2.472911e+01 2.492818e+01 1.749460e+01 1.061151e+00 1.050573e+00 1.382514e+00 1.307725e+00 1.390581e+00 1.513110e+00 1.499998e+00 1.760214e+00 1.568034e+00 1.631926e+00 1.898038e+00 1.358232e+00 1.174862e-03
<GCONST> 8.316828e+01
<MIXTURE> 77 1.244626e-02
<MEAN> 25
 -3.462853e-01 7.223009e+00 1.260239e+01 -1.052285e+01 -6.401295e+00 2.060756e+00 -8.537603e+00 -7.891902e+00 -4.341212e+00 -4.543869e-01 -4.123731e+00 -1.491186e+00 1.213207e-01 9.004298e-03 -1.447076e-02 3.937685e-01 3.964685e-03 8.444328e-02 -1.768630e-01 -3.720833e-02 2.143530e-01 -1.295468e-01 1.013946e-01 1.260041e-01 -1.002624e-02
<VARIANCE> 25
 9.078389e+00 2.728945e+01 2.389893e+01 4.253536e+01 3.052510e+01 3.595450e+01 3.493939e+01 2.973333e+01 3.544400e+01 2.920572e+01 3.408710e+01 3.018063e+01 2.953998e-01 8.139657e-01 6.002750e-01 1.067737e+00 1.078662e+00 9.991339e-01 1.499632e+00 1.066618e+00 1.145621e+00 1.014997e+00 9.008175e-01 8.814923e-01 4.665960e-04
<GCONST> 7.713329e+01
<MIXTURE> 78 9.702551e-03
<MEAN> 25
 -1.133470e+01 1.283910e+00 -9.291964e-01 2.702051e+00 4.921412e+00 -2.820254e+00 4.130607e+00 2.642805e+00 1.975104e+00 -7.483361e-01 -5.849301e-01 2.935728e+00 2.418870e+00 -4.939871e-01 6.110011e-02 1.614404e-01 5.952321e-02 6.654869e-02 -5.163507e-01 5.192534e-02 4.543291e-01 2.223993e-01 -4.738367e-01 -5.250369e-01 -5.222414e-02
<VARIANCE> 25
 3.657904e+01 2.955778e+01 3.223702e+01 3.032457e+01 3.695736e+01 3.513777e+01 3.203688e+01 3.057057e+01 2.912077e+01 4.019380e+01 2.400338e+01 1.804867e+01 4.791030e+00 2.595090e+00 2.712610e+00 3.988078e+00 2.576375e+00 3.098994e+00 3.304696e+00 2.654876e+00 2.624304e+00 2.397001e+00 2.142066e+00 2.025019e+00 4.681779e-03
<GCONST> 9.410331e+01
<MIXTURE> 79 1.156824e-02
<MEAN> 25
 1.942599e+00 9.918649e-01 9.637443e+00 -5.174425e+00 -9.978273e+00 -9.768749e-01 -7.230885e-01 -7.917430e+00 -7.830442e+00 -3.937097e-01 -1.436567e+00 -2.264819e+00 9.402667e-01 -2.247574e-01 -1.332847e+00 2.145291e+00 1.542787e-01 -1.841374e+00 8.227146e-01 1.166879e+00 -3.395732e-01 -9.320852e-01 4.188540e-01 7.401919e-01 -3.359777e-02
<VARIANCE> 25
 1.145335e+01 1.916629e+01 3.210105e+01 4.430364e+01 3.572059e+01 4.033576e+01 4.124264e+01 3.505833e+01 3.542164e+01 3.331435e+01 4.617086e+01 2.651665e+01 9.137328e-01 2.108947e+00 1.540935e+00 1.763349e+00 2.008522e+00 3.156154e+00 3.267756e+00 3.384194e+00 2.307370e+00 2.640296e+00 2.150987e+00 2.485592e+00 9.795893e-04
<GCONST> 8.979181e+01
<MIXTURE> 80 7.550998e-03
<MEAN> 25
 -1.460513e+01 3.984725e+00 6.942704e-01 2.864520e+00 2.451457e+00 1.404158e+00 6.397151e+00 2.494959e+00 2.711627e+00 2.373024e+00 4.851538e+00 1.191303e+00 4.284672e+00 -1.617101e-02 1.638344e+00 -1.134558e+00 -2.889284e+00 -2.775598e+00 -2.321506e+00 -2.021034e+00 -1.974868e+00 -1.685044e+00 -1.649041e+00 -6.014717e-01 -4.421500e-02
<VARIANCE> 25
 2.095552e+01 1.983806e+01 3.446471e+01 3.468796e+01 3.017116e+01 2.924425e+01 2.826923e+01 2.854079e+01 2.682524e+01 2.879845e+01 2.683973e+01 1.812363e+01 2.359734e+00 2.664452e+00 2.671769e+00 4.119029e+00 3.392220e+00 2.709047e+00 3.027699e+00 3.202414e+00 2.747660e+00 2.699940e+00 2.785243e+00 2.147048e+00 1.511633e-03
<GCONST> 9.140024e+01
<MIXTURE> 81 8.025434e-03
<MEAN> 25
 -1.112195e+00 3.788955e+00 1.070279e+01 -1.407654e+01 -8.580998e+00 -4.600208e-01 -6.026852e+00 -8.678368e+00 -5.255949e+00 -3.576575e-01 -6.891382e+00 -2.192836e+00 2.338691e-01 -6.775525e-01 -5.190156e-02 -5.177953e-01 -3.614237e-01 6.104306e-01 -4.374768e-02 -1.058469e-02 2.456670e-02 9.489544e-02 -4.541724e-01 -2.766321e-01 1.047729e-02
<VARIANCE> 25
 9.210978e+00 3.017313e+01 2.604214e+01 3.074452e+01 3.231484e+01 3.597250e+01 4.657418e+01 2.600465e+01 4.435785e+01 2.887449e+01 2.652336e+01 2.865671e+01 7.759385e-01 2.114312e+00 1.416262e+00 2.690649e+00 2.480917e+00 2.615747e+00 4.027482e+00 2.303245e+00 2.361120e+00 2.314189e+00 2.095600e+00 2.081027e+00 1.082598e-03
<GCONST> 8.847896e+01
<MIXTURE> 82 8.213053e-03
<MEAN> 25
 -9.965757e+00 -3.903228e+00 1.639817e+00 -2.971012e+00 3.114614e+00 6.704103e-01 1.994565e+00 9.382075e-01 2.975895e+00 1.728435e+00 1.742385e+00 3.084955e+00 -1.313953e+00 -1.251360e-01 2.896339e-01 -2.604462e+00 -1.105402e+00 -1.265229e+00 -1.013712e+00 -8.700835e-01 -3.164628e-01 -4.780683e-01 -3.167190e-01 -9.535671e-02 1.784343e-01
<VARIANCE> 25
 1.801236e+01 2.493885e+01 3.237531e+01 3.089353e+01 3.302819e+01 3.229617e+01 3.178530e+01 3.298207e+01 3.086006e+01 2.513514e+01 3.078816e+01 1.750416e+01 3.756248e+00 3.049389e+00 3.316753e+00 3.268218e+00 3.562105e+00 3.286695e+00 2.943625e+00 3.016253e+00 2.795375e+00 2.491358e+00 2.449247e+00 1.866162e+00 3.431426e-03
<GCONST> 9.308411e+01
<MIXTURE> 83 1.167529e-02
<MEAN> 25
 -1.959960e+01 5.564354e+00 -1.424484e+00 -4.659715e-01 7.690220e+00 -1.506303e+00 5.618812e+00 2.990901e+00 7.492177e-01 2.168054e+00 5.872837e-01 2.826496e+00 -7.221864e-03 -4.533856e-01 3.735674e-02 -3.300532e-01 -4.555212e-01 -1.058035e-01 -1.252779e-01 -7.544760e-02 -5.180616e-02 -3.254664e-02 3.420777e-02 3.776513e-02 3.330725e-03
<VARIANCE> 25
 1.187571e+01 1.579439e+01 2.948240e+01 2.227623e+01 2.057188e+01 2.443991e+01 2.146673e+01 2.227015e+01 2.299516e+01 2.164824e+01 2.245356e+01 1.393965e+01 1.039763e+00 9.005016e-01 1.228560e+00 1.080113e+00 1.342751e+00 1.271192e+00 1.273680e+00 1.349083e+00 1.329151e+00 1.287509e+00 1.253433e+00 1.138303e+00 8.748898e-04
<GCONST> 7.715903e+01
<MIXTURE> 84 1.066614e-02
<MEAN> 25
 1.259239e+00 8.990859e+00 6.880040e+00 7.992365e+00 2.403929e+00 -1.526966e+00 -1.209401e+00 -4.583682e+00 -3.759052e+00 -2.911360e+00 -2.516247e+00 -1.215116e+00 -1.723709e+00 -1.184165e+00 -1.291172e+00 1.197996e+00 2.301633e+00 1.483680e+00 1.267396e+00 1.226069e+00 1.191451e+00 5.548963e-01 4.293518e-01 2.891124e-01 -6.735111e-02
<VARIANCE> 25
 2.313263e+01 1.677474e+01 2.145033e+01 2.288662e+01 2.904362e+01 3.015295e+01 2.700638e+01 2.552925e+01 2.555263e+01 2.399957e+01 2.261242e+01 2.661136e+01 2.016752e+00 2.561098e+00 3.640587e+00 3.193030e+00 3.089730e+00 3.127809e+00 3.515723e+00 3.180300e+00 3.231674e+00 3.243045e+00 3.452734e+00 2.795546e+00 3.463889e-03
<GCONST> 9.196295e+01
<MIXTURE> 85 7.591393e-03
<MEAN> 25
 -3.018955e+00 7.905179e+00 5.725438e+00 1.345140e+00 -3.467200e+00 -5.272774e+00 -2.833406e+00 -6.073311e+00 -3.589445e+00 -3.235968e+00 -5.094255e-01 -1.761530e+00 3.906613e+00 3.381853e-01 1.743278e+00 -2.070828e+00 -3.402538e+00 -2.568779e+00 -2.846959e+00 -2.345731e+00 -2.240636e+00 -1.244991e+00 -2.281431e+00 -6.020536e-01 9.697321e-03
<VARIANCE> 25
 4.255351e+01 2.307394e+01 3.628250e+01 3.797007e+01 3.919086e+01 4.077536e+01 3.296244e+01 2.756244e+01 2.670367e+01 2.592066e+01 2.596663e+01 2.130726e+01 2.735832e+00 4.293491e+00 4.007449e+00 5.125305e+00 4.343013e+00 3.954954e+00 3.877509e+00 3.921155e+00 3.790793e+00 3.998936e+00 3.901364e+00 3.454624e+00 5.371867e-03
<GCONST> 9.825265e+01
<MIXTURE> 86 1.273941e-02
<MEAN> 25
 -4.762587e+00 -8.363685e-01 -1.028625e+00 6.545225e+00 3.970750e+00 3.921416e+00 5.895466e+00 4.626024e+00 5.662433e+00 3.347315e+00 4.061927e+00 2.245108e+00 1.388375e-02 -4.684845e-03 -1.188725e-01 -6.946702e-02 -1.832849e-01 -2.699376e-01 -2.936349e-01 -3.229676e-01 -3.822778e-01 -3.375170e-01 -1.198414e-01 -2.674878e-02 -4.706627e-04
<VARIANCE> 25
 6.680138e+00 6.064770e+00 8.355482e+00 1.020780e+01 1.687712e+01 1.447921e+01 1.298822e+01 1.147150e+01 1.528402e+01 1.371527e+01 1.784877e+01 1.239368e+01 8.426758e-02 1.826126e-01 3.519190e-01 4.259799e-01 5.903937e-01 9.859510e-01 7.040017e-01 7.741120e-01 7.628638e-01 8.291976e-01 8.773065e-01 1.045965e+00 4.992641e-05
<GCONST> 5.767278e+01
<MIXTURE> 87 1.100681e-02
<MEAN> 25
 -2.946377e+00 4.617936e+00 3.221435e+00 7.093105e+00 5.283611e+00 5.780082e-01 1.591850e+00 -1.094341e+00 -4.829363e-01 -1.025449e+00 -9.186977e-01 1.305000e-01 -1.982706e+00 -2.905064e+00 -2.266780e+00 -2.243017e+00 3.544103e-01 -1.417166e-02 2.767425e-01 1.303040e+00 1.263458e+00 1.115295e+00 1.053375e+00 8.332540e-01 1.018808e-01
<VARIANCE> 25
 3.808424e+01 2.857540e+01 2.975313e+01 3.123567e+01 3.081079e+01 3.169065e+01 2.656384e+01 2.598443e+01 2.426698e+01 2.548544e+01 2.351033e+01 2.125058e+01 4.000343e+00 2.705457e+00 4.039934e+00 3.354994e+00 5.963347e+00 4.199203e+00 4.836036e+00 3.574878e+00 3.546341e+00 3.208859e+00 3.416515e+00 2.757542e+00 4.743275e-03
<GCONST> 9.621840e+01
<MIXTURE> 88 1.256585e-02
<MEAN> 25
 -3.927393e+00 -4.833498e-01 -2.254596e+00 5.221010e+00 3.381202e+00 2.984793e+00 4.918673e+00 3.094064e+00 4.596333e+00 1.941811e+00 2.239771e+00 2.375065e+00 1.160374e-01 2.467517e-01 2.290482e-01 4.533728e-01 4.192300e-01 1.847297e-01 -1.531847e-01 -1.991467e-01 -3.766219e-01 -4.217332e-01 -2.804856e-01 -8.485173e-02 -3.030764e-03
<VARIANCE> 25
 8.874863e+00 1.066033e+01 1.650047e+01 1.430020e+01 2.570622e+01 1.926993e+01 1.681809e+01 1.663285e+01 2.006349e+01 1.692743e+01 2.110260e+01 1.411215e+01 1.261411e+00 1.645208e+00 1.905960e+00 1.929395e+00 2.604272e+00 2.435828e+00 2.389831e+00 2.326498e+00 2.222245e+00 2.574678e+00 2.565845e+00 1.913775e+00 1.402382e-03
<GCONST> 8.168507e+01
<MIXTURE> 89 9.333527e-03
<MEAN> 25
 4.727802e+00 -7.670127e+00 -4.248266e+00 -2.142641e+00 -1.839997e+00 -5.393585e+00 -5.912957e+00 7.822772e+00 2.534134e+00 2.628496e-01 -5.927486e+00 -2.548237e+00 -3.337333e-01 1.198129e-01 1.851711e+00 8.403086e-01 -1.484402e+00 -1.832609e+00 9.076045e-01 1.173248e+00 -8.660155e-01 -1.237002e+00 2.139210e-01 1.814268e+00 -3.509851e-03
<VARIANCE> 25
 8.096910e+00 1.844852e+01 2.430809e+01 2.133952e+01 2.434885e+01 3.545427e+01 4.082798e+01 4.468040e+01 2.736352e+01 4.070099e+01 2.568877e+01 3.346655e+01 2.998614e-01 6.369843e-01 1.133348e+00 1.010253e+00 1.496839e+00 2.080423e+00 1.879792e+00 1.380914e+00 1.877514e+00 1.402515e+00 2.118323e+00 1.906347e+00 2.651628e-04
<GCONST> 7.994510e+01
<MIXTURE> 90 7.114505e-03
<MEAN> 25
 2.930073e+00 -8.594891e+00 -4.296168e+00 -4.552819e+00 -2.492172e+00 -1.496522e+00 2.200130e+00 1.442557e+00 -6.558089e+00 -9.874372e+00 -2.578006e+00 -2.353178e-01 -1.333909e-01 9.169646e-01 1.064716e+00 -6.593269e-01 -1.649360e+00 -3.225313e-01 7.545732e-01 -2.195458e-01 -4.330400e-02 5.933167e-01 1.417228e-01 -5.553489e-01 -1.175369e-02
<VARIANCE> 25
 8.331281e+00 2.142696e+01 1.785704e+01 2.537033e+01 3.565758e+01 2.802168e+01 3.950335e+01 3.133769e+01 3.449086e+01 2.424969e+01 2.665983e+01 2.355665e+01 1.947876e-01 5.232447e-01 7.305080e-01 1.083004e+00 1.274139e+00 1.429067e+00 1.604173e+00 1.449288e+00 1.650281e+00 1.559340e+00 1.388902e+00 1.121076e+00 1.861861e-04
<GCONST> 7.617177e+01
<MIXTURE> 91 7.852945e-03
<MEAN> 25
 5.829361e+00 -6.524854e+00 -7.164083e+00 -6.376959e+00 3.871801e+00 1.410124e+00 -3.563266e+00 8.614476e-02 4.937288e-01 -1.182384e+00 -3.517319e+00 -3.751157e+00 1.892206e-01 1.020762e+00 7.114088e-02 5.068353e-01 -2.716889e-02 -4.615262e-01 -2.541746e-01 -1.865370e-01 -6.117264e-02 2.392278e-01 -8.091173e-02 1.994326e-01 -3.674753e-02
<VARIANCE> 25
 7.991652e+00 2.250620e+01 1.897763e+01 3.782886e+01 2.786694e+01 4.763127e+01 4.477040e+01 3.232957e+01 4.160049e+01 6.335562e+01 3.442510e+01 3.682136e+01 3.702208e-01 7.130494e-01 8.851345e-01 1.213333e+00 1.801487e+00 2.416443e+00 2.217465e+00 2.266288e+00 2.116151e+00 2.242911e+00 1.868260e+00 1.503497e+00 5.342333e-04
<GCONST> 8.408607e+01
<MIXTURE> 92 7.852945e-03
<MEAN> 25
 5.829361e+00 -6.524854e+00 -7.164083e+00 -6.376959e+00 3.871801e+00 1.410124e+00 -3.563266e+00 8.614476e-02 4.937288e-01 -1.182384e+00 -3.517319e+00 -3.751157e+00 1.892206e-01 1.020762e+00 7.114088e-02 5.068353e-01 -2.716889e-02 -4.615262e-01 -2.541746e-01 -1.865370e-01 -6.117264e-02 2.392278e-01 -8.091173e-02 1.994326e-01 -3.674753e-02
<VARIANCE> 25
 7.991652e+00 2.250620e+01 1.897763e+01 3.782886e+01 2.786694e+01 4.763127e+01 4.477040e+01 3.232957e+01 4.160049e+01 6.335562e+01 3.442510e+01 3.682136e+01 3.702208e-01 7.130494e-01 8.851345e-01 1.213333e+00 1.801487e+00 2.416443e+00 2.217465e+00 2.266288e+00 2.116151e+00 2.242911e+00 1.868260e+00 1.503497e+00 5.342333e-04
<GCONST> 8.408607e+01
<MIXTURE> 93 6.122769e-03
<MEAN> 25
 -6.678848e+00 -8.823965e-01 -2.413902e+00 5.837192e+00 5.585182e+00 3.801156e+00 6.155101e+00 3.566393e+00 4.431415e+00 2.444185e+00 1.570925e+00 3.454692e+00 -6.011370e-02 -1.587600e-01 -2.746580e-01 -3.374547e-01 -3.396348e-01 -2.652272e-01 -2.153123e-01 -1.465330e-01 -1.377677e-01 -1.489004e-01 -9.315952e-02 -3.374216e-02 -1.156423e-05
<VARIANCE> 25
 9.074041e+00 5.932862e+00 7.893404e+00 1.113212e+01 1.294504e+01 1.568570e+01 1.466505e+01 1.627990e+01 1.611959e+01 1.417557e+01 1.766042e+01 1.409647e+01 8.099067e-02 1.503126e-01 2.820126e-01 3.864769e-01 4.887213e-01 6.449108e-01 7.771116e-01 8.818712e-01 9.110349e-01 8.835334e-01 8.710443e-01 8.862966e-01 1.100741e-06
<GCONST> 5.379366e+01
<MIXTURE> 94 6.122769e-03
<MEAN> 25
 -6.678848e+00 -8.823965e-01 -2.413902e+00 5.837192e+00 5.585182e+00 3.801156e+00 6.155101e+00 3.566393e+00 4.431415e+00 2.444185e+00 1.570925e+00 3.454692e+00 -6.011370e-02 -1.587600e-01 -2.746580e-01 -3.374547e-01 -3.396348e-01 -2.652272e-01 -2.153123e-01 -1.465330e-01 -1.377677e-01 -1.489004e-01 -9.315952e-02 -3.374216e-02 -1.156423e-05
<VARIANCE> 25
 9.074041e+00 5.932862e+00 7.893404e+00 1.113212e+01 1.294504e+01 1.568570e+01 1.466505e+01 1.627990e+01 1.611959e+01 1.417557e+01 1.766042e+01 1.409647e+01 8.099067e-02 1.503126e-01 2.820126e-01 3.864769e-01 4.887213e-01 6.449108e-01 7.771116e-01 8.818712e-01 9.110349e-01 8.835334e-01 8.710443e-01 8.862966e-01 1.100741e-06
<GCONST> 5.379366e+01
<MIXTURE> 95 5.258835e-03
<MEAN> 25
 -5.343075e+00 -4.383956e-01 -2.043998e+00 5.166366e+00 3.552862e+00 2.321720e+00 4.594155e+00 2.156446e+00 3.367002e+00 6.347401e-01 5.622292e-01 2.004752e+00 1.352021e-01 1.044572e-01 -3.737813e-02 -8.700294e-02 -4.131277e-01 -7.973983e-01 -1.031647e+00 -1.234372e+00 -1.210780e+00 -9.171938e-01 -4.531272e-01 -1.763305e-01 -8.391896e-04
<VARIANCE> 25
 9.909241e+00 6.414320e+00 1.065284e+01 1.102124e+01 1.428132e+01 2.006278e+01 1.865549e+01 1.735936e+01 1.884176e+01 1.379017e+01 1.995090e+01 1.716250e+01 1.778597e-01 2.864800e-01 4.765629e-01 5.442630e-01 7.161124e-01 1.036103e+00 8.229392e-01 7.972832e-01 8.559174e-01 1.152047e+00 1.293647e+00 1.464654e+00 4.246113e-05
<GCONST> 6.321063e+01
<MIXTURE> 96 7.034694e-03
<MEAN> 25
 -4.812300e+00 -2.580390e-01 -2.434871e+00 5.247046e+00 3.380435e+00 1.502273e+00 3.685476e+00 1.643087e+00 3.090655e+00 8.849781e-01 9.031587e-01 2.393730e+00 -4.860903e-02 7.331930e-02 2.234964e-01 4.011900e-01 4.877715e-01 5.092228e-01 2.170876e-01 -1.202122e-01 -3.855098e-01 -6.210788e-01 -6.256974e-01 -3.382966e-01 8.803788e-06
<VARIANCE> 25
 1.101282e+01 1.004063e+01 1.211195e+01 1.307201e+01 1.535944e+01 1.830503e+01 1.750888e+01 1.875435e+01 2.007270e+01 1.862836e+01 1.944483e+01 1.504241e+01 1.226896e-01 2.245030e-01 3.363747e-01 3.735654e-01 4.860097e-01 6.351316e-01 8.592052e-01 9.470058e-01 9.542229e-01 8.971350e-01 8.406016e-01 9.595753e-01 1.200641e-06
<GCONST> 5.770205e+01
<MIXTURE> 97 7.034694e-03
<MEAN> 25
 -4.812300e+00 -2.580390e-01 -2.434871e+00 5.247046e+00 3.380435e+00 1.502273e+00 3.685476e+00 1.643087e+00 3.090655e+00 8.849781e-01 9.031587e-01 2.393730e+00 -4.860903e-02 7.331930e-02 2.234964e-01 4.011900e-01 4.877715e-01 5.092228e-01 2.170876e-01 -1.202122e-01 -3.855098e-01 -6.210788e-01 -6.256974e-01 -3.382966e-01 8.803788e-06
<VARIANCE> 25
 1.101282e+01 1.004063e+01 1.211195e+01 1.307201e+01 1.535944e+01 1.830503e+01 1.750888e+01 1.875435e+01 2.007270e+01 1.862836e+01 1.944483e+01 1.504241e+01 1.226896e-01 2.245030e-01 3.363747e-01 3.735654e-01 4.860097e-01 6.351316e-01 8.592052e-01 9.470058e-01 9.542229e-01 8.971350e-01 8.406016e-01 9.595753e-01 1.200641e-06
<GCONST> 5.770205e+01
<MIXTURE> 98 9.917808e-03
<MEAN> 25
 -1.321399e+00 1.119942e+00 -5.037369e-01 4.482345e+00 3.573755e+00 2.712652e+00 3.160184e+00 1.480013e+00 1.904160e+00 7.957285e-01 6.937034e-01 7.965841e-01 -1.765611e+00 -1.462903e+00 -9.985514e-01 1.795737e-01 6.021972e-01 7.227118e-01 1.259002e+00 1.449160e+00 1.670969e+00 1.160761e+00 1.303003e+00 9.275923e-01 -3.486933e-02
<VARIANCE> 25
 1.479266e+01 1.991520e+01 3.296766e+01 3.173440e+01 4.131782e+01 3.569522e+01 3.150012e+01 2.908528e+01 2.878363e+01 2.941892e+01 2.579778e+01 2.392852e+01 1.337647e+00 1.497414e+00 2.272417e+00 2.363577e+00 2.783284e+00 3.012007e+00 2.790204e+00 2.697651e+00 2.556125e+00 2.894107e+00 2.672751e+00 2.106356e+00 2.278725e-03
<GCONST> 9.003430e+01
<MIXTURE> 99 6.696178e-03
<MEAN> 25
 -6.994046e+00 8.820978e+00 6.685311e+00 4.246132e+00 1.842390e+00 -5.594526e+00 1.112308e+00 -3.092442e+00 -4.556834e+00 -3.706528e+00 -1.328666e+00 1.640033e+00 5.966325e-01 -6.509802e-01 6.325478e-01 -5.323784e-01 -1.186360e+00 -5.648469e-01 -3.350604e-01 -3.313107e-01 -3.280610e-01 -3.512887e-01 3.486092e-01 1.322833e-01 1.096964e-02
<VARIANCE> 25
 3.566182e+01 2.039765e+01 3.431161e+01 3.192235e+01 3.018865e+01 2.646164e+01 3.230253e+01 2.292404e+01 2.328321e+01 2.571246e+01 1.655188e+01 2.502039e+01 2.136557e+00 1.642681e+00 1.463310e+00 1.609355e+00 2.510918e+00 1.960921e+00 1.204494e+00 1.825381e+00 1.744938e+00 1.477447e+00 1.176357e+00 1.309961e+00 1.319616e-03
<GCONST> 8.448962e+01
<MIXTURE> 100 4.498084e-03
<MEAN> 25
 -1.741458e+00 6.275237e+00 1.056025e+01 -7.166211e+00 -1.044287e+01 -4.987226e+00 -4.128153e+00 -9.692432e+00 -5.354876e+00 -9.412978e-01 -2.522385e+00 -2.236176e+00 2.844228e+00 -1.268441e+00 1.315864e+00 -2.175388e+00 -3.323546e+00 -5.097379e-01 -1.232580e+00 -9.431953e-01 -1.471141e+00 3.132319e-01 -1.612241e+00 -4.042351e-01 3.039021e-03
<VARIANCE> 25
 1.313917e+01 1.997523e+01 2.233511e+01 2.634289e+01 2.333642e+01 2.302757e+01 3.723382e+01 2.188539e+01 3.188000e+01 2.140680e+01 2.187004e+01 2.342613e+01 1.775357e+00 3.722184e+00 2.774136e+00 4.034722e+00 4.147875e+00 5.424804e+00 3.884414e+00 4.306055e+00 3.974756e+00 3.721008e+00 3.705156e+00 3.270034e+00 1.593117e-03
<GCONST> 9.262936e+01
<MIXTURE> 101 6.007792e-03
<MEAN> 25
 7.844934e+00 -3.726223e+00 -6.128486e+00 -7.006668e+00 1.179503e+00 -1.037715e+00 -1.051778e+01 -2.086713e+00 1.764735e+00 2.716116e+00 -2.391152e+00 -4.704278e+00 6.670878e-01 6.699949e-01 -1.394701e+00 -1.547680e+00 9.908596e-01 2.251158e+00 1.509530e-01 -1.414559e+00 -1.071255e+00 9.998491e-01 1.346046e+00 -3.140319e-01 -5.815487e-03
<VARIANCE> 25
 9.685248e+00 1.716068e+01 2.858588e+01 4.108619e+01 3.616473e+01 3.475114e+01 3.509266e+01 3.419017e+01 3.649577e+01 4.399764e+01 4.904134e+01 2.644787e+01 2.944635e-01 6.506121e-01 1.163261e+00 1.540113e+00 1.653286e+00 2.053569e+00 1.998048e+00 1.980251e+00 2.307266e+00 2.114776e+00 1.738424e+00 2.061366e+00 3.476611e-04
<GCONST> 8.332957e+01
<MIXTURE> 102 6.007792e-03
<MEAN> 25
 7.844934e+00 -3.726223e+00 -6.128486e+00 -7.006668e+00 1.179503e+00 -1.037715e+00 -1.051778e+01 -2.086713e+00 1.764735e+00 2.716116e+00 -2.391152e+00 -4.704278e+00 6.670878e-01 6.699949e-01 -1.394701e+00 -1.547680e+00 9.908596e-01 2.251158e+00 1.509530e-01 -1.414559e+00 -1.071255e+00 9.998491e-01 1.346046e+00 -3.140319e-01 -5.815487e-03
<VARIANCE> 25
 9.685248e+00 1.716068e+01 2.858588e+01 4.108619e+01 3.616473e+01 3.475114e+01 3.509266e+01 3.419017e+01 3.649577e+01 4.399764e+01 4.904134e+01 2.644787e+01 2.944635e-01 6.506121e-01 1.163261e+00 1.540113e+00 1.653286e+00 2.053569e+00 1.998048e+00 1.980251e+00 2.307266e+00 2.114776e+00 1.738424e+00 2.061366e+00 3.476611e-04
<GCONST> 8.332957e+01
<MIXTURE> 103 5.694618e-03
<MEAN> 25
 3.310088e+00 -9.486468e+00 -6.018280e+00 -3.119828e+00 -1.148324e+00 -1.923823e+00 2.248643e+00 2.481719e+00 -4.358594e+00 -9.117548e+00 -5.070670e+00 2.631493e-01 -1.424395e-01 -1.494151e+00 -9.820354e-01 3.522673e-01 1.189720e+00 1.051752e+00 1.125325e-01 -2.896159e-01 -7.491293e-01 -9.312410e-01 -1.673194e-02 1.446016e-01 2.718345e-02
<VARIANCE> 25
 1.026324e+01 1.989466e+01 2.298638e+01 3.103416e+01 4.850986e+01 3.435188e+01 4.700182e+01 3.594738e+01 4.405429e+01 2.955543e+01 2.943217e+01 2.629610e+01 6.401811e-01 1.229254e+00 1.504647e+00 1.922049e+00 2.889097e+00 2.402921e+00 2.923326e+00 2.544003e+00 2.554495e+00 2.479890e+00 2.067019e+00 1.999560e+00 7.938093e-04
<GCONST> 8.740268e+01
<MIXTURE> 104 5.694618e-03
<MEAN> 25
 3.310088e+00 -9.486468e+00 -6.018280e+00 -3.119828e+00 -1.148324e+00 -1.923823e+00 2.248643e+00 2.481719e+00 -4.358594e+00 -9.117548e+00 -5.070670e+00 2.631493e-01 -1.424395e-01 -1.494151e+00 -9.820354e-01 3.522673e-01 1.189720e+00 1.051752e+00 1.125325e-01 -2.896159e-01 -7.491293e-01 -9.312410e-01 -1.673194e-02 1.446016e-01 2.718345e-02
<VARIANCE> 25
 1.026324e+01 1.989466e+01 2.298638e+01 3.103416e+01 4.850986e+01 3.435188e+01 4.700182e+01 3.594738e+01 4.405429e+01 2.955543e+01 2.943217e+01 2.629610e+01 6.401811e-01 1.229254e+00 1.504647e+00 1.922049e+00 2.889097e+00 2.402921e+00 2.923326e+00 2.544003e+00 2.554495e+00 2.479890e+00 2.067019e+00 1.999560e+00 7.938093e-04
<GCONST> 8.740268e+01
<MIXTURE> 105 4.710235e-03
<MEAN> 25
 2.115423e+00 -1.626809e+00 9.682018e+00 -2.664772e+00 -1.039362e+01 -3.139827e+00 -4.245383e+00 -1.859093e+00 -4.451570e+00 -3.202148e+00 1.322731e+00 -9.792761e-01 -7.934368e-03 1.890884e-02 2.353052e-02 1.859299e-02 1.922059e-02 -3.766283e-02 3.689133e-02 1.948205e-02 9.402191e-03 6.183033e-02 4.667419e-02 -1.649271e-05 -1.816969e-03
<VARIANCE> 25
 1.178194e+01 2.483111e+01 3.801340e+01 3.874634e+01 4.046883e+01 6.633177e+01 3.577326e+01 4.440356e+01 3.714673e+01 3.642118e+01 3.689394e+01 2.714353e+01 8.094099e-02 1.847261e-01 3.023604e-01 2.822579e-01 3.307910e-01 4.577317e-01 4.646715e-01 5.434138e-01 4.709373e-01 4.132074e-01 3.778853e-01 3.767993e-01 8.044831e-05
<GCONST> 6.536353e+01
<MIXTURE> 106 4.710235e-03
<MEAN> 25
 2.115423e+00 -1.626809e+00 9.682018e+00 -2.664772e+00 -1.039362e+01 -3.139827e+00 -4.245383e+00 -1.859093e+00 -4.451570e+00 -3.202148e+00 1.322731e+00 -9.792761e-01 -7.934368e-03 1.890884e-02 2.353052e-02 1.859299e-02 1.922059e-02 -3.766283e-02 3.689133e-02 1.948205e-02 9.402191e-03 6.183033e-02 4.667419e-02 -1.649271e-05 -1.816969e-03
<VARIANCE> 25
 1.178194e+01 2.483111e+01 3.801340e+01 3.874634e+01 4.046883e+01 6.633177e+01 3.577326e+01 4.440356e+01 3.714673e+01 3.642118e+01 3.689394e+01 2.714353e+01 8.094099e-02 1.847261e-01 3.023604e-01 2.822579e-01 3.307910e-01 4.577317e-01 4.646715e-01 5.434138e-01 4.709373e-01 4.132074e-01 3.778853e-01 3.767993e-01 8.044831e-05
<GCONST> 6.536353e+01
<MIXTURE> 107 5.452374e-03
<MEAN> 25
 8.289808e+00 -2.042637e+00 -7.868876e+00 -9.358834e+00 2.033548e+00 3.319505e+00 -8.367862e+00 -4.588007e+00 -6.466058e-01 3.590384e+00 8.711656e-01 -5.076831e+00 -6.010942e-01 -7.587063e-01 7.627257e-01 1.718749e+00 2.358907e-01 -2.011143e+00 -8.864615e-01 8.341305e-01 1.715050e+00 6.908097e-02 -1.582527e+00 -7.417280e-01 -3.930609e-03
<VARIANCE> 25
 1.000006e+01 2.177627e+01 2.741272e+01 4.354412e+01 3.371729e+01 3.756533e+01 4.867795e+01 3.561332e+01 4.478205e+01 4.050190e+01 4.876781e+01 2.831579e+01 3.407476e-01 9.719842e-01 1.425440e+00 2.305552e+00 2.157096e+00 2.681855e+00 2.500643e+00 2.515461e+00 2.181984e+00 2.922147e+00 1.939105e+00 2.137503e+00 7.548524e-04
<GCONST> 8.751527e+01
<MIXTURE> 108 5.452374e-03
<MEAN> 25
 8.289808e+00 -2.042637e+00 -7.868876e+00 -9.358834e+00 2.033548e+00 3.319505e+00 -8.367862e+00 -4.588007e+00 -6.466058e-01 3.590384e+00 8.711656e-01 -5.076831e+00 -6.010942e-01 -7.587063e-01 7.627257e-01 1.718749e+00 2.358907e-01 -2.011143e+00 -8.864615e-01 8.341305e-01 1.715050e+00 6.908097e-02 -1.582527e+00 -7.417280e-01 -3.930609e-03
<VARIANCE> 25
 1.000006e+01 2.177627e+01 2.741272e+01 4.354412e+01 3.371729e+01 3.756533e+01 4.867795e+01 3.561332e+01 4.478205e+01 4.050190e+01 4.876781e+01 2.831579e+01 3.407476e-01 9.719842e-01 1.425440e+00 2.305552e+00 2.157096e+00 2.681855e+00 2.500643e+00 2.515461e+00 2.181984e+00 2.922147e+00 1.939105e+00 2.137503e+00 7.548524e-04
<GCONST> 8.751527e+01
<MIXTURE> 109 6.661064e-03
<MEAN> 25
 4.045042e+00 -1.026134e+01 -7.710481e+00 -1.875750e+00 3.056042e+00 1.293812e-01 -7.639796e-01 1.357737e+00 -1.992228e+00 -7.925557e+00 -4.929286e+00 2.680592e-01 1.872594e-02 -8.190206e-02 -5.882851e-02 2.181490e-01 1.368835e-01 1.483735e-01 -1.101589e-01 -1.269860e-01 -8.064737e-02 -1.459217e-01 2.824357e-01 8.880507e-02 -4.160070e-03
<VARIANCE> 25
 8.475753e+00 1.879224e+01 2.122188e+01 3.083774e+01 3.865442e+01 3.386589e+01 4.675031e+01 3.179714e+01 4.650023e+01 3.465509e+01 2.973902e+01 2.638112e+01 2.105181e-01 4.534421e-01 5.204374e-01 6.103892e-01 1.216238e+00 1.012100e+00 1.229341e+00 1.088784e+00 1.174509e+00 9.206674e-01 9.158782e-01 9.756919e-01 1.751106e-04
<GCONST> 7.435177e+01
<MIXTURE> 110 6.661064e-03
<MEAN> 25
 4.045042e+00 -1.026134e+01 -7.710481e+00 -1.875750e+00 3.056042e+00 1.293812e-01 -7.639796e-01 1.357737e+00 -1.992228e+00 -7.925557e+00 -4.929286e+00 2.680592e-01 1.872594e-02 -8.190206e-02 -5.882851e-02 2.181490e-01 1.368835e-01 1.483735e-01 -1.101589e-01 -1.269860e-01 -8.064737e-02 -1.459217e-01 2.824357e-01 8.880507e-02 -4.160070e-03
<VARIANCE> 25
 8.475753e+00 1.879224e+01 2.122188e+01 3.083774e+01 3.865442e+01 3.386589e+01 4.675031e+01 3.179714e+01 4.650023e+01 3.465509e+01 2.973902e+01 2.638112e+01 2.105181e-01 4.534421e-01 5.204374e-01 6.103892e-01 1.216238e+00 1.012100e+00 1.229341e+00 1.088784e+00 1.174509e+00 9.206674e-01 9.158782e-01 9.756919e-01 1.751106e-04
<GCONST> 7.435177e+01
<MIXTURE> 111 4.337247e-03
<MEAN> 25
 -4.362449e+00 -6.772093e-01 -1.844073e+00 2.017192e+00 7.492056e-01 9.417272e-01 5.548156e-01 1.438355e-01 7.407776e-01 -8.069216e-01 -9.766376e-01 1.904000e+00 -8.414340e-03 -2.843051e-02 -1.069338e-01 -9.515786e-02 -5.958432e-02 -4.132571e-02 -5.344347e-02 -8.279353e-02 -1.914255e-01 -1.696719e-01 -1.048938e-01 -6.556556e-02 -7.527457e-04
<VARIANCE> 25
 6.428712e+00 5.119066e+00 9.976964e+00 9.616646e+00 1.269667e+01 2.162912e+01 1.475249e+01 1.247449e+01 1.388262e+01 1.172814e+01 1.378316e+01 1.086646e+01 8.218977e-02 1.588831e-01 2.773991e-01 4.248289e-01 5.424303e-01 7.538877e-01 7.719798e-01 8.473459e-01 9.170706e-01 8.192219e-01 9.607541e-01 8.767105e-01 2.541229e-05
<GCONST> 5.610349e+01
<MIXTURE> 112 4.337247e-03
<MEAN> 25
 -4.362449e+00 -6.772093e-01 -1.844073e+00 2.017192e+00 7.492056e-01 9.417272e-01 5.548156e-01 1.438355e-01 7.407776e-01 -8.069216e-01 -9.766376e-01 1.904000e+00 -8.414340e-03 -2.843051e-02 -1.069338e-01 -9.515786e-02 -5.958432e-02 -4.132571e-02 -5.344347e-02 -8.279353e-02 -1.914255e-01 -1.696719e-01 -1.048938e-01 -6.556556e-02 -7.527457e-04
<VARIANCE> 25
 6.428712e+00 5.119066e+00 9.976964e+00 9.616646e+00 1.269667e+01 2.162912e+01 1.475249e+01 1.247449e+01 1.388262e+01 1.172814e+01 1.378316e+01 1.086646e+01 8.218977e-02 1.588831e-01 2.773991e-01 4.248289e-01 5.424303e-01 7.538877e-01 7.719798e-01 8.473459e-01 9.170706e-01 8.192219e-01 9.607541e-01 8.767105e-01 2.541229e-05
<GCONST> 5.610349e+01
<MIXTURE> 113 5.938666e-03
<MEAN> 25
 9.606424e+00 1.419747e+00 -8.363383e+00 -1.664505e+01 -1.062150e+00 5.783130e+00 -5.227460e+00 -1.350045e+00 -5.602584e+00 -3.008286e-01 8.935232e-01 -4.057600e-01 7.072653e-03 -5.250935e-03 -5.649359e-02 -1.182645e-01 9.410980e-02 1.448604e-01 6.462374e-02 5.096922e-02 -3.521233e-02 -3.899514e-02 1.329153e-01 8.954412e-03 -1.375958e-03
<VARIANCE> 25
 9.979402e+00 1.713109e+01 2.969010e+01 3.566375e+01 4.941441e+01 3.344637e+01 3.770079e+01 3.673570e+01 3.520628e+01 4.730153e+01 3.862012e+01 2.844503e+01 1.165050e-01 3.455088e-01 2.994560e-01 6.149424e-01 6.108568e-01 7.212188e-01 7.881349e-01 8.309157e-01 1.016044e+00 8.726402e-01 8.018736e-01 6.949108e-01 1.281220e-04
<GCONST> 7.130123e+01
<MIXTURE> 114 5.938666e-03
<MEAN> 25
 9.606424e+00 1.419747e+00 -8.363383e+00 -1.664505e+01 -1.062150e+00 5.783130e+00 -5.227460e+00 -1.350045e+00 -5.602584e+00 -3.008286e-01 8.935232e-01 -4.057600e-01 7.072653e-03 -5.250935e-03 -5.649359e-02 -1.182645e-01 9.410980e-02 1.448604e-01 6.462374e-02 5.096922e-02 -3.521233e-02 -3.899514e-02 1.329153e-01 8.954412e-03 -1.375958e-03
<VARIANCE> 25
 9.979402e+00 1.713109e+01 2.969010e+01 3.566375e+01 4.941441e+01 3.344637e+01 3.770079e+01 3.673570e+01 3.520628e+01 4.730153e+01 3.862012e+01 2.844503e+01 1.165050e-01 3.455088e-01 2.994560e-01 6.149424e-01 6.108568e-01 7.212188e-01 7.881349e-01 8.309157e-01 1.016044e+00 8.726402e-01 8.018736e-01 6.949108e-01 1.281220e-04
<GCONST> 7.130123e+01
<MIXTURE> 115 2.935202e-03
<MEAN> 25
 -3.945009e+00 -6.346680e-01 -3.139275e+00 3.727010e+00 2.290411e+00 -4.364581e-01 2.333861e+00 4.180373e-01 1.610970e+00 1.269748e-02 2.730229e-02 2.527253e+00 2.615837e-02 -6.603500e-02 -2.223001e-01 -4.326194e-01 -6.248583e-01 -6.426914e-01 -5.957293e-01 -5.015277e-01 -4.714412e-01 -4.727621e-01 -3.532197e-01 -1.823290e-01 1.222171e-05
<VARIANCE> 25
 9.327906e+00 1.021600e+01 1.324900e+01 1.248293e+01 1.342848e+01 1.716687e+01 1.720203e+01 2.044094e+01 1.865760e+01 1.707263e+01 1.914958e+01 1.498377e+01 1.989596e-01 3.459095e-01 4.995695e-01 5.522184e-01 6.217355e-01 8.056964e-01 9.860508e-01 1.107599e+00 1.069862e+00 1.000141e+00 1.009431e+00 1.074923e+00 1.116085e-06
<GCONST> 6.021450e+01
<MIXTURE> 116 2.935202e-03
<MEAN> 25
 -3.945009e+00 -6.346680e-01 -3.139275e+00 3.727010e+00 2.290411e+00 -4.364581e-01 2.333861e+00 4.180373e-01 1.610970e+00 1.269748e-02 2.730229e-02 2.527253e+00 2.615837e-02 -6.603500e-02 -2.223001e-01 -4.326194e-01 -6.248583e-01 -6.426914e-01 -5.957293e-01 -5.015277e-01 -4.714412e-01 -4.727621e-01 -3.532197e-01 -1.823290e-01 1.222171e-05
<VARIANCE> 25
 9.327906e+00 1.021600e+01 1.324900e+01 1.248293e+01 1.342848e+01 1.716687e+01 1.720203e+01 2.044094e+01 1.865760e+01 1.707263e+01 1.914958e+01 1.498377e+01 1.989596e-01 3.459095e-01 4.995695e-01 5.522184e-01 6.217355e-01 8.056964e-01 9.860508e-01 1.107599e+00 1.069862e+00 1.000141e+00 1.009431e+00 1.074923e+00 1.116085e-06
<GCONST> 6.021450e+01
<MIXTURE> 117 6.506003e-03
<MEAN> 25
 -4.642894e+00 1.107872e+00 1.030959e+00 9.732244e+00 6.167647e+00 6.177061e+00 6.471358e+00 5.047040e+00 6.452662e+00 4.925763e+00 6.301547e+00 2.690439e+00 -7.257289e-02 -2.346226e-01 -3.645119e-01 -4.178842e-01 -3.605492e-01 -2.925196e-01 -2.895748e-01 -3.245168e-01 -3.833316e-01 -3.779731e-01 -2.617943e-01 -1.164135e-01 1.798384e-06
<VARIANCE> 25
 7.133371e+00 8.686701e+00 9.769386e+00 1.423605e+01 1.629265e+01 1.582761e+01 1.756384e+01 1.786305e+01 1.674349e+01 1.623906e+01 1.703319e+01 1.471493e+01 2.151302e-01 3.045378e-01 4.277351e-01 6.135603e-01 8.560077e-01 1.058200e+00 1.168641e+00 1.227661e+00 1.222747e+00 1.198470e+00 1.156302e+00 1.103175e+00 1.023444e-06
<GCONST> 6.047111e+01
<MIXTURE> 118 6.506003e-03
<MEAN> 25
 -4.642894e+00 1.107872e+00 1.030959e+00 9.732244e+00 6.167647e+00 6.177061e+00 6.471358e+00 5.047040e+00 6.452662e+00 4.925763e+00 6.301547e+00 2.690439e+00 -7.257289e-02 -2.346226e-01 -3.645119e-01 -4.178842e-01 -3.605492e-01 -2.925196e-01 -2.895748e-01 -3.245168e-01 -3.833316e-01 -3.779731e-01 -2.617943e-01 -1.164135e-01 1.798384e-06
<VARIANCE> 25
 7.133371e+00 8.686701e+00 9.769386e+00 1.423605e+01 1.629265e+01 1.582761e+01 1.756384e+01 1.786305e+01 1.674349e+01 1.623906e+01 1.703319e+01 1.471493e+01 2.151302e-01 3.045378e-01 4.277351e-01 6.135603e-01 8.560077e-01 1.058200e+00 1.168641e+00 1.227661e+00 1.222747e+00 1.198470e+00 1.156302e+00 1.103175e+00 1.023444e-06
<GCONST> 6.047111e+01
<MIXTURE> 119 4.297961e-03
<MEAN> 25
 -4.974933e+00 -7.629055e+00 2.228763e+00 2.019498e+00 2.237526e+00 2.083361e-01 5.276693e+00 5.939035e+00 1.172113e+00 9.671313e-01 6.608281e+00 1.569597e+00 -4.986042e-02 -7.928097e-02 3.706530e-02 -5.719992e-02 -1.264613e-01 -1.806751e-01 -6.906603e-02 -1.415934e-02 -9.192837e-02 -1.120034e-01 -5.480247e-02 -5.788001e-02 1.109867e-03
<VARIANCE> 25
 8.497923e+00 9.850085e+00 1.656507e+01 2.018227e+01 2.285933e+01 2.319655e+01 2.498814e+01 2.647076e+01 2.507795e+01 2.806013e+01 2.043924e+01 2.040355e+01 1.603407e-01 2.824659e-01 4.600151e-01 6.326334e-01 8.033109e-01 1.005289e+00 1.100587e+00 1.277479e+00 1.285483e+00 1.245460e+00 1.192187e+00 1.113470e+00 2.315031e-04
<GCONST> 6.972461e+01
<MIXTURE> 120 4.297961e-03
<MEAN> 25
 -4.974933e+00 -7.629055e+00 2.228763e+00 2.019498e+00 2.237526e+00 2.083361e-01 5.276693e+00 5.939035e+00 1.172113e+00 9.671313e-01 6.608281e+00 1.569597e+00 -4.986042e-02 -7.928097e-02 3.706530e-02 -5.719992e-02 -1.264613e-01 -1.806751e-01 -6.906603e-02 -1.415934e-02 -9.192837e-02 -1.120034e-01 -5.480247e-02 -5.788001e-02 1.109867e-03
<VARIANCE> 25
 8.497923e+00 9.850085e+00 1.656507e+01 2.018227e+01 2.285933e+01 2.319655e+01 2.498814e+01 2.647076e+01 2.507795e+01 2.806013e+01 2.043924e+01 2.040355e+01 1.603407e-01 2.824659e-01 4.600151e-01 6.326334e-01 8.033109e-01 1.005289e+00 1.100587e+00 1.277479e+00 1.285483e+00 1.245460e+00 1.192187e+00 1.113470e+00 2.315031e-04
<GCONST> 6.972461e+01
<MIXTURE> 121 4.567511e-03
<MEAN> 25
 2.087388e-01 -2.518217e+00 5.190930e+00 -1.284480e+01 -1.258999e+01 -1.618032e+00 9.762273e-01 -5.142929e+00 -4.226243e+00 -4.935906e-01 -5.475840e+00 -4.300199e+00 2.403366e-02 1.317258e-01 -4.371136e-02 8.354358e-02 1.566512e-01 7.306743e-02 -7.302993e-02 -1.873411e-01 -2.688880e-01 -2.556788e-01 -1.076337e-01 9.333352e-04 -7.439472e-03
<VARIANCE> 25
 7.696674e+00 1.553073e+01 1.748778e+01 2.088945e+01 2.485400e+01 2.951941e+01 2.948378e+01 2.469953e+01 3.524057e+01 2.821214e+01 1.983346e+01 2.110030e+01 1.547808e-01 6.416243e-01 6.206189e-01 7.046220e-01 7.677850e-01 1.153626e+00 1.132300e+00 1.122846e+00 1.217070e+00 1.188851e+00 9.476054e-01 8.692230e-01 2.098075e-04
<GCONST> 7.144688e+01
<MIXTURE> 122 4.567511e-03
<MEAN> 25
 2.087388e-01 -2.518217e+00 5.190930e+00 -1.284480e+01 -1.258999e+01 -1.618032e+00 9.762273e-01 -5.142929e+00 -4.226243e+00 -4.935906e-01 -5.475840e+00 -4.300199e+00 2.403366e-02 1.317258e-01 -4.371136e-02 8.354358e-02 1.566512e-01 7.306743e-02 -7.302993e-02 -1.873411e-01 -2.688880e-01 -2.556788e-01 -1.076337e-01 9.333352e-04 -7.439472e-03
<VARIANCE> 25
 7.696674e+00 1.553073e+01 1.748778e+01 2.088945e+01 2.485400e+01 2.951941e+01 2.948378e+01 2.469953e+01 3.524057e+01 2.821214e+01 1.983346e+01 2.110030e+01 1.547808e-01 6.416243e-01 6.206189e-01 7.046220e-01 7.677850e-01 1.153626e+00 1.132300e+00 1.122846e+00 1.217070e+00 1.188851e+00 9.476054e-01 8.692230e-01 2.098075e-04
<GCONST> 7.144688e+01
<MIXTURE> 123 4.393044e-03
<MEAN> 25
 -3.932822e+00 1.153796e+00 -4.120706e-01 6.098374e+00 4.729900e+00 3.374401e+00 3.701927e+00 4.464841e-01 1.358735e+00 -5.504227e-01 -9.634958e-02 5.748486e-01 -4.238047e-01 -7.684960e-01 -8.198051e-01 -6.383644e-01 -2.792722e-01 -2.637701e-02 3.596353e-01 7.345119e-01 7.242246e-01 7.300010e-01 7.200012e-01 5.575086e-01 -3.446333e-03
<VARIANCE> 25
 1.102357e+01 9.732355e+00 1.687320e+01 1.556445e+01 2.116800e+01 2.493880e+01 2.045654e+01 1.683761e+01 2.394848e+01 1.566645e+01 2.112391e+01 1.798233e+01 3.709946e-01 3.415077e-01 4.894253e-01 7.533154e-01 8.833474e-01 1.135779e+00 1.137233e+00 1.142516e+00 1.112751e+00 1.137231e+00 1.093469e+00 1.082122e+00 1.049898e-04
<GCONST> 6.861461e+01
<MIXTURE> 124 4.069876e-03
<MEAN> 25
 -5.956289e+00 -6.447138e-01 -2.760453e+00 5.387769e+00 4.311473e+00 3.154532e+00 5.560133e+00 2.602504e+00 4.158068e+00 1.162481e+00 5.360698e-01 2.440545e+00 -1.753999e-01 -3.384084e-01 -3.573792e-01 -2.393629e-01 8.403619e-02 4.875557e-01 7.638288e-01 9.235365e-01 6.504190e-01 2.942722e-01 5.494829e-02 -2.116976e-03 4.829668e-04
<VARIANCE> 25
 1.135253e+01 8.200594e+00 1.029621e+01 1.192576e+01 1.324684e+01 1.742618e+01 1.388307e+01 1.603387e+01 1.829568e+01 1.473325e+01 1.941542e+01 1.427434e+01 1.088948e-01 1.549126e-01 2.634825e-01 4.383496e-01 5.491133e-01 7.251015e-01 7.009556e-01 7.602121e-01 8.257858e-01 9.391873e-01 9.746013e-01 9.027205e-01 1.744935e-05
<GCONST> 5.822989e+01
<MIXTURE> 125 4.069876e-03
<MEAN> 25
 -5.956289e+00 -6.447138e-01 -2.760453e+00 5.387769e+00 4.311473e+00 3.154532e+00 5.560133e+00 2.602504e+00 4.158068e+00 1.162481e+00 5.360698e-01 2.440545e+00 -1.753999e-01 -3.384084e-01 -3.573792e-01 -2.393629e-01 8.403619e-02 4.875557e-01 7.638288e-01 9.235365e-01 6.504190e-01 2.942722e-01 5.494829e-02 -2.116976e-03 4.829668e-04
<VARIANCE> 25
 1.135253e+01 8.200594e+00 1.029621e+01 1.192576e+01 1.324684e+01 1.742618e+01 1.388307e+01 1.603387e+01 1.829568e+01 1.473325e+01 1.941542e+01 1.427434e+01 1.088948e-01 1.549126e-01 2.634825e-01 4.383496e-01 5.491133e-01 7.251015e-01 7.009556e-01 7.602121e-01 8.257858e-01 9.391873e-01 9.746013e-01 9.027205e-01 1.744935e-05
<GCONST> 5.822989e+01
<MIXTURE> 126 2.402244e-03
<MEAN> 25
 -3.764017e+00 -6.701746e+00 -5.299811e+00 2.393728e+00 4.128264e+00 -3.145999e+00 3.514931e-02 3.453829e+00 3.467130e+00 -2.665821e+00 -1.481895e+00 3.000907e+00 8.883989e-03 6.492171e-03 -4.823585e-02 -1.509646e-01 -3.269230e-01 -4.283365e-01 -2.553044e-01 -1.832458e-01 -1.123042e-01 -1.060621e-01 -9.204423e-02 -5.689174e-02 -1.819547e-03
<VARIANCE> 25
 7.374941e+00 1.371665e+01 1.350137e+01 1.495530e+01 2.454142e+01 2.323686e+01 2.247805e+01 2.780580e+01 3.073861e+01 2.541745e+01 2.117877e+01 1.868344e+01 1.719530e-01 3.510069e-01 4.827060e-01 5.526227e-01 7.398447e-01 1.029136e+00 1.110361e+00 1.256154e+00 1.291748e+00 1.279679e+00 1.203496e+00 1.196447e+00 2.084261e-04
<GCONST> 6.961946e+01
<MIXTURE> 127 2.402244e-03
<MEAN> 25
 -3.764017e+00 -6.701746e+00 -5.299811e+00 2.393728e+00 4.128264e+00 -3.145999e+00 3.514931e-02 3.453829e+00 3.467130e+00 -2.665821e+00 -1.481895e+00 3.000907e+00 8.883989e-03 6.492171e-03 -4.823585e-02 -1.509646e-01 -3.269230e-01 -4.283365e-01 -2.553044e-01 -1.832458e-01 -1.123042e-01 -1.060621e-01 -9.204423e-02 -5.689174e-02 -1.819547e-03
<VARIANCE> 25
 7.374941e+00 1.371665e+01 1.350137e+01 1.495530e+01 2.454142e+01 2.323686e+01 2.247805e+01 2.780580e+01 3.073861e+01 2.541745e+01 2.117877e+01 1.868344e+01 1.719530e-01 3.510069e-01 4.827060e-01 5.526227e-01 7.398447e-01 1.029136e+00 1.110361e+00 1.256154e+00 1.291748e+00 1.279679e+00 1.203496e+00 1.196447e+00 2.084261e-04
<GCONST> 6.961946e+01
<MIXTURE> 128 3.790457e-03
<MEAN> 25
 -4.227911e+00 2.101201e+00 -2.324376e-01 7.098821e+00 3.625756e+00 8.382175e-01 4.067070e+00 2.216950e+00 3.702720e+00 2.904610e+00 3.237762e+00 3.880952e+00 -5.866852e-01 -1.887377e-01 7.604146e-02 7.475956e-01 1.363698e+00 1.255633e+00 7.533806e-01 1.019396e-01 -4.305919e-01 -6.253742e-01 -7.494391e-01 -6.425108e-01 -6.316532e-05
<VARIANCE> 25
 1.027837e+01 1.348709e+01 1.382853e+01 2.097559e+01 1.833689e+01 2.827162e+01 2.401160e+01 2.258690e+01 2.544499e+01 2.738716e+01 2.664183e+01 1.825122e+01 1.177968e+00 1.042870e+00 1.266599e+00 1.367540e+00 1.757722e+00 1.830793e+00 2.070923e+00 2.139719e+00 1.941091e+00 1.919545e+00 1.598566e+00 2.222917e+00 9.675304e-07
<GCONST> 7.397610e+01
<TRANSP> 3
 0.000000e+00 1.000000e+00 0.000000e+00
 0.000000e+00 9.999990e-01 9.999998e-07
 0.000000e+00 0.000000e+00 0.000000e+00
<ENDHMM>
