~o
<STREAMINFO> 1 25
<VECSIZE> 25<NULLD><MFCC_E_D_N><DIAGC>
~h "jmodel"
<BEGINHMM>
<NUMSTATES> 3
<STATE> 2
<NUMMIXES> 128
<MIXTURE> 1 5.748963e-03
<MEAN> 25
 -2.584731e+00 3.181148e+00 2.311728e+00 8.755715e+00 4.371801e+00 3.448311e+00 4.063052e+00 3.935824e+00 5.832493e+00 5.253349e+00 5.884847e+00 3.080580e+00 -2.004827e+00 -1.634784e+00 -8.642325e-01 1.076130e+00 1.560638e+00 2.232500e+00 2.154782e+00 2.084977e+00 1.693630e+00 1.269611e+00 1.567650e+00 6.133032e-01 -4.692573e-02
<VARIANCE> 25
 1.006762e+01 1.176565e+01 1.494676e+01 1.867908e+01 2.319347e+01 2.216907e+01 2.189655e+01 2.197746e+01 2.099867e+01 2.253533e+01 2.094566e+01 1.708257e+01 1.788770e+00 2.111781e+00 3.026114e+00 3.209704e+00 3.740431e+00 3.356610e+00 3.318786e+00 3.380390e+00 3.521525e+00 3.727103e+00 3.513400e+00 2.834208e+00 3.121475e-03
<GCONST> 8.846543e+01
<MIXTURE> 2 4.549242e-03
<MEAN> 25
 -4.861022e+00 1.328629e+00 9.894689e-01 9.894008e+00 6.675948e+00 7.407422e+00 7.859376e+00 6.947361e+00 8.359922e+00 6.362842e+00 7.594247e+00 3.055399e+00 -6.218889e-02 4.114383e-02 1.427005e-01 2.253925e-01 2.647423e-01 2.801860e-01 2.965313e-01 3.201608e-01 3.491100e-01 3.072012e-01 1.956513e-01 7.962298e-02 3.497553e-06
<VARIANCE> 25
 7.003721e+00 8.972379e+00 1.062739e+01 1.587764e+01 1.727738e+01 1.562374e+01 1.691259e+01 1.846867e+01 1.661634e+01 1.738945e+01 1.835953e+01 1.442860e+01 1.252570e-01 2.262227e-01 3.360078e-01 4.663360e-01 6.486656e-01 8.139631e-01 9.301745e-01 1.003845e+00 1.052329e+00 1.076017e+00 1.074278e+00 1.010996e+00 1.005357e-06
<GCONST> 5.807617e+01
<MIXTURE> 3 4.549242e-03
<MEAN> 25
 -4.861022e+00 1.328629e+00 9.894689e-01 9.894008e+00 6.675948e+00 7.407422e+00 7.859376e+00 6.947361e+00 8.359922e+00 6.362842e+00 7.594247e+00 3.055399e+00 -6.218889e-02 4.114383e-02 1.427005e-01 2.253925e-01 2.647423e-01 2.801860e-01 2.965313e-01 3.201608e-01 3.491100e-01 3.072012e-01 1.956513e-01 7.962298e-02 3.497553e-06
<VARIANCE> 25
 7.003721e+00 8.972379e+00 1.062739e+01 1.587764e+01 1.727738e+01 1.562374e+01 1.691259e+01 1.846867e+01 1.661634e+01 1.738945e+01 1.835953e+01 1.442860e+01 1.252570e-01 2.262227e-01 3.360078e-01 4.663360e-01 6.486656e-01 8.139631e-01 9.301745e-01 1.003845e+00 1.052329e+00 1.076017e+00 1.074278e+00 1.010996e+00 1.005357e-06
<GCONST> 5.807617e+01
<MIXTURE> 4 1.671429e-02
<MEAN> 25
 2.678748e+00 1.658473e+00 -4.498026e+00 1.744907e+00 4.316554e+00 -1.236901e+00 -1.141055e+00 5.862566e-01 1.121632e+00 1.707565e+00 -2.243521e+00 5.757021e-01 -2.873286e+00 8.310299e-01 1.616756e+00 2.930143e+00 6.578590e-01 1.854031e-01 1.709778e+00 1.084269e+00 1.091457e+00 3.386607e-01 1.071019e+00 9.284261e-01 -7.804294e-02
<VARIANCE> 25
 2.342267e+01 2.972074e+01 2.837617e+01 3.732919e+01 3.877520e+01 7.488526e+01 6.309176e+01 4.774586e+01 4.783018e+01 5.323610e+01 4.462380e+01 3.577797e+01 2.191949e+00 5.605106e+00 3.534949e+00 4.281492e+00 5.010410e+00 5.855293e+00 6.909305e+00 4.895456e+00 5.413515e+00 5.677710e+00 6.561447e+00 3.843066e+00 8.443584e-03
<GCONST> 1.046641e+02
<MIXTURE> 5 3.206198e-03
<MEAN> 25
 -3.414231e+00 2.185619e+00 6.091035e-01 9.428166e+00 6.692161e+00 6.312730e+00 7.117326e+00 4.722515e+00 5.495975e+00 3.846358e+00 4.651042e+00 2.600305e+00 -3.243398e-01 7.520847e-01 1.223853e+00 1.031531e+00 3.075182e-01 -1.003560e-01 -8.336791e-02 3.359511e-02 4.571579e-01 6.828453e-01 4.031480e-01 8.782817e-02 -2.735282e-05
<VARIANCE> 25
 1.024997e+01 1.394995e+01 2.346612e+01 2.559508e+01 2.022898e+01 1.942157e+01 2.012609e+01 2.034318e+01 2.141361e+01 2.127390e+01 2.413792e+01 1.638740e+01 1.209094e+00 1.243913e+00 1.356894e+00 1.673378e+00 2.282900e+00 2.374331e+00 2.300201e+00 2.275347e+00 2.315604e+00 2.237202e+00 2.084711e+00 1.872201e+00 1.002168e-06
<GCONST> 7.516447e+01
<MIXTURE> 6 5.475854e-03
<MEAN> 25
 9.031837e+00 -1.105301e+00 -5.950904e+00 -1.090265e+01 -1.966676e+00 7.196432e+00 -6.151966e+00 -4.365713e+00 -3.120787e+00 9.024174e-01 4.821561e+00 -8.800480e-01 4.669389e-01 9.138561e-01 -3.449057e-01 -1.183080e+00 -6.910630e-01 1.128232e+00 1.369121e+00 2.105363e-01 -1.224460e+00 -1.091649e+00 2.497370e-01 1.116947e+00 -1.140750e-02
<VARIANCE> 25
 9.735108e+00 1.812831e+01 2.311889e+01 3.653168e+01 3.217262e+01 2.746623e+01 3.855025e+01 3.947863e+01 3.802513e+01 3.841288e+01 3.629635e+01 2.588210e+01 2.834792e-01 7.718824e-01 8.413484e-01 2.223204e+00 1.391598e+00 2.112797e+00 1.987526e+00 1.921159e+00 2.222224e+00 1.992355e+00 2.025026e+00 1.334906e+00 6.181649e-04
<GCONST> 8.272113e+01
<MIXTURE> 7 5.475854e-03
<MEAN> 25
 9.031837e+00 -1.105301e+00 -5.950904e+00 -1.090265e+01 -1.966676e+00 7.196432e+00 -6.151966e+00 -4.365713e+00 -3.120787e+00 9.024174e-01 4.821561e+00 -8.800480e-01 4.669389e-01 9.138561e-01 -3.449057e-01 -1.183080e+00 -6.910630e-01 1.128232e+00 1.369121e+00 2.105363e-01 -1.224460e+00 -1.091649e+00 2.497370e-01 1.116947e+00 -1.140750e-02
<VARIANCE> 25
 9.735108e+00 1.812831e+01 2.311889e+01 3.653168e+01 3.217262e+01 2.746623e+01 3.855025e+01 3.947863e+01 3.802513e+01 3.841288e+01 3.629635e+01 2.588210e+01 2.834792e-01 7.718824e-01 8.413484e-01 2.223204e+00 1.391598e+00 2.112797e+00 1.987526e+00 1.921159e+00 2.222224e+00 1.992355e+00 2.025026e+00 1.334906e+00 6.181649e-04
<GCONST> 8.272113e+01
<MIXTURE> 8 1.165917e-02
<MEAN> 25
 -4.729698e+00 1.363965e+00 1.291899e+00 9.559262e+00 6.574602e+00 6.254020e+00 6.480806e+00 5.687313e+00 6.659358e+00 5.632358e+00 6.572653e+00 3.152845e+00 -6.296660e-01 -1.425475e+00 -1.071171e+00 -1.731033e+00 -2.312821e-01 -9.453953e-01 -1.776926e-01 -2.898360e-01 -2.533225e-01 -1.741172e-01 -2.134583e-01 8.129551e-02 9.887590e-02
<VARIANCE> 25
 9.340209e+00 9.851608e+00 1.161256e+01 1.605299e+01 1.663735e+01 1.571066e+01 1.812718e+01 1.751870e+01 1.703984e+01 1.737308e+01 1.887660e+01 1.399620e+01 2.757056e+00 2.815465e+00 3.906538e+00 3.761393e+00 3.455492e+00 3.315578e+00 3.128567e+00 3.080502e+00 2.871997e+00 2.655448e+00 2.434611e+00 1.901883e+00 6.682575e-03
<GCONST> 8.628771e+01
<MIXTURE> 9 1.199672e-02
<MEAN> 25
 9.304499e+00 4.173716e+00 -5.026404e+00 -9.411166e+00 -3.399809e+00 5.084709e+00 -2.277420e+00 -1.996550e+00 -4.958974e+00 -2.239459e+00 1.009432e+00 3.124408e-01 1.443163e+00 -2.328941e-01 -5.686758e-01 -2.724466e+00 -1.422030e+00 1.010248e+00 -1.230774e+00 2.959549e-01 -2.722693e-01 -2.809934e-01 6.016293e-01 1.902803e-02 7.229972e-02
<VARIANCE> 25
 1.084568e+01 2.159140e+01 3.001771e+01 4.717068e+01 4.290896e+01 3.106714e+01 3.549301e+01 4.104025e+01 3.484116e+01 3.544250e+01 3.171818e+01 2.198442e+01 2.039052e+00 2.009129e+00 3.653638e+00 3.842944e+00 4.243173e+00 3.377974e+00 3.697434e+00 5.443159e+00 3.961367e+00 4.123097e+00 3.160043e+00 2.275312e+00 2.074319e-03
<GCONST> 9.510810e+01
<MIXTURE> 10 6.596976e-03
<MEAN> 25
 8.192629e-01 7.634240e+00 5.377272e+00 7.148044e+00 1.587560e+00 -2.117734e+00 -5.161355e-01 -1.684539e+00 8.708268e-01 8.610597e-01 8.389590e-01 6.587856e-01 -1.924939e+00 -6.724151e-01 -4.588772e-01 3.027157e+00 2.463495e+00 2.709771e+00 2.373975e+00 2.277884e+00 1.861613e+00 1.545223e+00 2.334525e+00 5.251441e-01 -1.381186e-01
<VARIANCE> 25
 1.955092e+01 2.068222e+01 2.230844e+01 2.905841e+01 3.830504e+01 3.496190e+01 3.515475e+01 3.383729e+01 2.765746e+01 2.904777e+01 2.695495e+01 2.501664e+01 2.234288e+00 3.429072e+00 5.534550e+00 5.172851e+00 5.551234e+00 4.470433e+00 4.698963e+00 4.842465e+00 4.387498e+00 5.019934e+00 4.448186e+00 3.190832e+00 2.698447e-03
<GCONST> 9.746400e+01
<MIXTURE> 11 1.633820e-02
<MEAN> 25
 7.745213e+00 3.335592e+00 3.040483e+00 5.817348e+00 -3.080650e+00 -2.146172e+00 -3.220397e+00 -6.727962e+00 -2.573457e+00 1.195906e-01 -2.446875e+00 -1.855583e+00 -2.395677e-01 3.578503e-01 2.183605e-01 5.532165e-01 4.757636e-01 -2.931490e-01 2.660163e-01 -1.013503e-01 -1.026440e-01 -2.698579e-01 -2.637920e-01 1.947907e-01 -1.489523e-02
<VARIANCE> 25
 9.254050e+00 2.714667e+01 1.902616e+01 3.811940e+01 3.603471e+01 3.702053e+01 4.731783e+01 4.281537e+01 4.455780e+01 3.298693e+01 3.263660e+01 2.593689e+01 8.856854e-01 1.289439e+00 1.703983e+00 2.562173e+00 1.915748e+00 2.298670e+00 1.851876e+00 2.781575e+00 2.072273e+00 2.185408e+00 1.751179e+00 1.483361e+00 9.284518e-04
<GCONST> 8.711485e+01
<MIXTURE> 12 5.904134e-03
<MEAN> 25
 1.009961e+01 3.049232e+00 -4.131701e+00 -1.479374e+01 -7.630618e+00 8.500295e+00 -1.533892e+00 -1.637263e+00 -1.818734e+00 -4.966257e+00 2.044419e+00 7.275286e-01 6.848661e-02 3.438691e-01 3.833707e-02 -1.942586e-01 -3.106632e-01 -4.084905e-03 3.340238e-01 3.185194e-01 2.935235e-02 -3.617877e-01 -3.434690e-01 3.491064e-02 -1.034076e-02
<VARIANCE> 25
 9.597975e+00 2.239499e+01 2.000447e+01 3.715731e+01 3.920609e+01 2.690802e+01 3.672712e+01 4.395004e+01 3.740691e+01 3.325406e+01 3.215894e+01 2.459817e+01 2.411902e-01 7.444274e-01 6.250522e-01 1.254234e+00 1.172963e+00 1.168178e+00 1.218974e+00 1.591618e+00 1.163861e+00 1.195126e+00 1.120693e+00 8.771812e-01 6.350426e-04
<GCONST> 7.804376e+01
<MIXTURE> 13 5.904134e-03
<MEAN> 25
 1.009961e+01 3.049232e+00 -4.131701e+00 -1.479374e+01 -7.630618e+00 8.500295e+00 -1.533892e+00 -1.637263e+00 -1.818734e+00 -4.966257e+00 2.044419e+00 7.275286e-01 6.848661e-02 3.438691e-01 3.833707e-02 -1.942586e-01 -3.106632e-01 -4.084905e-03 3.340238e-01 3.185194e-01 2.935235e-02 -3.617877e-01 -3.434690e-01 3.491064e-02 -1.034076e-02
<VARIANCE> 25
 9.597975e+00 2.239499e+01 2.000447e+01 3.715731e+01 3.920609e+01 2.690802e+01 3.672712e+01 4.395004e+01 3.740691e+01 3.325406e+01 3.215894e+01 2.459817e+01 2.411902e-01 7.444274e-01 6.250522e-01 1.254234e+00 1.172963e+00 1.168178e+00 1.218974e+00 1.591618e+00 1.163861e+00 1.195126e+00 1.120693e+00 8.771812e-01 6.350426e-04
<GCONST> 7.804376e+01
<MIXTURE> 14 6.488954e-03
<MEAN> 25
 -4.313329e+00 -3.611213e-01 -3.187770e-01 8.903415e+00 7.508595e+00 7.364054e+00 7.845634e+00 7.305756e+00 7.247009e+00 5.223567e+00 6.851698e+00 4.092351e+00 -2.745185e-01 1.935271e-01 3.653425e-01 3.109484e-01 7.924451e-03 5.887273e-02 9.676795e-02 1.778348e-01 2.964454e-01 5.402852e-01 5.055886e-01 7.480854e-02 -9.307048e-03
<VARIANCE> 25
 9.284926e+00 1.395844e+01 1.861141e+01 1.783108e+01 2.087905e+01 1.968998e+01 2.151976e+01 2.078951e+01 2.006209e+01 2.387210e+01 2.143865e+01 1.599357e+01 9.602547e-01 1.636846e+00 1.771461e+00 1.932216e+00 2.246304e+00 2.254433e+00 2.252736e+00 2.239863e+00 2.285188e+00 2.503592e+00 2.193629e+00 1.812881e+00 1.028247e-03
<GCONST> 8.191550e+01
<MIXTURE> 15 2.475190e-03
<MEAN> 25
 -5.418716e+00 -6.350763e-01 -2.022434e-01 7.367159e+00 5.715659e+00 5.695880e+00 6.068359e+00 4.975816e+00 5.162403e+00 4.152493e+00 5.495407e+00 2.534955e+00 -1.213840e-01 -2.909992e-02 7.546109e-02 2.440365e-01 4.892250e-01 7.856896e-01 1.072079e+00 1.182068e+00 1.059525e+00 7.557664e-01 4.190975e-01 1.530091e-01 -7.585232e-05
<VARIANCE> 25
 7.004332e+00 5.675942e+00 9.025028e+00 1.280021e+01 1.408467e+01 1.431083e+01 1.495720e+01 1.490186e+01 1.409295e+01 1.417286e+01 1.512948e+01 1.251816e+01 1.247202e-01 2.060683e-01 3.196648e-01 5.027851e-01 6.999487e-01 7.936407e-01 7.635840e-01 7.909764e-01 9.083686e-01 1.023424e+00 1.070648e+00 1.040666e+00 2.801390e-05
<GCONST> 5.860374e+01
<MIXTURE> 16 2.475190e-03
<MEAN> 25
 -5.418716e+00 -6.350763e-01 -2.022434e-01 7.367159e+00 5.715659e+00 5.695880e+00 6.068359e+00 4.975816e+00 5.162403e+00 4.152493e+00 5.495407e+00 2.534955e+00 -1.213840e-01 -2.909992e-02 7.546109e-02 2.440365e-01 4.892250e-01 7.856896e-01 1.072079e+00 1.182068e+00 1.059525e+00 7.557664e-01 4.190975e-01 1.530091e-01 -7.585232e-05
<VARIANCE> 25
 7.004332e+00 5.675942e+00 9.025028e+00 1.280021e+01 1.408467e+01 1.431083e+01 1.495720e+01 1.490186e+01 1.409295e+01 1.417286e+01 1.512948e+01 1.251816e+01 1.247202e-01 2.060683e-01 3.196648e-01 5.027851e-01 6.999487e-01 7.936407e-01 7.635840e-01 7.909764e-01 9.083686e-01 1.023424e+00 1.070648e+00 1.040666e+00 2.801390e-05
<GCONST> 5.860374e+01
<MIXTURE> 17 9.518312e-03
<MEAN> 25
 3.686507e+00 -2.349805e+00 6.845768e+00 4.807964e+00 -5.975842e+00 -6.846053e+00 -4.916522e+00 1.557931e-01 -1.779164e+00 -3.310606e+00 -7.073334e-01 6.908032e-01 -1.025125e+00 -1.299969e+00 1.664194e+00 -1.825019e+00 -2.534947e+00 -1.170107e-01 -4.496685e-02 8.552656e-01 -4.998056e-01 -3.589146e-01 1.146090e+00 3.173331e-01 8.271973e-02
<VARIANCE> 25
 1.336978e+01 2.840508e+01 2.819320e+01 4.269758e+01 4.323755e+01 3.877296e+01 4.169534e+01 2.608872e+01 2.911932e+01 2.178988e+01 2.957404e+01 2.410400e+01 1.834964e+00 2.330141e+00 3.358178e+00 2.488755e+00 4.210929e+00 4.623012e+00 3.859756e+00 3.906888e+00 3.349845e+00 3.302237e+00 3.786397e+00 3.180401e+00 1.717334e-03
<GCONST> 9.420132e+01
<MIXTURE> 18 1.221018e-02
<MEAN> 25
 2.520389e+00 4.111174e+00 8.198829e+00 4.755177e+00 -4.353864e+00 -9.410932e+00 -8.940147e-01 -1.298824e+00 -5.471422e+00 -1.574275e+00 1.042501e-01 8.519800e-01 -9.645821e-01 2.386995e+00 -5.364591e-01 1.472694e+00 3.275976e+00 1.103785e+00 1.406165e+00 2.105183e-02 6.435854e-01 9.704658e-01 -7.354526e-01 5.107818e-01 -1.123917e-01
<VARIANCE> 25
 2.043549e+01 2.297393e+01 3.490290e+01 2.127533e+01 3.547658e+01 3.134189e+01 3.745634e+01 2.867803e+01 4.685983e+01 3.212911e+01 3.022530e+01 2.833868e+01 2.232907e+00 2.654697e+00 4.221328e+00 4.362064e+00 3.436836e+00 4.298527e+00 5.047594e+00 4.101632e+00 3.806110e+00 4.203580e+00 4.449275e+00 4.074293e+00 3.772341e-03
<GCONST> 9.727743e+01
<MIXTURE> 19 9.912824e-03
<MEAN> 25
 -9.282707e+00 2.048563e+00 -3.932696e-01 1.598994e+00 2.813614e+00 1.421803e+00 4.107430e+00 3.904724e-01 2.093463e+00 1.201803e+00 8.960582e-01 2.279966e+00 2.000072e+00 1.659234e+00 1.983769e+00 4.908477e-01 -9.912679e-01 -7.927397e-01 -1.024237e+00 -1.351168e+00 -1.536722e+00 -1.170972e+00 -8.798252e-01 -8.013628e-01 9.285018e-03
<VARIANCE> 25
 5.129667e+01 2.625425e+01 4.389790e+01 4.789688e+01 3.345955e+01 3.227188e+01 2.910592e+01 2.934185e+01 2.589179e+01 2.503448e+01 2.586542e+01 1.918077e+01 2.765999e+00 2.048611e+00 2.013406e+00 2.363324e+00 2.332346e+00 2.672855e+00 2.201727e+00 2.392091e+00 1.847906e+00 1.750016e+00 1.958967e+00 1.515416e+00 2.705137e-03
<GCONST> 9.035387e+01
<MIXTURE> 20 6.308331e-03
<MEAN> 25
 -1.406236e+01 7.340685e+00 6.731220e-01 5.884990e+00 4.830078e+00 8.490593e-01 5.492112e+00 9.566824e-01 8.568074e-01 9.305676e-01 2.182189e+00 -1.910890e-01 -3.166062e+00 -7.714096e-01 -1.471550e+00 3.663099e-01 1.466363e+00 2.002337e+00 1.997623e+00 2.009952e+00 2.063498e+00 2.087805e+00 1.698179e+00 9.743352e-01 4.693633e-02
<VARIANCE> 25
 1.901503e+01 2.257042e+01 3.033966e+01 3.688340e+01 2.980030e+01 3.870463e+01 3.060458e+01 3.020753e+01 2.685778e+01 2.726107e+01 2.697960e+01 2.021145e+01 2.282456e+00 2.257154e+00 1.988556e+00 2.455669e+00 2.693985e+00 2.320766e+00 2.220728e+00 2.370990e+00 2.263078e+00 2.593359e+00 2.172093e+00 1.796522e+00 1.821229e-03
<GCONST> 8.934827e+01
<MIXTURE> 21 7.928653e-03
<MEAN> 25
 3.922911e+00 -4.624876e+00 6.005194e+00 -1.254157e+00 -1.065598e+01 -8.664522e+00 -2.848547e+00 4.166671e+00 -2.158285e+00 -3.455449e+00 4.408389e-01 2.355394e-01 -7.324344e-01 1.311709e+00 2.550741e+00 -1.039738e-01 -1.484469e+00 2.945989e-01 6.121054e-01 -1.429431e+00 -1.981345e+00 3.442639e-01 1.318801e+00 1.846769e-01 -1.163804e-02
<VARIANCE> 25
 8.908261e+00 1.854868e+01 3.099295e+01 3.065886e+01 2.801631e+01 3.261956e+01 4.335907e+01 3.818568e+01 4.202794e+01 3.074493e+01 3.395536e+01 2.307229e+01 3.738286e-01 9.494749e-01 1.844787e+00 1.392919e+00 2.302743e+00 2.175076e+00 3.548272e+00 2.587161e+00 2.127605e+00 2.552242e+00 1.986170e+00 2.339792e+00 4.637298e-04
<GCONST> 8.525658e+01
<MIXTURE> 22 8.827789e-03
<MEAN> 25
 -1.768262e+01 6.821078e+00 -4.249844e+00 7.478460e+00 4.115407e+00 2.067216e+00 8.231786e+00 1.737551e+00 5.094561e+00 3.088923e+00 5.334007e+00 1.420633e+00 -2.692886e-01 -2.413456e-01 -8.363313e-02 -2.122532e-01 4.676068e-02 1.655014e-01 2.186498e-01 2.343890e-01 2.190299e-01 1.875165e-01 2.209224e-01 1.897994e-01 8.690487e-03
<VARIANCE> 25
 8.437878e+00 1.767859e+01 1.687312e+01 2.419372e+01 2.557369e+01 2.624088e+01 1.906421e+01 1.804257e+01 1.865326e+01 2.141119e+01 2.036999e+01 1.373393e+01 1.058010e+00 1.409347e+00 1.315534e+00 1.654014e+00 1.380445e+00 1.457861e+00 1.550914e+00 1.577564e+00 1.560818e+00 1.509468e+00 1.358697e+00 1.139017e+00 1.648429e-03
<GCONST> 7.859390e+01
<MIXTURE> 23 6.455497e-03
<MEAN> 25
 7.553860e+00 2.489853e+00 2.560743e+00 2.012095e+00 -4.595635e+00 -2.231880e+00 -3.631823e+00 -6.036680e+00 -3.575444e+00 -1.729850e+00 -3.232507e+00 -1.916135e+00 8.416565e-03 2.110635e-01 -1.451967e-02 5.900692e-02 2.964913e-02 1.638645e-01 3.325839e-02 -1.119797e-01 -6.743404e-02 2.149654e-02 -5.942843e-02 2.333293e-02 -4.831559e-03
<VARIANCE> 25
 1.051922e+01 2.022085e+01 2.358276e+01 3.804673e+01 3.516930e+01 5.304349e+01 5.741171e+01 5.077596e+01 4.390000e+01 4.526062e+01 4.958105e+01 3.572061e+01 1.133756e-01 2.808652e-01 3.677098e-01 5.061126e-01 5.896284e-01 8.237441e-01 7.672715e-01 8.867106e-01 8.747227e-01 8.174618e-01 7.978653e-01 7.491549e-01 9.267740e-05
<GCONST> 7.231671e+01
<MIXTURE> 24 6.455497e-03
<MEAN> 25
 7.553860e+00 2.489853e+00 2.560743e+00 2.012095e+00 -4.595635e+00 -2.231880e+00 -3.631823e+00 -6.036680e+00 -3.575444e+00 -1.729850e+00 -3.232507e+00 -1.916135e+00 8.416565e-03 2.110635e-01 -1.451967e-02 5.900692e-02 2.964913e-02 1.638645e-01 3.325839e-02 -1.119797e-01 -6.743404e-02 2.149654e-02 -5.942843e-02 2.333293e-02 -4.831559e-03
<VARIANCE> 25
 1.051922e+01 2.022085e+01 2.358276e+01 3.804673e+01 3.516930e+01 5.304349e+01 5.741171e+01 5.077596e+01 4.390000e+01 4.526062e+01 4.958105e+01 3.572061e+01 1.133756e-01 2.808652e-01 3.677098e-01 5.061126e-01 5.896284e-01 8.237441e-01 7.672715e-01 8.867106e-01 8.747227e-01 8.174618e-01 7.978653e-01 7.491549e-01 9.267740e-05
<GCONST> 7.231671e+01
<MIXTURE> 25 1.118642e-02
<MEAN> 25
 9.611382e-02 1.327951e+00 1.681721e+01 4.999180e-01 -1.141488e+01 -3.541343e+00 -5.690921e+00 -1.585060e+00 -7.902623e+00 -5.244118e+00 4.877904e+00 -2.550001e+00 -2.416421e-01 5.837876e-01 2.463847e-01 -6.306776e-02 4.588475e-01 -1.869666e-01 4.950666e-01 -2.628558e-01 -5.455980e-01 2.777459e-01 -9.836691e-02 -6.236076e-02 -1.124759e-02
<VARIANCE> 25
 7.023651e+00 2.993826e+01 1.653794e+01 2.829409e+01 2.475862e+01 4.013535e+01 2.261089e+01 2.821769e+01 2.591765e+01 2.880390e+01 1.765075e+01 2.335415e+01 5.106013e-01 1.245456e+00 1.205239e+00 1.480953e+00 1.970423e+00 1.932028e+00 1.689366e+00 1.381156e+00 1.544330e+00 1.511041e+00 1.099241e+00 1.343227e+00 1.109494e-03
<GCONST> 8.018448e+01
<MIXTURE> 26 7.727677e-03
<MEAN> 25
 2.336587e+00 -5.474755e+00 -1.003045e+01 -9.689219e-01 7.784080e+00 6.219789e+00 4.115796e+00 -7.933037e-01 2.292493e+00 -4.376202e-01 -2.414423e+00 -1.334936e+00 -6.357108e-01 6.236334e-01 3.580207e-01 7.601157e-01 1.070745e-01 1.512552e-01 3.529257e-01 3.933898e-01 2.933629e-01 4.456994e-02 3.372633e-01 4.155585e-01 -5.132456e-02
<VARIANCE> 25
 2.269956e+01 3.786764e+01 2.446690e+01 5.768156e+01 3.607915e+01 4.381035e+01 4.472657e+01 4.154898e+01 3.602212e+01 5.070638e+01 3.787381e+01 4.384259e+01 1.484907e+00 1.768999e+00 1.778519e+00 1.920055e+00 2.433199e+00 2.311224e+00 2.364759e+00 2.595550e+00 2.255663e+00 2.145134e+00 2.031846e+00 1.925734e+00 3.014434e-03
<GCONST> 9.264561e+01
<MIXTURE> 27 7.727677e-03
<MEAN> 25
 2.336587e+00 -5.474755e+00 -1.003045e+01 -9.689219e-01 7.784080e+00 6.219789e+00 4.115796e+00 -7.933037e-01 2.292493e+00 -4.376202e-01 -2.414423e+00 -1.334936e+00 -6.357108e-01 6.236334e-01 3.580207e-01 7.601157e-01 1.070745e-01 1.512552e-01 3.529257e-01 3.933898e-01 2.933629e-01 4.456994e-02 3.372633e-01 4.155585e-01 -5.132456e-02
<VARIANCE> 25
 2.269956e+01 3.786764e+01 2.446690e+01 5.768156e+01 3.607915e+01 4.381035e+01 4.472657e+01 4.154898e+01 3.602212e+01 5.070638e+01 3.787381e+01 4.384259e+01 1.484907e+00 1.768999e+00 1.778519e+00 1.920055e+00 2.433199e+00 2.311224e+00 2.364759e+00 2.595550e+00 2.255663e+00 2.145134e+00 2.031846e+00 1.925734e+00 3.014434e-03
<GCONST> 9.264561e+01
<MIXTURE> 28 5.036674e-03
<MEAN> 25
 -5.354757e+00 1.423654e-01 -1.548327e+00 6.626168e+00 5.152323e+00 3.484168e+00 5.529883e+00 3.133667e+00 3.897775e+00 2.394550e+00 2.576145e+00 3.122407e+00 -1.193666e-01 2.165177e-01 5.254563e-01 7.775162e-01 8.052144e-01 6.957262e-01 5.366719e-01 4.021172e-01 4.533716e-01 4.730519e-01 3.609548e-01 1.874653e-01 1.368234e-05
<VARIANCE> 25
 1.080753e+01 9.195210e+00 1.198398e+01 1.460380e+01 1.485622e+01 1.751719e+01 1.849899e+01 1.870065e+01 1.694375e+01 1.648042e+01 2.052814e+01 1.532087e+01 2.542549e-01 3.337143e-01 4.009966e-01 4.601407e-01 6.286444e-01 8.391432e-01 1.057002e+00 1.133367e+00 1.094967e+00 1.019154e+00 1.028466e+00 1.049193e+00 1.030855e-06
<GCONST> 6.028647e+01
<MIXTURE> 29 5.036674e-03
<MEAN> 25
 -5.354757e+00 1.423654e-01 -1.548327e+00 6.626168e+00 5.152323e+00 3.484168e+00 5.529883e+00 3.133667e+00 3.897775e+00 2.394550e+00 2.576145e+00 3.122407e+00 -1.193666e-01 2.165177e-01 5.254563e-01 7.775162e-01 8.052144e-01 6.957262e-01 5.366719e-01 4.021172e-01 4.533716e-01 4.730519e-01 3.609548e-01 1.874653e-01 1.368234e-05
<VARIANCE> 25
 1.080753e+01 9.195210e+00 1.198398e+01 1.460380e+01 1.485622e+01 1.751719e+01 1.849899e+01 1.870065e+01 1.694375e+01 1.648042e+01 2.052814e+01 1.532087e+01 2.542549e-01 3.337143e-01 4.009966e-01 4.601407e-01 6.286444e-01 8.391432e-01 1.057002e+00 1.133367e+00 1.094967e+00 1.019154e+00 1.028466e+00 1.049193e+00 1.030855e-06
<GCONST> 6.028647e+01
<MIXTURE> 30 8.917812e-03
<MEAN> 25
 -4.347260e+00 2.004303e-01 5.824610e-01 9.038167e+00 7.616011e+00 7.189279e+00 7.758431e+00 6.609186e+00 6.507101e+00 4.691838e+00 6.539412e+00 3.266527e+00 -3.100062e-02 1.727696e-02 5.084818e-02 7.821282e-02 6.390708e-02 3.427529e-02 6.833415e-03 -3.039685e-02 -4.006061e-04 1.218225e-02 1.661876e-02 4.715975e-02 -6.357009e-04
<VARIANCE> 25
 7.134586e+00 1.221485e+01 1.001314e+01 1.326325e+01 1.559518e+01 1.793689e+01 1.904337e+01 1.877752e+01 1.594803e+01 1.866357e+01 2.476442e+01 1.483580e+01 9.637122e-02 2.043960e-01 3.169793e-01 4.672997e-01 6.356305e-01 6.936271e-01 7.449097e-01 8.200977e-01 9.123710e-01 9.544425e-01 9.348994e-01 8.600696e-01 5.047258e-05
<GCONST> 6.101979e+01
<MIXTURE> 31 4.136493e-03
<MEAN> 25
 -3.302938e+00 -5.682692e+00 5.635221e-02 4.882452e+00 3.687314e+00 1.687096e+00 5.253565e+00 6.647733e+00 2.736916e+00 1.234357e+00 6.525758e+00 3.154144e+00 2.529322e-01 4.750439e-01 -2.115341e-01 3.087252e-01 1.197010e-01 4.241329e-01 1.910333e-01 1.429810e-02 3.794508e-01 3.826041e-01 1.068350e-01 1.165306e-01 -1.839307e-02
<VARIANCE> 25
 7.159799e+00 1.541051e+01 1.747715e+01 1.800090e+01 2.529579e+01 2.386670e+01 2.369819e+01 2.535332e+01 2.592101e+01 2.801462e+01 2.037937e+01 1.871854e+01 1.909132e-01 4.932725e-01 6.026813e-01 7.669272e-01 9.683002e-01 1.091145e+00 1.220949e+00 1.392306e+00 1.345729e+00 1.315078e+00 1.244456e+00 1.134246e+00 2.567608e-04
<GCONST> 7.183440e+01
<MIXTURE> 32 4.136493e-03
<MEAN> 25
 -3.302938e+00 -5.682692e+00 5.635221e-02 4.882452e+00 3.687314e+00 1.687096e+00 5.253565e+00 6.647733e+00 2.736916e+00 1.234357e+00 6.525758e+00 3.154144e+00 2.529322e-01 4.750439e-01 -2.115341e-01 3.087252e-01 1.197010e-01 4.241329e-01 1.910333e-01 1.429810e-02 3.794508e-01 3.826041e-01 1.068350e-01 1.165306e-01 -1.839307e-02
<VARIANCE> 25
 7.159799e+00 1.541051e+01 1.747715e+01 1.800090e+01 2.529579e+01 2.386670e+01 2.369819e+01 2.535332e+01 2.592101e+01 2.801462e+01 2.037937e+01 1.871854e+01 1.909132e-01 4.932725e-01 6.026813e-01 7.669272e-01 9.683002e-01 1.091145e+00 1.220949e+00 1.392306e+00 1.345729e+00 1.315078e+00 1.244456e+00 1.134246e+00 2.567608e-04
<GCONST> 7.183440e+01
<MIXTURE> 33 1.508826e-02
<MEAN> 25
 5.540253e+00 -5.542830e+00 -2.099717e-01 -3.066931e+00 -9.279382e-01 -5.664786e+00 -7.276190e+00 2.654155e+00 3.543639e+00 -1.140522e+00 -3.874257e+00 -2.949921e+00 7.233551e-01 -1.253141e+00 -2.185748e+00 -1.714443e+00 1.414515e+00 1.591308e+00 -8.622606e-01 1.366356e-01 1.425196e+00 3.317722e-01 -1.143747e-02 -1.339488e+00 3.971177e-02
<VARIANCE> 25
 9.954922e+00 2.219954e+01 3.312347e+01 2.932217e+01 3.490243e+01 3.900014e+01 3.285971e+01 4.057450e+01 3.735881e+01 3.492797e+01 2.805199e+01 2.239801e+01 1.160692e+00 1.614361e+00 2.318718e+00 1.923393e+00 3.330633e+00 3.090005e+00 3.516075e+00 5.078372e+00 3.759263e+00 3.692004e+00 2.858093e+00 2.330402e+00 1.413591e-03
<GCONST> 9.155376e+01
<MIXTURE> 34 1.588179e-02
<MEAN> 25
 8.504175e+00 -3.520415e-01 1.957771e-01 9.821693e-01 -2.450594e+00 -1.381874e+00 -6.520132e+00 -4.504871e+00 -1.490668e+00 3.635869e-01 -2.649444e+00 -3.624440e+00 -1.607775e-02 1.350841e+00 1.319256e+00 2.326906e+00 -1.052489e-01 -1.215496e-01 6.851172e-01 -1.573372e+00 -9.299642e-01 3.191507e-01 -5.750574e-01 2.896056e-01 -6.411306e-02
<VARIANCE> 25
 9.820563e+00 3.208331e+01 2.822265e+01 4.995913e+01 4.539067e+01 4.736102e+01 5.469461e+01 5.430537e+01 5.149545e+01 4.250768e+01 4.584552e+01 2.998750e+01 1.207770e+00 1.922683e+00 4.332997e+00 3.869169e+00 5.614357e+00 5.554812e+00 5.481722e+00 5.848451e+00 5.499313e+00 5.078149e+00 4.725702e+00 3.680727e+00 1.210671e-03
<GCONST> 9.957629e+01
<MIXTURE> 35 1.467755e-02
<MEAN> 25
 -1.720443e+00 -5.224178e+00 -9.675779e+00 7.619618e-01 8.950855e+00 -9.914727e-02 2.137105e-01 2.383947e+00 1.044126e+00 4.572945e+00 -8.218730e-01 1.724521e+00 2.165274e-01 -1.193535e+00 -1.307587e+00 -1.038787e+00 5.569036e-01 -1.032643e+00 -5.827492e-01 8.844019e-02 -2.273400e-01 1.320129e-01 -6.711868e-01 -2.838889e-01 1.038110e-01
<VARIANCE> 25
 2.075844e+01 2.761913e+01 3.929129e+01 5.670850e+01 4.022732e+01 6.176334e+01 6.100189e+01 3.915714e+01 4.550924e+01 3.534000e+01 3.903331e+01 2.857488e+01 4.381669e+00 3.497494e+00 6.748343e+00 5.928868e+00 4.783143e+00 5.505802e+00 4.733674e+00 4.694702e+00 5.269509e+00 4.047103e+00 4.120431e+00 3.904966e+00 4.789137e-03
<GCONST> 1.032909e+02
<MIXTURE> 36 1.093293e-02
<MEAN> 25
 4.897004e+00 -3.659593e+00 7.203560e+00 2.715305e+00 -1.006908e+01 -8.824999e+00 -6.344171e+00 3.086304e+00 -1.948869e+00 -4.559481e+00 2.902079e+00 -3.154763e-01 3.309206e-01 1.659647e-01 -8.609734e-01 -1.990446e-02 8.854950e-01 4.178065e-02 -4.253082e-01 -3.707510e-03 3.541134e-01 5.754344e-01 -4.114977e-01 -3.509431e-01 -1.527486e-02
<VARIANCE> 25
 1.017360e+01 1.719891e+01 2.351914e+01 2.785073e+01 3.180490e+01 3.196576e+01 4.473391e+01 3.414571e+01 4.077861e+01 3.179008e+01 2.772508e+01 2.648496e+01 4.818033e-01 7.259508e-01 1.565776e+00 1.297154e+00 1.606352e+00 1.656407e+00 2.149101e+00 1.750669e+00 2.123851e+00 1.662650e+00 1.380473e+00 1.419329e+00 7.276671e-04
<GCONST> 8.228844e+01
<MIXTURE> 37 1.246826e-02
<MEAN> 25
 5.450754e-01 7.766923e+00 1.205666e+01 -5.546136e+00 -8.028205e+00 -1.059422e+00 -5.080113e+00 -8.318218e+00 -3.715486e+00 -9.061915e-01 -3.663507e+00 -1.292607e+00 1.814369e-01 6.481030e-01 -1.354048e+00 3.581031e+00 1.988359e+00 -3.018512e-01 1.092833e+00 4.352863e-01 5.275227e-01 -3.210552e-01 5.354869e-01 -9.548975e-02 -9.490839e-02
<VARIANCE> 25
 1.592782e+01 2.603170e+01 3.088833e+01 5.105843e+01 3.393312e+01 3.208189e+01 4.397764e+01 3.506871e+01 3.864416e+01 3.595132e+01 3.778758e+01 3.086878e+01 2.955909e+00 3.417264e+00 3.015877e+00 4.098739e+00 4.619120e+00 3.752046e+00 4.210534e+00 3.809516e+00 3.449001e+00 3.626091e+00 3.871186e+00 2.796438e+00 3.926920e-03
<GCONST> 9.779269e+01
<MIXTURE> 38 1.154525e-02
<MEAN> 25
 -5.363933e+00 7.608664e+00 3.483056e+00 2.720679e+00 1.806877e+00 -7.216598e+00 4.824477e-01 -1.890410e+00 -3.485812e+00 -1.917822e+00 -3.025068e+00 1.751857e-01 -3.992828e+00 1.238215e+00 -2.665695e-01 1.014346e+00 2.261007e+00 5.490633e-01 1.943739e+00 1.496666e+00 1.057820e+00 7.457883e-01 5.638008e-01 6.155621e-01 5.202419e-02
<VARIANCE> 25
 2.606610e+01 3.203539e+01 4.427589e+01 2.803601e+01 4.046522e+01 3.784687e+01 4.244664e+01 4.608903e+01 3.036221e+01 3.062550e+01 2.637412e+01 2.725933e+01 2.492010e+00 3.212800e+00 3.021941e+00 4.614942e+00 3.910044e+00 6.274675e+00 4.256440e+00 4.372099e+00 3.575901e+00 3.925846e+00 4.622481e+00 2.656492e+00 2.415742e-03
<GCONST> 9.808711e+01
<MIXTURE> 39 9.501865e-03
<MEAN> 25
 1.341103e+00 2.602855e+00 1.021317e+01 -9.216394e+00 -1.128984e+01 -9.881844e-01 -2.967623e+00 -6.572929e+00 -4.525167e+00 8.682002e-01 -3.676868e+00 -2.297897e+00 -7.291387e-01 1.522002e+00 1.626160e+00 -1.390810e+00 7.901610e-02 1.221550e+00 -1.199961e+00 -1.252184e+00 4.279573e-01 4.460777e-01 -5.059040e-01 1.229031e-01 1.338083e-03
<VARIANCE> 25
 8.909328e+00 3.012374e+01 3.170350e+01 3.828436e+01 3.721259e+01 4.272199e+01 4.444784e+01 3.349122e+01 3.943136e+01 3.321624e+01 3.623934e+01 2.943146e+01 6.917711e-01 1.547965e+00 1.511558e+00 2.924973e+00 2.417614e+00 2.827687e+00 3.053519e+00 2.749715e+00 2.438141e+00 2.619450e+00 2.122383e+00 2.069977e+00 1.184516e-03
<GCONST> 8.966835e+01
<MIXTURE> 40 1.030800e-02
<MEAN> 25
 -8.400294e+00 2.733007e+00 -1.488333e+00 7.748165e+00 3.560504e+00 4.975879e+00 5.910208e+00 3.585890e+00 4.533435e+00 4.001777e+00 4.868889e+00 1.573423e+00 -1.240882e-01 -2.364293e-01 -3.574716e-02 -2.396212e-01 -1.225389e-01 -1.542343e-01 1.050031e-01 3.220617e-02 -4.650833e-02 -3.096425e-02 2.505506e-02 5.239968e-02 2.258419e-03
<VARIANCE> 25
 4.526164e+01 2.026370e+01 2.684501e+01 2.733216e+01 2.480685e+01 2.332963e+01 1.995763e+01 1.934772e+01 1.632789e+01 1.760441e+01 2.138655e+01 1.368367e+01 6.966315e-01 7.318259e-01 8.325493e-01 1.103471e+00 1.180535e+00 1.183505e+00 1.222851e+00 1.276801e+00 1.242971e+00 1.123280e+00 1.156231e+00 1.190694e+00 7.762863e-04
<GCONST> 7.653733e+01
<MIXTURE> 41 6.713375e-03
<MEAN> 25
 1.293035e+00 1.770313e+00 1.045402e+01 -6.935826e+00 -1.044853e+01 -3.854715e+00 -2.488326e+00 -5.034796e+00 -4.655925e+00 2.648196e+00 -1.751869e+00 -9.350843e-01 6.884868e-02 -7.569764e-01 1.693711e+00 -3.554992e+00 -2.455092e+00 -1.141971e-01 -5.075872e-01 -3.562313e-01 -8.252011e-01 1.084462e+00 -1.041919e+00 8.691537e-02 8.627360e-02
<VARIANCE> 25
 1.182960e+01 2.972618e+01 3.274790e+01 4.016006e+01 3.877045e+01 4.010772e+01 3.710355e+01 2.986904e+01 3.300322e+01 2.874215e+01 3.183916e+01 2.733180e+01 3.212388e+00 3.310333e+00 3.820774e+00 3.792176e+00 4.902912e+00 5.882558e+00 4.703683e+00 4.546933e+00 3.966792e+00 4.218423e+00 3.837075e+00 3.225059e+00 2.923240e-03
<GCONST> 9.793486e+01
<MIXTURE> 42 1.106211e-02
<MEAN> 25
 -1.822974e+00 3.447546e+00 4.696751e+00 2.783701e+00 4.532193e-01 -5.854025e+00 -1.015894e+00 -1.103046e+00 -1.575455e+00 -7.178945e-01 -2.200222e+00 1.180562e+00 4.312101e+00 -2.230673e-01 1.290743e+00 2.413815e-01 -2.443645e+00 -7.625676e-01 -2.333031e+00 -1.006623e+00 -4.739577e-01 -9.158880e-01 1.266782e-01 -1.110482e+00 2.010228e-02
<VARIANCE> 25
 3.727058e+01 2.578014e+01 3.791033e+01 2.073749e+01 3.209399e+01 3.309523e+01 3.607806e+01 2.690248e+01 2.207233e+01 2.538520e+01 1.760308e+01 1.588210e+01 2.827533e+00 4.592642e+00 5.401130e+00 4.639440e+00 4.484795e+00 5.880425e+00 4.100642e+00 6.935686e+00 4.241278e+00 3.732481e+00 3.626126e+00 2.741558e+00 4.157761e-03
<GCONST> 9.727067e+01
<MIXTURE> 43 7.108249e-03
<MEAN> 25
 3.191839e+00 -6.262417e+00 -2.241562e+00 -5.193185e+00 -7.367061e+00 -3.328872e+00 4.060621e+00 1.308415e+00 -5.036741e+00 -7.116436e+00 -4.226943e+00 -1.223893e+00 2.356661e-01 2.156959e+00 1.901694e+00 -1.177889e-01 -1.426594e+00 -7.992623e-01 -9.587688e-01 -7.874994e-01 8.156292e-01 1.457544e+00 3.437095e-01 1.367904e-02 -4.498390e-02
<VARIANCE> 25
 9.585949e+00 1.976218e+01 2.711331e+01 3.490569e+01 3.821434e+01 3.690059e+01 3.367932e+01 3.945056e+01 3.941533e+01 3.838955e+01 2.732841e+01 2.936485e+01 6.847662e-01 1.244556e+00 1.572811e+00 2.494291e+00 2.359303e+00 2.365391e+00 2.644283e+00 3.005863e+00 2.590016e+00 2.570794e+00 2.311311e+00 1.907931e+00 9.373604e-04
<GCONST> 8.790324e+01
<MIXTURE> 44 7.328289e-03
<MEAN> 25
 -1.501638e+01 1.424810e+00 3.209969e+00 -3.237976e+00 2.583371e+00 1.342214e+00 -5.323135e-01 2.234600e+00 1.379202e+00 -1.264009e-01 1.734856e+00 2.778714e+00 -1.981500e-01 1.418345e-01 1.925770e-01 2.135612e-01 -6.112291e-02 1.138430e-01 5.876618e-01 2.035970e-01 2.321275e-01 1.749771e-01 1.393324e-01 4.009011e-02 4.502181e-03
<VARIANCE> 25
 3.719938e+01 2.566552e+01 3.196363e+01 2.865870e+01 3.080327e+01 3.199780e+01 2.959108e+01 2.838436e+01 2.545356e+01 2.702045e+01 2.458879e+01 2.138192e+01 1.264669e+00 1.622159e+00 1.425709e+00 1.315451e+00 1.940354e+00 1.563406e+00 1.476573e+00 1.591220e+00 1.389892e+00 1.373009e+00 1.317052e+00 1.199584e+00 1.143257e-03
<GCONST> 8.369441e+01
<MIXTURE> 45 1.364932e-02
<MEAN> 25
 -1.228961e+01 2.944930e+00 -1.358902e+00 3.256405e+00 4.982636e+00 -2.258167e+00 4.936603e+00 3.155590e+00 3.127958e+00 2.377874e+00 1.369501e+00 2.977802e+00 -2.752854e+00 6.336435e-01 -3.612528e-01 -3.807415e-01 3.468086e-02 8.675869e-02 6.770826e-01 2.102630e-01 1.132531e-01 9.458643e-02 4.540156e-01 1.838531e-01 1.030582e-01
<VARIANCE> 25
 2.857166e+01 3.287722e+01 2.796976e+01 3.529528e+01 3.434145e+01 4.886393e+01 3.016547e+01 2.460049e+01 2.530288e+01 2.129412e+01 2.990672e+01 1.509571e+01 2.375646e+00 2.776351e+00 2.534136e+00 2.542760e+00 2.541487e+00 2.407307e+00 2.723280e+00 2.410783e+00 2.074710e+00 2.326328e+00 1.986721e+00 1.548503e+00 4.611451e-03
<GCONST> 9.088494e+01
<MIXTURE> 46 9.336259e-03
<MEAN> 25
 -9.634501e+00 2.197971e+00 1.089315e+00 7.516565e+00 5.710134e+00 2.369410e+00 7.021384e+00 4.609174e+00 5.531718e+00 4.759896e+00 4.648340e+00 3.028001e+00 9.362798e-01 -2.491121e-01 7.164238e-02 9.620025e-01 5.162268e-01 9.418115e-01 4.002106e-01 6.565574e-01 4.937718e-01 4.897664e-01 6.811761e-01 4.857994e-01 -9.860916e-02
<VARIANCE> 25
 3.267255e+01 4.397891e+01 3.751331e+01 4.812970e+01 5.057333e+01 5.181230e+01 3.630671e+01 3.389901e+01 3.326687e+01 3.009734e+01 2.929633e+01 1.964260e+01 4.089491e+00 4.192356e+00 3.706611e+00 3.954953e+00 4.185200e+00 3.490832e+00 3.664773e+00 3.006653e+00 2.893838e+00 2.818391e+00 2.267714e+00 1.760753e+00 8.195650e-03
<GCONST> 9.825353e+01
<MIXTURE> 47 7.116147e-03
<MEAN> 25
 6.952720e+00 -7.363136e+00 -7.040204e+00 -7.011654e+00 1.656861e+00 1.506532e+00 -2.616725e+00 1.215262e+00 2.863132e+00 2.781156e-01 -3.711283e+00 -6.269524e+00 -1.851205e-01 -1.247991e+00 -6.300825e-01 -4.839913e-01 6.820828e-01 7.507992e-01 8.293503e-01 1.679697e-01 2.136521e-01 -8.278874e-01 -3.498515e-01 -4.675643e-01 2.970950e-02
<VARIANCE> 25
 1.123410e+01 1.988762e+01 2.384611e+01 3.503895e+01 3.385097e+01 5.409647e+01 4.329613e+01 3.759356e+01 4.355182e+01 4.380756e+01 4.771455e+01 3.280864e+01 4.909901e-01 7.160929e-01 1.075053e+00 1.589508e+00 1.954295e+00 2.322839e+00 2.292269e+00 2.467125e+00 2.187596e+00 2.070490e+00 2.223279e+00 1.937603e+00 5.338074e-04
<GCONST> 8.607285e+01
<MIXTURE> 48 7.116147e-03
<MEAN> 25
 6.952720e+00 -7.363136e+00 -7.040204e+00 -7.011654e+00 1.656861e+00 1.506532e+00 -2.616725e+00 1.215262e+00 2.863132e+00 2.781156e-01 -3.711283e+00 -6.269524e+00 -1.851205e-01 -1.247991e+00 -6.300825e-01 -4.839913e-01 6.820828e-01 7.507992e-01 8.293503e-01 1.679697e-01 2.136521e-01 -8.278874e-01 -3.498515e-01 -4.675643e-01 2.970950e-02
<VARIANCE> 25
 1.123410e+01 1.988762e+01 2.384611e+01 3.503895e+01 3.385097e+01 5.409647e+01 4.329613e+01 3.759356e+01 4.355182e+01 4.380756e+01 4.771455e+01 3.280864e+01 4.909901e-01 7.160929e-01 1.075053e+00 1.589508e+00 1.954295e+00 2.322839e+00 2.292269e+00 2.467125e+00 2.187596e+00 2.070490e+00 2.223279e+00 1.937603e+00 5.338074e-04
<GCONST> 8.607285e+01
<MIXTURE> 49 5.548473e-03
<MEAN> 25
 -4.646409e+00 1.056559e+00 -1.540592e-02 8.548359e+00 5.773584e+00 5.348482e+00 6.398207e+00 4.097109e+00 5.500892e+00 3.800815e+00 4.400665e+00 2.439628e+00 3.475063e-01 5.994673e-01 6.276158e-01 2.388720e-01 -1.596330e-01 -6.335670e-01 -8.903483e-01 -1.193815e+00 -1.113043e+00 -6.451766e-01 -5.743064e-01 -3.095590e-01 -4.094314e-04
<VARIANCE> 25
 1.006895e+01 1.268583e+01 1.305834e+01 1.481455e+01 1.538603e+01 1.609888e+01 1.827378e+01 2.038187e+01 1.939576e+01 1.728747e+01 2.256100e+01 1.490053e+01 2.564833e-01 2.668827e-01 3.709242e-01 6.516787e-01 8.109158e-01 8.894051e-01 9.986641e-01 1.057972e+00 1.231561e+00 1.118575e+00 1.209081e+00 1.126206e+00 1.432879e-05
<GCONST> 6.422932e+01
<MIXTURE> 50 6.234641e-03
<MEAN> 25
 -4.428959e+00 6.374957e-01 -1.279513e+00 6.397761e+00 4.110767e+00 2.198864e+00 4.289735e+00 1.924335e+00 2.898108e+00 1.318850e+00 1.716096e+00 2.225581e+00 6.257982e-02 1.237544e-01 1.092230e-01 -1.632779e-01 -4.670288e-01 -6.393422e-01 -4.264345e-01 3.158613e-02 4.288502e-01 7.731910e-01 7.986798e-01 4.135575e-01 6.764650e-05
<VARIANCE> 25
 1.073429e+01 1.331753e+01 1.332628e+01 1.436379e+01 1.505036e+01 1.721551e+01 2.018349e+01 1.777891e+01 1.697173e+01 1.636870e+01 2.290730e+01 1.738249e+01 1.354473e-01 2.628349e-01 3.494320e-01 4.759986e-01 5.736996e-01 6.849673e-01 9.355770e-01 1.100940e+00 9.919361e-01 8.538445e-01 9.535558e-01 9.077951e-01 1.226200e-06
<GCONST> 5.926220e+01
<MIXTURE> 51 6.234641e-03
<MEAN> 25
 -4.428959e+00 6.374957e-01 -1.279513e+00 6.397761e+00 4.110767e+00 2.198864e+00 4.289735e+00 1.924335e+00 2.898108e+00 1.318850e+00 1.716096e+00 2.225581e+00 6.257982e-02 1.237544e-01 1.092230e-01 -1.632779e-01 -4.670288e-01 -6.393422e-01 -4.264345e-01 3.158613e-02 4.288502e-01 7.731910e-01 7.986798e-01 4.135575e-01 6.764650e-05
<VARIANCE> 25
 1.073429e+01 1.331753e+01 1.332628e+01 1.436379e+01 1.505036e+01 1.721551e+01 2.018349e+01 1.777891e+01 1.697173e+01 1.636870e+01 2.290730e+01 1.738249e+01 1.354473e-01 2.628349e-01 3.494320e-01 4.759986e-01 5.736996e-01 6.849673e-01 9.355770e-01 1.100940e+00 9.919361e-01 8.538445e-01 9.535558e-01 9.077951e-01 1.226200e-06
<GCONST> 5.926220e+01
<MIXTURE> 52 6.367945e-03
<MEAN> 25
 8.853601e+00 1.901557e+00 -5.364623e+00 -1.293393e+01 -3.506224e+00 9.199015e+00 -2.907737e+00 -2.704241e+00 -3.990675e+00 -1.045746e+00 3.310289e+00 6.708358e-01 -4.802956e-01 -4.137599e-01 -2.506094e-01 8.345724e-01 1.273762e+00 -2.906123e-01 -7.982789e-02 -4.930540e-01 1.155691e-01 1.346776e+00 2.532951e-01 -4.833935e-01 -1.828194e-02
<VARIANCE> 25
 8.565796e+00 1.798647e+01 2.076880e+01 3.385573e+01 3.120347e+01 2.361650e+01 3.374146e+01 4.566639e+01 3.696417e+01 4.007111e+01 2.900780e+01 2.215211e+01 4.171371e-01 1.433903e+00 1.255670e+00 3.366810e+00 1.985690e+00 1.996816e+00 2.534859e+00 2.155989e+00 2.744581e+00 3.052412e+00 2.126396e+00 1.745924e+00 1.633735e-03
<GCONST> 8.627253e+01
<MIXTURE> 53 6.367945e-03
<MEAN> 25
 8.853601e+00 1.901557e+00 -5.364623e+00 -1.293393e+01 -3.506224e+00 9.199015e+00 -2.907737e+00 -2.704241e+00 -3.990675e+00 -1.045746e+00 3.310289e+00 6.708358e-01 -4.802956e-01 -4.137599e-01 -2.506094e-01 8.345724e-01 1.273762e+00 -2.906123e-01 -7.982789e-02 -4.930540e-01 1.155691e-01 1.346776e+00 2.532951e-01 -4.833935e-01 -1.828194e-02
<VARIANCE> 25
 8.565796e+00 1.798647e+01 2.076880e+01 3.385573e+01 3.120347e+01 2.361650e+01 3.374146e+01 4.566639e+01 3.696417e+01 4.007111e+01 2.900780e+01 2.215211e+01 4.171371e-01 1.433903e+00 1.255670e+00 3.366810e+00 1.985690e+00 1.996816e+00 2.534859e+00 2.155989e+00 2.744581e+00 3.052412e+00 2.126396e+00 1.745924e+00 1.633735e-03
<GCONST> 8.627253e+01
<MIXTURE> 54 7.368620e-03
<MEAN> 25
 -3.238189e+00 9.799120e-01 -6.310478e-01 8.042140e+00 6.018918e+00 4.167862e+00 5.589151e+00 4.336691e+00 4.005042e+00 3.609546e+00 3.513472e+00 1.565717e+00 2.811505e-04 2.823293e-02 2.066188e-02 2.941423e-02 8.970973e-02 3.034539e-02 4.404251e-02 7.043415e-02 -1.184475e-02 -5.321020e-02 -4.457203e-02 2.360618e-03 5.265218e-05
<VARIANCE> 25
 9.093251e+00 1.442974e+01 8.205322e+00 1.593800e+01 1.326273e+01 1.350657e+01 1.598917e+01 1.041210e+01 1.031611e+01 1.302886e+01 2.102904e+01 1.527831e+01 4.463083e-02 8.225483e-02 1.700454e-01 2.323196e-01 3.586667e-01 3.989742e-01 4.475962e-01 5.409232e-01 5.480639e-01 5.225229e-01 5.387691e-01 4.559826e-01 1.178558e-06
<GCONST> 4.816687e+01
<MIXTURE> 55 7.368620e-03
<MEAN> 25
 -3.238189e+00 9.799120e-01 -6.310478e-01 8.042140e+00 6.018918e+00 4.167862e+00 5.589151e+00 4.336691e+00 4.005042e+00 3.609546e+00 3.513472e+00 1.565717e+00 2.811505e-04 2.823293e-02 2.066188e-02 2.941423e-02 8.970973e-02 3.034539e-02 4.404251e-02 7.043415e-02 -1.184475e-02 -5.321020e-02 -4.457203e-02 2.360618e-03 5.265218e-05
<VARIANCE> 25
 9.093251e+00 1.442974e+01 8.205322e+00 1.593800e+01 1.326273e+01 1.350657e+01 1.598917e+01 1.041210e+01 1.031611e+01 1.302886e+01 2.102904e+01 1.527831e+01 4.463083e-02 8.225483e-02 1.700454e-01 2.323196e-01 3.586667e-01 3.989742e-01 4.475962e-01 5.409232e-01 5.480639e-01 5.225229e-01 5.387691e-01 4.559826e-01 1.178558e-06
<GCONST> 4.816687e+01
<MIXTURE> 56 6.132464e-03
<MEAN> 25
 6.784407e+00 -6.670957e+00 -7.561320e+00 -9.667894e+00 3.817902e+00 4.997442e+00 -2.397162e+00 -1.556265e+00 2.378026e+00 4.745688e-01 -1.103334e+00 -6.131361e+00 6.270443e-02 4.121574e-02 -1.462801e-01 -3.894663e-02 1.102227e-01 1.358128e-01 9.578380e-02 -1.467412e-01 2.668040e-02 -1.642498e-01 6.590803e-03 5.327165e-02 -8.421714e-03
<VARIANCE> 25
 9.374363e+00 2.344366e+01 2.676116e+01 4.206220e+01 2.799976e+01 4.620750e+01 5.474488e+01 3.070683e+01 3.653653e+01 3.373083e+01 3.835119e+01 2.849289e+01 2.476337e-01 4.051488e-01 4.222771e-01 7.117359e-01 8.590496e-01 1.121305e+00 9.528854e-01 8.246624e-01 9.554079e-01 8.577426e-01 1.139510e+00 7.560692e-01 2.565217e-04
<GCONST> 7.467496e+01
<MIXTURE> 57 6.132464e-03
<MEAN> 25
 6.784407e+00 -6.670957e+00 -7.561320e+00 -9.667894e+00 3.817902e+00 4.997442e+00 -2.397162e+00 -1.556265e+00 2.378026e+00 4.745688e-01 -1.103334e+00 -6.131361e+00 6.270443e-02 4.121574e-02 -1.462801e-01 -3.894663e-02 1.102227e-01 1.358128e-01 9.578380e-02 -1.467412e-01 2.668040e-02 -1.642498e-01 6.590803e-03 5.327165e-02 -8.421714e-03
<VARIANCE> 25
 9.374363e+00 2.344366e+01 2.676116e+01 4.206220e+01 2.799976e+01 4.620750e+01 5.474488e+01 3.070683e+01 3.653653e+01 3.373083e+01 3.835119e+01 2.849289e+01 2.476337e-01 4.051488e-01 4.222771e-01 7.117359e-01 8.590496e-01 1.121305e+00 9.528854e-01 8.246624e-01 9.554079e-01 8.577426e-01 1.139510e+00 7.560692e-01 2.565217e-04
<GCONST> 7.467496e+01
<MIXTURE> 58 6.172147e-03
<MEAN> 25
 2.600232e+00 -3.094143e+00 7.350853e+00 -5.226482e+00 -1.340466e+01 -5.562088e+00 1.581583e+00 8.418388e-01 -2.444130e+00 1.767120e+00 6.126152e-01 -8.483234e-01 -3.279733e-02 -1.268623e-01 -6.541207e-02 -1.582206e-01 -1.497492e-02 2.310944e-01 3.811757e-01 2.081889e-01 3.133473e-03 2.002132e-02 -7.859599e-02 -1.478284e-01 -2.960355e-03
<VARIANCE> 25
 7.453803e+00 1.514181e+01 2.067531e+01 2.732978e+01 2.343346e+01 4.658395e+01 3.300446e+01 3.442265e+01 3.216585e+01 3.155041e+01 2.300131e+01 2.010067e+01 3.051782e-01 8.044410e-01 7.484736e-01 1.027571e+00 8.844547e-01 1.205929e+00 1.143071e+00 1.307435e+00 1.082467e+00 1.056013e+00 9.071223e-01 8.729542e-01 7.204177e-04
<GCONST> 7.556357e+01
<MIXTURE> 59 6.172147e-03
<MEAN> 25
 2.600232e+00 -3.094143e+00 7.350853e+00 -5.226482e+00 -1.340466e+01 -5.562088e+00 1.581583e+00 8.418388e-01 -2.444130e+00 1.767120e+00 6.126152e-01 -8.483234e-01 -3.279733e-02 -1.268623e-01 -6.541207e-02 -1.582206e-01 -1.497492e-02 2.310944e-01 3.811757e-01 2.081889e-01 3.133473e-03 2.002132e-02 -7.859599e-02 -1.478284e-01 -2.960355e-03
<VARIANCE> 25
 7.453803e+00 1.514181e+01 2.067531e+01 2.732978e+01 2.343346e+01 4.658395e+01 3.300446e+01 3.442265e+01 3.216585e+01 3.155041e+01 2.300131e+01 2.010067e+01 3.051782e-01 8.044410e-01 7.484736e-01 1.027571e+00 8.844547e-01 1.205929e+00 1.143071e+00 1.307435e+00 1.082467e+00 1.056013e+00 9.071223e-01 8.729542e-01 7.204177e-04
<GCONST> 7.556357e+01
<MIXTURE> 60 4.479129e-03
<MEAN> 25
 -4.242279e+00 -6.226002e-01 -1.091252e+00 3.709124e+00 1.742440e+00 2.112801e+00 1.694340e+00 1.519595e+00 2.163320e+00 1.245053e+00 2.345022e+00 1.896788e+00 -2.905905e-02 5.480121e-02 1.005935e-01 1.286472e-01 1.255628e-01 1.258733e-01 1.761706e-01 3.181856e-01 5.393154e-01 6.635585e-01 5.594145e-01 3.074259e-01 -4.099558e-04
<VARIANCE> 25
 7.032665e+00 4.749794e+00 1.028588e+01 1.135104e+01 1.353649e+01 1.695281e+01 1.439404e+01 1.189749e+01 1.273606e+01 1.321673e+01 1.612895e+01 1.229989e+01 8.685979e-02 1.686593e-01 2.786320e-01 4.316021e-01 5.878187e-01 7.281799e-01 8.281376e-01 8.998818e-01 9.068449e-01 8.349210e-01 8.405850e-01 8.625124e-01 2.302891e-05
<GCONST> 5.644818e+01
<MIXTURE> 61 4.479129e-03
<MEAN> 25
 -4.242279e+00 -6.226002e-01 -1.091252e+00 3.709124e+00 1.742440e+00 2.112801e+00 1.694340e+00 1.519595e+00 2.163320e+00 1.245053e+00 2.345022e+00 1.896788e+00 -2.905905e-02 5.480121e-02 1.005935e-01 1.286472e-01 1.255628e-01 1.258733e-01 1.761706e-01 3.181856e-01 5.393154e-01 6.635585e-01 5.594145e-01 3.074259e-01 -4.099558e-04
<VARIANCE> 25
 7.032665e+00 4.749794e+00 1.028588e+01 1.135104e+01 1.353649e+01 1.695281e+01 1.439404e+01 1.189749e+01 1.273606e+01 1.321673e+01 1.612895e+01 1.229989e+01 8.685979e-02 1.686593e-01 2.786320e-01 4.316021e-01 5.878187e-01 7.281799e-01 8.281376e-01 8.998818e-01 9.068449e-01 8.349210e-01 8.405850e-01 8.625124e-01 2.302891e-05
<GCONST> 5.644818e+01
<MIXTURE> 62 3.278034e-03
<MEAN> 25
 -5.088817e+00 1.244661e+00 1.025040e+00 8.817475e+00 6.128445e+00 5.047038e+00 5.503576e+00 4.033469e+00 4.987527e+00 3.916605e+00 4.961677e+00 2.948056e+00 -1.002887e+00 -1.166233e+00 -9.527463e-01 -2.766168e-01 4.269345e-01 1.004548e+00 1.383920e+00 1.551429e+00 1.478382e+00 1.242930e+00 1.066824e+00 7.261254e-01 -1.266681e-03
<VARIANCE> 25
 9.876728e+00 9.975220e+00 1.311107e+01 1.672619e+01 1.741512e+01 1.754187e+01 1.971739e+01 1.910342e+01 1.886084e+01 1.871957e+01 2.159154e+01 1.480458e+01 4.018530e-01 4.321900e-01 5.543022e-01 7.790454e-01 1.035871e+00 1.192243e+00 1.253273e+00 1.279734e+00 1.329265e+00 1.364177e+00 1.399968e+00 1.370978e+00 1.632829e-05
<GCONST> 6.753258e+01
<MIXTURE> 63 4.351215e-03
<MEAN> 25
 -3.635757e+00 -6.344007e-01 -4.629509e+00 2.992483e+00 3.129213e+00 -4.826185e-03 4.522430e+00 3.982792e-01 1.833614e+00 -7.363094e-01 -9.112176e-01 2.264208e+00 -1.447619e-01 3.336141e-01 4.360659e-01 5.116316e-01 4.138712e-01 3.194402e-01 4.116277e-01 1.089728e-01 1.310012e-01 2.830932e-01 2.631788e-01 2.966683e-02 -3.123041e-03
<VARIANCE> 25
 1.013330e+01 2.183028e+01 1.521520e+01 1.543028e+01 1.581548e+01 2.344848e+01 2.972758e+01 2.615110e+01 2.407924e+01 1.916007e+01 1.824904e+01 1.397344e+01 2.309912e-01 3.862442e-01 5.405966e-01 6.046834e-01 8.758186e-01 9.623321e-01 1.085741e+00 1.262901e+00 1.324895e+00 1.308502e+00 1.154008e+00 1.283620e+00 1.744735e-04
<GCONST> 6.995118e+01
<MIXTURE> 64 4.351215e-03
<MEAN> 25
 -3.635757e+00 -6.344007e-01 -4.629509e+00 2.992483e+00 3.129213e+00 -4.826185e-03 4.522430e+00 3.982792e-01 1.833614e+00 -7.363094e-01 -9.112176e-01 2.264208e+00 -1.447619e-01 3.336141e-01 4.360659e-01 5.116316e-01 4.138712e-01 3.194402e-01 4.116277e-01 1.089728e-01 1.310012e-01 2.830932e-01 2.631788e-01 2.966683e-02 -3.123041e-03
<VARIANCE> 25
 1.013330e+01 2.183028e+01 1.521520e+01 1.543028e+01 1.581548e+01 2.344848e+01 2.972758e+01 2.615110e+01 2.407924e+01 1.916007e+01 1.824904e+01 1.397344e+01 2.309912e-01 3.862442e-01 5.405966e-01 6.046834e-01 8.758186e-01 9.623321e-01 1.085741e+00 1.262901e+00 1.324895e+00 1.308502e+00 1.154008e+00 1.283620e+00 1.744735e-04
<GCONST> 6.995118e+01
<MIXTURE> 65 1.721197e-02
<MEAN> 25
 7.636226e+00 1.622059e+00 1.571346e+00 7.570564e-01 -5.153842e+00 -3.290472e+00 -6.126010e+00 -6.457608e+00 -2.749246e+00 -2.172967e+00 -4.852625e+00 -1.521197e+00 2.046769e-01 4.031873e-02 -4.154335e-02 1.947027e-01 -2.058217e-01 4.143593e-02 -1.130160e-01 -1.251442e-01 2.027284e-01 -1.802183e-02 -8.575007e-02 -9.342308e-02 -3.731692e-03
<VARIANCE> 25
 9.523129e+00 1.831035e+01 2.280939e+01 3.728012e+01 3.330837e+01 5.770137e+01 5.150184e+01 5.376083e+01 6.163906e+01 5.456042e+01 5.548228e+01 4.404886e+01 5.040553e-01 9.378852e-01 1.467988e+00 2.073874e+00 1.794129e+00 2.854827e+00 2.144911e+00 2.773654e+00 2.189492e+00 2.457224e+00 2.169986e+00 1.877867e+00 4.015715e-04
<GCONST> 8.831131e+01
<MIXTURE> 66 1.191532e-02
<MEAN> 25
 5.703150e+00 -4.307977e+00 -4.511872e+00 -4.108690e+00 1.874496e+00 -4.056590e+00 -8.235238e+00 7.666523e-01 7.803743e-01 -5.682220e-01 -5.771866e+00 -3.153684e+00 7.781899e-03 1.662647e+00 1.640590e+00 2.116517e+00 -1.461980e+00 -9.709920e-01 -5.818685e-02 -6.287634e-01 -1.554182e-01 -2.423228e-02 -3.885195e-01 1.053816e+00 -7.057596e-02
<VARIANCE> 25
 1.120474e+01 2.001143e+01 2.834466e+01 3.174093e+01 3.933506e+01 4.902236e+01 5.505079e+01 3.945324e+01 4.875844e+01 6.533465e+01 3.242984e+01 3.169206e+01 1.136924e+00 2.097030e+00 3.342812e+00 2.224292e+00 4.315436e+00 4.005853e+00 4.158762e+00 4.057595e+00 5.208509e+00 5.038077e+00 3.393200e+00 2.748027e+00 1.483085e-03
<GCONST> 9.594811e+01
<MIXTURE> 67 1.559142e-02
<MEAN> 25
 8.864589e+00 1.974190e+00 -5.900791e+00 -8.215196e+00 9.716573e-01 3.161157e+00 -3.368885e+00 -2.234075e+00 -3.678624e+00 8.173037e-01 -4.976514e-02 -1.760479e+00 -1.060422e+00 1.796963e+00 1.022241e+00 3.048726e+00 1.370810e+00 -5.022741e-01 1.256313e+00 1.098554e-01 1.217278e-01 2.742469e-01 -2.871261e-01 6.063887e-01 -1.283485e-01
<VARIANCE> 25
 1.185183e+01 3.899290e+01 3.092690e+01 5.535177e+01 4.875327e+01 5.375296e+01 6.184077e+01 5.215141e+01 6.388343e+01 5.627768e+01 5.459010e+01 4.645058e+01 2.139393e+00 3.490242e+00 3.294797e+00 4.451718e+00 4.534293e+00 4.501444e+00 4.716637e+00 4.960851e+00 5.495036e+00 4.778077e+00 5.027700e+00 3.710885e+00 3.097726e-03
<GCONST> 1.027855e+02
<MIXTURE> 68 1.485092e-02
<MEAN> 25
 -2.259874e+00 -2.240679e+00 -3.894588e+00 1.375105e+00 4.999990e+00 -8.170134e-01 2.259569e+00 1.761645e+00 1.860237e+00 1.283783e+00 1.454865e-01 1.643699e+00 2.912983e+00 4.776298e-01 1.477070e-01 -2.573964e+00 -2.176965e+00 -1.375574e+00 -2.408985e+00 -1.708266e+00 -1.409870e+00 -1.496672e+00 -1.887907e+00 -1.138407e+00 1.005324e-01
<VARIANCE> 25
 2.640325e+01 3.181628e+01 5.538758e+01 4.847313e+01 4.379583e+01 5.425726e+01 4.350080e+01 4.132597e+01 3.763556e+01 4.264256e+01 3.589309e+01 2.449729e+01 1.940045e+00 3.754048e+00 5.659571e+00 5.527499e+00 5.153497e+00 5.610132e+00 5.384704e+00 4.755320e+00 5.470586e+00 4.859329e+00 4.761287e+00 3.275409e+00 5.830051e-03
<GCONST> 1.029214e+02
<MIXTURE> 69 1.204884e-02
<MEAN> 25
 4.444036e+00 -4.267813e+00 -3.351615e+00 -3.212174e+00 -3.014061e+00 -7.765864e+00 -1.578819e+00 2.180505e+00 -4.935735e-02 -4.434489e+00 -5.744160e+00 7.012736e-01 1.648714e+00 -2.147819e+00 -1.216685e+00 -2.146585e+00 -3.608541e-01 -3.893155e-01 -5.767441e-01 6.010428e-01 -5.649199e-01 -1.361100e+00 -2.015787e+00 -1.948738e-01 6.378875e-02
<VARIANCE> 25
 8.946811e+00 2.048275e+01 2.623313e+01 2.609809e+01 4.244519e+01 3.357198e+01 4.929452e+01 2.976213e+01 3.847351e+01 3.817357e+01 2.899950e+01 2.391925e+01 4.108231e+00 2.786656e+00 3.699497e+00 4.071276e+00 5.601692e+00 5.253883e+00 7.137379e+00 5.886386e+00 6.226750e+00 5.484198e+00 4.394455e+00 3.830792e+00 2.280555e-03
<GCONST> 9.861455e+01
<MIXTURE> 70 1.329190e-02
<MEAN> 25
 7.060315e+00 -2.207464e+00 -3.027416e+00 -3.018375e+00 -4.929613e-02 -7.973448e-01 -7.820553e+00 -3.398600e+00 1.133393e+00 2.452769e+00 -4.264361e-01 -4.699023e+00 2.057558e+00 -1.096634e+00 -6.303326e-01 -1.868857e+00 -1.314569e+00 1.245637e+00 -1.523685e+00 -4.197370e-01 6.262154e-01 8.487438e-04 6.119351e-01 -1.302689e+00 5.949491e-02
<VARIANCE> 25
 1.006028e+01 2.093471e+01 2.740814e+01 4.526958e+01 3.178902e+01 3.850867e+01 4.440895e+01 4.026409e+01 4.585411e+01 3.671016e+01 3.871585e+01 2.340544e+01 3.208504e+00 2.789651e+00 4.514189e+00 6.108281e+00 4.747507e+00 5.801318e+00 5.988747e+00 7.234820e+00 5.656533e+00 4.635366e+00 5.211179e+00 3.820051e+00 2.247287e-03
<GCONST> 1.000097e+02
<MIXTURE> 71 1.406903e-02
<MEAN> 25
 5.422687e+00 4.230098e+00 3.177848e+00 3.205983e+00 -2.974646e+00 -3.833385e+00 -3.142650e+00 -6.800626e+00 -4.433597e+00 -2.176606e+00 -5.118477e+00 -3.281611e+00 -1.662919e+00 -6.764255e-01 -1.905180e-01 -1.399964e+00 1.149146e+00 -9.077602e-01 -8.350337e-02 1.608267e+00 5.772418e-03 -3.714202e-01 2.105111e-01 2.643883e-01 4.496158e-02
<VARIANCE> 25
 2.253755e+01 2.630306e+01 2.556164e+01 4.228003e+01 3.602686e+01 3.528238e+01 4.516521e+01 3.798608e+01 4.101486e+01 3.798655e+01 3.131455e+01 3.004529e+01 1.631307e+00 2.551558e+00 5.007660e+00 4.805191e+00 4.119456e+00 6.676048e+00 4.470101e+00 4.673170e+00 4.229868e+00 3.726357e+00 4.169386e+00 2.888994e+00 1.329757e-03
<GCONST> 9.769411e+01
<MIXTURE> 72 8.134747e-03
<MEAN> 25
 3.792094e+00 -3.683984e+00 5.449245e+00 -2.457247e+00 -1.038758e+01 -9.607186e+00 -2.470974e+00 1.913170e+00 -4.905557e+00 -2.187032e+00 -1.899961e+00 6.171091e-01 9.324658e-01 -7.870836e-01 -2.574369e+00 4.630310e-01 2.132117e+00 -6.603808e-01 -1.313609e+00 1.522209e+00 1.813374e+00 -5.971717e-01 -1.288417e+00 4.014322e-01 -6.086313e-03
<VARIANCE> 25
 1.076456e+01 1.945847e+01 3.284192e+01 3.840652e+01 3.238303e+01 3.348645e+01 4.114205e+01 3.624533e+01 4.423789e+01 4.136176e+01 3.879324e+01 2.845527e+01 4.319645e-01 1.024485e+00 2.021417e+00 1.468003e+00 2.192861e+00 2.369093e+00 3.061935e+00 2.732551e+00 2.602309e+00 2.955119e+00 2.020980e+00 2.126582e+00 5.412955e-04
<GCONST> 8.726702e+01
<MIXTURE> 73 1.213625e-02
<MEAN> 25
 -5.634038e+00 -7.616652e-01 -1.325238e+00 4.905234e+00 4.169920e+00 2.314220e+00 5.546082e+00 3.389713e+00 4.346309e+00 3.403192e+00 4.218094e+00 3.032305e+00 8.286051e-01 -1.009194e+00 -9.168125e-01 -2.638580e+00 -1.253964e+00 -1.720928e+00 -9.122052e-01 -5.142186e-01 -9.234861e-01 -7.132908e-01 -1.104153e+00 -2.907529e-01 1.538696e-01
<VARIANCE> 25
 1.287227e+01 1.350015e+01 1.514389e+01 2.240263e+01 2.357868e+01 2.485343e+01 2.029879e+01 2.038501e+01 1.772161e+01 1.913720e+01 2.287183e+01 1.551641e+01 4.078932e+00 3.126209e+00 5.965039e+00 4.635486e+00 6.117571e+00 4.595107e+00 4.268246e+00 4.221771e+00 3.893712e+00 4.194264e+00 3.503086e+00 2.663435e+00 4.347075e-03
<GCONST> 9.270943e+01
<MIXTURE> 74 1.756491e-02
<MEAN> 25
 4.108334e+00 -1.947069e+00 5.490371e+00 -9.773422e-01 -7.556709e+00 -7.945514e+00 -3.535529e+00 6.274914e-01 -3.980314e+00 -2.172859e+00 -1.462684e+00 -8.401784e-02 2.301793e-01 2.047719e+00 -1.104040e-01 1.646321e+00 1.109220e+00 3.467273e-01 -1.618391e-03 -1.283485e+00 -3.922001e-03 4.110555e-01 -3.288310e-01 1.020055e-01 -8.086332e-02
<VARIANCE> 25
 1.211644e+01 2.198293e+01 3.955950e+01 3.672220e+01 5.183513e+01 4.015989e+01 5.556039e+01 4.257368e+01 4.933641e+01 4.709417e+01 3.980145e+01 3.242061e+01 1.982275e+00 1.881149e+00 3.757305e+00 2.452235e+00 4.528203e+00 3.649364e+00 5.401893e+00 3.898413e+00 4.473604e+00 4.243994e+00 3.383889e+00 3.325150e+00 1.710542e-03
<GCONST> 9.751842e+01
<MIXTURE> 75 9.711651e-03
<MEAN> 25
 2.543029e+00 -2.362848e+00 1.148862e+01 2.549068e+00 -1.121760e+01 -7.848347e+00 -5.413610e+00 4.124105e-01 -3.852643e+00 -4.332812e+00 2.799094e+00 1.532000e-01 1.652485e+00 -1.729425e+00 3.643486e-01 -3.638090e-01 -2.086818e+00 -6.469980e-01 -1.360374e+00 1.088706e+00 -1.382102e-01 -4.471508e-01 1.218251e+00 -9.700962e-01 4.277738e-02
<VARIANCE> 25
 9.641298e+00 2.017480e+01 2.678477e+01 3.267965e+01 3.120240e+01 3.078539e+01 3.193082e+01 3.060838e+01 3.058070e+01 3.094940e+01 2.390124e+01 1.888462e+01 3.099901e+00 1.890192e+00 3.737107e+00 2.220661e+00 4.000513e+00 4.098865e+00 3.956973e+00 3.040586e+00 4.553605e+00 3.158503e+00 2.960773e+00 2.612734e+00 1.406947e-03
<GCONST> 9.202375e+01
<MIXTURE> 76 1.052359e-02
<MEAN> 25
 -6.104316e+00 4.518430e-02 -3.755716e+00 3.704134e+00 3.073497e+00 1.670051e+00 5.157840e+00 8.756887e-01 2.128409e+00 7.956159e-01 9.314293e-01 2.092887e+00 -1.720460e-01 -5.630287e-01 -1.330264e-01 -6.303390e-01 -5.081837e-01 -9.922504e-01 -4.039837e-01 -3.334789e-01 -6.619229e-01 -5.189738e-01 -2.763173e-01 -8.801091e-02 1.415145e-02
<VARIANCE> 25
 4.226085e+01 2.663108e+01 2.499991e+01 2.934242e+01 2.836360e+01 3.588157e+01 2.496105e+01 2.762466e+01 2.009242e+01 2.149344e+01 2.326214e+01 1.898610e+01 1.006888e+00 1.047264e+00 1.267869e+00 1.365238e+00 1.313357e+00 1.959734e+00 1.529545e+00 1.678139e+00 1.643070e+00 1.251624e+00 1.654901e+00 1.499584e+00 1.057683e-03
<GCONST> 8.245878e+01
<MIXTURE> 77 1.244626e-02
<MEAN> 25
 -4.641021e-01 8.585544e+00 1.245945e+01 -1.161937e+01 -7.006639e+00 9.595079e-01 -9.279825e+00 -7.237518e+00 -3.377167e+00 -2.003486e-01 -4.653945e+00 -1.485799e+00 6.808202e-02 1.376569e-01 7.351460e-02 2.509128e-01 -2.217927e-02 7.831499e-02 -6.464198e-02 -6.228584e-02 8.233920e-02 -4.484265e-02 2.555554e-02 1.178999e-01 -9.919782e-03
<VARIANCE> 25
 1.045419e+01 2.007559e+01 2.756521e+01 4.158706e+01 3.318351e+01 3.379951e+01 3.670604e+01 3.177096e+01 3.523905e+01 3.323574e+01 3.759546e+01 3.493879e+01 2.988302e-01 7.780737e-01 6.453917e-01 1.086213e+00 1.237727e+00 9.860713e-01 1.223545e+00 1.074448e+00 1.043779e+00 1.065715e+00 9.713763e-01 9.222231e-01 5.400306e-04
<GCONST> 7.779942e+01
<MIXTURE> 78 9.702551e-03
<MEAN> 25
 -1.209629e+01 3.456475e-01 -1.454313e+00 3.427085e+00 3.511424e+00 -5.270889e+00 4.381244e+00 4.115674e+00 1.697759e+00 2.479701e+00 -7.763936e-01 3.564422e+00 1.863135e+00 -5.276554e-01 3.820713e-01 1.369611e-01 5.359336e-02 4.495285e-01 -7.368466e-01 -3.453908e-02 9.377595e-02 -1.191859e-01 -1.357568e-01 -7.150117e-01 -3.463717e-02
<VARIANCE> 25
 2.395623e+01 3.231750e+01 3.226893e+01 2.703199e+01 3.564090e+01 3.571820e+01 3.105910e+01 2.461201e+01 2.177158e+01 3.150754e+01 1.968789e+01 1.667202e+01 5.284126e+00 4.024617e+00 2.317659e+00 2.574912e+00 2.740515e+00 2.662861e+00 3.596746e+00 3.136594e+00 1.895542e+00 1.886111e+00 2.083558e+00 1.761017e+00 3.500791e-03
<GCONST> 9.165618e+01
<MIXTURE> 79 1.156824e-02
<MEAN> 25
 2.428778e+00 1.566208e+00 9.170410e+00 -6.584864e+00 -1.205679e+01 -1.818999e+00 -1.940511e+00 -6.476543e+00 -6.545570e+00 3.335427e-01 -3.524626e+00 -3.289972e+00 1.218974e+00 -5.259916e-01 -1.432840e+00 2.353596e+00 3.799943e-01 -1.477636e+00 5.358586e-01 8.861841e-01 -4.352699e-01 -5.443553e-01 3.544202e-01 2.806979e-01 -3.621144e-02
<VARIANCE> 25
 1.422843e+01 2.414744e+01 3.804949e+01 5.001341e+01 3.349221e+01 4.347442e+01 4.301839e+01 3.675575e+01 3.935892e+01 3.977042e+01 4.386944e+01 3.063781e+01 9.477928e-01 2.259078e+00 1.892404e+00 2.085484e+00 2.478320e+00 2.818795e+00 3.192145e+00 3.535770e+00 2.524825e+00 2.733078e+00 2.317475e+00 2.027829e+00 1.239717e-03
<GCONST> 9.183409e+01
<MIXTURE> 80 7.550998e-03
<MEAN> 25
 -1.460010e+01 3.957725e+00 6.945933e-01 2.862212e+00 2.451246e+00 1.386807e+00 6.382147e+00 2.507945e+00 2.713532e+00 2.392131e+00 4.851812e+00 1.190561e+00 4.286717e+00 -1.779521e-02 1.633535e+00 -1.133674e+00 -2.886190e+00 -2.767492e+00 -2.324777e+00 -2.021995e+00 -1.970840e+00 -1.684028e+00 -1.644709e+00 -6.027408e-01 -4.419420e-02
<VARIANCE> 25
 2.094456e+01 2.008864e+01 3.439827e+01 3.464153e+01 3.011844e+01 2.938969e+01 2.835058e+01 2.855001e+01 2.670742e+01 2.898361e+01 2.680600e+01 1.807757e+01 2.353020e+00 2.663800e+00 2.676569e+00 4.113405e+00 3.395148e+00 2.743637e+00 3.020540e+00 3.202016e+00 2.750670e+00 2.696072e+00 2.794891e+00 2.141710e+00 1.510436e-03
<GCONST> 9.142184e+01
<MIXTURE> 81 8.025434e-03
<MEAN> 25
 -1.118386e+00 4.066742e+00 1.017953e+01 -1.480427e+01 -9.080400e+00 -1.422307e+00 -6.768059e+00 -8.426243e+00 -4.150884e+00 -4.158180e-01 -7.575120e+00 -2.246991e+00 1.339671e-01 -5.872608e-01 -2.707806e-03 -5.564074e-01 -4.642119e-01 3.350924e-01 3.198917e-01 1.368738e-01 -1.402565e-01 1.065307e-01 -4.695494e-01 -1.252870e-01 1.150962e-02
<VARIANCE> 25
 1.015256e+01 3.281110e+01 2.645702e+01 2.927102e+01 3.370801e+01 3.052417e+01 4.545137e+01 2.825451e+01 3.800109e+01 3.189059e+01 2.529794e+01 3.105040e+01 7.722718e-01 2.277342e+00 1.545970e+00 2.872623e+00 2.663500e+00 2.126553e+00 3.280850e+00 2.287931e+00 2.355777e+00 2.539251e+00 2.298701e+00 2.078496e+00 1.183633e-03
<GCONST> 8.868687e+01
<MIXTURE> 82 8.213053e-03
<MEAN> 25
 -9.484666e+00 -4.275111e+00 2.460163e+00 -2.459358e+00 2.511534e+00 4.313093e-01 1.177548e+00 8.194134e-01 2.089837e+00 1.548090e+00 5.388117e-01 3.700161e+00 -1.700104e+00 -4.664134e-02 4.439144e-01 -2.656838e+00 -1.226968e+00 -1.109128e+00 -9.747683e-01 -8.539400e-01 -2.189396e-01 -3.414080e-01 -1.469322e-01 2.886919e-01 1.671398e-01
<VARIANCE> 25
 1.726112e+01 2.298620e+01 3.297249e+01 2.879384e+01 3.173446e+01 2.936303e+01 3.193650e+01 2.985628e+01 3.123742e+01 2.204478e+01 3.507582e+01 1.803227e+01 4.170603e+00 2.748825e+00 3.321058e+00 2.860936e+00 3.254093e+00 3.357559e+00 2.579755e+00 2.638896e+00 2.481073e+00 2.352363e+00 2.350399e+00 2.583942e+00 3.747134e-03
<GCONST> 9.244888e+01
<MIXTURE> 83 1.167529e-02
<MEAN> 25
 -1.925081e+01 5.643725e+00 -1.721095e+00 2.364804e-01 7.413939e+00 -2.260454e+00 5.945680e+00 3.024400e+00 7.931489e-01 2.613439e+00 3.829559e-01 3.078021e+00 -4.044425e-02 -4.168818e-01 1.472575e-01 -2.537109e-01 -3.670822e-01 -7.273919e-02 -1.821742e-01 -1.539382e-02 -3.936834e-02 6.572594e-02 7.003850e-02 1.925144e-02 5.831573e-03
<VARIANCE> 25
 1.260831e+01 1.577094e+01 2.664281e+01 2.457124e+01 2.241221e+01 2.986158e+01 2.221135e+01 2.103437e+01 2.053719e+01 2.442412e+01 2.190839e+01 1.349844e+01 9.569163e-01 1.060581e+00 1.296153e+00 1.192009e+00 1.400357e+00 1.196557e+00 1.386163e+00 1.358382e+00 1.224353e+00 1.367404e+00 1.231386e+00 1.110067e+00 8.206918e-04
<GCONST> 7.760510e+01
<MIXTURE> 84 1.066614e-02
<MEAN> 25
 1.136159e+00 9.023815e+00 7.254588e+00 7.951810e+00 2.834851e+00 -9.760344e-01 -1.471889e+00 -4.432225e+00 -4.160499e+00 -2.862599e+00 -2.404742e+00 -1.555041e+00 -1.787946e+00 -1.165437e+00 -1.206337e+00 1.278218e+00 2.258215e+00 1.492569e+00 1.455554e+00 1.294091e+00 1.173279e+00 4.106903e-01 3.976473e-01 4.280580e-01 -7.149889e-02
<VARIANCE> 25
 2.378992e+01 1.816265e+01 2.168173e+01 2.423414e+01 2.905504e+01 2.897263e+01 2.833553e+01 2.682100e+01 2.546906e+01 2.551633e+01 2.355539e+01 2.477801e+01 2.089247e+00 2.617737e+00 3.827631e+00 3.320842e+00 3.260193e+00 3.389737e+00 3.283457e+00 3.396838e+00 3.466013e+00 3.242730e+00 3.624929e+00 2.799799e+00 3.514563e-03
<GCONST> 9.263654e+01
<MIXTURE> 85 7.591393e-03
<MEAN> 25
 -2.658924e+00 8.040804e+00 5.584786e+00 1.289054e+00 -3.551880e+00 -5.138025e+00 -2.574226e+00 -6.028640e+00 -3.423288e+00 -3.238008e+00 -6.818137e-01 -1.900575e+00 3.965124e+00 3.958448e-01 1.686654e+00 -2.110388e+00 -3.323181e+00 -2.422284e+00 -2.883498e+00 -2.183675e+00 -2.211232e+00 -1.322524e+00 -2.216565e+00 -6.361331e-01 1.576068e-02
<VARIANCE> 25
 4.434429e+01 2.293495e+01 3.503558e+01 3.639533e+01 3.799285e+01 4.012742e+01 3.384958e+01 2.670534e+01 2.558606e+01 2.499781e+01 2.571940e+01 1.956208e+01 2.585491e+00 4.203720e+00 3.949064e+00 4.964667e+00 4.340179e+00 4.162195e+00 3.667353e+00 4.287049e+00 3.691097e+00 3.902345e+00 3.882793e+00 3.318800e+00 5.967968e-03
<GCONST> 9.795335e+01
<MIXTURE> 86 1.273941e-02
<MEAN> 25
 -4.845727e+00 -8.335873e-01 -8.147036e-01 6.426582e+00 5.004280e+00 4.477122e+00 5.515300e+00 4.381550e+00 4.769809e+00 3.879628e+00 5.128592e+00 2.592403e+00 -1.069808e-02 -2.045184e-02 -4.778267e-02 -7.783492e-02 -1.339576e-01 -1.798300e-01 -2.565925e-01 -3.679166e-01 -3.975428e-01 -3.409852e-01 -2.642612e-01 -9.354771e-02 -7.682400e-04
<VARIANCE> 25
 7.987304e+00 8.328587e+00 9.606999e+00 1.211476e+01 1.538804e+01 1.477684e+01 1.388229e+01 1.338645e+01 1.320701e+01 1.421494e+01 1.492401e+01 1.261279e+01 9.995711e-02 1.917326e-01 3.098105e-01 4.711187e-01 6.375421e-01 7.099890e-01 7.222040e-01 7.785246e-01 8.799766e-01 8.809568e-01 9.243979e-01 9.003792e-01 5.234418e-05
<GCONST> 5.848225e+01
<MIXTURE> 87 1.100681e-02
<MEAN> 25
 -3.429932e+00 4.362275e+00 3.370595e+00 6.865027e+00 5.502660e+00 4.221345e-01 1.661142e+00 -8.985180e-01 -7.058046e-01 -7.873353e-01 -1.061634e+00 9.145954e-02 -2.170470e+00 -2.734842e+00 -1.935120e+00 -2.146631e+00 -2.658716e-02 -2.650830e-01 5.512241e-01 1.309107e+00 1.380391e+00 1.008038e+00 8.676640e-01 1.018819e+00 1.037892e-01
<VARIANCE> 25
 3.871024e+01 2.973032e+01 2.823584e+01 3.337448e+01 2.826717e+01 3.589732e+01 2.825590e+01 2.855296e+01 2.532115e+01 2.465869e+01 2.547754e+01 2.278100e+01 3.782875e+00 2.906216e+00 4.375312e+00 3.667128e+00 4.692919e+00 4.484288e+00 4.181341e+00 3.930810e+00 3.425305e+00 3.264681e+00 3.515497e+00 2.744599e+00 4.803848e-03
<GCONST> 9.662115e+01
<MIXTURE> 88 1.256585e-02
<MEAN> 25
 -4.218991e+00 -5.632228e-01 -1.621238e+00 5.364040e+00 4.490288e+00 3.411180e+00 4.984447e+00 2.971742e+00 3.488049e+00 2.429206e+00 2.855604e+00 2.663429e+00 2.043070e-02 1.818000e-01 2.535730e-01 3.799775e-01 2.234327e-01 1.495497e-01 -5.551744e-02 -2.428744e-01 -3.317789e-01 -2.458096e-01 -1.041953e-01 -3.832371e-02 -5.615547e-03
<VARIANCE> 25
 9.774210e+00 1.147148e+01 1.525501e+01 1.570012e+01 2.025611e+01 2.111645e+01 2.048128e+01 2.018479e+01 1.705439e+01 1.820498e+01 2.063163e+01 1.469988e+01 1.341014e+00 1.619442e+00 2.078680e+00 2.213056e+00 2.591999e+00 2.662238e+00 2.568917e+00 2.511715e+00 2.471318e+00 2.479067e+00 2.224429e+00 2.033107e+00 1.461915e-03
<GCONST> 8.257218e+01
<MIXTURE> 89 9.333527e-03
<MEAN> 25
 6.132118e+00 -6.516825e+00 -3.137621e+00 -1.491133e+00 -1.131337e+00 -5.676345e+00 -6.416232e+00 3.192454e+00 3.550591e+00 -2.641514e+00 -5.665298e+00 -3.090594e+00 -5.686747e-01 8.286619e-02 1.987953e+00 9.041591e-01 -1.740115e+00 -1.672285e+00 7.965713e-01 1.347193e+00 -7.147160e-01 -1.377323e+00 2.600426e-01 1.528718e+00 -4.310900e-03
<VARIANCE> 25
 8.263819e+00 2.541933e+01 3.000393e+01 5.511367e+01 3.514839e+01 3.889500e+01 5.589108e+01 4.560603e+01 3.588395e+01 3.910471e+01 3.446059e+01 2.980841e+01 3.295933e-01 8.191442e-01 1.424376e+00 1.322940e+00 1.958257e+00 1.978223e+00 2.429693e+00 2.028823e+00 2.158582e+00 1.988027e+00 2.309300e+00 1.341172e+00 3.794747e-04
<GCONST> 8.493412e+01
<MIXTURE> 90 7.114505e-03
<MEAN> 25
 2.586117e+00 -9.396706e+00 -4.646714e+00 -4.090394e+00 -3.372939e+00 -1.534875e+00 3.094074e+00 1.210898e+00 -7.358267e+00 -1.014034e+01 -3.074988e+00 -6.155943e-01 -1.515580e-01 9.222890e-01 1.139646e+00 -7.784238e-01 -1.591702e+00 -2.601353e-01 6.519622e-01 -2.502623e-01 -1.728870e-01 6.910843e-01 1.802460e-01 -5.592340e-01 -1.177819e-02
<VARIANCE> 25
 8.631802e+00 1.963757e+01 1.941556e+01 2.738028e+01 3.546181e+01 3.274954e+01 3.883020e+01 3.539573e+01 3.464676e+01 2.704248e+01 2.887191e+01 2.548565e+01 2.201954e-01 5.944747e-01 7.795685e-01 1.145520e+00 1.423388e+00 1.592798e+00 1.723613e+00 1.638284e+00 1.748901e+00 1.695269e+00 1.441653e+00 1.262097e+00 2.161774e-04
<GCONST> 7.803856e+01
<MIXTURE> 91 7.852945e-03
<MEAN> 25
 6.042884e+00 -7.160253e+00 -6.962299e+00 -6.541083e+00 3.417695e+00 1.689237e+00 -3.015110e+00 5.050064e-01 1.572275e+00 -2.871654e+00 -3.026362e+00 -4.423302e+00 2.534426e-01 1.006419e+00 4.276543e-02 5.372623e-01 -1.966623e-01 -4.164504e-01 -4.509017e-01 -9.511669e-02 -3.778892e-01 4.076624e-01 -1.088253e-01 3.213958e-01 -3.747438e-02
<VARIANCE> 25
 9.020257e+00 2.295617e+01 2.579225e+01 4.448780e+01 2.970399e+01 5.638868e+01 4.919320e+01 3.350101e+01 4.621552e+01 5.199224e+01 4.073207e+01 3.593664e+01 3.880662e-01 7.050846e-01 1.008475e+00 1.171544e+00 2.240514e+00 2.338995e+00 2.182847e+00 2.159645e+00 2.419708e+00 2.244245e+00 1.595829e+00 1.579965e+00 5.534496e-04
<GCONST> 8.542456e+01
<MIXTURE> 92 7.852945e-03
<MEAN> 25
 6.042884e+00 -7.160253e+00 -6.962299e+00 -6.541083e+00 3.417695e+00 1.689237e+00 -3.015110e+00 5.050064e-01 1.572275e+00 -2.871654e+00 -3.026362e+00 -4.423302e+00 2.534426e-01 1.006419e+00 4.276543e-02 5.372623e-01 -1.966623e-01 -4.164504e-01 -4.509017e-01 -9.511669e-02 -3.778892e-01 4.076624e-01 -1.088253e-01 3.213958e-01 -3.747438e-02
<VARIANCE> 25
 9.020257e+00 2.295617e+01 2.579225e+01 4.448780e+01 2.970399e+01 5.638868e+01 4.919320e+01 3.350101e+01 4.621552e+01 5.199224e+01 4.073207e+01 3.593664e+01 3.880662e-01 7.050846e-01 1.008475e+00 1.171544e+00 2.240514e+00 2.338995e+00 2.182847e+00 2.159645e+00 2.419708e+00 2.244245e+00 1.595829e+00 1.579965e+00 5.534496e-04
<GCONST> 8.542456e+01
<MIXTURE> 93 6.122769e-03
<MEAN> 25
 -6.757487e+00 -8.756353e-01 -2.385203e+00 5.832747e+00 5.892272e+00 3.912474e+00 6.231072e+00 3.601821e+00 4.124329e+00 2.469359e+00 1.749113e+00 3.590916e+00 -6.173193e-02 -1.598122e-01 -2.499673e-01 -3.282406e-01 -3.244723e-01 -2.905568e-01 -2.259806e-01 -1.701777e-01 -1.675844e-01 -1.547636e-01 -9.986202e-02 -3.896716e-02 -1.619171e-05
<VARIANCE> 25
 9.332589e+00 6.438910e+00 8.104082e+00 1.128297e+01 1.138686e+01 1.591140e+01 1.614623e+01 1.626703e+01 1.455375e+01 1.457689e+01 1.703419e+01 1.415725e+01 8.200490e-02 1.550785e-01 2.648830e-01 3.766268e-01 5.008774e-01 6.385674e-01 7.772982e-01 8.802143e-01 9.116119e-01 8.742207e-01 9.007416e-01 9.064758e-01 1.010968e-06
<GCONST> 5.374801e+01
<MIXTURE> 94 6.122769e-03
<MEAN> 25
 -6.757487e+00 -8.756353e-01 -2.385203e+00 5.832747e+00 5.892272e+00 3.912474e+00 6.231072e+00 3.601821e+00 4.124329e+00 2.469359e+00 1.749113e+00 3.590916e+00 -6.173193e-02 -1.598122e-01 -2.499673e-01 -3.282406e-01 -3.244723e-01 -2.905568e-01 -2.259806e-01 -1.701777e-01 -1.675844e-01 -1.547636e-01 -9.986202e-02 -3.896716e-02 -1.619171e-05
<VARIANCE> 25
 9.332589e+00 6.438910e+00 8.104082e+00 1.128297e+01 1.138686e+01 1.591140e+01 1.614623e+01 1.626703e+01 1.455375e+01 1.457689e+01 1.703419e+01 1.415725e+01 8.200490e-02 1.550785e-01 2.648830e-01 3.766268e-01 5.008774e-01 6.385674e-01 7.772982e-01 8.802143e-01 9.116119e-01 8.742207e-01 9.007416e-01 9.064758e-01 1.010968e-06
<GCONST> 5.374801e+01
<MIXTURE> 95 5.258835e-03
<MEAN> 25
 -5.295568e+00 3.052495e-01 -2.006134e+00 5.359113e+00 3.971477e+00 2.286008e+00 4.884799e+00 9.819804e-01 2.378175e+00 7.542660e-01 8.139340e-01 2.306637e+00 1.552753e-01 1.297436e-01 6.822594e-02 -1.471020e-01 -5.026267e-01 -4.907055e-01 -8.714964e-01 -1.317723e+00 -1.321054e+00 -9.603227e-01 -6.796536e-01 -1.919885e-01 -8.446517e-04
<VARIANCE> 25
 1.086448e+01 1.062284e+01 1.076814e+01 1.285837e+01 1.282259e+01 1.786131e+01 1.752626e+01 1.686122e+01 1.476806e+01 1.421426e+01 2.062815e+01 1.498432e+01 1.990604e-01 2.686792e-01 4.046741e-01 5.786588e-01 8.471079e-01 1.226995e+00 9.308099e-01 8.850082e-01 9.178939e-01 9.410338e-01 1.094807e+00 1.206562e+00 3.849291e-05
<GCONST> 6.326049e+01
<MIXTURE> 96 7.034694e-03
<MEAN> 25
 -4.948227e+00 5.207860e-01 -2.413110e+00 5.719046e+00 3.628262e+00 1.622617e+00 4.232210e+00 1.572577e+00 2.352378e+00 1.005925e+00 3.245858e-01 1.986712e+00 -3.227159e-02 9.318087e-02 2.293624e-01 3.285232e-01 4.864686e-01 4.694360e-01 2.794988e-01 -1.636045e-01 -5.520719e-01 -7.288459e-01 -6.119105e-01 -3.406030e-01 9.326626e-05
<VARIANCE> 25
 1.472388e+01 1.327134e+01 1.209255e+01 1.426385e+01 1.470882e+01 1.852569e+01 2.411145e+01 1.792976e+01 1.621112e+01 1.541230e+01 2.066931e+01 1.809695e+01 1.102341e-01 2.008814e-01 3.040637e-01 4.086696e-01 4.842689e-01 6.261728e-01 8.178809e-01 9.680439e-01 9.407512e-01 8.034236e-01 7.969390e-01 8.284274e-01 1.374800e-06
<GCONST> 5.797966e+01
<MIXTURE> 97 7.034694e-03
<MEAN> 25
 -4.948227e+00 5.207860e-01 -2.413110e+00 5.719046e+00 3.628262e+00 1.622617e+00 4.232210e+00 1.572577e+00 2.352378e+00 1.005925e+00 3.245858e-01 1.986712e+00 -3.227159e-02 9.318087e-02 2.293624e-01 3.285232e-01 4.864686e-01 4.694360e-01 2.794988e-01 -1.636045e-01 -5.520719e-01 -7.288459e-01 -6.119105e-01 -3.406030e-01 9.326626e-05
<VARIANCE> 25
 1.472388e+01 1.327134e+01 1.209255e+01 1.426385e+01 1.470882e+01 1.852569e+01 2.411145e+01 1.792976e+01 1.621112e+01 1.541230e+01 2.066931e+01 1.809695e+01 1.102341e-01 2.008814e-01 3.040637e-01 4.086696e-01 4.842689e-01 6.261728e-01 8.178809e-01 9.680439e-01 9.407512e-01 8.034236e-01 7.969390e-01 8.284274e-01 1.374800e-06
<GCONST> 5.797966e+01
<MIXTURE> 98 9.917808e-03
<MEAN> 25
 -1.594146e+00 9.009228e-01 -2.799574e-01 4.656610e+00 3.632788e+00 2.389633e+00 3.109655e+00 1.771474e+00 1.644185e+00 9.645182e-01 6.852049e-01 1.091631e+00 -1.835591e+00 -1.463389e+00 -9.970510e-01 1.780920e-01 5.955445e-01 7.904943e-01 1.306010e+00 1.437682e+00 1.693586e+00 1.119856e+00 1.332743e+00 9.629150e-01 -3.368646e-02
<VARIANCE> 25
 1.524526e+01 2.038006e+01 3.190432e+01 3.268161e+01 4.254144e+01 4.082320e+01 3.316954e+01 2.906226e+01 2.781119e+01 2.974522e+01 2.683567e+01 2.383109e+01 1.373585e+00 1.552772e+00 2.353317e+00 2.447147e+00 2.938869e+00 2.928322e+00 2.966496e+00 2.762194e+00 2.577985e+00 3.017364e+00 2.767324e+00 2.123307e+00 2.468184e-03
<GCONST> 9.072698e+01
<MIXTURE> 99 6.696178e-03
<MEAN> 25
 -6.624377e+00 9.957019e+00 6.680910e+00 3.554010e+00 1.075792e+00 -5.487134e+00 -1.442092e+00 -3.982302e+00 -3.449791e+00 -3.482157e+00 -1.647114e+00 5.254583e-01 5.383539e-01 -7.669820e-01 3.407027e-01 -3.800597e-01 -1.103461e+00 -4.958577e-01 -3.635843e-01 -2.055637e-01 -9.969556e-02 -5.180147e-02 2.409245e-01 1.414292e-01 1.098069e-02
<VARIANCE> 25
 3.615145e+01 2.504352e+01 4.710109e+01 3.134872e+01 3.690092e+01 3.608956e+01 2.966675e+01 3.035805e+01 2.637966e+01 3.038715e+01 2.029633e+01 2.941372e+01 2.190259e+00 1.991834e+00 1.432601e+00 1.735186e+00 2.685171e+00 2.112888e+00 1.684519e+00 1.730466e+00 1.534971e+00 1.569317e+00 1.344235e+00 1.299070e+00 1.540149e-03
<GCONST> 8.727867e+01
<MIXTURE> 100 4.498084e-03
<MEAN> 25
 -1.598812e+00 6.344869e+00 1.027694e+01 -7.462692e+00 -1.078202e+01 -5.075272e+00 -4.941588e+00 -9.968801e+00 -4.718213e+00 -8.551987e-01 -2.733317e+00 -2.708262e+00 2.917907e+00 -1.260431e+00 1.299651e+00 -2.185949e+00 -3.419474e+00 -7.841045e-01 -1.218792e+00 -8.197654e-01 -1.475480e+00 3.466726e-01 -1.655611e+00 -2.862451e-01 2.016663e-03
<VARIANCE> 25
 1.362710e+01 2.105919e+01 2.246200e+01 2.642745e+01 2.301854e+01 2.372159e+01 2.911204e+01 2.170695e+01 2.748219e+01 2.265223e+01 2.241127e+01 2.134097e+01 1.799133e+00 3.953808e+00 2.919949e+00 4.286273e+00 4.184429e+00 4.537208e+00 4.015475e+00 4.340367e+00 4.167855e+00 3.896101e+00 3.910361e+00 3.224994e+00 1.674990e-03
<GCONST> 9.256876e+01
<MIXTURE> 101 6.007792e-03
<MEAN> 25
 7.963192e+00 -3.630899e+00 -6.123371e+00 -6.814866e+00 8.952544e-01 -1.249012e+00 -1.049818e+01 -1.988111e+00 1.810676e+00 2.584027e+00 -2.368612e+00 -5.090410e+00 6.582560e-01 6.355874e-01 -1.447814e+00 -1.583712e+00 1.050944e+00 2.316612e+00 1.901155e-01 -1.470963e+00 -1.023509e+00 1.028823e+00 1.341854e+00 -4.254324e-01 -5.102219e-03
<VARIANCE> 25
 9.846538e+00 1.745222e+01 3.072468e+01 4.233275e+01 3.560642e+01 3.573058e+01 3.657581e+01 3.576790e+01 3.896707e+01 4.374051e+01 5.086063e+01 2.382883e+01 2.982136e-01 6.711004e-01 1.153335e+00 1.550880e+00 1.713501e+00 2.058035e+00 2.052659e+00 1.996124e+00 2.393076e+00 2.189860e+00 1.802060e+00 1.916851e+00 3.481563e-04
<GCONST> 8.370659e+01
<MIXTURE> 102 6.007792e-03
<MEAN> 25
 7.963192e+00 -3.630899e+00 -6.123371e+00 -6.814866e+00 8.952544e-01 -1.249012e+00 -1.049818e+01 -1.988111e+00 1.810676e+00 2.584027e+00 -2.368612e+00 -5.090410e+00 6.582560e-01 6.355874e-01 -1.447814e+00 -1.583712e+00 1.050944e+00 2.316612e+00 1.901155e-01 -1.470963e+00 -1.023509e+00 1.028823e+00 1.341854e+00 -4.254324e-01 -5.102219e-03
<VARIANCE> 25
 9.846538e+00 1.745222e+01 3.072468e+01 4.233275e+01 3.560642e+01 3.573058e+01 3.657581e+01 3.576790e+01 3.896707e+01 4.374051e+01 5.086063e+01 2.382883e+01 2.982136e-01 6.711004e-01 1.153335e+00 1.550880e+00 1.713501e+00 2.058035e+00 2.052659e+00 1.996124e+00 2.393076e+00 2.189860e+00 1.802060e+00 1.916851e+00 3.481563e-04
<GCONST> 8.370659e+01
<MIXTURE> 103 5.694618e-03
<MEAN> 25
 3.359008e+00 -9.481409e+00 -6.077525e+00 -3.105628e+00 -1.297447e+00 -1.959183e+00 2.374958e+00 2.510665e+00 -4.521960e+00 -9.210953e+00 -5.039720e+00 3.398199e-01 -1.565059e-01 -1.483744e+00 -9.795914e-01 3.671643e-01 1.214831e+00 1.026541e+00 1.543415e-01 -2.748289e-01 -7.725551e-01 -9.371297e-01 -3.016414e-02 1.176866e-01 2.686940e-02
<VARIANCE> 25
 1.028559e+01 2.023632e+01 2.322461e+01 3.160070e+01 4.795672e+01 3.498562e+01 4.674305e+01 3.647454e+01 4.316026e+01 2.948571e+01 2.998572e+01 2.631745e+01 6.408531e-01 1.250505e+00 1.531876e+00 1.944236e+00 2.919352e+00 2.419153e+00 2.879698e+00 2.582738e+00 2.568573e+00 2.522576e+00 2.096575e+00 2.013687e+00 8.115836e-04
<GCONST> 8.759349e+01
<MIXTURE> 104 5.694618e-03
<MEAN> 25
 3.359008e+00 -9.481409e+00 -6.077525e+00 -3.105628e+00 -1.297447e+00 -1.959183e+00 2.374958e+00 2.510665e+00 -4.521960e+00 -9.210953e+00 -5.039720e+00 3.398199e-01 -1.565059e-01 -1.483744e+00 -9.795914e-01 3.671643e-01 1.214831e+00 1.026541e+00 1.543415e-01 -2.748289e-01 -7.725551e-01 -9.371297e-01 -3.016414e-02 1.176866e-01 2.686940e-02
<VARIANCE> 25
 1.028559e+01 2.023632e+01 2.322461e+01 3.160070e+01 4.795672e+01 3.498562e+01 4.674305e+01 3.647454e+01 4.316026e+01 2.948571e+01 2.998572e+01 2.631745e+01 6.408531e-01 1.250505e+00 1.531876e+00 1.944236e+00 2.919352e+00 2.419153e+00 2.879698e+00 2.582738e+00 2.568573e+00 2.522576e+00 2.096575e+00 2.013687e+00 8.115836e-04
<GCONST> 8.759349e+01
<MIXTURE> 105 4.710235e-03
<MEAN> 25
 1.852466e+00 -2.159498e+00 1.022917e+01 -1.659187e+00 -1.147836e+01 -5.302792e+00 -4.675017e+00 -3.428459e-01 -4.688427e+00 -3.212134e+00 2.389230e+00 -1.803173e+00 -1.081150e-02 1.374379e-01 7.226692e-02 -7.281768e-02 -1.651593e-02 -3.450487e-03 6.710301e-02 -6.312232e-02 -1.609051e-01 -4.670178e-02 3.347987e-02 -3.517714e-03 -1.538912e-03
<VARIANCE> 25
 1.223032e+01 2.701744e+01 4.160575e+01 4.372501e+01 3.280260e+01 4.714096e+01 3.701101e+01 3.831047e+01 3.763048e+01 3.595362e+01 3.942984e+01 2.841699e+01 7.563888e-02 2.168251e-01 3.039557e-01 2.828641e-01 3.589885e-01 4.543023e-01 4.393969e-01 4.891496e-01 5.095729e-01 4.331431e-01 3.645264e-01 3.571617e-01 8.154276e-05
<GCONST> 6.520665e+01
<MIXTURE> 106 4.710235e-03
<MEAN> 25
 1.852466e+00 -2.159498e+00 1.022917e+01 -1.659187e+00 -1.147836e+01 -5.302792e+00 -4.675017e+00 -3.428459e-01 -4.688427e+00 -3.212134e+00 2.389230e+00 -1.803173e+00 -1.081150e-02 1.374379e-01 7.226692e-02 -7.281768e-02 -1.651593e-02 -3.450487e-03 6.710301e-02 -6.312232e-02 -1.609051e-01 -4.670178e-02 3.347987e-02 -3.517714e-03 -1.538912e-03
<VARIANCE> 25
 1.223032e+01 2.701744e+01 4.160575e+01 4.372501e+01 3.280260e+01 4.714096e+01 3.701101e+01 3.831047e+01 3.763048e+01 3.595362e+01 3.942984e+01 2.841699e+01 7.563888e-02 2.168251e-01 3.039557e-01 2.828641e-01 3.589885e-01 4.543023e-01 4.393969e-01 4.891496e-01 5.095729e-01 4.331431e-01 3.645264e-01 3.571617e-01 8.154276e-05
<GCONST> 6.520665e+01
<MIXTURE> 107 5.452374e-03
<MEAN> 25
 8.440450e+00 -2.081722e+00 -7.980055e+00 -9.500347e+00 1.955466e+00 3.344956e+00 -8.149459e+00 -4.569632e+00 -8.604174e-01 3.392204e+00 8.624361e-01 -4.942236e+00 -6.052966e-01 -7.550132e-01 8.136466e-01 1.800121e+00 3.245806e-01 -1.973793e+00 -8.387469e-01 8.127583e-01 1.678661e+00 1.283105e-02 -1.620737e+00 -8.502989e-01 -2.898209e-03
<VARIANCE> 25
 9.529807e+00 2.132957e+01 2.774749e+01 4.310659e+01 3.447911e+01 4.015310e+01 5.356416e+01 3.607518e+01 4.448235e+01 4.011756e+01 4.929648e+01 2.988267e+01 3.582297e-01 9.896291e-01 1.418379e+00 2.442113e+00 2.397858e+00 2.784686e+00 2.636692e+00 2.493774e+00 2.402240e+00 3.003965e+00 1.899811e+00 2.140411e+00 7.116046e-04
<GCONST> 8.804834e+01
<MIXTURE> 108 5.452374e-03
<MEAN> 25
 8.440450e+00 -2.081722e+00 -7.980055e+00 -9.500347e+00 1.955466e+00 3.344956e+00 -8.149459e+00 -4.569632e+00 -8.604174e-01 3.392204e+00 8.624361e-01 -4.942236e+00 -6.052966e-01 -7.550132e-01 8.136466e-01 1.800121e+00 3.245806e-01 -1.973793e+00 -8.387469e-01 8.127583e-01 1.678661e+00 1.283105e-02 -1.620737e+00 -8.502989e-01 -2.898209e-03
<VARIANCE> 25
 9.529807e+00 2.132957e+01 2.774749e+01 4.310659e+01 3.447911e+01 4.015310e+01 5.356416e+01 3.607518e+01 4.448235e+01 4.011756e+01 4.929648e+01 2.988267e+01 3.582297e-01 9.896291e-01 1.418379e+00 2.442113e+00 2.397858e+00 2.784686e+00 2.636692e+00 2.493774e+00 2.402240e+00 3.003965e+00 1.899811e+00 2.140411e+00 7.116046e-04
<GCONST> 8.804834e+01
<MIXTURE> 109 6.661064e-03
<MEAN> 25
 4.055963e+00 -1.047771e+01 -7.967308e+00 -1.637686e+00 2.787014e+00 1.960372e-01 -3.713084e-01 1.430498e+00 -2.213841e+00 -8.202099e+00 -5.038873e+00 7.498809e-03 -1.839567e-02 -1.247802e-01 -4.467135e-02 2.290907e-01 1.646979e-01 1.480709e-01 -1.270979e-01 -1.190586e-01 -4.465712e-02 -1.496253e-01 2.682664e-01 3.229830e-02 -3.548706e-03
<VARIANCE> 25
 8.800718e+00 1.828119e+01 2.208926e+01 3.231710e+01 3.953352e+01 3.696088e+01 4.736774e+01 3.331897e+01 4.838284e+01 3.481481e+01 3.148575e+01 2.730200e+01 1.927048e-01 4.260295e-01 5.257772e-01 6.356936e-01 1.232784e+00 1.007677e+00 1.222863e+00 1.079655e+00 1.117862e+00 9.495195e-01 9.369067e-01 8.759363e-01 1.855673e-04
<GCONST> 7.460397e+01
<MIXTURE> 110 6.661064e-03
<MEAN> 25
 4.055963e+00 -1.047771e+01 -7.967308e+00 -1.637686e+00 2.787014e+00 1.960372e-01 -3.713084e-01 1.430498e+00 -2.213841e+00 -8.202099e+00 -5.038873e+00 7.498809e-03 -1.839567e-02 -1.247802e-01 -4.467135e-02 2.290907e-01 1.646979e-01 1.480709e-01 -1.270979e-01 -1.190586e-01 -4.465712e-02 -1.496253e-01 2.682664e-01 3.229830e-02 -3.548706e-03
<VARIANCE> 25
 8.800718e+00 1.828119e+01 2.208926e+01 3.231710e+01 3.953352e+01 3.696088e+01 4.736774e+01 3.331897e+01 4.838284e+01 3.481481e+01 3.148575e+01 2.730200e+01 1.927048e-01 4.260295e-01 5.257772e-01 6.356936e-01 1.232784e+00 1.007677e+00 1.222863e+00 1.079655e+00 1.117862e+00 9.495195e-01 9.369067e-01 8.759363e-01 1.855673e-04
<GCONST> 7.460397e+01
<MIXTURE> 111 4.337247e-03
<MEAN> 25
 -4.454149e+00 -8.456612e-01 -1.744867e+00 1.718855e+00 9.657402e-01 9.578475e-01 4.125046e-01 1.776801e-01 8.505744e-02 -5.597699e-01 -6.417678e-01 1.966000e+00 -2.217644e-02 -3.182416e-02 -7.028056e-02 -7.344870e-02 -4.030467e-02 1.074652e-02 2.265878e-03 -6.840958e-02 -1.460013e-01 -2.019169e-01 -1.821960e-01 -9.979860e-02 -2.400752e-04
<VARIANCE> 25
 7.207563e+00 5.289172e+00 1.024154e+01 9.601319e+00 1.302400e+01 2.371387e+01 1.551261e+01 1.328473e+01 1.152630e+01 1.186994e+01 1.359445e+01 1.151734e+01 8.015388e-02 1.632031e-01 2.745633e-01 4.209632e-01 5.740178e-01 7.092657e-01 7.962055e-01 8.656388e-01 8.918187e-01 8.538243e-01 8.644618e-01 8.531857e-01 2.246147e-05
<GCONST> 5.616356e+01
<MIXTURE> 112 4.337247e-03
<MEAN> 25
 -4.454149e+00 -8.456612e-01 -1.744867e+00 1.718855e+00 9.657402e-01 9.578475e-01 4.125046e-01 1.776801e-01 8.505744e-02 -5.597699e-01 -6.417678e-01 1.966000e+00 -2.217644e-02 -3.182416e-02 -7.028056e-02 -7.344870e-02 -4.030467e-02 1.074652e-02 2.265878e-03 -6.840958e-02 -1.460013e-01 -2.019169e-01 -1.821960e-01 -9.979860e-02 -2.400752e-04
<VARIANCE> 25
 7.207563e+00 5.289172e+00 1.024154e+01 9.601319e+00 1.302400e+01 2.371387e+01 1.551261e+01 1.328473e+01 1.152630e+01 1.186994e+01 1.359445e+01 1.151734e+01 8.015388e-02 1.632031e-01 2.745633e-01 4.209632e-01 5.740178e-01 7.092657e-01 7.962055e-01 8.656388e-01 8.918187e-01 8.538243e-01 8.644618e-01 8.531857e-01 2.246147e-05
<GCONST> 5.616356e+01
<MIXTURE> 113 5.938666e-03
<MEAN> 25
 9.674560e+00 1.503893e+00 -8.311724e+00 -1.683555e+01 -8.486827e-01 5.806832e+00 -5.038121e+00 -1.483040e+00 -5.459447e+00 -5.638279e-01 4.677564e-01 -2.714625e-01 1.063179e-02 -9.162189e-03 -5.504487e-02 -1.471316e-01 1.094761e-01 1.641066e-01 4.121094e-02 1.658097e-02 -3.139464e-02 -6.964365e-02 1.757192e-01 1.754963e-02 -1.363809e-03
<VARIANCE> 25
 1.000839e+01 1.787307e+01 3.080302e+01 3.595488e+01 5.126882e+01 3.214378e+01 3.816759e+01 3.712814e+01 3.616303e+01 4.477382e+01 3.455606e+01 2.696365e+01 1.256408e-01 3.222973e-01 3.118294e-01 6.325249e-01 6.063129e-01 6.906056e-01 7.655944e-01 8.851064e-01 9.853834e-01 8.732527e-01 6.982829e-01 7.024971e-01 1.241276e-04
<GCONST> 7.108757e+01
<MIXTURE> 114 5.938666e-03
<MEAN> 25
 9.674560e+00 1.503893e+00 -8.311724e+00 -1.683555e+01 -8.486827e-01 5.806832e+00 -5.038121e+00 -1.483040e+00 -5.459447e+00 -5.638279e-01 4.677564e-01 -2.714625e-01 1.063179e-02 -9.162189e-03 -5.504487e-02 -1.471316e-01 1.094761e-01 1.641066e-01 4.121094e-02 1.658097e-02 -3.139464e-02 -6.964365e-02 1.757192e-01 1.754963e-02 -1.363809e-03
<VARIANCE> 25
 1.000839e+01 1.787307e+01 3.080302e+01 3.595488e+01 5.126882e+01 3.214378e+01 3.816759e+01 3.712814e+01 3.616303e+01 4.477382e+01 3.455606e+01 2.696365e+01 1.256408e-01 3.222973e-01 3.118294e-01 6.325249e-01 6.063129e-01 6.906056e-01 7.655944e-01 8.851064e-01 9.853834e-01 8.732527e-01 6.982829e-01 7.024971e-01 1.241276e-04
<GCONST> 7.108757e+01
<MIXTURE> 115 2.935202e-03
<MEAN> 25
 -4.006062e+00 -6.820968e-01 -3.099237e+00 3.701755e+00 2.418610e+00 -4.184661e-01 2.310967e+00 3.902105e-01 1.398427e+00 -2.028972e-02 6.635950e-03 2.636426e+00 3.452266e-02 -6.850447e-02 -2.270994e-01 -4.397953e-01 -6.356961e-01 -6.537577e-01 -5.829831e-01 -5.125365e-01 -4.955709e-01 -4.622680e-01 -3.465675e-01 -1.608558e-01 -1.583054e-05
<VARIANCE> 25
 9.275994e+00 1.024526e+01 1.341223e+01 1.277010e+01 1.339133e+01 1.744023e+01 1.745514e+01 2.069174e+01 1.777473e+01 1.709074e+01 1.927651e+01 1.499039e+01 2.027897e-01 3.437625e-01 4.826204e-01 5.564700e-01 6.376881e-01 8.261385e-01 1.006542e+00 1.136301e+00 1.075070e+00 9.905723e-01 1.022109e+00 1.064221e+00 1.058306e-06
<GCONST> 6.027334e+01
<MIXTURE> 116 2.935202e-03
<MEAN> 25
 -4.006062e+00 -6.820968e-01 -3.099237e+00 3.701755e+00 2.418610e+00 -4.184661e-01 2.310967e+00 3.902105e-01 1.398427e+00 -2.028972e-02 6.635950e-03 2.636426e+00 3.452266e-02 -6.850447e-02 -2.270994e-01 -4.397953e-01 -6.356961e-01 -6.537577e-01 -5.829831e-01 -5.125365e-01 -4.955709e-01 -4.622680e-01 -3.465675e-01 -1.608558e-01 -1.583054e-05
<VARIANCE> 25
 9.275994e+00 1.024526e+01 1.341223e+01 1.277010e+01 1.339133e+01 1.744023e+01 1.745514e+01 2.069174e+01 1.777473e+01 1.709074e+01 1.927651e+01 1.499039e+01 2.027897e-01 3.437625e-01 4.826204e-01 5.564700e-01 6.376881e-01 8.261385e-01 1.006542e+00 1.136301e+00 1.075070e+00 9.905723e-01 1.022109e+00 1.064221e+00 1.058306e-06
<GCONST> 6.027334e+01
<MIXTURE> 117 6.506003e-03
<MEAN> 25
 -4.482861e+00 1.333101e+00 9.715803e-01 9.800067e+00 6.079244e+00 6.113812e+00 6.628334e+00 5.054586e+00 6.541888e+00 4.855097e+00 5.997279e+00 2.443691e+00 -6.437974e-02 -2.139317e-01 -3.498315e-01 -4.311454e-01 -3.218377e-01 -3.054928e-01 -2.834001e-01 -3.927750e-01 -4.528702e-01 -3.743391e-01 -2.748740e-01 -1.169862e-01 -7.252521e-05
<VARIANCE> 25
 7.457773e+00 9.345216e+00 9.535231e+00 1.384190e+01 1.569727e+01 1.531710e+01 1.778041e+01 1.730142e+01 1.707726e+01 1.605176e+01 1.892266e+01 1.575148e+01 2.102906e-01 3.075647e-01 4.139678e-01 5.967821e-01 8.672071e-01 1.019488e+00 1.130499e+00 1.341023e+00 1.285012e+00 1.149951e+00 1.134292e+00 1.065672e+00 1.072486e-06
<GCONST> 6.058693e+01
<MIXTURE> 118 6.506003e-03
<MEAN> 25
 -4.482861e+00 1.333101e+00 9.715803e-01 9.800067e+00 6.079244e+00 6.113812e+00 6.628334e+00 5.054586e+00 6.541888e+00 4.855097e+00 5.997279e+00 2.443691e+00 -6.437974e-02 -2.139317e-01 -3.498315e-01 -4.311454e-01 -3.218377e-01 -3.054928e-01 -2.834001e-01 -3.927750e-01 -4.528702e-01 -3.743391e-01 -2.748740e-01 -1.169862e-01 -7.252521e-05
<VARIANCE> 25
 7.457773e+00 9.345216e+00 9.535231e+00 1.384190e+01 1.569727e+01 1.531710e+01 1.778041e+01 1.730142e+01 1.707726e+01 1.605176e+01 1.892266e+01 1.575148e+01 2.102906e-01 3.075647e-01 4.139678e-01 5.967821e-01 8.672071e-01 1.019488e+00 1.130499e+00 1.341023e+00 1.285012e+00 1.149951e+00 1.134292e+00 1.065672e+00 1.072486e-06
<GCONST> 6.058693e+01
<MIXTURE> 119 4.297961e-03
<MEAN> 25
 -4.973595e+00 -7.635211e+00 2.231454e+00 2.013570e+00 2.240450e+00 2.094397e-01 5.271084e+00 5.938621e+00 1.168143e+00 9.670302e-01 6.612211e+00 1.568822e+00 -4.989743e-02 -7.954215e-02 3.720427e-02 -5.745932e-02 -1.261629e-01 -1.794264e-01 -6.926039e-02 -1.411321e-02 -9.185902e-02 -1.120308e-01 -5.454960e-02 -5.795608e-02 1.116868e-03
<VARIANCE> 25
 8.513157e+00 9.814453e+00 1.655984e+01 2.021082e+01 2.286230e+01 2.321018e+01 2.505301e+01 2.648193e+01 2.504397e+01 2.806851e+01 2.040762e+01 2.040880e+01 1.604036e-01 2.826768e-01 4.596473e-01 6.329105e-01 8.032988e-01 1.004363e+00 1.099817e+00 1.277566e+00 1.285549e+00 1.245606e+00 1.193328e+00 1.112301e+00 2.317080e-04
<GCONST> 6.972543e+01
<MIXTURE> 120 4.297961e-03
<MEAN> 25
 -4.973595e+00 -7.635211e+00 2.231454e+00 2.013570e+00 2.240450e+00 2.094397e-01 5.271084e+00 5.938621e+00 1.168143e+00 9.670302e-01 6.612211e+00 1.568822e+00 -4.989743e-02 -7.954215e-02 3.720427e-02 -5.745932e-02 -1.261629e-01 -1.794264e-01 -6.926039e-02 -1.411321e-02 -9.185902e-02 -1.120308e-01 -5.454960e-02 -5.795608e-02 1.116868e-03
<VARIANCE> 25
 8.513157e+00 9.814453e+00 1.655984e+01 2.021082e+01 2.286230e+01 2.321018e+01 2.505301e+01 2.648193e+01 2.504397e+01 2.806851e+01 2.040762e+01 2.040880e+01 1.604036e-01 2.826768e-01 4.596473e-01 6.329105e-01 8.032988e-01 1.004363e+00 1.099817e+00 1.277566e+00 1.285549e+00 1.245606e+00 1.193328e+00 1.112301e+00 2.317080e-04
<GCONST> 6.972543e+01
<MIXTURE> 121 4.567511e-03
<MEAN> 25
 2.097920e-01 -2.524077e+00 5.150799e+00 -1.290232e+01 -1.264127e+01 -1.661182e+00 9.973624e-01 -5.106422e+00 -4.198357e+00 -4.912972e-01 -5.503145e+00 -4.311825e+00 2.424256e-02 1.324704e-01 -4.169463e-02 7.961209e-02 1.583620e-01 7.874365e-02 -7.943849e-02 -1.833946e-01 -2.683624e-01 -2.577956e-01 -1.146174e-01 6.578571e-04 -7.437617e-03
<VARIANCE> 25
 7.740082e+00 1.560694e+01 1.728006e+01 2.038408e+01 2.447019e+01 2.927773e+01 2.953104e+01 2.457133e+01 3.527761e+01 2.833982e+01 1.978700e+01 2.117623e+01 1.551485e-01 6.429543e-01 6.230172e-01 7.047879e-01 7.707662e-01 1.150217e+00 1.118068e+00 1.120804e+00 1.217561e+00 1.192300e+00 9.413385e-01 8.717195e-01 2.108157e-04
<GCONST> 7.139967e+01
<MIXTURE> 122 4.567511e-03
<MEAN> 25
 2.097920e-01 -2.524077e+00 5.150799e+00 -1.290232e+01 -1.264127e+01 -1.661182e+00 9.973624e-01 -5.106422e+00 -4.198357e+00 -4.912972e-01 -5.503145e+00 -4.311825e+00 2.424256e-02 1.324704e-01 -4.169463e-02 7.961209e-02 1.583620e-01 7.874365e-02 -7.943849e-02 -1.833946e-01 -2.683624e-01 -2.577956e-01 -1.146174e-01 6.578571e-04 -7.437617e-03
<VARIANCE> 25
 7.740082e+00 1.560694e+01 1.728006e+01 2.038408e+01 2.447019e+01 2.927773e+01 2.953104e+01 2.457133e+01 3.527761e+01 2.833982e+01 1.978700e+01 2.117623e+01 1.551485e-01 6.429543e-01 6.230172e-01 7.047879e-01 7.707662e-01 1.150217e+00 1.118068e+00 1.120804e+00 1.217561e+00 1.192300e+00 9.413385e-01 8.717195e-01 2.108157e-04
<GCONST> 7.139967e+01
<MIXTURE> 123 4.393044e-03
<MEAN> 25
 -3.420938e+00 2.900699e+00 -3.482271e-01 6.199228e+00 4.387519e+00 2.156480e+00 6.144664e+00 4.902023e-01 1.505368e+00 -7.434940e-01 -1.622584e+00 1.420059e-01 -3.877237e-01 -6.822308e-01 -6.886138e-01 -5.900984e-01 -3.933570e-01 -1.584461e-01 1.256549e-01 3.106028e-01 4.969277e-01 7.064567e-01 7.955747e-01 6.254188e-01 -4.569631e-03
<VARIANCE> 25
 8.917944e+00 1.191345e+01 1.171272e+01 1.144255e+01 1.585456e+01 2.212933e+01 2.607612e+01 1.711915e+01 1.974306e+01 1.423990e+01 1.898675e+01 1.610838e+01 2.753673e-01 3.788949e-01 4.023410e-01 5.103292e-01 8.235580e-01 8.864931e-01 1.051255e+00 1.085362e+00 1.094557e+00 1.047443e+00 9.883305e-01 1.172690e+00 7.368851e-05
<GCONST> 6.557678e+01
<MIXTURE> 124 4.069876e-03
<MEAN> 25
 -6.532261e+00 -9.532850e-01 -2.935250e+00 5.218692e+00 4.810297e+00 3.193062e+00 5.597677e+00 2.499891e+00 3.112588e+00 1.174841e+00 9.166548e-01 2.974483e+00 -2.048280e-01 -3.206695e-01 -3.419831e-01 -2.193317e-01 1.122489e-01 4.957963e-01 7.977843e-01 8.241633e-01 6.333366e-01 3.042435e-01 8.506726e-02 -2.167745e-02 -9.117042e-06
<VARIANCE> 25
 1.226088e+01 8.468052e+00 1.092231e+01 1.264769e+01 1.249921e+01 2.061307e+01 1.621707e+01 1.694851e+01 1.550268e+01 1.587941e+01 1.964681e+01 1.434991e+01 1.043437e-01 1.695660e-01 2.760348e-01 4.103350e-01 5.870504e-01 6.998536e-01 7.362950e-01 8.396371e-01 9.112969e-01 9.727529e-01 9.916674e-01 9.843764e-01 1.869245e-05
<GCONST> 5.921840e+01
<MIXTURE> 125 4.069876e-03
<MEAN> 25
 -6.532261e+00 -9.532850e-01 -2.935250e+00 5.218692e+00 4.810297e+00 3.193062e+00 5.597677e+00 2.499891e+00 3.112588e+00 1.174841e+00 9.166548e-01 2.974483e+00 -2.048280e-01 -3.206695e-01 -3.419831e-01 -2.193317e-01 1.122489e-01 4.957963e-01 7.977843e-01 8.241633e-01 6.333366e-01 3.042435e-01 8.506726e-02 -2.167745e-02 -9.117042e-06
<VARIANCE> 25
 1.226088e+01 8.468052e+00 1.092231e+01 1.264769e+01 1.249921e+01 2.061307e+01 1.621707e+01 1.694851e+01 1.550268e+01 1.587941e+01 1.964681e+01 1.434991e+01 1.043437e-01 1.695660e-01 2.760348e-01 4.103350e-01 5.870504e-01 6.998536e-01 7.362950e-01 8.396371e-01 9.112969e-01 9.727529e-01 9.916674e-01 9.843764e-01 1.869245e-05
<GCONST> 5.921840e+01
<MIXTURE> 126 2.402244e-03
<MEAN> 25
 -3.787709e+00 -6.934237e+00 -5.281284e+00 2.319158e+00 4.275226e+00 -3.239242e+00 7.098949e-02 3.550547e+00 3.340590e+00 -2.695879e+00 -1.428705e+00 3.054183e+00 -2.223499e-03 -6.748036e-03 -3.585803e-02 -1.582454e-01 -3.188339e-01 -3.891541e-01 -2.735691e-01 -1.577944e-01 -1.133933e-01 -1.153386e-01 -9.740582e-02 -3.040325e-02 -1.474622e-03
<VARIANCE> 25
 7.441846e+00 1.266350e+01 1.384200e+01 1.513958e+01 2.466118e+01 2.369844e+01 2.278108e+01 2.842607e+01 3.129092e+01 2.623108e+01 2.176389e+01 1.918461e+01 1.706326e-01 3.519454e-01 4.830762e-01 5.668811e-01 7.537199e-01 9.965286e-01 1.121826e+00 1.262188e+00 1.328978e+00 1.310398e+00 1.214129e+00 1.147352e+00 2.107830e-04
<GCONST> 6.980173e+01
<MIXTURE> 127 2.402244e-03
<MEAN> 25
 -3.787709e+00 -6.934237e+00 -5.281284e+00 2.319158e+00 4.275226e+00 -3.239242e+00 7.098949e-02 3.550547e+00 3.340590e+00 -2.695879e+00 -1.428705e+00 3.054183e+00 -2.223499e-03 -6.748036e-03 -3.585803e-02 -1.582454e-01 -3.188339e-01 -3.891541e-01 -2.735691e-01 -1.577944e-01 -1.133933e-01 -1.153386e-01 -9.740582e-02 -3.040325e-02 -1.474622e-03
<VARIANCE> 25
 7.441846e+00 1.266350e+01 1.384200e+01 1.513958e+01 2.466118e+01 2.369844e+01 2.278108e+01 2.842607e+01 3.129092e+01 2.623108e+01 2.176389e+01 1.918461e+01 1.706326e-01 3.519454e-01 4.830762e-01 5.668811e-01 7.537199e-01 9.965286e-01 1.121826e+00 1.262188e+00 1.328978e+00 1.310398e+00 1.214129e+00 1.147352e+00 2.107830e-04
<GCONST> 6.980173e+01
<MIXTURE> 128 3.790457e-03
<MEAN> 25
 -3.921186e+00 1.560647e+00 -3.410671e-01 6.579406e+00 3.614666e+00 1.855181e+00 3.600196e+00 2.371274e+00 3.963206e+00 3.697732e+00 3.747714e+00 3.500103e+00 -3.945574e-01 -1.957448e-01 9.776291e-02 7.223689e-01 1.181534e+00 1.131916e+00 7.167015e-01 1.300047e-01 -4.402117e-01 -7.876838e-01 -7.009428e-01 -3.927014e-01 -3.799587e-05
<VARIANCE> 25
 1.024863e+01 1.175652e+01 1.493799e+01 1.929840e+01 2.000179e+01 2.112085e+01 2.444447e+01 2.460240e+01 2.635218e+01 2.381712e+01 2.686514e+01 1.837631e+01 8.901906e-01 1.143479e+00 1.361683e+00 1.502577e+00 1.579407e+00 1.861066e+00 2.243061e+00 2.321336e+00 2.144846e+00 1.851628e+00 1.740072e+00 1.742714e+00 1.007055e-06
<GCONST> 7.363345e+01
<TRANSP> 3
 0.000000e+00 1.000000e+00 0.000000e+00
 0.000000e+00 9.999990e-01 9.999998e-07
 0.000000e+00 0.000000e+00 0.000000e+00
<ENDHMM>
