~o
<STREAMINFO> 1 25
<VECSIZE> 25<NULLD><MFCC_E_D_N><DIAGC>
~h "jmodel"
<BEGINHMM>
<NUMSTATES> 3
<STATE> 2
<NUMMIXES> 128
<MIXTURE> 1 5.748963e-03
<MEAN> 25
 -2.572864e+00 3.205381e+00 2.282593e+00 8.723926e+00 4.376400e+00 3.408651e+00 4.081234e+00 3.954113e+00 5.814723e+00 5.250155e+00 5.859407e+00 3.102873e+00 -1.994360e+00 -1.625680e+00 -8.592496e-01 1.070161e+00 1.556842e+00 2.223093e+00 2.149460e+00 2.084831e+00 1.693055e+00 1.264873e+00 1.557984e+00 6.075835e-01 -4.677514e-02
<VARIANCE> 25
 1.006745e+01 1.184477e+01 1.507921e+01 1.879749e+01 2.317109e+01 2.241167e+01 2.190413e+01 2.200769e+01 2.100753e+01 2.249980e+01 2.102051e+01 1.715589e+01 1.805724e+00 2.121363e+00 3.025978e+00 3.204036e+00 3.730913e+00 3.362211e+00 3.311977e+00 3.370011e+00 3.518831e+00 3.730183e+00 3.522181e+00 2.855918e+00 3.116018e-03
<GCONST> 8.852019e+01
<MIXTURE> 2 4.549242e-03
<MEAN> 25
 -4.865058e+00 1.333241e+00 9.746946e-01 9.881776e+00 6.710703e+00 7.400660e+00 7.859468e+00 6.967519e+00 8.351305e+00 6.369794e+00 7.600038e+00 3.072403e+00 -6.211751e-02 4.146495e-02 1.445431e-01 2.258837e-01 2.659197e-01 2.814690e-01 2.922238e-01 3.147135e-01 3.462725e-01 3.070856e-01 1.981490e-01 7.937344e-02 3.738941e-09
<VARIANCE> 25
 6.970926e+00 9.012015e+00 1.072972e+01 1.597363e+01 1.733711e+01 1.568175e+01 1.690761e+01 1.846162e+01 1.667827e+01 1.736407e+01 1.824334e+01 1.432135e+01 1.249110e-01 2.261222e-01 3.374937e-01 4.667123e-01 6.492335e-01 8.133801e-01 9.316261e-01 1.009772e+00 1.055716e+00 1.075941e+00 1.073749e+00 1.011557e+00 1.006953e-06
<GCONST> 5.810084e+01
<MIXTURE> 3 4.549242e-03
<MEAN> 25
 -4.865058e+00 1.333241e+00 9.746946e-01 9.881776e+00 6.710703e+00 7.400660e+00 7.859468e+00 6.967519e+00 8.351305e+00 6.369794e+00 7.600038e+00 3.072403e+00 -6.211751e-02 4.146495e-02 1.445431e-01 2.258837e-01 2.659197e-01 2.814690e-01 2.922238e-01 3.147135e-01 3.462725e-01 3.070856e-01 1.981490e-01 7.937344e-02 3.738941e-09
<VARIANCE> 25
 6.970926e+00 9.012015e+00 1.072972e+01 1.597363e+01 1.733711e+01 1.568175e+01 1.690761e+01 1.846162e+01 1.667827e+01 1.736407e+01 1.824334e+01 1.432135e+01 1.249110e-01 2.261222e-01 3.374937e-01 4.667123e-01 6.492335e-01 8.133801e-01 9.316261e-01 1.009772e+00 1.055716e+00 1.075941e+00 1.073749e+00 1.011557e+00 1.006953e-06
<GCONST> 5.810084e+01
<MIXTURE> 4 1.671429e-02
<MEAN> 25
 2.975313e+00 2.838280e+00 -4.256309e+00 1.252520e+00 4.371093e+00 -2.250254e+00 -4.441134e-01 -5.959548e-01 2.742844e+00 3.031290e+00 -1.921646e+00 -6.652774e-01 -2.390733e+00 1.443077e+00 1.220906e+00 2.400919e+00 9.960938e-01 -3.678272e-02 1.553945e+00 1.095912e+00 9.928998e-01 5.582697e-01 6.913165e-01 9.780156e-01 -9.095804e-02
<VARIANCE> 25
 1.834146e+01 2.528279e+01 2.334065e+01 3.228288e+01 3.962930e+01 6.455820e+01 5.624413e+01 4.782606e+01 5.465226e+01 7.197901e+01 3.917690e+01 3.259102e+01 2.651181e+00 4.359317e+00 3.695165e+00 5.741837e+00 4.207922e+00 5.693979e+00 5.170701e+00 4.593500e+00 5.177363e+00 5.186123e+00 6.138225e+00 3.772342e+00 6.071829e-03
<GCONST> 1.030594e+02
<MIXTURE> 5 3.206198e-03
<MEAN> 25
 -3.301162e+00 2.430448e+00 3.724532e-01 9.175263e+00 6.854248e+00 6.131505e+00 7.425675e+00 5.007706e+00 5.280656e+00 3.743742e+00 4.545542e+00 2.703713e+00 -3.191039e-01 7.151099e-01 1.226380e+00 9.885956e-01 3.128869e-01 -5.331269e-02 -1.312891e-01 -3.207321e-02 4.061587e-01 6.403348e-01 3.895322e-01 8.839986e-02 -3.602864e-05
<VARIANCE> 25
 1.010690e+01 1.469182e+01 2.370983e+01 2.597690e+01 2.015661e+01 1.941148e+01 2.153890e+01 2.152442e+01 2.153505e+01 2.092441e+01 2.348849e+01 1.594874e+01 1.160991e+00 1.226322e+00 1.326625e+00 1.658362e+00 2.206819e+00 2.342071e+00 2.262732e+00 2.311184e+00 2.321492e+00 2.188459e+00 2.008089e+00 1.829466e+00 1.025016e-06
<GCONST> 7.508996e+01
<MIXTURE> 6 5.475854e-03
<MEAN> 25
 8.000346e+00 -2.219365e+00 -5.491019e+00 -1.100785e+01 -4.620377e+00 9.457413e+00 -6.446484e+00 -6.475698e+00 -2.331933e+00 1.110916e+00 6.577826e+00 -1.667809e+00 4.828335e-01 8.287057e-01 -2.132685e-01 -1.552696e+00 -8.057709e-01 1.604259e+00 1.676872e+00 2.578864e-01 -1.271791e+00 -1.169619e+00 -4.173214e-03 1.556000e+00 -7.460827e-03
<VARIANCE> 25
 1.150716e+01 1.860192e+01 2.023219e+01 3.999641e+01 3.907233e+01 3.815729e+01 5.020651e+01 3.073902e+01 3.454420e+01 3.427126e+01 3.862971e+01 2.521781e+01 2.783972e-01 6.933675e-01 8.451170e-01 1.665157e+00 1.425962e+00 1.845359e+00 1.581129e+00 1.792539e+00 2.006679e+00 1.556125e+00 2.535661e+00 1.395223e+00 4.492519e-04
<GCONST> 8.201644e+01
<MIXTURE> 7 5.475854e-03
<MEAN> 25
 8.000346e+00 -2.219365e+00 -5.491019e+00 -1.100785e+01 -4.620377e+00 9.457413e+00 -6.446484e+00 -6.475698e+00 -2.331933e+00 1.110916e+00 6.577826e+00 -1.667809e+00 4.828335e-01 8.287057e-01 -2.132685e-01 -1.552696e+00 -8.057709e-01 1.604259e+00 1.676872e+00 2.578864e-01 -1.271791e+00 -1.169619e+00 -4.173214e-03 1.556000e+00 -7.460827e-03
<VARIANCE> 25
 1.150716e+01 1.860192e+01 2.023219e+01 3.999641e+01 3.907233e+01 3.815729e+01 5.020651e+01 3.073902e+01 3.454420e+01 3.427126e+01 3.862971e+01 2.521781e+01 2.783972e-01 6.933675e-01 8.451170e-01 1.665157e+00 1.425962e+00 1.845359e+00 1.581129e+00 1.792539e+00 2.006679e+00 1.556125e+00 2.535661e+00 1.395223e+00 4.492519e-04
<GCONST> 8.201644e+01
<MIXTURE> 8 1.165917e-02
<MEAN> 25
 -4.650940e+00 1.337074e+00 1.133146e+00 9.253262e+00 6.610620e+00 5.914800e+00 6.642476e+00 5.838411e+00 6.829390e+00 5.245748e+00 6.065790e+00 3.261475e+00 -6.492730e-01 -1.485732e+00 -9.799132e-01 -1.704314e+00 -2.901681e-01 -9.849908e-01 -1.748978e-01 -2.862743e-01 -1.320873e-01 -2.877458e-01 -1.703794e-01 1.820879e-01 9.819054e-02
<VARIANCE> 25
 8.979587e+00 9.606606e+00 1.147394e+01 1.685881e+01 1.592329e+01 1.693711e+01 1.766753e+01 1.719254e+01 1.771574e+01 1.945554e+01 2.241330e+01 1.364446e+01 2.621692e+00 2.764240e+00 3.862844e+00 3.586920e+00 3.363898e+00 3.216322e+00 3.007730e+00 2.930713e+00 3.094955e+00 2.765237e+00 2.358898e+00 2.022552e+00 6.373446e-03
<GCONST> 8.636925e+01
<MIXTURE> 9 1.199672e-02
<MEAN> 25
 8.359967e+00 1.357574e+00 -4.676695e+00 -1.129945e+01 -2.621755e+00 6.411136e+00 -7.099941e-01 -3.374642e+00 -6.035457e+00 -2.194811e+00 1.286047e+00 -3.699430e-02 1.361415e+00 -2.371307e-01 -7.424795e-01 -2.540766e+00 -1.636389e+00 1.328500e+00 -1.072599e+00 7.845278e-02 2.355992e-02 -3.608687e-01 9.449953e-01 -1.739250e-01 6.007810e-02
<VARIANCE> 25
 1.431144e+01 3.366486e+01 3.579698e+01 4.712650e+01 5.090145e+01 4.153966e+01 4.695179e+01 4.777184e+01 3.615134e+01 3.712828e+01 3.250921e+01 2.242602e+01 1.769471e+00 2.049945e+00 4.045734e+00 4.493576e+00 4.295766e+00 4.236135e+00 3.741368e+00 5.425726e+00 4.324580e+00 3.588739e+00 3.772250e+00 2.320668e+00 2.449432e-03
<GCONST> 9.772150e+01
<MIXTURE> 10 6.596976e-03
<MEAN> 25
 8.426697e-01 7.560658e+00 5.360325e+00 7.093666e+00 1.545279e+00 -2.119273e+00 -5.457629e-01 -1.662580e+00 8.983554e-01 7.554739e-01 7.736754e-01 6.563671e-01 -1.891672e+00 -6.742761e-01 -4.668383e-01 3.014094e+00 2.437021e+00 2.662184e+00 2.375738e+00 2.292804e+00 1.842562e+00 1.561782e+00 2.295130e+00 5.298688e-01 -1.376404e-01
<VARIANCE> 25
 1.937898e+01 2.091459e+01 2.251497e+01 2.896621e+01 3.825641e+01 3.481112e+01 3.490847e+01 3.364941e+01 2.746664e+01 3.032414e+01 2.694126e+01 2.502474e+01 2.293318e+00 3.404646e+00 5.479849e+00 5.142793e+00 5.540647e+00 4.584624e+00 4.647727e+00 4.812440e+00 4.360974e+00 5.025997e+00 4.517086e+00 3.161536e+00 2.686866e-03
<GCONST> 9.749636e+01
<MIXTURE> 11 1.633820e-02
<MEAN> 25
 6.652737e+00 1.941539e+00 3.822423e+00 6.713939e+00 -3.677200e+00 -4.217399e+00 -7.261496e-01 -4.814739e+00 -7.395212e+00 8.764575e-01 -3.462708e+00 -1.748361e+00 -2.758801e-01 6.446519e-01 -1.206533e-01 -1.604881e-01 7.054594e-01 -4.507437e-01 8.046370e-01 6.427268e-02 3.241447e-02 -2.511888e-01 -1.741314e-01 2.355154e-01 -2.083955e-02
<VARIANCE> 25
 7.399973e+00 2.703008e+01 1.759422e+01 2.585749e+01 3.824454e+01 4.362033e+01 4.197162e+01 4.485666e+01 5.531278e+01 2.654975e+01 2.643076e+01 2.346012e+01 7.926484e-01 1.325743e+00 1.313516e+00 1.946302e+00 1.882192e+00 2.443169e+00 2.180623e+00 2.316094e+00 3.113771e+00 1.891186e+00 1.731362e+00 1.373870e+00 1.559781e-03
<GCONST> 8.635721e+01
<MIXTURE> 12 5.904134e-03
<MEAN> 25
 9.630265e+00 1.838714e+00 -3.959000e+00 -1.574289e+01 -9.527468e+00 1.149230e+01 -1.301927e+00 -3.188098e+00 -1.365979e+00 -4.670504e+00 2.425040e+00 1.288972e+00 1.269010e-01 2.584394e-01 -3.621330e-02 -4.205773e-01 -2.503103e-01 2.345364e-01 3.196054e-01 3.880922e-01 2.066333e-01 -3.301505e-01 -4.623105e-01 5.377305e-02 -7.242692e-03
<VARIANCE> 25
 1.069339e+01 2.644408e+01 1.969980e+01 2.977661e+01 3.623046e+01 4.689118e+01 3.929348e+01 4.294006e+01 3.527750e+01 3.990492e+01 3.306976e+01 2.592500e+01 2.234597e-01 6.310920e-01 6.286623e-01 1.049286e+00 1.053629e+00 9.994011e-01 1.381739e+00 1.264460e+00 1.087319e+00 1.290927e+00 1.334970e+00 9.324627e-01 4.776664e-04
<GCONST> 7.798429e+01
<MIXTURE> 13 5.904134e-03
<MEAN> 25
 9.630265e+00 1.838714e+00 -3.959000e+00 -1.574289e+01 -9.527468e+00 1.149230e+01 -1.301927e+00 -3.188098e+00 -1.365979e+00 -4.670504e+00 2.425040e+00 1.288972e+00 1.269010e-01 2.584394e-01 -3.621330e-02 -4.205773e-01 -2.503103e-01 2.345364e-01 3.196054e-01 3.880922e-01 2.066333e-01 -3.301505e-01 -4.623105e-01 5.377305e-02 -7.242692e-03
<VARIANCE> 25
 1.069339e+01 2.644408e+01 1.969980e+01 2.977661e+01 3.623046e+01 4.689118e+01 3.929348e+01 4.294006e+01 3.527750e+01 3.990492e+01 3.306976e+01 2.592500e+01 2.234597e-01 6.310920e-01 6.286623e-01 1.049286e+00 1.053629e+00 9.994011e-01 1.381739e+00 1.264460e+00 1.087319e+00 1.290927e+00 1.334970e+00 9.324627e-01 4.776664e-04
<GCONST> 7.798429e+01
<MIXTURE> 14 6.488954e-03
<MEAN> 25
 -4.152924e+00 2.029854e-01 -6.710989e-01 8.456235e+00 7.692709e+00 6.660857e+00 8.103236e+00 7.483817e+00 6.799062e+00 5.258093e+00 6.300469e+00 4.173833e+00 -2.271265e-01 1.935850e-01 3.319854e-01 2.973863e-01 2.063248e-02 8.655571e-02 9.198672e-02 2.160700e-01 3.617644e-01 5.651249e-01 4.818788e-01 4.442295e-02 -8.721210e-03
<VARIANCE> 25
 9.185760e+00 1.673936e+01 1.899387e+01 1.900356e+01 2.035570e+01 2.473527e+01 2.139120e+01 2.001297e+01 2.143527e+01 2.279389e+01 2.409516e+01 1.592061e+01 9.357147e-01 1.556156e+00 1.687157e+00 1.853436e+00 2.166423e+00 2.130510e+00 2.185021e+00 2.190334e+00 2.436585e+00 2.586087e+00 2.136188e+00 1.809927e+00 9.802735e-04
<GCONST> 8.216956e+01
<MIXTURE> 15 2.475190e-03
<MEAN> 25
 -5.350240e+00 -4.846640e-01 -2.628762e-01 7.257556e+00 5.802748e+00 5.586943e+00 6.186154e+00 5.062368e+00 5.075165e+00 4.159127e+00 5.342401e+00 2.560706e+00 -1.099487e-01 -2.088540e-02 7.327541e-02 2.491823e-01 4.916085e-01 7.885919e-01 1.077870e+00 1.202006e+00 1.050051e+00 7.593483e-01 4.188856e-01 1.591021e-01 3.245724e-05
<VARIANCE> 25
 7.086269e+00 6.635373e+00 9.094650e+00 1.322091e+01 1.414942e+01 1.469001e+01 1.539353e+01 1.509711e+01 1.424504e+01 1.393426e+01 1.602758e+01 1.227441e+01 1.298317e-01 2.053122e-01 3.153908e-01 5.025055e-01 6.895853e-01 7.818676e-01 7.607650e-01 8.154905e-01 9.032000e-01 1.029366e+00 1.065922e+00 1.030870e+00 2.816882e-05
<GCONST> 5.892698e+01
<MIXTURE> 16 2.475190e-03
<MEAN> 25
 -5.350240e+00 -4.846640e-01 -2.628762e-01 7.257556e+00 5.802748e+00 5.586943e+00 6.186154e+00 5.062368e+00 5.075165e+00 4.159127e+00 5.342401e+00 2.560706e+00 -1.099487e-01 -2.088540e-02 7.327541e-02 2.491823e-01 4.916085e-01 7.885919e-01 1.077870e+00 1.202006e+00 1.050051e+00 7.593483e-01 4.188856e-01 1.591021e-01 3.245724e-05
<VARIANCE> 25
 7.086269e+00 6.635373e+00 9.094650e+00 1.322091e+01 1.414942e+01 1.469001e+01 1.539353e+01 1.509711e+01 1.424504e+01 1.393426e+01 1.602758e+01 1.227441e+01 1.298317e-01 2.053122e-01 3.153908e-01 5.025055e-01 6.895853e-01 7.818676e-01 7.607650e-01 8.154905e-01 9.032000e-01 1.029366e+00 1.065922e+00 1.030870e+00 2.816882e-05
<GCONST> 5.892698e+01
<MIXTURE> 17 9.518312e-03
<MEAN> 25
 3.098650e+00 -3.204313e+00 6.947397e+00 2.051594e+00 -5.706147e+00 -3.674070e+00 -4.986202e+00 -2.001222e+00 -3.274719e+00 -3.867562e+00 -4.105363e-01 3.428640e-01 -7.495155e-01 -1.516588e+00 1.443289e+00 -1.614210e+00 -2.656802e+00 1.329386e+00 -1.012979e+00 4.643930e-01 6.484491e-01 -8.712850e-01 1.596415e+00 4.245473e-01 7.703858e-02
<VARIANCE> 25
 1.225538e+01 2.725216e+01 2.163510e+01 3.338206e+01 4.313556e+01 4.938983e+01 4.099945e+01 2.950763e+01 6.474109e+01 2.116038e+01 2.472731e+01 1.963306e+01 1.150654e+00 1.750963e+00 2.610367e+00 3.272224e+00 4.134541e+00 5.596332e+00 4.788326e+00 3.008207e+00 4.702788e+00 2.632999e+00 2.608433e+00 1.727384e+00 1.325719e-03
<GCONST> 9.256062e+01
<MIXTURE> 18 1.221018e-02
<MEAN> 25
 3.208958e+00 3.787306e+00 4.635368e+00 4.953486e+00 -3.400493e+00 -8.992591e+00 -1.629485e+00 -1.105485e+00 -2.717295e+00 -2.401865e+00 -7.570767e-01 -1.446196e-02 -8.161007e-01 2.246109e+00 -5.988273e-01 1.331626e+00 3.025673e+00 4.668916e-01 1.267418e+00 3.737475e-02 5.954412e-01 6.030180e-01 -7.175597e-01 -2.846798e-02 -1.033729e-01
<VARIANCE> 25
 1.411884e+01 2.196344e+01 3.307244e+01 1.998875e+01 4.252462e+01 2.888891e+01 4.418420e+01 4.447918e+01 3.842797e+01 2.999253e+01 2.518747e+01 2.838059e+01 2.192153e+00 2.784299e+00 3.747499e+00 3.978609e+00 3.822485e+00 5.322409e+00 4.007386e+00 4.023191e+00 3.906205e+00 3.937222e+00 3.998670e+00 3.004940e+00 3.849365e-03
<GCONST> 9.645977e+01
<MIXTURE> 19 9.912824e-03
<MEAN> 25
 -9.166135e+00 3.359159e+00 -1.329899e+00 4.145593e-01 4.619567e+00 5.173088e-01 4.398798e+00 2.054992e+00 1.682785e+00 1.291064e+00 5.099739e-01 2.520810e+00 1.861656e+00 1.305890e+00 1.956901e+00 8.601869e-01 -9.530332e-01 -9.044178e-01 -1.207478e+00 -1.540411e+00 -1.528998e+00 -1.082914e+00 -9.752448e-01 -7.059104e-01 5.460125e-03
<VARIANCE> 25
 5.249125e+01 3.158540e+01 4.799497e+01 4.505759e+01 3.017966e+01 3.080107e+01 3.461811e+01 2.761815e+01 2.801582e+01 2.202809e+01 2.511575e+01 1.671580e+01 2.261767e+00 2.356792e+00 1.904818e+00 2.016822e+00 2.283811e+00 1.990447e+00 2.103117e+00 1.961238e+00 2.050864e+00 1.915695e+00 2.677309e+00 1.560101e+00 2.108362e-03
<GCONST> 8.978843e+01
<MIXTURE> 20 6.308331e-03
<MEAN> 25
 -1.416742e+01 7.436291e+00 8.016925e-01 6.139511e+00 4.846592e+00 1.605222e+00 5.230145e+00 8.582716e-01 9.228366e-01 8.193921e-01 2.558673e+00 -2.972603e-01 -3.281341e+00 -8.690348e-01 -1.561706e+00 3.309930e-01 1.537474e+00 2.060124e+00 1.971884e+00 2.048361e+00 2.145119e+00 2.039339e+00 1.677361e+00 9.412450e-01 4.739460e-02
<VARIANCE> 25
 1.969018e+01 2.353586e+01 3.153700e+01 3.712176e+01 3.076960e+01 2.815747e+01 3.001394e+01 3.140584e+01 2.788335e+01 2.828862e+01 2.512210e+01 2.087313e+01 2.094165e+00 2.179012e+00 1.908360e+00 2.534804e+00 2.699423e+00 2.309572e+00 2.322160e+00 2.334428e+00 2.230844e+00 2.645186e+00 2.254097e+00 1.865944e+00 1.884144e-03
<GCONST> 8.924873e+01
<MIXTURE> 21 7.928653e-03
<MEAN> 25
 3.807563e+00 -5.045161e+00 5.643460e+00 -1.052278e+00 -1.045415e+01 -7.617692e+00 -2.649868e+00 3.669196e+00 -2.678565e+00 -3.798433e+00 -7.557634e-02 2.289507e-01 -6.637109e-01 1.288002e+00 2.399520e+00 -9.903682e-02 -1.431982e+00 3.441610e-01 7.443132e-01 -1.394785e+00 -1.942576e+00 3.355615e-01 1.096049e+00 3.012260e-01 -1.160444e-02
<VARIANCE> 25
 9.642161e+00 1.995807e+01 2.666590e+01 3.433411e+01 2.522307e+01 4.002065e+01 4.004513e+01 3.804691e+01 5.167425e+01 3.062754e+01 3.112759e+01 2.107235e+01 3.555423e-01 8.596845e-01 1.847089e+00 1.186100e+00 2.158411e+00 1.937737e+00 4.111962e+00 2.515631e+00 2.181036e+00 2.444874e+00 2.549791e+00 2.141707e+00 4.080727e-04
<GCONST> 8.505877e+01
<MIXTURE> 22 8.827789e-03
<MEAN> 25
 -1.721019e+01 7.246256e+00 -3.758922e+00 6.623219e+00 5.765286e+00 1.926533e+00 8.961429e+00 2.765342e+00 4.412043e+00 3.514870e+00 5.016387e+00 6.356085e-01 -7.024315e-02 -1.328167e-01 -1.982106e-01 -1.696313e-01 6.515269e-05 2.053615e-01 2.955274e-01 3.773252e-01 3.292575e-01 1.422196e-01 1.271305e-01 2.961921e-01 -2.912674e-04
<VARIANCE> 25
 8.934299e+00 1.384349e+01 1.584305e+01 2.269172e+01 2.377437e+01 2.156057e+01 1.774363e+01 2.136665e+01 1.833660e+01 1.761825e+01 1.824685e+01 1.323342e+01 1.102886e+00 1.156470e+00 1.197933e+00 1.343948e+00 1.163900e+00 1.493262e+00 1.424170e+00 1.604657e+00 1.381868e+00 1.300616e+00 1.237057e+00 1.127936e+00 1.735549e-03
<GCONST> 7.675300e+01
<MIXTURE> 23 6.455497e-03
<MEAN> 25
 7.336944e+00 1.365000e+00 3.516751e+00 3.465276e+00 -5.080138e+00 -3.469773e+00 -4.118699e+00 -5.847490e+00 -5.435542e+00 -9.859074e-02 -4.394821e+00 -1.821570e+00 1.990921e-02 1.781364e-01 -5.731001e-03 4.418586e-02 3.152884e-02 6.672755e-02 -3.325422e-02 -7.097963e-02 1.484894e-02 9.577080e-04 2.416353e-02 6.278947e-02 -4.499799e-03
<VARIANCE> 25
 1.091477e+01 2.781541e+01 2.532759e+01 4.196995e+01 3.640798e+01 4.919886e+01 5.128861e+01 5.198562e+01 6.676869e+01 4.533864e+01 4.523613e+01 3.485284e+01 1.096772e-01 2.846056e-01 3.581008e-01 4.768515e-01 5.964748e-01 6.823926e-01 7.249200e-01 8.117083e-01 9.013605e-01 7.675466e-01 8.349929e-01 8.136750e-01 8.797417e-05
<GCONST> 7.263209e+01
<MIXTURE> 24 6.455497e-03
<MEAN> 25
 7.336944e+00 1.365000e+00 3.516751e+00 3.465276e+00 -5.080138e+00 -3.469773e+00 -4.118699e+00 -5.847490e+00 -5.435542e+00 -9.859074e-02 -4.394821e+00 -1.821570e+00 1.990921e-02 1.781364e-01 -5.731001e-03 4.418586e-02 3.152884e-02 6.672755e-02 -3.325422e-02 -7.097963e-02 1.484894e-02 9.577080e-04 2.416353e-02 6.278947e-02 -4.499799e-03
<VARIANCE> 25
 1.091477e+01 2.781541e+01 2.532759e+01 4.196995e+01 3.640798e+01 4.919886e+01 5.128861e+01 5.198562e+01 6.676869e+01 4.533864e+01 4.523613e+01 3.485284e+01 1.096772e-01 2.846056e-01 3.581008e-01 4.768515e-01 5.964748e-01 6.823926e-01 7.249200e-01 8.117083e-01 9.013605e-01 7.675466e-01 8.349929e-01 8.136750e-01 8.797417e-05
<GCONST> 7.263209e+01
<MIXTURE> 25 1.118642e-02
<MEAN> 25
 -3.469922e-01 -2.337527e-03 1.575427e+01 -3.360774e+00 -1.039713e+01 1.576509e+00 -8.744100e+00 -3.937711e+00 -4.049354e+00 -7.078712e+00 4.639256e+00 -8.649855e-01 -4.255151e-02 3.750640e-01 1.373574e-01 1.790865e-01 2.349392e-01 5.120482e-02 1.503371e-01 -1.510923e-03 -1.559460e-01 -4.114878e-01 2.053979e-01 -2.948167e-01 -1.163775e-02
<VARIANCE> 25
 7.357668e+00 2.602732e+01 1.706692e+01 2.390201e+01 2.326785e+01 3.570196e+01 3.260288e+01 2.497425e+01 2.803668e+01 3.112601e+01 1.504737e+01 1.732167e+01 4.316139e-01 1.882088e+00 1.202659e+00 1.077861e+00 1.956029e+00 1.629865e+00 1.764197e+00 1.502894e+00 1.163432e+00 2.462065e+00 1.173653e+00 8.717842e-01 1.560736e-03
<GCONST> 7.977101e+01
<MIXTURE> 26 7.727677e-03
<MEAN> 25
 2.122360e+00 -3.722501e+00 -1.005360e+01 -2.113982e+00 6.941826e+00 4.881524e+00 4.673588e+00 -5.852548e-01 1.956112e+00 6.189327e-01 -3.393605e+00 -4.925976e-01 -5.202165e-01 6.681665e-01 2.121797e-01 7.902697e-01 2.858756e-01 -1.363153e-01 4.480993e-01 5.646278e-01 9.237089e-02 9.449245e-02 3.815475e-01 4.118612e-01 -5.022727e-02
<VARIANCE> 25
 2.060187e+01 4.119466e+01 2.217019e+01 6.090790e+01 3.355388e+01 4.951381e+01 4.169027e+01 4.475118e+01 3.393927e+01 4.741024e+01 3.145795e+01 3.864323e+01 1.441671e+00 1.812592e+00 1.837385e+00 1.837866e+00 2.087698e+00 2.504932e+00 2.292431e+00 2.601021e+00 2.212627e+00 2.098252e+00 1.860989e+00 1.749584e+00 2.754407e-03
<GCONST> 9.177053e+01
<MIXTURE> 27 7.727677e-03
<MEAN> 25
 2.122360e+00 -3.722501e+00 -1.005360e+01 -2.113982e+00 6.941826e+00 4.881524e+00 4.673588e+00 -5.852548e-01 1.956112e+00 6.189327e-01 -3.393605e+00 -4.925976e-01 -5.202165e-01 6.681665e-01 2.121797e-01 7.902697e-01 2.858756e-01 -1.363153e-01 4.480993e-01 5.646278e-01 9.237089e-02 9.449245e-02 3.815475e-01 4.118612e-01 -5.022727e-02
<VARIANCE> 25
 2.060187e+01 4.119466e+01 2.217019e+01 6.090790e+01 3.355388e+01 4.951381e+01 4.169027e+01 4.475118e+01 3.393927e+01 4.741024e+01 3.145795e+01 3.864323e+01 1.441671e+00 1.812592e+00 1.837385e+00 1.837866e+00 2.087698e+00 2.504932e+00 2.292431e+00 2.601021e+00 2.212627e+00 2.098252e+00 1.860989e+00 1.749584e+00 2.754407e-03
<GCONST> 9.177053e+01
<MIXTURE> 28 5.036674e-03
<MEAN> 25
 -5.368981e+00 1.747783e-01 -1.639582e+00 6.543366e+00 5.306951e+00 3.408090e+00 5.577949e+00 3.238634e+00 3.845094e+00 2.438799e+00 2.591501e+00 3.223686e+00 -1.119744e-01 2.224064e-01 5.331856e-01 7.758751e-01 8.099857e-01 6.991398e-01 5.024319e-01 3.765422e-01 4.322954e-01 4.665256e-01 3.655385e-01 1.832289e-01 9.664570e-06
<VARIANCE> 25
 1.055571e+01 9.399722e+00 1.220360e+01 1.484655e+01 1.482642e+01 1.822145e+01 1.900415e+01 1.941232e+01 1.719703e+01 1.675438e+01 2.053046e+01 1.480290e+01 2.525797e-01 3.341154e-01 4.076890e-01 4.674033e-01 6.319950e-01 8.381311e-01 1.071338e+00 1.161755e+00 1.110571e+00 1.031509e+00 1.020465e+00 1.049732e+00 1.059438e-06
<GCONST> 6.053367e+01
<MIXTURE> 29 5.036674e-03
<MEAN> 25
 -5.368981e+00 1.747783e-01 -1.639582e+00 6.543366e+00 5.306951e+00 3.408090e+00 5.577949e+00 3.238634e+00 3.845094e+00 2.438799e+00 2.591501e+00 3.223686e+00 -1.119744e-01 2.224064e-01 5.331856e-01 7.758751e-01 8.099857e-01 6.991398e-01 5.024319e-01 3.765422e-01 4.322954e-01 4.665256e-01 3.655385e-01 1.832289e-01 9.664570e-06
<VARIANCE> 25
 1.055571e+01 9.399722e+00 1.220360e+01 1.484655e+01 1.482642e+01 1.822145e+01 1.900415e+01 1.941232e+01 1.719703e+01 1.675438e+01 2.053046e+01 1.480290e+01 2.525797e-01 3.341154e-01 4.076890e-01 4.674033e-01 6.319950e-01 8.381311e-01 1.071338e+00 1.161755e+00 1.110571e+00 1.031509e+00 1.020465e+00 1.049732e+00 1.059438e-06
<GCONST> 6.053367e+01
<MIXTURE> 30 8.917812e-03
<MEAN> 25
 -4.031874e+00 1.097973e+00 -2.471022e-01 8.356626e+00 8.213145e+00 6.104495e+00 8.162025e+00 7.118436e+00 5.636700e+00 5.116663e+00 5.890637e+00 3.607870e+00 -1.436011e-02 4.812997e-02 7.419071e-02 9.649397e-02 1.150243e-01 1.164848e-01 4.691621e-02 4.303056e-02 1.571461e-02 -4.807212e-02 -8.688745e-03 -7.404449e-02 -5.783398e-04
<VARIANCE> 25
 7.089792e+00 1.594515e+01 1.266732e+01 1.439164e+01 1.522204e+01 2.298879e+01 1.871291e+01 1.713548e+01 1.935986e+01 1.678280e+01 2.444121e+01 1.388484e+01 9.170789e-02 1.894944e-01 3.455018e-01 4.878703e-01 6.180339e-01 6.972640e-01 7.619937e-01 8.931841e-01 9.429855e-01 9.354325e-01 9.608663e-01 9.321169e-01 4.969305e-05
<GCONST> 6.191426e+01
<MIXTURE> 31 4.136493e-03
<MEAN> 25
 -3.146808e+00 -3.842267e+00 -2.759311e-01 4.641040e+00 4.323697e+00 9.556588e-01 6.216975e+00 6.601480e+00 2.100893e+00 1.706907e+00 5.253220e+00 3.585883e+00 2.622412e-01 4.989504e-01 -2.403428e-01 2.654834e-01 9.872870e-02 3.999090e-01 1.461202e-01 9.833708e-02 4.607717e-01 3.476174e-01 1.531459e-01 3.215263e-02 -1.780068e-02
<VARIANCE> 25
 6.740775e+00 2.890352e+01 1.654034e+01 1.613967e+01 2.594668e+01 2.412841e+01 2.603745e+01 2.298703e+01 2.471575e+01 2.596841e+01 2.638767e+01 1.940739e+01 1.775401e-01 4.561078e-01 5.638990e-01 7.305783e-01 9.514887e-01 1.003734e+00 1.196369e+00 1.415406e+00 1.344866e+00 1.325616e+00 1.157923e+00 1.121695e+00 2.398201e-04
<GCONST> 7.192726e+01
<MIXTURE> 32 4.136493e-03
<MEAN> 25
 -3.146808e+00 -3.842267e+00 -2.759311e-01 4.641040e+00 4.323697e+00 9.556588e-01 6.216975e+00 6.601480e+00 2.100893e+00 1.706907e+00 5.253220e+00 3.585883e+00 2.622412e-01 4.989504e-01 -2.403428e-01 2.654834e-01 9.872870e-02 3.999090e-01 1.461202e-01 9.833708e-02 4.607717e-01 3.476174e-01 1.531459e-01 3.215263e-02 -1.780068e-02
<VARIANCE> 25
 6.740775e+00 2.890352e+01 1.654034e+01 1.613967e+01 2.594668e+01 2.412841e+01 2.603745e+01 2.298703e+01 2.471575e+01 2.596841e+01 2.638767e+01 1.940739e+01 1.775401e-01 4.561078e-01 5.638990e-01 7.305783e-01 9.514887e-01 1.003734e+00 1.196369e+00 1.415406e+00 1.344866e+00 1.325616e+00 1.157923e+00 1.121695e+00 2.398201e-04
<GCONST> 7.192726e+01
<MIXTURE> 33 1.508826e-02
<MEAN> 25
 5.481495e+00 -5.761235e+00 -7.055016e-01 -2.141613e+00 -3.061480e+00 -3.222124e+00 -7.543067e+00 2.260632e-01 7.151909e-01 2.118315e-01 -4.506531e+00 -4.025570e+00 3.892694e-01 -1.177954e+00 -2.217009e+00 -1.994075e+00 1.347060e+00 1.438682e+00 -9.602884e-01 9.090464e-01 1.614341e+00 -1.056187e-01 2.124841e-02 -1.450892e+00 3.346692e-02
<VARIANCE> 25
 1.009958e+01 2.540396e+01 2.909660e+01 3.237090e+01 3.765162e+01 5.099654e+01 3.825906e+01 4.333950e+01 5.940734e+01 4.003191e+01 3.153985e+01 2.777654e+01 1.092553e+00 1.570761e+00 1.813637e+00 1.942432e+00 3.489550e+00 2.753414e+00 3.651650e+00 5.035358e+00 4.414837e+00 5.037560e+00 2.999753e+00 2.271427e+00 1.256195e-03
<GCONST> 9.318011e+01
<MIXTURE> 34 1.588179e-02
<MEAN> 25
 7.123630e+00 -2.808018e+00 1.361471e+00 1.741412e+00 -3.047078e+00 7.920030e-01 -6.885201e+00 -5.171831e+00 -3.776871e+00 -8.220077e-01 2.390719e-01 -3.554756e+00 2.786146e-01 1.369127e+00 5.755222e-01 2.152720e+00 5.123928e-01 -1.328427e+00 1.832900e+00 -8.192961e-01 -1.648492e+00 8.511339e-01 -1.662236e+00 3.646100e-01 -5.765584e-02
<VARIANCE> 25
 6.782974e+00 3.116940e+01 2.403037e+01 5.110999e+01 3.485493e+01 6.214635e+01 4.771717e+01 4.112880e+01 5.601931e+01 3.574660e+01 4.313113e+01 1.957849e+01 1.009691e+00 1.515343e+00 3.622029e+00 2.897785e+00 3.792024e+00 4.926664e+00 4.119724e+00 4.837650e+00 5.391149e+00 3.721656e+00 3.716310e+00 2.276453e+00 1.046613e-03
<GCONST> 9.498572e+01
<MIXTURE> 35 1.467755e-02
<MEAN> 25
 -2.801496e+00 -3.323534e+00 -9.104779e+00 2.157373e-01 1.180392e+01 -1.600956e-01 1.193691e+00 9.996871e-01 1.984020e+00 4.495842e+00 -1.052538e+00 1.517888e+00 1.077182e-01 -1.128288e+00 -9.018350e-01 -1.355806e+00 4.370740e-01 -2.690930e-01 -1.365632e+00 -4.250541e-01 6.608412e-02 -1.374399e-01 -1.432976e-01 -4.956333e-01 1.024476e-01
<VARIANCE> 25
 1.790300e+01 3.367037e+01 3.864430e+01 4.458531e+01 4.371763e+01 5.621579e+01 5.272607e+01 5.067038e+01 4.005284e+01 3.151307e+01 3.056803e+01 2.298824e+01 3.156595e+00 3.069632e+00 5.652312e+00 4.337713e+00 6.057308e+00 5.165412e+00 4.704966e+00 5.312539e+00 5.124336e+00 4.376342e+00 3.469988e+00 3.137533e+00 4.303209e-03
<GCONST> 1.013751e+02
<MIXTURE> 36 1.093293e-02
<MEAN> 25
 3.457217e+00 -6.384806e+00 5.661378e+00 3.186414e+00 -1.045521e+01 -5.410474e+00 -7.540321e+00 3.104573e+00 4.612735e-01 -4.341771e+00 4.057132e+00 -5.241911e-01 5.631528e-02 2.102597e-01 -9.024237e-01 4.207340e-02 8.149371e-01 -4.603283e-02 6.226034e-02 1.203820e-01 4.790151e-01 2.238926e-01 -2.647153e-01 -6.690030e-01 -1.622638e-02
<VARIANCE> 25
 6.556062e+00 1.849816e+01 1.550220e+01 2.187172e+01 2.396460e+01 3.011778e+01 4.665856e+01 2.763848e+01 5.203926e+01 3.118930e+01 2.290883e+01 1.702701e+01 4.453845e-01 7.457421e-01 1.446921e+00 9.401996e-01 1.482088e+00 1.388484e+00 2.032058e+00 1.833827e+00 2.313469e+00 1.090402e+00 1.319275e+00 1.511181e+00 8.971486e-04
<GCONST> 7.951500e+01
<MIXTURE> 37 1.246826e-02
<MEAN> 25
 6.715288e-02 6.030201e+00 1.216885e+01 -5.693057e+00 -6.868292e+00 9.066265e-02 -6.307429e+00 -7.693239e+00 -2.002835e+00 -5.738208e+00 -2.225958e+00 -1.201668e+00 5.424401e-01 7.690055e-01 -1.376047e+00 3.356529e+00 1.729605e+00 -5.889871e-01 1.535749e+00 1.120296e+00 5.175478e-01 1.197937e-01 -2.911185e-01 1.225357e-01 -1.059129e-01
<VARIANCE> 25
 1.461905e+01 2.837559e+01 2.415936e+01 4.279268e+01 3.175492e+01 2.770635e+01 3.930918e+01 3.174393e+01 3.591105e+01 8.697475e+01 3.727763e+01 2.318017e+01 2.541093e+00 3.100802e+00 2.333591e+00 3.485128e+00 3.738411e+00 3.027185e+00 3.657010e+00 4.307334e+00 2.693040e+00 4.642561e+00 4.447169e+00 2.297969e+00 3.338401e-03
<GCONST> 9.612443e+01
<MIXTURE> 38 1.154525e-02
<MEAN> 25
 -4.169403e+00 8.020516e+00 3.132679e+00 2.794886e+00 8.674203e-01 -7.141489e+00 6.495517e-01 -1.575262e+00 -1.547309e+00 -2.459628e+00 -1.845644e+00 1.985142e-02 -4.120728e+00 1.613599e+00 -7.481828e-01 7.240029e-01 2.645864e+00 5.298079e-01 1.632664e+00 1.605623e-01 8.255328e-01 9.219471e-01 7.034138e-01 2.513717e-01 4.713248e-02
<VARIANCE> 25
 3.225604e+01 3.272627e+01 3.824082e+01 2.746626e+01 4.920427e+01 4.993474e+01 3.536122e+01 3.984361e+01 3.412641e+01 3.457582e+01 2.003331e+01 2.856626e+01 2.367241e+00 3.759332e+00 3.582640e+00 5.562381e+00 3.678134e+00 5.452056e+00 4.348172e+00 5.748627e+00 4.374614e+00 4.325583e+00 3.476011e+00 2.668489e+00 2.067893e-03
<GCONST> 9.872754e+01
<MIXTURE> 39 9.501865e-03
<MEAN> 25
 8.933956e-01 -3.594624e-01 9.951235e+00 -8.585965e+00 -1.104613e+01 8.929932e-01 -4.017211e+00 -6.075642e+00 -4.086777e+00 -9.549037e-01 -2.527113e+00 -1.840186e+00 -6.292422e-01 1.292143e+00 1.489328e+00 -1.370008e+00 -3.490672e-02 1.179083e+00 -1.172399e+00 -1.372365e+00 5.630915e-01 1.396151e-01 -9.556545e-02 2.262881e-01 4.488438e-03
<VARIANCE> 25
 9.354469e+00 4.547986e+01 2.627341e+01 3.690017e+01 3.120302e+01 4.606142e+01 4.489392e+01 2.873257e+01 4.290576e+01 3.536767e+01 3.319436e+01 2.363977e+01 5.843766e-01 1.517379e+00 1.384849e+00 2.770787e+00 1.984973e+00 2.980316e+00 2.663688e+00 2.435191e+00 2.176229e+00 2.403938e+00 2.413328e+00 1.745962e+00 1.015025e-03
<GCONST> 8.837180e+01
<MIXTURE> 40 1.030800e-02
<MEAN> 25
 -7.068025e+00 5.089381e+00 -2.454338e+00 5.904246e+00 6.475850e+00 2.137695e+00 7.765770e+00 6.129863e+00 2.983146e+00 4.689887e+00 3.743193e+00 2.348819e+00 1.008543e-01 -7.606843e-02 8.045452e-02 -7.704825e-02 -2.617476e-02 4.418780e-02 1.785886e-01 5.752949e-02 -6.556370e-02 -6.912804e-02 -2.662461e-02 6.880980e-03 -3.338379e-03
<VARIANCE> 25
 3.433283e+01 1.772600e+01 2.064058e+01 1.954692e+01 2.090190e+01 2.052892e+01 1.972770e+01 1.786705e+01 1.398185e+01 1.338158e+01 1.798084e+01 1.177077e+01 5.880172e-01 6.001446e-01 6.647921e-01 9.026709e-01 8.691522e-01 1.040741e+00 1.439368e+00 1.203482e+00 1.076322e+00 1.127954e+00 1.026417e+00 1.029498e+00 6.257080e-04
<GCONST> 7.264069e+01
<MIXTURE> 41 6.713375e-03
<MEAN> 25
 1.350554e+00 6.509406e-01 1.078965e+01 -5.851405e+00 -9.617818e+00 -2.440534e+00 -3.406114e+00 -5.761836e+00 -4.888505e+00 1.479476e+00 -1.823373e+00 -1.113979e+00 2.226880e-01 -9.059174e-01 2.012655e+00 -3.223079e+00 -2.453723e+00 3.578436e-01 -9.486139e-01 -4.556025e-01 -8.367569e-01 7.379391e-01 -7.540221e-01 9.342017e-02 8.787911e-02
<VARIANCE> 25
 1.009995e+01 3.235736e+01 3.351795e+01 3.848796e+01 3.595120e+01 4.045102e+01 3.547526e+01 2.587425e+01 3.019024e+01 3.611237e+01 2.646640e+01 2.982745e+01 2.813419e+00 2.924161e+00 3.931538e+00 3.935819e+00 4.244901e+00 6.191111e+00 6.513545e+00 4.012273e+00 4.216976e+00 4.092914e+00 3.920711e+00 3.005547e+00 2.835824e-03
<GCONST> 9.749683e+01
<MIXTURE> 42 1.106211e-02
<MEAN> 25
 -2.976468e+00 5.913373e+00 3.096944e+00 1.521178e+00 2.640306e+00 -5.381329e+00 -3.043661e+00 -3.323651e+00 6.579849e-01 -2.213331e+00 -2.502658e+00 9.947214e-01 3.473122e+00 -1.598707e+00 2.058162e+00 5.633157e-01 -3.395637e+00 2.507909e-01 -3.179355e+00 -1.529249e+00 -8.049171e-01 -9.718549e-01 9.294266e-01 -8.676513e-01 4.170990e-02
<VARIANCE> 25
 3.208098e+01 2.839783e+01 5.278340e+01 3.544624e+01 4.939504e+01 3.040849e+01 4.528580e+01 2.661043e+01 2.577933e+01 5.155744e+01 2.144892e+01 1.764629e+01 2.516191e+00 5.551340e+00 4.336319e+00 3.499279e+00 5.124768e+00 6.599972e+00 4.848260e+00 4.356494e+00 4.002681e+00 4.908428e+00 4.407862e+00 4.000394e+00 3.804346e-03
<GCONST> 1.000369e+02
<MIXTURE> 43 7.108249e-03
<MEAN> 25
 3.100582e+00 -6.276865e+00 -2.202599e+00 -5.129146e+00 -7.373096e+00 -3.382599e+00 4.092317e+00 1.276152e+00 -4.898129e+00 -7.003071e+00 -4.307803e+00 -1.214640e+00 2.329934e-01 2.150690e+00 1.901833e+00 -1.175249e-01 -1.422385e+00 -7.945464e-01 -9.567336e-01 -7.899165e-01 7.933428e-01 1.459350e+00 3.420465e-01 5.093030e-02 -4.477558e-02
<VARIANCE> 25
 9.830298e+00 1.998613e+01 2.759661e+01 3.532945e+01 3.812167e+01 3.680676e+01 3.355379e+01 3.949635e+01 4.196192e+01 3.888148e+01 2.628602e+01 2.927961e+01 6.854947e-01 1.253130e+00 1.566623e+00 2.506536e+00 2.351988e+00 2.366923e+00 2.643131e+00 3.011347e+00 2.648034e+00 2.551988e+00 2.313638e+00 1.976071e+00 9.443130e-04
<GCONST> 8.806149e+01
<MIXTURE> 44 7.328289e-03
<MEAN> 25
 -1.444621e+01 2.334823e+00 3.020869e+00 -3.261329e+00 4.407155e+00 9.903368e-01 4.247526e-01 3.056176e+00 1.072497e+00 -1.087810e+00 1.337888e+00 1.547761e+00 -1.758494e-01 1.024728e-01 1.719366e-01 1.644640e-01 -2.048910e-01 1.224375e-01 4.817277e-01 -4.702299e-02 2.244799e-01 1.878850e-01 9.452815e-02 1.856891e-01 3.556610e-03
<VARIANCE> 25
 4.257819e+01 3.439995e+01 3.314103e+01 2.901210e+01 3.333638e+01 3.495068e+01 2.777438e+01 3.318261e+01 3.028957e+01 2.700649e+01 2.571403e+01 2.025322e+01 1.101506e+00 1.625121e+00 1.367652e+00 1.293747e+00 2.029741e+00 1.818928e+00 1.459353e+00 1.677213e+00 1.485771e+00 1.410790e+00 1.227971e+00 1.360016e+00 1.155123e-03
<GCONST> 8.479735e+01
<MIXTURE> 45 1.364932e-02
<MEAN> 25
 -9.438104e+00 6.454670e+00 -3.266526e+00 1.276729e+00 6.718683e+00 -2.719016e+00 5.403244e+00 3.777830e+00 3.349713e+00 2.193146e+00 -3.241743e-01 1.190854e+00 -3.186553e+00 8.657996e-01 -4.808777e-01 -7.588457e-01 5.966422e-01 -4.360171e-02 1.708153e-01 -3.461483e-01 -2.780786e-01 -2.268572e-01 1.254718e-01 7.009634e-02 9.841900e-02
<VARIANCE> 25
 4.277498e+01 2.624052e+01 3.745910e+01 2.865270e+01 2.220677e+01 2.053313e+01 2.658831e+01 2.324374e+01 3.293206e+01 3.466996e+01 1.704323e+01 1.143668e+01 2.073674e+00 3.916158e+00 1.847215e+00 2.057058e+00 1.783342e+00 2.004019e+00 1.563297e+00 1.662686e+00 2.491114e+00 2.974887e+00 1.634401e+00 1.652546e+00 2.796767e-03
<GCONST> 8.758604e+01
<MIXTURE> 46 9.336259e-03
<MEAN> 25
 -8.520942e+00 3.112810e+00 3.588598e-01 6.864523e+00 6.032836e+00 1.952745e+00 7.214019e+00 4.614707e+00 5.183980e+00 5.153963e+00 4.043334e+00 3.274819e+00 1.060025e+00 -2.204828e-01 1.852387e-01 8.831865e-01 5.602739e-01 8.831446e-01 3.207431e-01 7.362946e-01 4.485351e-01 5.847839e-01 6.028126e-01 6.237572e-01 -9.581101e-02
<VARIANCE> 25
 3.469766e+01 4.216872e+01 3.715736e+01 4.555959e+01 4.710449e+01 4.824785e+01 3.547170e+01 3.358560e+01 3.187171e+01 2.882919e+01 3.062764e+01 2.057508e+01 3.452942e+00 3.771465e+00 3.680654e+00 3.694536e+00 3.720711e+00 3.449314e+00 3.414138e+00 2.980918e+00 2.854085e+00 2.794553e+00 2.198146e+00 2.003427e+00 7.340023e-03
<GCONST> 9.744347e+01
<MIXTURE> 47 7.116147e-03
<MEAN> 25
 6.485775e+00 -7.980846e+00 -6.753674e+00 -5.891177e+00 4.786178e-01 1.405855e+00 -3.113997e+00 8.211520e-01 3.966537e+00 -2.187713e-01 -3.957914e+00 -7.058461e+00 -1.775135e-01 -1.180365e+00 -7.038291e-01 -4.970748e-01 5.720208e-01 8.798327e-01 7.877182e-01 3.445049e-01 2.520923e-01 -8.638847e-01 -4.703939e-01 -4.553050e-01 2.806001e-02
<VARIANCE> 25
 1.317680e+01 2.108532e+01 2.414831e+01 3.154671e+01 3.760550e+01 4.876699e+01 4.787340e+01 3.873022e+01 5.023769e+01 4.190350e+01 4.488852e+01 3.043602e+01 5.052090e-01 7.745232e-01 1.037480e+00 1.505107e+00 1.991859e+00 2.006074e+00 2.163611e+00 2.514131e+00 2.343019e+00 2.495645e+00 2.065478e+00 1.927789e+00 5.980876e-04
<GCONST> 8.643326e+01
<MIXTURE> 48 7.116147e-03
<MEAN> 25
 6.485775e+00 -7.980846e+00 -6.753674e+00 -5.891177e+00 4.786178e-01 1.405855e+00 -3.113997e+00 8.211520e-01 3.966537e+00 -2.187713e-01 -3.957914e+00 -7.058461e+00 -1.775135e-01 -1.180365e+00 -7.038291e-01 -4.970748e-01 5.720208e-01 8.798327e-01 7.877182e-01 3.445049e-01 2.520923e-01 -8.638847e-01 -4.703939e-01 -4.553050e-01 2.806001e-02
<VARIANCE> 25
 1.317680e+01 2.108532e+01 2.414831e+01 3.154671e+01 3.760550e+01 4.876699e+01 4.787340e+01 3.873022e+01 5.023769e+01 4.190350e+01 4.488852e+01 3.043602e+01 5.052090e-01 7.745232e-01 1.037480e+00 1.505107e+00 1.991859e+00 2.006074e+00 2.163611e+00 2.514131e+00 2.343019e+00 2.495645e+00 2.065478e+00 1.927789e+00 5.980876e-04
<GCONST> 8.643326e+01
<MIXTURE> 49 5.548473e-03
<MEAN> 25
 -4.091822e+00 2.380807e+00 -1.056823e+00 7.498020e+00 6.887405e+00 3.554910e+00 6.921607e+00 5.456240e+00 3.843407e+00 3.945832e+00 3.167098e+00 3.220773e+00 2.601956e-01 5.387437e-01 7.733128e-01 4.834136e-01 -2.869821e-01 -7.620406e-01 -9.887577e-01 -9.930357e-01 -8.257977e-01 -7.282659e-01 -4.222640e-01 -2.138601e-01 3.563058e-04
<VARIANCE> 25
 9.091680e+00 1.566364e+01 1.374735e+01 1.404091e+01 1.502271e+01 2.188101e+01 1.645681e+01 1.901696e+01 1.762537e+01 1.550567e+01 2.293012e+01 1.160574e+01 2.312666e-01 2.433798e-01 3.045231e-01 5.691835e-01 7.819638e-01 1.010617e+00 9.407789e-01 1.067359e+00 1.084214e+00 1.006035e+00 1.054860e+00 1.028527e+00 1.395054e-05
<GCONST> 6.303148e+01
<MIXTURE> 50 6.234641e-03
<MEAN> 25
 -4.235318e+00 1.237623e+00 -1.968063e+00 5.732212e+00 4.911395e+00 1.616999e+00 4.947795e+00 2.788957e+00 2.437804e+00 1.769016e+00 1.556131e+00 2.868187e+00 7.082891e-02 1.717701e-01 1.255009e-01 -1.467935e-01 -5.637774e-01 -5.670601e-01 -4.492185e-01 -1.025950e-01 4.536364e-01 7.337354e-01 7.593624e-01 4.120027e-01 2.954329e-04
<VARIANCE> 25
 9.970757e+00 1.566181e+01 1.370991e+01 1.510383e+01 1.655422e+01 1.799085e+01 2.588273e+01 2.135084e+01 1.690778e+01 1.621008e+01 2.211296e+01 1.321908e+01 1.265214e-01 2.439750e-01 3.816880e-01 6.040529e-01 5.517650e-01 7.055647e-01 8.697932e-01 1.033701e+00 1.117248e+00 8.847039e-01 8.839973e-01 8.994032e-01 1.401777e-06
<GCONST> 5.991952e+01
<MIXTURE> 51 6.234641e-03
<MEAN> 25
 -4.235318e+00 1.237623e+00 -1.968063e+00 5.732212e+00 4.911395e+00 1.616999e+00 4.947795e+00 2.788957e+00 2.437804e+00 1.769016e+00 1.556131e+00 2.868187e+00 7.082891e-02 1.717701e-01 1.255009e-01 -1.467935e-01 -5.637774e-01 -5.670601e-01 -4.492185e-01 -1.025950e-01 4.536364e-01 7.337354e-01 7.593624e-01 4.120027e-01 2.954329e-04
<VARIANCE> 25
 9.970757e+00 1.566181e+01 1.370991e+01 1.510383e+01 1.655422e+01 1.799085e+01 2.588273e+01 2.135084e+01 1.690778e+01 1.621008e+01 2.211296e+01 1.321908e+01 1.265214e-01 2.439750e-01 3.816880e-01 6.040529e-01 5.517650e-01 7.055647e-01 8.697932e-01 1.033701e+00 1.117248e+00 8.847039e-01 8.839973e-01 8.994032e-01 1.401777e-06
<GCONST> 5.991952e+01
<MIXTURE> 52 6.367945e-03
<MEAN> 25
 8.743409e+00 -1.296185e+00 -4.842508e+00 -1.389784e+01 -5.599694e+00 1.289334e+01 -2.655294e+00 -4.999784e+00 -2.714220e+00 -1.664486e+00 4.373529e+00 8.879630e-02 -3.007103e-01 -2.815397e-01 -1.765549e-01 9.212641e-01 1.530383e+00 -5.300437e-01 -8.012608e-01 -7.778862e-01 5.182340e-01 1.210955e+00 3.460204e-01 -7.786766e-01 -1.423710e-02
<VARIANCE> 25
 8.937672e+00 2.998002e+01 2.232209e+01 2.854357e+01 4.097415e+01 4.517843e+01 3.275993e+01 3.755373e+01 3.665457e+01 4.132444e+01 3.412851e+01 2.435243e+01 4.127915e-01 1.195179e+00 9.573160e-01 2.008176e+00 1.964985e+00 2.156032e+00 3.156392e+00 2.104198e+00 2.613006e+00 2.327369e+00 2.432871e+00 1.742324e+00 1.116150e-03
<GCONST> 8.641492e+01
<MIXTURE> 53 6.367945e-03
<MEAN> 25
 8.743409e+00 -1.296185e+00 -4.842508e+00 -1.389784e+01 -5.599694e+00 1.289334e+01 -2.655294e+00 -4.999784e+00 -2.714220e+00 -1.664486e+00 4.373529e+00 8.879630e-02 -3.007103e-01 -2.815397e-01 -1.765549e-01 9.212641e-01 1.530383e+00 -5.300437e-01 -8.012608e-01 -7.778862e-01 5.182340e-01 1.210955e+00 3.460204e-01 -7.786766e-01 -1.423710e-02
<VARIANCE> 25
 8.937672e+00 2.998002e+01 2.232209e+01 2.854357e+01 4.097415e+01 4.517843e+01 3.275993e+01 3.755373e+01 3.665457e+01 4.132444e+01 3.412851e+01 2.435243e+01 4.127915e-01 1.195179e+00 9.573160e-01 2.008176e+00 1.964985e+00 2.156032e+00 3.156392e+00 2.104198e+00 2.613006e+00 2.327369e+00 2.432871e+00 1.742324e+00 1.116150e-03
<GCONST> 8.641492e+01
<MIXTURE> 54 7.368620e-03
<MEAN> 25
 -3.507853e+00 7.975815e-01 -9.411154e-01 7.665624e+00 6.955041e+00 4.164310e+00 5.076046e+00 5.063073e+00 3.759925e+00 3.773940e+00 4.042526e+00 2.327202e+00 -1.284843e-02 2.664305e-02 5.038739e-02 1.894180e-02 7.059716e-02 2.475550e-02 3.614000e-02 -1.144059e-02 -5.601390e-02 -3.203254e-02 3.224981e-02 -6.517297e-03 -7.706501e-05
<VARIANCE> 25
 8.671390e+00 1.559280e+01 9.287050e+00 1.877364e+01 1.533885e+01 1.468494e+01 1.262293e+01 1.302514e+01 1.146337e+01 1.308598e+01 1.825322e+01 1.195980e+01 3.948057e-02 8.476853e-02 1.478952e-01 2.320468e-01 3.179399e-01 3.782076e-01 4.571876e-01 5.641432e-01 6.071658e-01 5.361269e-01 5.077059e-01 4.831778e-01 1.083614e-06
<GCONST> 4.812310e+01
<MIXTURE> 55 7.368620e-03
<MEAN> 25
 -3.507853e+00 7.975815e-01 -9.411154e-01 7.665624e+00 6.955041e+00 4.164310e+00 5.076046e+00 5.063073e+00 3.759925e+00 3.773940e+00 4.042526e+00 2.327202e+00 -1.284843e-02 2.664305e-02 5.038739e-02 1.894180e-02 7.059716e-02 2.475550e-02 3.614000e-02 -1.144059e-02 -5.601390e-02 -3.203254e-02 3.224981e-02 -6.517297e-03 -7.706501e-05
<VARIANCE> 25
 8.671390e+00 1.559280e+01 9.287050e+00 1.877364e+01 1.533885e+01 1.468494e+01 1.262293e+01 1.302514e+01 1.146337e+01 1.308598e+01 1.825322e+01 1.195980e+01 3.948057e-02 8.476853e-02 1.478952e-01 2.320468e-01 3.179399e-01 3.782076e-01 4.571876e-01 5.641432e-01 6.071658e-01 5.361269e-01 5.077059e-01 4.831778e-01 1.083614e-06
<GCONST> 4.812310e+01
<MIXTURE> 56 6.132464e-03
<MEAN> 25
 6.357978e+00 -7.936542e+00 -7.716395e+00 -7.765107e+00 1.564404e+00 6.353763e+00 -2.173118e+00 -2.063466e+00 5.353831e+00 8.067126e-01 -2.455287e+00 -7.767044e+00 -3.352384e-02 5.607935e-02 -9.518285e-02 -9.519695e-02 3.898914e-01 -6.814177e-02 6.729689e-02 2.828947e-02 -8.779393e-02 1.058050e-01 -2.093818e-01 -1.426678e-01 -1.036869e-02
<VARIANCE> 25
 8.830386e+00 2.504899e+01 1.779512e+01 3.734151e+01 3.592305e+01 5.239220e+01 4.387408e+01 3.106077e+01 5.290260e+01 2.754244e+01 3.298081e+01 3.052025e+01 2.453229e-01 3.635175e-01 4.461752e-01 6.454603e-01 7.877719e-01 1.449300e+00 7.680230e-01 9.522524e-01 7.052079e-01 7.270873e-01 1.010491e+00 6.367931e-01 1.857758e-04
<GCONST> 7.325879e+01
<MIXTURE> 57 6.132464e-03
<MEAN> 25
 6.357978e+00 -7.936542e+00 -7.716395e+00 -7.765107e+00 1.564404e+00 6.353763e+00 -2.173118e+00 -2.063466e+00 5.353831e+00 8.067126e-01 -2.455287e+00 -7.767044e+00 -3.352384e-02 5.607935e-02 -9.518285e-02 -9.519695e-02 3.898914e-01 -6.814177e-02 6.729689e-02 2.828947e-02 -8.779393e-02 1.058050e-01 -2.093818e-01 -1.426678e-01 -1.036869e-02
<VARIANCE> 25
 8.830386e+00 2.504899e+01 1.779512e+01 3.734151e+01 3.592305e+01 5.239220e+01 4.387408e+01 3.106077e+01 5.290260e+01 2.754244e+01 3.298081e+01 3.052025e+01 2.453229e-01 3.635175e-01 4.461752e-01 6.454603e-01 7.877719e-01 1.449300e+00 7.680230e-01 9.522524e-01 7.052079e-01 7.270873e-01 1.010491e+00 6.367931e-01 1.857758e-04
<GCONST> 7.325879e+01
<MIXTURE> 58 6.172147e-03
<MEAN> 25
 1.893450e+00 -4.370549e+00 6.899833e+00 -3.822466e+00 -1.318504e+01 -4.515518e+00 -6.655895e-01 4.514094e-01 -8.737220e-01 5.027087e-02 1.819789e+00 -2.360149e-01 -1.641916e-02 -7.601898e-02 -1.090969e-01 -2.371976e-01 6.618552e-03 1.387952e-01 3.709028e-01 3.558650e-01 -4.339326e-02 1.260663e-01 -8.246294e-02 -1.992121e-01 -8.039443e-03
<VARIANCE> 25
 6.425971e+00 1.739240e+01 1.705943e+01 2.389240e+01 2.264367e+01 4.035229e+01 4.007119e+01 3.059513e+01 4.001925e+01 2.837970e+01 2.439817e+01 1.598545e+01 3.320134e-01 8.220294e-01 7.701727e-01 9.200051e-01 9.422100e-01 1.135347e+00 1.141542e+00 1.140692e+00 9.564635e-01 9.275377e-01 8.217496e-01 9.265735e-01 8.556237e-04
<GCONST> 7.483619e+01
<MIXTURE> 59 6.172147e-03
<MEAN> 25
 1.893450e+00 -4.370549e+00 6.899833e+00 -3.822466e+00 -1.318504e+01 -4.515518e+00 -6.655895e-01 4.514094e-01 -8.737220e-01 5.027087e-02 1.819789e+00 -2.360149e-01 -1.641916e-02 -7.601898e-02 -1.090969e-01 -2.371976e-01 6.618552e-03 1.387952e-01 3.709028e-01 3.558650e-01 -4.339326e-02 1.260663e-01 -8.246294e-02 -1.992121e-01 -8.039443e-03
<VARIANCE> 25
 6.425971e+00 1.739240e+01 1.705943e+01 2.389240e+01 2.264367e+01 4.035229e+01 4.007119e+01 3.059513e+01 4.001925e+01 2.837970e+01 2.439817e+01 1.598545e+01 3.320134e-01 8.220294e-01 7.701727e-01 9.200051e-01 9.422100e-01 1.135347e+00 1.141542e+00 1.140692e+00 9.564635e-01 9.275377e-01 8.217496e-01 9.265735e-01 8.556237e-04
<GCONST> 7.483619e+01
<MIXTURE> 60 4.479129e-03
<MEAN> 25
 -4.244607e+00 -5.115368e-01 -1.178797e+00 3.676471e+00 1.850396e+00 1.929128e+00 1.723904e+00 1.593543e+00 2.051907e+00 1.363209e+00 2.229189e+00 1.944388e+00 -2.702656e-02 5.390737e-02 9.815802e-02 1.202540e-01 1.220663e-01 1.162421e-01 1.836683e-01 3.434475e-01 5.656769e-01 6.885706e-01 5.472892e-01 2.876644e-01 -4.325498e-04
<VARIANCE> 25
 6.803130e+00 5.321078e+00 1.042045e+01 1.106819e+01 1.390583e+01 1.806693e+01 1.427253e+01 1.176066e+01 1.295517e+01 1.330892e+01 1.659852e+01 1.204168e+01 8.592421e-02 1.659915e-01 2.752733e-01 4.267557e-01 5.769964e-01 7.224877e-01 8.244660e-01 9.142752e-01 9.333289e-01 8.485389e-01 8.299006e-01 8.550719e-01 2.304322e-05
<GCONST> 5.657726e+01
<MIXTURE> 61 4.479129e-03
<MEAN> 25
 -4.244607e+00 -5.115368e-01 -1.178797e+00 3.676471e+00 1.850396e+00 1.929128e+00 1.723904e+00 1.593543e+00 2.051907e+00 1.363209e+00 2.229189e+00 1.944388e+00 -2.702656e-02 5.390737e-02 9.815802e-02 1.202540e-01 1.220663e-01 1.162421e-01 1.836683e-01 3.434475e-01 5.656769e-01 6.885706e-01 5.472892e-01 2.876644e-01 -4.325498e-04
<VARIANCE> 25
 6.803130e+00 5.321078e+00 1.042045e+01 1.106819e+01 1.390583e+01 1.806693e+01 1.427253e+01 1.176066e+01 1.295517e+01 1.330892e+01 1.659852e+01 1.204168e+01 8.592421e-02 1.659915e-01 2.752733e-01 4.267557e-01 5.769964e-01 7.224877e-01 8.244660e-01 9.142752e-01 9.333289e-01 8.485389e-01 8.299006e-01 8.550719e-01 2.304322e-05
<GCONST> 5.657726e+01
<MIXTURE> 62 3.278034e-03
<MEAN> 25
 -5.082444e+00 1.254869e+00 1.013023e+00 8.805611e+00 6.141188e+00 5.035180e+00 5.518704e+00 4.043469e+00 4.971394e+00 3.919501e+00 4.949612e+00 2.951537e+00 -1.000539e+00 -1.162952e+00 -9.517153e-01 -2.765215e-01 4.272256e-01 1.004534e+00 1.383287e+00 1.552977e+00 1.477918e+00 1.242399e+00 1.065199e+00 7.241635e-01 -1.259712e-03
<VARIANCE> 25
 9.880659e+00 1.001072e+01 1.316620e+01 1.677805e+01 1.743300e+01 1.759891e+01 1.981375e+01 1.915113e+01 1.891716e+01 1.870309e+01 2.163238e+01 1.478048e+01 4.043307e-01 4.367977e-01 5.541180e-01 7.790455e-01 1.035156e+00 1.190048e+00 1.252269e+00 1.278471e+00 1.329428e+00 1.367068e+00 1.399991e+00 1.371631e+00 1.640575e-05
<GCONST> 6.757739e+01
<MIXTURE> 63 4.351215e-03
<MEAN> 25
 -2.905508e+00 2.942953e+00 -5.170987e+00 2.799894e+00 5.931615e+00 -2.541771e+00 6.791099e+00 4.440768e+00 5.032592e-01 1.762738e+00 -2.116848e+00 3.205426e+00 2.257612e-02 2.405367e-01 2.373476e-01 4.076546e-01 4.965954e-01 4.051054e-01 3.631003e-01 2.509418e-01 1.579340e-01 1.494664e-01 1.549463e-01 -7.838278e-02 -6.659236e-03
<VARIANCE> 25
 7.017507e+00 1.624903e+01 1.340267e+01 1.157007e+01 1.719238e+01 1.758956e+01 2.301586e+01 1.984204e+01 1.916300e+01 2.001736e+01 1.529687e+01 1.667960e+01 2.204746e-01 3.250565e-01 4.903576e-01 6.457433e-01 9.806964e-01 8.767720e-01 1.265644e+00 1.560663e+00 1.414716e+00 1.513153e+00 1.106066e+00 1.053985e+00 1.520512e-04
<GCONST> 6.792162e+01
<MIXTURE> 64 4.351215e-03
<MEAN> 25
 -2.905508e+00 2.942953e+00 -5.170987e+00 2.799894e+00 5.931615e+00 -2.541771e+00 6.791099e+00 4.440768e+00 5.032592e-01 1.762738e+00 -2.116848e+00 3.205426e+00 2.257612e-02 2.405367e-01 2.373476e-01 4.076546e-01 4.965954e-01 4.051054e-01 3.631003e-01 2.509418e-01 1.579340e-01 1.494664e-01 1.549463e-01 -7.838278e-02 -6.659236e-03
<VARIANCE> 25
 7.017507e+00 1.624903e+01 1.340267e+01 1.157007e+01 1.719238e+01 1.758956e+01 2.301586e+01 1.984204e+01 1.916300e+01 2.001736e+01 1.529687e+01 1.667960e+01 2.204746e-01 3.250565e-01 4.903576e-01 6.457433e-01 9.806964e-01 8.767720e-01 1.265644e+00 1.560663e+00 1.414716e+00 1.513153e+00 1.106066e+00 1.053985e+00 1.520512e-04
<GCONST> 6.792162e+01
<MIXTURE> 65 1.721197e-02
<MEAN> 25
 7.351015e+00 9.976329e-01 2.321576e+00 1.953197e+00 -5.078900e+00 -4.819677e+00 -4.410306e+00 -5.314348e+00 -5.386489e+00 -1.089565e+00 -5.306286e+00 -1.478696e+00 1.470049e-01 4.969788e-02 9.645797e-02 6.623631e-02 -1.386560e-01 2.158117e-01 1.816773e-02 -1.118799e-01 -2.934899e-02 4.289663e-02 -1.145026e-01 2.903535e-02 -6.761816e-04
<VARIANCE> 25
 1.037971e+01 2.602214e+01 2.482453e+01 3.807217e+01 3.676173e+01 6.008961e+01 5.510562e+01 6.168387e+01 6.560168e+01 5.400214e+01 4.996482e+01 4.636541e+01 4.974875e-01 8.939338e-01 1.498422e+00 1.787057e+00 1.915540e+00 2.284077e+00 2.340674e+00 2.507833e+00 2.701116e+00 2.341859e+00 2.478150e+00 2.196295e+00 5.685169e-04
<GCONST> 8.963602e+01
<MIXTURE> 66 1.191532e-02
<MEAN> 25
 5.699253e+00 -4.206234e+00 -5.129525e+00 -4.301400e+00 7.173482e-01 -4.222106e+00 -6.069232e+00 5.070843e-01 2.495945e+00 -1.006958e+00 -5.248770e+00 -3.918954e+00 -1.657556e-01 1.780321e+00 1.749316e+00 2.256431e+00 -9.009623e-01 -1.667565e+00 4.434257e-01 -6.313909e-01 -2.188388e-01 -7.531359e-02 -4.252750e-01 1.400340e+00 -6.187454e-02
<VARIANCE> 25
 1.063202e+01 2.226045e+01 2.484694e+01 3.009682e+01 3.260484e+01 5.017666e+01 5.452139e+01 4.385922e+01 5.591207e+01 5.719293e+01 3.402530e+01 3.380998e+01 1.177656e+00 2.297371e+00 2.514514e+00 1.998738e+00 4.122986e+00 4.076022e+00 3.912515e+00 4.826849e+00 3.521512e+00 4.166197e+00 3.626914e+00 3.759734e+00 1.510056e-03
<GCONST> 9.550141e+01
<MIXTURE> 67 1.559142e-02
<MEAN> 25
 7.598901e+00 1.302817e+00 -5.472291e+00 -6.888855e+00 1.361353e+00 3.227837e+00 -3.923352e+00 -4.127199e+00 -2.546601e+00 1.813067e+00 2.341048e-01 -2.477268e+00 -7.607533e-01 2.002171e+00 5.563936e-01 2.563938e+00 1.444609e+00 -1.459753e+00 1.645113e+00 5.084000e-01 -7.359487e-02 4.080446e-01 -9.175594e-01 6.982763e-01 -1.198139e-01
<VARIANCE> 25
 1.149436e+01 3.623883e+01 2.822139e+01 5.036168e+01 3.824476e+01 6.414216e+01 5.410390e+01 4.468675e+01 5.269411e+01 4.360566e+01 4.720806e+01 3.733908e+01 1.619687e+00 2.653080e+00 2.753548e+00 3.652776e+00 3.522679e+00 4.400229e+00 3.730242e+00 3.889401e+00 4.185278e+00 3.774494e+00 5.160202e+00 2.676933e+00 2.450676e-03
<GCONST> 9.860425e+01
<MIXTURE> 68 1.485092e-02
<MEAN> 25
 -2.590524e+00 -6.772318e-01 -3.609192e+00 1.579254e+00 6.419842e+00 -1.730458e+00 2.665485e+00 9.986753e-01 3.001928e+00 1.380975e+00 -1.862864e-01 1.928675e+00 2.619541e+00 1.263303e-01 5.308534e-01 -1.985686e+00 -2.469788e+00 -9.511543e-01 -3.070974e+00 -2.041759e+00 -1.279271e+00 -1.253509e+00 -1.365405e+00 -1.095596e+00 1.017694e-01
<VARIANCE> 25
 2.208606e+01 4.023328e+01 4.879358e+01 4.640327e+01 4.244390e+01 4.775190e+01 4.697367e+01 5.944252e+01 4.404743e+01 3.765147e+01 3.150260e+01 2.136460e+01 1.762067e+00 3.974889e+00 6.294952e+00 6.087116e+00 5.224707e+00 7.108171e+00 6.108145e+00 4.694633e+00 4.495618e+00 5.260500e+00 6.207551e+00 3.453973e+00 5.094261e-03
<GCONST> 1.034479e+02
<MIXTURE> 69 1.204884e-02
<MEAN> 25
 4.666667e+00 -4.215543e+00 -3.521638e+00 -3.574299e+00 -3.492297e+00 -7.849024e+00 -1.111772e+00 2.202535e+00 -3.745938e-01 -4.694451e+00 -5.669441e+00 9.409292e-01 1.665500e+00 -2.226564e+00 -1.330522e+00 -2.225949e+00 -5.206087e-01 -3.487465e-01 -4.707332e-01 6.189589e-01 -6.394899e-01 -1.447043e+00 -2.188416e+00 -1.714020e-01 6.223473e-02
<VARIANCE> 25
 8.849957e+00 2.199397e+01 2.690629e+01 2.638116e+01 4.289361e+01 3.590496e+01 4.881902e+01 3.157496e+01 3.994215e+01 3.803580e+01 3.098765e+01 2.461250e+01 3.554716e+00 2.920881e+00 3.346139e+00 3.750966e+00 5.778398e+00 5.064966e+00 7.087019e+00 6.054178e+00 5.942114e+00 5.871885e+00 4.376168e+00 3.682607e+00 2.454783e-03
<GCONST> 9.875378e+01
<MIXTURE> 70 1.329190e-02
<MEAN> 25
 4.880507e+00 -2.774315e+00 -2.815947e+00 -3.169326e+00 -6.277454e-01 6.421462e-01 -1.014400e+01 -6.475586e+00 2.267395e+00 2.325894e+00 1.803847e+00 -5.894505e+00 1.992079e+00 -1.945868e+00 -1.387229e-01 -1.790566e+00 -2.712579e+00 1.938052e+00 -2.110523e+00 -2.160886e-01 -1.053768e-01 1.397959e-01 1.236133e+00 -1.587854e+00 6.536427e-02
<VARIANCE> 25
 1.257509e+01 2.027649e+01 1.878292e+01 4.501522e+01 3.270383e+01 4.033336e+01 4.960138e+01 4.091557e+01 4.521484e+01 2.866524e+01 3.691029e+01 2.453244e+01 2.450348e+00 4.181676e+00 4.352436e+00 3.727940e+00 6.198625e+00 6.085855e+00 6.045619e+00 5.383977e+00 5.478072e+00 4.450772e+00 4.409009e+00 2.902754e+00 1.775905e-03
<GCONST> 9.864014e+01
<MIXTURE> 71 1.406903e-02
<MEAN> 25
 5.169678e+00 3.567077e+00 4.773781e+00 3.069178e+00 -2.775004e+00 -4.173102e+00 -2.072295e+00 -6.420700e+00 -5.826105e+00 -2.103445e+00 -4.787293e+00 -1.705839e+00 -1.549974e+00 -4.585347e-01 2.149398e-02 -2.259166e+00 1.083877e+00 5.111568e-01 -4.529096e-01 8.334902e-01 8.141029e-01 -5.645075e-01 6.960914e-01 1.926752e-01 3.903028e-02
<VARIANCE> 25
 1.618742e+01 2.846660e+01 1.991114e+01 3.822080e+01 3.273763e+01 4.392886e+01 3.513582e+01 3.417671e+01 4.729079e+01 3.458833e+01 3.558438e+01 3.058946e+01 1.535606e+00 2.577023e+00 4.421133e+00 4.157925e+00 3.866472e+00 5.604180e+00 5.501628e+00 5.232161e+00 5.309885e+00 3.382378e+00 3.421100e+00 2.532062e+00 1.302459e-03
<GCONST> 9.659515e+01
<MIXTURE> 72 8.134747e-03
<MEAN> 25
 3.791246e+00 -3.701097e+00 5.397298e+00 -2.299740e+00 -1.030112e+01 -9.501794e+00 -2.442020e+00 1.938351e+00 -4.880121e+00 -2.136132e+00 -1.855053e+00 6.066577e-01 9.298135e-01 -7.834510e-01 -2.542162e+00 4.627715e-01 2.113140e+00 -6.479664e-01 -1.283607e+00 1.523085e+00 1.762048e+00 -5.767778e-01 -1.277978e+00 3.664524e-01 -6.226539e-03
<VARIANCE> 25
 1.069542e+01 2.027301e+01 3.276138e+01 3.895255e+01 3.264223e+01 3.392664e+01 4.060352e+01 3.584626e+01 4.516478e+01 4.121682e+01 3.856272e+01 2.814514e+01 4.325989e-01 1.021389e+00 2.061452e+00 1.508406e+00 2.183043e+00 2.518694e+00 3.082947e+00 2.687475e+00 2.789491e+00 2.977072e+00 2.040489e+00 2.170467e+00 5.380755e-04
<GCONST> 8.750341e+01
<MIXTURE> 73 1.213625e-02
<MEAN> 25
 -5.435004e+00 -3.130493e-01 -1.445521e+00 4.954771e+00 4.855830e+00 1.667089e+00 6.465591e+00 3.853681e+00 4.630166e+00 2.667533e+00 3.140090e+00 3.385359e+00 6.610174e-01 -1.232528e+00 -1.746145e-01 -2.397480e+00 -1.558410e+00 -1.479483e+00 -1.321401e+00 -8.773941e-01 -6.609061e-01 -1.073010e+00 -7.081630e-01 -9.504286e-02 1.493821e-01
<VARIANCE> 25
 1.139654e+01 1.371680e+01 1.367297e+01 2.023520e+01 2.264902e+01 2.410393e+01 2.153622e+01 1.862847e+01 2.169454e+01 1.924657e+01 2.532692e+01 1.430801e+01 3.632633e+00 2.839008e+00 8.557954e+00 4.326501e+00 6.505620e+00 4.370471e+00 5.211857e+00 5.072679e+00 4.039169e+00 4.248912e+00 3.728549e+00 2.664987e+00 4.146874e-03
<GCONST> 9.306660e+01
<MIXTURE> 74 1.756491e-02
<MEAN> 25
 3.339686e+00 -2.553322e+00 4.805389e+00 1.346136e+00 -8.009235e+00 -7.510759e+00 -3.024115e+00 1.650363e+00 -3.618228e+00 -2.009687e+00 3.134017e-02 4.259559e-01 2.485314e-01 1.846456e+00 -7.165397e-01 1.730289e+00 1.413646e+00 -8.440291e-01 1.338576e+00 -6.877826e-01 -6.031755e-01 5.200590e-01 -1.160364e+00 1.523965e-01 -6.917933e-02
<VARIANCE> 25
 9.186976e+00 1.963995e+01 2.824629e+01 3.289346e+01 3.078762e+01 3.104742e+01 5.384471e+01 4.824660e+01 5.566455e+01 3.689150e+01 3.184776e+01 2.533246e+01 1.618193e+00 1.639921e+00 2.917242e+00 2.780253e+00 3.161994e+00 3.611086e+00 3.931052e+00 4.121144e+00 5.145994e+00 3.756173e+00 2.927523e+00 2.175299e+00 1.511034e-03
<GCONST> 9.362933e+01
<MIXTURE> 75 9.711651e-03
<MEAN> 25
 1.735361e+00 -3.241645e+00 9.927927e+00 1.197232e+00 -1.048212e+01 -3.921369e+00 -8.043834e+00 -2.093008e+00 -1.644889e+00 -5.195102e+00 3.582656e+00 3.480127e-01 1.173602e+00 -2.097272e+00 4.862179e-01 1.761306e-01 -2.912110e+00 2.141784e-01 -1.565384e+00 1.125352e+00 -7.234561e-02 -4.071433e-01 1.606512e+00 -6.403543e-01 4.334712e-02
<VARIANCE> 25
 9.745577e+00 1.785917e+01 2.963280e+01 2.600263e+01 2.205454e+01 3.806245e+01 4.442554e+01 2.982503e+01 3.574552e+01 4.066966e+01 2.120919e+01 1.354801e+01 1.958214e+00 2.204428e+00 3.292859e+00 2.563121e+00 4.177254e+00 3.424567e+00 3.317805e+00 2.461916e+00 4.779040e+00 3.015455e+00 2.103335e+00 1.738995e+00 1.632718e-03
<GCONST> 9.052149e+01
<MIXTURE> 76 1.052359e-02
<MEAN> 25
 -4.454734e+00 3.216681e+00 -3.731616e+00 3.216113e+00 6.860168e+00 -1.140698e+00 7.326228e+00 5.525355e+00 8.728116e-01 1.762143e+00 -3.249165e-01 3.130674e+00 -2.302573e-01 -5.043517e-01 -1.058917e-01 -4.156960e-01 -3.513865e-01 -5.564903e-01 -6.476300e-01 -5.960698e-01 -2.683322e-01 -5.917892e-01 -4.457881e-01 -1.108912e-01 1.114398e-02
<VARIANCE> 25
 2.038717e+01 2.551278e+01 1.761244e+01 1.534298e+01 2.221459e+01 2.286194e+01 2.299154e+01 2.552595e+01 2.396713e+01 2.100080e+01 1.908256e+01 1.624709e+01 7.724449e-01 9.539520e-01 9.924818e-01 9.264054e-01 1.342426e+00 1.403520e+00 1.770501e+00 1.756668e+00 1.970072e+00 1.503078e+00 1.377641e+00 1.552850e+00 9.936683e-04
<GCONST> 7.867400e+01
<MIXTURE> 77 1.244626e-02
<MEAN> 25
 -4.658619e-01 7.578794e+00 1.264159e+01 -1.125438e+01 -7.008126e+00 1.493608e+00 -9.883735e+00 -6.843969e+00 -3.256042e+00 -7.194751e-01 -4.112704e+00 -1.313668e+00 5.728374e-02 9.966446e-02 1.280107e-01 2.375721e-01 -2.856969e-02 1.063936e-01 -1.128838e-01 -4.121934e-02 8.045425e-02 -1.276635e-01 9.815504e-02 6.709173e-02 -7.497272e-03
<VARIANCE> 25
 9.885892e+00 3.047738e+01 2.609845e+01 4.029281e+01 3.101737e+01 3.483030e+01 3.962477e+01 3.248746e+01 3.354700e+01 3.426938e+01 3.860698e+01 3.270856e+01 2.831225e-01 8.245116e-01 6.709539e-01 1.024143e+00 1.163287e+00 9.662977e-01 1.246870e+00 1.068815e+00 9.815055e-01 1.110890e+00 9.665902e-01 8.917936e-01 6.152485e-04
<GCONST> 7.806532e+01
<MIXTURE> 78 9.702551e-03
<MEAN> 25
 -7.770079e+00 4.012739e+00 -2.923181e+00 2.592360e+00 4.925032e+00 -4.590638e+00 6.019859e+00 3.869103e+00 1.787108e+00 2.786194e+00 -1.829816e+00 4.101876e+00 1.612860e+00 -1.826929e-01 1.466012e-01 5.455938e-01 1.758716e-01 2.910519e-01 -3.804239e-01 1.200610e-02 3.623602e-01 2.205724e-01 -2.179317e-01 -3.392531e-01 -4.544118e-02
<VARIANCE> 25
 3.633134e+01 3.486926e+01 2.548119e+01 2.135399e+01 3.655333e+01 3.904616e+01 3.211421e+01 3.042939e+01 2.614728e+01 3.074334e+01 2.364955e+01 2.124167e+01 3.325956e+00 2.384265e+00 2.141551e+00 2.112411e+00 2.219271e+00 2.622884e+00 3.863935e+00 2.595267e+00 2.488921e+00 2.448559e+00 2.272737e+00 2.759792e+00 3.150920e-03
<GCONST> 9.197761e+01
<MIXTURE> 79 1.156824e-02
<MEAN> 25
 2.069403e+00 -1.916118e+00 1.072952e+01 -3.883978e+00 -1.089778e+01 2.439295e-01 -5.476898e+00 -4.082780e+00 -4.920794e+00 -2.983973e+00 2.933910e-02 -2.373811e+00 1.305693e+00 -5.627845e-01 -1.788247e+00 2.722602e+00 4.805213e-01 -2.100974e+00 1.610192e+00 1.245431e+00 -1.296370e+00 5.158663e-01 -3.645206e-01 1.293326e-01 -4.172450e-02
<VARIANCE> 25
 9.612844e+00 2.414396e+01 2.938953e+01 4.330236e+01 2.823095e+01 3.690686e+01 4.643342e+01 3.287769e+01 4.569080e+01 4.143331e+01 4.028899e+01 1.905823e+01 7.592441e-01 2.472295e+00 1.755425e+00 1.661891e+00 1.811069e+00 2.465297e+00 3.190905e+00 2.920305e+00 3.248857e+00 2.556987e+00 1.972157e+00 1.620061e+00 1.131258e-03
<GCONST> 8.893501e+01
<MIXTURE> 80 7.550998e-03
<MEAN> 25
 -1.457537e+01 4.006794e+00 6.743135e-01 2.856729e+00 2.479069e+00 1.402426e+00 6.420774e+00 2.512582e+00 2.697016e+00 2.368646e+00 4.832996e+00 1.204864e+00 4.277692e+00 -1.793419e-02 1.635142e+00 -1.127938e+00 -2.884076e+00 -2.769647e+00 -2.321196e+00 -2.021984e+00 -1.970270e+00 -1.686075e+00 -1.658603e+00 -6.025192e-01 -4.387253e-02
<VARIANCE> 25
 2.114035e+01 1.989381e+01 3.435535e+01 3.462188e+01 3.026459e+01 2.912920e+01 2.837176e+01 2.850788e+01 2.679014e+01 2.869632e+01 2.684846e+01 1.811237e+01 2.366215e+00 2.657650e+00 2.665666e+00 4.117279e+00 3.388985e+00 2.710429e+00 3.014493e+00 3.191899e+00 2.744867e+00 2.692571e+00 2.791405e+00 2.137761e+00 1.541153e-03
<GCONST> 9.140602e+01
<MIXTURE> 81 8.025434e-03
<MEAN> 25
 -1.055989e+00 3.360756e+00 1.037251e+01 -1.402456e+01 -8.726527e+00 -7.608311e-01 -7.294288e+00 -8.182899e+00 -4.123259e+00 -8.666848e-01 -6.888053e+00 -2.002057e+00 1.182704e-01 -6.418316e-01 4.088429e-02 -5.844126e-01 -5.405566e-01 4.197379e-01 1.711643e-01 1.996511e-01 -1.331754e-01 7.948247e-02 -3.050740e-01 -1.513265e-01 1.429716e-02
<VARIANCE> 25
 9.745127e+00 3.564841e+01 2.517975e+01 3.338658e+01 3.275208e+01 3.274132e+01 4.916183e+01 2.849170e+01 3.545720e+01 3.233109e+01 2.836881e+01 2.963305e+01 7.184741e-01 2.226762e+00 1.581088e+00 2.820627e+00 2.592949e+00 2.136904e+00 3.509354e+00 2.216617e+00 2.207964e+00 2.411510e+00 2.479784e+00 1.977490e+00 1.212897e-03
<GCONST> 8.880862e+01
<MIXTURE> 82 8.213053e-03
<MEAN> 25
 -9.893499e+00 -3.462920e+00 1.438512e+00 -2.941137e+00 3.602197e+00 2.658278e-01 2.008384e+00 6.669250e-01 3.126921e+00 1.547255e+00 1.577324e+00 2.998803e+00 -1.322465e+00 -1.256428e-01 2.651069e-01 -2.612164e+00 -9.881765e-01 -1.179311e+00 -1.114971e+00 -9.907506e-01 -1.976817e-01 -4.080653e-01 -2.399647e-01 -1.131173e-01 1.746393e-01
<VARIANCE> 25
 1.825469e+01 2.768418e+01 3.213132e+01 2.970557e+01 3.664693e+01 3.467887e+01 3.051372e+01 3.862883e+01 3.129090e+01 2.507582e+01 2.989237e+01 1.715533e+01 3.691992e+00 3.039635e+00 3.245844e+00 3.179962e+00 3.818079e+00 3.595520e+00 3.210670e+00 3.309401e+00 3.092431e+00 2.561132e+00 2.438051e+00 1.838887e+00 3.568147e-03
<GCONST> 9.382704e+01
<MIXTURE> 83 1.167529e-02
<MEAN> 25
 -1.865095e+01 6.127162e+00 -1.628694e+00 8.085032e-01 8.595509e+00 -1.968419e+00 6.170469e+00 3.386514e+00 4.595805e-01 2.964276e+00 1.547485e+00 1.669705e+00 1.673592e-01 -2.976328e-01 4.322100e-02 -2.720244e-01 -4.695604e-01 -5.698714e-02 9.073233e-02 -1.150188e-02 1.629670e-01 -9.761866e-02 2.411324e-02 -2.396951e-02 -5.216021e-03
<VARIANCE> 25
 1.068255e+01 1.287672e+01 2.190454e+01 2.001170e+01 1.690214e+01 1.975699e+01 1.958885e+01 2.221252e+01 1.788903e+01 1.912180e+01 2.306747e+01 1.405478e+01 8.957504e-01 8.238045e-01 1.338915e+00 8.770816e-01 1.099852e+00 1.249230e+00 1.252764e+00 1.685706e+00 1.205798e+00 9.727615e-01 1.137000e+00 1.032765e+00 8.849549e-04
<GCONST> 7.466914e+01
<MIXTURE> 84 1.066614e-02
<MEAN> 25
 1.462249e+00 8.544127e+00 6.649373e+00 7.791656e+00 2.364337e+00 -1.731563e+00 -1.067254e+00 -4.231390e+00 -4.142618e+00 -2.919922e+00 -2.596865e+00 -1.442550e+00 -1.668987e+00 -1.039072e+00 -1.144598e+00 1.059170e+00 2.201829e+00 1.345341e+00 1.389654e+00 1.397530e+00 1.116991e+00 3.107608e-01 4.465647e-01 5.414191e-01 -7.259741e-02
<VARIANCE> 25
 2.236913e+01 1.809278e+01 2.266451e+01 2.234690e+01 3.204973e+01 3.098871e+01 2.804650e+01 2.495534e+01 2.450069e+01 2.501599e+01 2.119568e+01 2.486654e+01 2.003621e+00 2.522177e+00 3.449246e+00 3.455207e+00 3.012144e+00 3.206497e+00 3.031934e+00 3.156710e+00 3.153889e+00 3.333835e+00 3.252072e+00 2.739876e+00 3.216696e-03
<GCONST> 9.174023e+01
<MIXTURE> 85 7.591393e-03
<MEAN> 25
 -2.803473e+00 7.783182e+00 5.787185e+00 1.459234e+00 -3.278675e+00 -5.408468e+00 -2.775490e+00 -6.143795e+00 -3.301131e+00 -3.242282e+00 -1.082520e+00 -1.587192e+00 3.851661e+00 1.536146e-01 1.865419e+00 -1.877733e+00 -3.444005e+00 -2.456524e+00 -2.938233e+00 -2.459405e+00 -2.032724e+00 -1.250041e+00 -2.270741e+00 -5.360358e-01 1.758707e-02
<VARIANCE> 25
 4.233904e+01 2.324263e+01 3.520452e+01 3.768130e+01 3.890632e+01 3.934203e+01 3.095260e+01 2.644760e+01 2.555783e+01 2.494178e+01 3.031086e+01 2.040000e+01 2.612030e+00 4.373922e+00 4.034867e+00 5.491388e+00 4.145440e+00 4.168207e+00 3.799180e+00 3.869061e+00 4.166147e+00 3.837406e+00 3.988811e+00 3.396612e+00 5.931731e-03
<GCONST> 9.827642e+01
<MIXTURE> 86 1.273941e-02
<MEAN> 25
 -4.896784e+00 -9.811022e-01 -9.095807e-01 6.290862e+00 5.144048e+00 4.475929e+00 5.462888e+00 4.610363e+00 4.540958e+00 3.973922e+00 5.166403e+00 2.724042e+00 -6.364336e-03 -8.973535e-04 -3.181301e-02 -6.012784e-02 -1.150751e-01 -1.756736e-01 -2.651243e-01 -3.376251e-01 -3.483536e-01 -3.167508e-01 -2.233815e-01 -1.085819e-01 -5.967086e-04
<VARIANCE> 25
 7.890563e+00 7.210191e+00 1.022706e+01 1.213302e+01 1.614693e+01 1.530062e+01 1.393689e+01 1.299967e+01 1.359020e+01 1.419845e+01 1.501806e+01 1.267717e+01 9.959764e-02 1.972841e-01 3.190060e-01 4.833410e-01 6.354126e-01 7.302206e-01 7.561602e-01 7.692387e-01 8.300232e-01 8.726808e-01 9.180016e-01 8.969035e-01 5.403073e-05
<GCONST> 5.857781e+01
<MIXTURE> 87 1.100681e-02
<MEAN> 25
 -2.599985e+00 4.563274e+00 2.108763e+00 6.391997e+00 6.466290e+00 -5.097641e-01 1.081192e+00 -1.229271e+00 -3.821576e-01 -2.532574e-01 -9.663845e-01 -4.087326e-03 -2.076533e+00 -2.742065e+00 -1.940476e+00 -2.150611e+00 3.318111e-01 2.343377e-01 2.961544e-01 7.039217e-01 1.455434e+00 8.435024e-01 9.287732e-01 8.780039e-01 1.050719e-01
<VARIANCE> 25
 3.514389e+01 2.504435e+01 3.168953e+01 3.099498e+01 3.453168e+01 3.629966e+01 3.091418e+01 2.879566e+01 2.343160e+01 2.438319e+01 2.088441e+01 2.114542e+01 3.535846e+00 2.715451e+00 3.773920e+00 3.294780e+00 6.037877e+00 5.107418e+00 3.962409e+00 4.828028e+00 3.443918e+00 3.092219e+00 2.851025e+00 2.425984e+00 4.384794e-03
<GCONST> 9.601257e+01
<MIXTURE> 88 1.256585e-02
<MEAN> 25
 -3.548728e+00 1.449422e+00 -2.176797e+00 4.495879e+00 5.967188e+00 1.006834e+00 6.868667e+00 4.453161e+00 2.628309e+00 3.193050e+00 2.531775e-01 3.037516e+00 -1.440869e-02 3.410743e-02 1.797464e-01 2.991235e-01 1.684223e-01 2.024060e-01 -1.391223e-01 -1.951777e-01 -2.385650e-01 -2.917143e-01 -1.771006e-01 1.753635e-01 -5.914832e-03
<VARIANCE> 25
 7.515663e+00 1.557414e+01 1.339956e+01 1.212137e+01 2.116184e+01 2.370073e+01 1.999820e+01 1.895706e+01 1.880003e+01 1.852901e+01 2.214105e+01 1.492416e+01 1.076598e+00 1.624346e+00 1.837689e+00 2.081908e+00 2.262852e+00 1.841329e+00 3.096091e+00 2.442419e+00 3.193955e+00 2.671894e+00 1.997528e+00 2.773424e+00 1.446795e-03
<GCONST> 8.227744e+01
<MIXTURE> 89 9.333527e-03
<MEAN> 25
 4.971735e+00 -7.719193e+00 -2.443437e+00 -2.882310e+00 -1.904124e+00 -3.723365e+00 -6.035825e+00 2.951816e+00 4.321667e+00 -2.510020e+00 -5.453902e+00 -4.662539e+00 -6.094301e-01 2.146700e-01 1.708849e+00 8.050361e-01 -1.688493e+00 -1.612247e+00 9.569036e-01 9.771593e-01 -6.447858e-01 -1.196439e+00 3.255814e-01 1.736674e+00 2.480375e-04
<VARIANCE> 25
 1.018865e+01 2.636396e+01 2.938754e+01 2.570955e+01 3.020636e+01 4.092783e+01 4.637670e+01 4.771535e+01 4.402995e+01 3.761966e+01 2.878940e+01 3.194337e+01 3.136991e-01 9.616498e-01 1.302272e+00 1.267367e+00 1.618956e+00 2.328245e+00 2.029733e+00 1.842400e+00 1.873061e+00 1.998383e+00 2.289510e+00 1.377891e+00 4.339229e-04
<GCONST> 8.390055e+01
<MIXTURE> 90 7.114505e-03
<MEAN> 25
 2.090440e+00 -1.025267e+01 -3.085629e+00 -3.939366e+00 -4.218929e+00 -6.646124e-01 1.816263e+00 1.243854e+00 -6.739779e+00 -9.843776e+00 -3.117657e+00 -1.263453e+00 -2.215724e-01 9.094141e-01 1.196890e+00 -8.550678e-01 -1.551938e+00 -1.056785e-01 7.642187e-01 -3.180698e-01 -2.901471e-01 6.789946e-01 2.687573e-01 -2.019302e-01 -8.204224e-03
<VARIANCE> 25
 9.266870e+00 1.773742e+01 2.880163e+01 3.133118e+01 3.452246e+01 3.439077e+01 4.488336e+01 3.177434e+01 4.257201e+01 2.423924e+01 2.323712e+01 2.423716e+01 2.097844e-01 5.274441e-01 6.723491e-01 8.887748e-01 1.263019e+00 1.407787e+00 2.002445e+00 1.480091e+00 1.793426e+00 1.500284e+00 1.705456e+00 1.697943e+00 2.252161e-04
<GCONST> 7.806933e+01
<MIXTURE> 91 7.852945e-03
<MEAN> 25
 5.826058e+00 -7.151317e+00 -7.782515e+00 -5.859296e+00 2.804463e+00 2.081758e+00 -2.301408e+00 -9.809499e-01 2.020165e+00 -1.302631e+00 -4.090365e+00 -5.191262e+00 1.959097e-01 1.064791e+00 8.046143e-02 5.372449e-01 1.802175e-01 -8.912151e-01 -6.827221e-02 6.148060e-02 -1.942926e-01 5.037015e-01 -2.056267e-01 3.227202e-01 -3.843942e-02
<VARIANCE> 25
 9.257082e+00 2.436330e+01 1.991351e+01 4.312425e+01 3.340144e+01 6.873186e+01 5.020969e+01 4.625527e+01 4.955264e+01 5.866889e+01 3.826192e+01 4.020530e+01 3.966243e-01 8.812055e-01 1.083781e+00 1.321379e+00 2.190496e+00 2.369524e+00 2.299568e+00 2.266871e+00 2.113806e+00 2.050806e+00 2.104309e+00 1.716778e+00 6.121204e-04
<GCONST> 8.688187e+01
<MIXTURE> 92 7.852945e-03
<MEAN> 25
 5.826058e+00 -7.151317e+00 -7.782515e+00 -5.859296e+00 2.804463e+00 2.081758e+00 -2.301408e+00 -9.809499e-01 2.020165e+00 -1.302631e+00 -4.090365e+00 -5.191262e+00 1.959097e-01 1.064791e+00 8.046143e-02 5.372449e-01 1.802175e-01 -8.912151e-01 -6.827221e-02 6.148060e-02 -1.942926e-01 5.037015e-01 -2.056267e-01 3.227202e-01 -3.843942e-02
<VARIANCE> 25
 9.257082e+00 2.436330e+01 1.991351e+01 4.312425e+01 3.340144e+01 6.873186e+01 5.020969e+01 4.625527e+01 4.955264e+01 5.866889e+01 3.826192e+01 4.020530e+01 3.966243e-01 8.812055e-01 1.083781e+00 1.321379e+00 2.190496e+00 2.369524e+00 2.299568e+00 2.266871e+00 2.113806e+00 2.050806e+00 2.104309e+00 1.716778e+00 6.121204e-04
<GCONST> 8.688187e+01
<MIXTURE> 93 6.122769e-03
<MEAN> 25
 -6.802274e+00 -9.165548e-01 -2.417905e+00 5.792240e+00 5.931878e+00 3.892921e+00 6.149296e+00 3.615658e+00 4.087728e+00 2.513346e+00 1.791732e+00 3.697228e+00 -6.150507e-02 -1.524332e-01 -2.543921e-01 -3.312672e-01 -3.328714e-01 -2.840515e-01 -2.154296e-01 -1.770484e-01 -1.710554e-01 -1.498850e-01 -1.016579e-01 -3.596728e-02 5.662063e-06
<VARIANCE> 25
 9.140659e+00 6.345338e+00 8.202178e+00 1.133379e+01 1.157770e+01 1.606947e+01 1.533570e+01 1.642378e+01 1.489269e+01 1.454619e+01 1.684227e+01 1.341570e+01 8.250420e-02 1.545219e-01 2.651442e-01 3.804616e-01 4.977201e-01 6.403114e-01 7.808746e-01 8.873641e-01 9.221447e-01 8.730299e-01 8.918190e-01 9.149300e-01 1.030190e-06
<GCONST> 5.372047e+01
<MIXTURE> 94 6.122769e-03
<MEAN> 25
 -6.802274e+00 -9.165548e-01 -2.417905e+00 5.792240e+00 5.931878e+00 3.892921e+00 6.149296e+00 3.615658e+00 4.087728e+00 2.513346e+00 1.791732e+00 3.697228e+00 -6.150507e-02 -1.524332e-01 -2.543921e-01 -3.312672e-01 -3.328714e-01 -2.840515e-01 -2.154296e-01 -1.770484e-01 -1.710554e-01 -1.498850e-01 -1.016579e-01 -3.596728e-02 5.662063e-06
<VARIANCE> 25
 9.140659e+00 6.345338e+00 8.202178e+00 1.133379e+01 1.157770e+01 1.606947e+01 1.533570e+01 1.642378e+01 1.489269e+01 1.454619e+01 1.684227e+01 1.341570e+01 8.250420e-02 1.545219e-01 2.651442e-01 3.804616e-01 4.977201e-01 6.403114e-01 7.808746e-01 8.873641e-01 9.221447e-01 8.730299e-01 8.918190e-01 9.149300e-01 1.030190e-06
<GCONST> 5.372047e+01
<MIXTURE> 95 5.258835e-03
<MEAN> 25
 -5.180390e+00 6.625025e-01 -2.132242e+00 4.903327e+00 5.353801e+00 2.244466e+00 4.783562e+00 2.077999e+00 1.588019e+00 1.219786e+00 6.913505e-01 2.595287e+00 7.398238e-02 9.313093e-02 9.703247e-02 -1.248021e-01 -4.200039e-01 -7.724445e-01 -1.082881e+00 -1.424074e+00 -1.248474e+00 -8.373356e-01 -7.204661e-01 -3.656335e-01 -8.760877e-04
<VARIANCE> 25
 1.032244e+01 1.375273e+01 1.110879e+01 1.099615e+01 1.766413e+01 1.730398e+01 1.726237e+01 1.646245e+01 1.512952e+01 1.518836e+01 1.859623e+01 1.283932e+01 2.054666e-01 2.797847e-01 4.255309e-01 6.042882e-01 7.643509e-01 8.185120e-01 9.813358e-01 1.070051e+00 9.100115e-01 1.067516e+00 1.168863e+00 1.065323e+00 4.372298e-05
<GCONST> 6.351074e+01
<MIXTURE> 96 7.034694e-03
<MEAN> 25
 -4.485614e+00 1.217783e+00 -2.732199e+00 4.889601e+00 5.033836e+00 9.058851e-01 4.821355e+00 2.665946e+00 1.792892e+00 1.458936e+00 3.877516e-01 2.737621e+00 -1.870056e-02 1.393408e-01 2.333096e-01 3.123921e-01 4.755313e-01 5.469208e-01 3.256054e-01 -6.427497e-02 -5.289740e-01 -7.366672e-01 -6.023576e-01 -3.313560e-01 2.252535e-04
<VARIANCE> 25
 1.028161e+01 1.712918e+01 1.198221e+01 1.223212e+01 1.705618e+01 1.960829e+01 2.086760e+01 1.968178e+01 1.755585e+01 1.612841e+01 1.897639e+01 1.224556e+01 1.146453e-01 2.570162e-01 2.939431e-01 3.966741e-01 4.758472e-01 6.052520e-01 7.819049e-01 9.817696e-01 9.434847e-01 8.144496e-01 8.261945e-01 9.322897e-01 1.494472e-06
<GCONST> 5.790931e+01
<MIXTURE> 97 7.034694e-03
<MEAN> 25
 -4.485614e+00 1.217783e+00 -2.732199e+00 4.889601e+00 5.033836e+00 9.058851e-01 4.821355e+00 2.665946e+00 1.792892e+00 1.458936e+00 3.877516e-01 2.737621e+00 -1.870056e-02 1.393408e-01 2.333096e-01 3.123921e-01 4.755313e-01 5.469208e-01 3.256054e-01 -6.427497e-02 -5.289740e-01 -7.366672e-01 -6.023576e-01 -3.313560e-01 2.252535e-04
<VARIANCE> 25
 1.028161e+01 1.712918e+01 1.198221e+01 1.223212e+01 1.705618e+01 1.960829e+01 2.086760e+01 1.968178e+01 1.755585e+01 1.612841e+01 1.897639e+01 1.224556e+01 1.146453e-01 2.570162e-01 2.939431e-01 3.966741e-01 4.758472e-01 6.052520e-01 7.819049e-01 9.817696e-01 9.434847e-01 8.144496e-01 8.261945e-01 9.322897e-01 1.494472e-06
<GCONST> 5.790931e+01
<MIXTURE> 98 9.917808e-03
<MEAN> 25
 -6.585376e-01 2.125096e+00 -7.102211e-01 4.226440e+00 3.372213e+00 4.466743e-01 4.398031e+00 3.037727e+00 1.258483e+00 9.333866e-01 -6.224874e-01 1.125668e+00 -1.521435e+00 -1.108592e+00 -8.981530e-01 -4.059377e-02 6.147327e-01 4.561077e-01 1.057943e+00 1.277262e+00 1.746801e+00 1.144921e+00 1.054877e+00 7.937140e-01 -2.695339e-02
<VARIANCE> 25
 1.254796e+01 1.971104e+01 3.023807e+01 2.478736e+01 3.826802e+01 3.681644e+01 3.244401e+01 3.339073e+01 2.459293e+01 3.786242e+01 2.361130e+01 2.576085e+01 1.593817e+00 1.567960e+00 1.867257e+00 2.260628e+00 2.809135e+00 2.400033e+00 2.629924e+00 2.814883e+00 2.481285e+00 3.170014e+00 2.319330e+00 1.954387e+00 2.285042e-03
<GCONST> 8.932121e+01
<MIXTURE> 99 6.696178e-03
<MEAN> 25
 -7.180852e+00 1.072495e+01 4.504575e+00 1.671292e+00 2.320877e+00 -6.886117e+00 -8.394263e-01 -3.050712e+00 -1.828222e+00 -3.492043e+00 -1.849168e+00 6.195428e-02 4.730902e-01 -3.449912e-01 2.612420e-01 -4.471922e-01 -8.996742e-01 -1.878813e-01 -4.720535e-01 -4.480900e-01 5.269947e-02 3.455420e-02 2.638761e-01 1.789506e-01 7.823940e-03
<VARIANCE> 25
 3.904470e+01 2.487506e+01 4.642318e+01 4.187779e+01 3.841059e+01 3.378806e+01 3.155623e+01 2.784403e+01 3.280177e+01 2.830211e+01 1.910920e+01 3.115816e+01 1.840770e+00 2.463203e+00 1.534864e+00 1.424602e+00 2.536668e+00 2.545837e+00 1.661803e+00 1.778677e+00 1.310882e+00 1.798336e+00 1.085046e+00 1.092913e+00 1.406476e-03
<GCONST> 8.727198e+01
<MIXTURE> 100 4.498084e-03
<MEAN> 25
 -1.609059e+00 6.325222e+00 1.027914e+01 -7.452618e+00 -1.074880e+01 -5.028293e+00 -5.003818e+00 -9.969960e+00 -4.675298e+00 -9.369367e-01 -2.704077e+00 -2.685236e+00 2.915053e+00 -1.284958e+00 1.304334e+00 -2.164632e+00 -3.432676e+00 -7.620571e-01 -1.234608e+00 -8.247166e-01 -1.471321e+00 3.418241e-01 -1.630860e+00 -2.877505e-01 2.516849e-03
<VARIANCE> 25
 1.359854e+01 2.108426e+01 2.240803e+01 2.636594e+01 2.309732e+01 2.398847e+01 2.969834e+01 2.158725e+01 2.772830e+01 2.400061e+01 2.249088e+01 2.139649e+01 1.795014e+00 4.050635e+00 2.910802e+00 4.352149e+00 4.206395e+00 4.604289e+00 4.051152e+00 4.325837e+00 4.154182e+00 3.881092e+00 4.003987e+00 3.211620e+00 1.709757e-03
<GCONST> 9.275735e+01
<MIXTURE> 101 6.007792e-03
<MEAN> 25
 7.395394e+00 -4.221682e+00 -5.409158e+00 -5.167762e+00 -1.356150e-01 -2.454840e-01 -1.090220e+01 -2.210910e+00 2.265981e+00 1.573436e+00 -1.037165e+00 -5.700415e+00 6.608434e-01 6.179271e-01 -1.445940e+00 -1.696502e+00 9.390947e-01 2.306954e+00 2.921757e-01 -1.590578e+00 -1.123847e+00 1.074711e+00 1.565770e+00 -5.601178e-01 -3.962710e-03
<VARIANCE> 25
 1.004496e+01 1.996415e+01 2.894038e+01 5.012405e+01 4.051879e+01 3.733034e+01 3.589034e+01 3.190808e+01 3.549995e+01 4.384045e+01 5.397825e+01 2.275393e+01 2.769638e-01 5.793793e-01 1.018961e+00 1.400088e+00 1.546193e+00 1.904785e+00 2.411602e+00 1.843477e+00 2.322129e+00 1.991328e+00 1.867491e+00 1.949116e+00 3.388432e-04
<GCONST> 8.328704e+01
<MIXTURE> 102 6.007792e-03
<MEAN> 25
 7.395394e+00 -4.221682e+00 -5.409158e+00 -5.167762e+00 -1.356150e-01 -2.454840e-01 -1.090220e+01 -2.210910e+00 2.265981e+00 1.573436e+00 -1.037165e+00 -5.700415e+00 6.608434e-01 6.179271e-01 -1.445940e+00 -1.696502e+00 9.390947e-01 2.306954e+00 2.921757e-01 -1.590578e+00 -1.123847e+00 1.074711e+00 1.565770e+00 -5.601178e-01 -3.962710e-03
<VARIANCE> 25
 1.004496e+01 1.996415e+01 2.894038e+01 5.012405e+01 4.051879e+01 3.733034e+01 3.589034e+01 3.190808e+01 3.549995e+01 4.384045e+01 5.397825e+01 2.275393e+01 2.769638e-01 5.793793e-01 1.018961e+00 1.400088e+00 1.546193e+00 1.904785e+00 2.411602e+00 1.843477e+00 2.322129e+00 1.991328e+00 1.867491e+00 1.949116e+00 3.388432e-04
<GCONST> 8.328704e+01
<MIXTURE> 103 5.694618e-03
<MEAN> 25
 3.349602e+00 -9.504638e+00 -5.864379e+00 -3.127119e+00 -1.603260e+00 -1.603757e+00 2.349422e+00 2.377223e+00 -4.597550e+00 -9.116582e+00 -4.984395e+00 3.292003e-01 -1.532851e-01 -1.468947e+00 -9.638934e-01 3.005956e-01 1.180845e+00 1.082397e+00 1.211009e-01 -2.556500e-01 -7.182761e-01 -9.429414e-01 1.187409e-02 1.083804e-01 2.689013e-02
<VARIANCE> 25
 1.018282e+01 2.025146e+01 2.463842e+01 3.144890e+01 5.089643e+01 4.005540e+01 4.661091e+01 3.688099e+01 4.378934e+01 2.923589e+01 2.989643e+01 2.648193e+01 6.337172e-01 1.235274e+00 1.521843e+00 2.114778e+00 2.902034e+00 2.573556e+00 2.926413e+00 2.541338e+00 2.665931e+00 2.501038e+00 2.179687e+00 2.012735e+00 7.908905e-04
<GCONST> 8.800187e+01
<MIXTURE> 104 5.694618e-03
<MEAN> 25
 3.349602e+00 -9.504638e+00 -5.864379e+00 -3.127119e+00 -1.603260e+00 -1.603757e+00 2.349422e+00 2.377223e+00 -4.597550e+00 -9.116582e+00 -4.984395e+00 3.292003e-01 -1.532851e-01 -1.468947e+00 -9.638934e-01 3.005956e-01 1.180845e+00 1.082397e+00 1.211009e-01 -2.556500e-01 -7.182761e-01 -9.429414e-01 1.187409e-02 1.083804e-01 2.689013e-02
<VARIANCE> 25
 1.018282e+01 2.025146e+01 2.463842e+01 3.144890e+01 5.089643e+01 4.005540e+01 4.661091e+01 3.688099e+01 4.378934e+01 2.923589e+01 2.989643e+01 2.648193e+01 6.337172e-01 1.235274e+00 1.521843e+00 2.114778e+00 2.902034e+00 2.573556e+00 2.926413e+00 2.541338e+00 2.665931e+00 2.501038e+00 2.179687e+00 2.012735e+00 7.908905e-04
<GCONST> 8.800187e+01
<MIXTURE> 105 4.710235e-03
<MEAN> 25
 1.749977e+00 -3.230691e+00 9.020425e+00 -1.170213e+00 -1.179974e+01 -3.277994e+00 -5.606117e+00 -8.961300e-01 -3.977361e+00 -3.364625e+00 2.051189e+00 -4.760135e-01 3.874662e-02 -5.342041e-02 7.155848e-03 -8.929640e-04 1.159953e-02 3.910227e-02 3.356246e-02 6.716028e-02 -1.843552e-01 1.905543e-02 6.895332e-02 -3.951620e-03 -3.310249e-03
<VARIANCE> 25
 1.110959e+01 2.566239e+01 3.298106e+01 4.672314e+01 3.823408e+01 5.258613e+01 4.516399e+01 3.277970e+01 6.605747e+01 3.605116e+01 3.958741e+01 2.149273e+01 7.540846e-02 1.947653e-01 3.826785e-01 2.919602e-01 3.306980e-01 4.432691e-01 5.004048e-01 4.031053e-01 4.439218e-01 3.762282e-01 3.731340e-01 3.859513e-01 1.139918e-04
<GCONST> 6.562747e+01
<MIXTURE> 106 4.710235e-03
<MEAN> 25
 1.749977e+00 -3.230691e+00 9.020425e+00 -1.170213e+00 -1.179974e+01 -3.277994e+00 -5.606117e+00 -8.961300e-01 -3.977361e+00 -3.364625e+00 2.051189e+00 -4.760135e-01 3.874662e-02 -5.342041e-02 7.155848e-03 -8.929640e-04 1.159953e-02 3.910227e-02 3.356246e-02 6.716028e-02 -1.843552e-01 1.905543e-02 6.895332e-02 -3.951620e-03 -3.310249e-03
<VARIANCE> 25
 1.110959e+01 2.566239e+01 3.298106e+01 4.672314e+01 3.823408e+01 5.258613e+01 4.516399e+01 3.277970e+01 6.605747e+01 3.605116e+01 3.958741e+01 2.149273e+01 7.540846e-02 1.947653e-01 3.826785e-01 2.919602e-01 3.306980e-01 4.432691e-01 5.004048e-01 4.031053e-01 4.439218e-01 3.762282e-01 3.731340e-01 3.859513e-01 1.139918e-04
<GCONST> 6.562747e+01
<MIXTURE> 107 5.452374e-03
<MEAN> 25
 7.640111e+00 -2.646752e+00 -7.084331e+00 -9.134074e+00 1.146557e+00 4.505312e+00 -8.592117e+00 -5.421538e+00 1.801577e-01 2.867630e+00 1.849220e+00 -5.335094e+00 -5.852931e-01 -6.920872e-01 8.508478e-01 1.775978e+00 5.106673e-01 -2.330013e+00 -1.032531e+00 8.780200e-01 1.696441e+00 1.916543e-01 -1.613194e+00 -7.450346e-01 -4.497639e-03
<VARIANCE> 25
 1.116343e+01 2.070969e+01 2.634706e+01 3.730749e+01 3.780732e+01 4.871156e+01 4.660651e+01 3.375894e+01 4.280398e+01 3.492503e+01 5.271663e+01 2.593955e+01 3.883968e-01 9.906967e-01 1.303839e+00 2.085581e+00 2.348334e+00 2.712046e+00 2.670872e+00 2.395265e+00 2.155343e+00 2.719995e+00 1.781828e+00 2.142901e+00 8.705441e-04
<GCONST> 8.750525e+01
<MIXTURE> 108 5.452374e-03
<MEAN> 25
 7.640111e+00 -2.646752e+00 -7.084331e+00 -9.134074e+00 1.146557e+00 4.505312e+00 -8.592117e+00 -5.421538e+00 1.801577e-01 2.867630e+00 1.849220e+00 -5.335094e+00 -5.852931e-01 -6.920872e-01 8.508478e-01 1.775978e+00 5.106673e-01 -2.330013e+00 -1.032531e+00 8.780200e-01 1.696441e+00 1.916543e-01 -1.613194e+00 -7.450346e-01 -4.497639e-03
<VARIANCE> 25
 1.116343e+01 2.070969e+01 2.634706e+01 3.730749e+01 3.780732e+01 4.871156e+01 4.660651e+01 3.375894e+01 4.280398e+01 3.492503e+01 5.271663e+01 2.593955e+01 3.883968e-01 9.906967e-01 1.303839e+00 2.085581e+00 2.348334e+00 2.712046e+00 2.670872e+00 2.395265e+00 2.155343e+00 2.719995e+00 1.781828e+00 2.142901e+00 8.705441e-04
<GCONST> 8.750525e+01
<MIXTURE> 109 6.661064e-03
<MEAN> 25
 3.998671e+00 -1.055053e+01 -8.060559e+00 -1.345370e+00 2.434221e+00 1.587624e-01 -8.368331e-02 1.359575e+00 -1.817041e+00 -8.104632e+00 -5.226596e+00 -3.288227e-01 -2.138408e-02 -1.381015e-01 -5.790448e-02 2.115199e-01 2.253764e-01 1.611845e-01 -1.136515e-01 -1.004426e-01 -3.827309e-02 -9.772529e-02 1.886890e-01 -1.941965e-02 -3.812433e-03
<VARIANCE> 25
 8.911405e+00 1.826283e+01 2.093571e+01 3.042887e+01 4.145000e+01 3.691360e+01 4.524384e+01 3.352885e+01 5.763227e+01 3.542945e+01 2.900114e+01 3.074233e+01 1.952980e-01 4.188103e-01 5.579237e-01 6.521986e-01 1.227694e+00 1.092163e+00 1.229545e+00 1.114544e+00 1.088831e+00 9.597276e-01 8.815411e-01 8.955617e-01 1.781391e-04
<GCONST> 7.483665e+01
<MIXTURE> 110 6.661064e-03
<MEAN> 25
 3.998671e+00 -1.055053e+01 -8.060559e+00 -1.345370e+00 2.434221e+00 1.587624e-01 -8.368331e-02 1.359575e+00 -1.817041e+00 -8.104632e+00 -5.226596e+00 -3.288227e-01 -2.138408e-02 -1.381015e-01 -5.790448e-02 2.115199e-01 2.253764e-01 1.611845e-01 -1.136515e-01 -1.004426e-01 -3.827309e-02 -9.772529e-02 1.886890e-01 -1.941965e-02 -3.812433e-03
<VARIANCE> 25
 8.911405e+00 1.826283e+01 2.093571e+01 3.042887e+01 4.145000e+01 3.691360e+01 4.524384e+01 3.352885e+01 5.763227e+01 3.542945e+01 2.900114e+01 3.074233e+01 1.952980e-01 4.188103e-01 5.579237e-01 6.521986e-01 1.227694e+00 1.092163e+00 1.229545e+00 1.114544e+00 1.088831e+00 9.597276e-01 8.815411e-01 8.955617e-01 1.781391e-04
<GCONST> 7.483665e+01
<MIXTURE> 111 4.337247e-03
<MEAN> 25
 -4.458698e+00 -8.406383e-01 -1.751864e+00 1.697376e+00 1.012687e+00 8.933671e-01 3.750625e-01 2.404591e-01 6.152926e-02 -4.944381e-01 -6.651716e-01 1.967540e+00 -2.135633e-02 -3.325968e-02 -7.172251e-02 -7.498944e-02 -3.910930e-02 1.652903e-03 2.542594e-03 -5.117476e-02 -1.304163e-01 -1.896902e-01 -1.885334e-01 -1.101552e-01 -2.415881e-04
<VARIANCE> 25
 6.974787e+00 5.373815e+00 1.026337e+01 9.388594e+00 1.334095e+01 2.408077e+01 1.501093e+01 1.314536e+01 1.167749e+01 1.207266e+01 1.368679e+01 1.151586e+01 7.910666e-02 1.631353e-01 2.745696e-01 4.173083e-01 5.662745e-01 7.026216e-01 7.990078e-01 8.668856e-01 9.195780e-01 8.743578e-01 8.558050e-01 8.420982e-01 2.248086e-05
<GCONST> 5.615071e+01
<MIXTURE> 112 4.337247e-03
<MEAN> 25
 -4.458698e+00 -8.406383e-01 -1.751864e+00 1.697376e+00 1.012687e+00 8.933671e-01 3.750625e-01 2.404591e-01 6.152926e-02 -4.944381e-01 -6.651716e-01 1.967540e+00 -2.135633e-02 -3.325968e-02 -7.172251e-02 -7.498944e-02 -3.910930e-02 1.652903e-03 2.542594e-03 -5.117476e-02 -1.304163e-01 -1.896902e-01 -1.885334e-01 -1.101552e-01 -2.415881e-04
<VARIANCE> 25
 6.974787e+00 5.373815e+00 1.026337e+01 9.388594e+00 1.334095e+01 2.408077e+01 1.501093e+01 1.314536e+01 1.167749e+01 1.207266e+01 1.368679e+01 1.151586e+01 7.910666e-02 1.631353e-01 2.745696e-01 4.173083e-01 5.662745e-01 7.026216e-01 7.990078e-01 8.668856e-01 9.195780e-01 8.743578e-01 8.558050e-01 8.420982e-01 2.248086e-05
<GCONST> 5.615071e+01
<MIXTURE> 113 5.938666e-03
<MEAN> 25
 9.827225e+00 1.402290e+00 -8.501168e+00 -1.700891e+01 -1.681652e+00 6.590246e+00 -5.229082e+00 -1.645769e+00 -5.398390e+00 -4.935620e-01 4.199993e-01 -1.704176e-02 1.575231e-02 -2.498391e-03 -1.036524e-01 -1.257847e-01 1.050927e-01 1.848401e-01 9.614892e-02 1.709256e-02 -1.265389e-02 -1.153239e-02 1.888809e-01 -1.865618e-02 -1.444616e-03
<VARIANCE> 25
 8.926206e+00 1.786249e+01 2.969025e+01 3.277454e+01 5.787992e+01 4.779565e+01 3.846674e+01 3.813843e+01 3.711920e+01 4.686443e+01 3.543536e+01 2.784759e+01 1.224842e-01 3.159835e-01 3.418342e-01 6.055886e-01 5.929959e-01 6.461427e-01 9.005249e-01 8.350247e-01 9.534861e-01 9.061790e-01 7.207463e-01 7.449151e-01 1.197580e-04
<GCONST> 7.160192e+01
<MIXTURE> 114 5.938666e-03
<MEAN> 25
 9.827225e+00 1.402290e+00 -8.501168e+00 -1.700891e+01 -1.681652e+00 6.590246e+00 -5.229082e+00 -1.645769e+00 -5.398390e+00 -4.935620e-01 4.199993e-01 -1.704176e-02 1.575231e-02 -2.498391e-03 -1.036524e-01 -1.257847e-01 1.050927e-01 1.848401e-01 9.614892e-02 1.709256e-02 -1.265389e-02 -1.153239e-02 1.888809e-01 -1.865618e-02 -1.444616e-03
<VARIANCE> 25
 8.926206e+00 1.786249e+01 2.969025e+01 3.277454e+01 5.787992e+01 4.779565e+01 3.846674e+01 3.813843e+01 3.711920e+01 4.686443e+01 3.543536e+01 2.784759e+01 1.224842e-01 3.159835e-01 3.418342e-01 6.055886e-01 5.929959e-01 6.461427e-01 9.005249e-01 8.350247e-01 9.534861e-01 9.061790e-01 7.207463e-01 7.449151e-01 1.197580e-04
<GCONST> 7.160192e+01
<MIXTURE> 115 2.935202e-03
<MEAN> 25
 -4.004621e+00 -6.208163e-01 -3.132984e+00 3.680200e+00 2.524742e+00 -4.572078e-01 2.369189e+00 4.600458e-01 1.330834e+00 3.297703e-02 -2.917770e-02 2.678355e+00 3.007519e-02 -6.746529e-02 -2.199115e-01 -4.340545e-01 -6.305740e-01 -6.631576e-01 -5.705605e-01 -5.097835e-01 -5.015661e-01 -4.515907e-01 -3.349533e-01 -1.646996e-01 3.417582e-05
<VARIANCE> 25
 9.148443e+00 1.073016e+01 1.340092e+01 1.257111e+01 1.408552e+01 1.736797e+01 1.785968e+01 2.066946e+01 1.801247e+01 1.726723e+01 1.919663e+01 1.446118e+01 2.012791e-01 3.456078e-01 4.886928e-01 5.596213e-01 6.280553e-01 7.943795e-01 1.028202e+00 1.125264e+00 1.082905e+00 9.832075e-01 1.018183e+00 1.051527e+00 1.090596e-06
<GCONST> 6.032801e+01
<MIXTURE> 116 2.935202e-03
<MEAN> 25
 -4.004621e+00 -6.208163e-01 -3.132984e+00 3.680200e+00 2.524742e+00 -4.572078e-01 2.369189e+00 4.600458e-01 1.330834e+00 3.297703e-02 -2.917770e-02 2.678355e+00 3.007519e-02 -6.746529e-02 -2.199115e-01 -4.340545e-01 -6.305740e-01 -6.631576e-01 -5.705605e-01 -5.097835e-01 -5.015661e-01 -4.515907e-01 -3.349533e-01 -1.646996e-01 3.417582e-05
<VARIANCE> 25
 9.148443e+00 1.073016e+01 1.340092e+01 1.257111e+01 1.408552e+01 1.736797e+01 1.785968e+01 2.066946e+01 1.801247e+01 1.726723e+01 1.919663e+01 1.446118e+01 2.012791e-01 3.456078e-01 4.886928e-01 5.596213e-01 6.280553e-01 7.943795e-01 1.028202e+00 1.125264e+00 1.082905e+00 9.832075e-01 1.018183e+00 1.051527e+00 1.090596e-06
<GCONST> 6.032801e+01
<MIXTURE> 117 6.506003e-03
<MEAN> 25
 -4.633056e+00 1.147733e+00 1.029154e+00 9.738059e+00 6.294381e+00 6.229014e+00 6.486046e+00 5.064325e+00 6.359123e+00 4.930438e+00 6.332976e+00 2.706700e+00 -7.559531e-02 -2.327841e-01 -3.538782e-01 -4.186581e-01 -3.628292e-01 -2.998556e-01 -2.895911e-01 -3.364858e-01 -3.951258e-01 -3.683192e-01 -2.600793e-01 -1.153216e-01 -1.301061e-05
<VARIANCE> 25
 7.188705e+00 8.899051e+00 9.893310e+00 1.434040e+01 1.583130e+01 1.543973e+01 1.778263e+01 1.799422e+01 1.647627e+01 1.635304e+01 1.691748e+01 1.472947e+01 2.158284e-01 3.069131e-01 4.310705e-01 6.151543e-01 8.565947e-01 1.054642e+00 1.175432e+00 1.235360e+00 1.224462e+00 1.189921e+00 1.166578e+00 1.112674e+00 1.012169e-06
<GCONST> 6.050545e+01
<MIXTURE> 118 6.506003e-03
<MEAN> 25
 -4.633056e+00 1.147733e+00 1.029154e+00 9.738059e+00 6.294381e+00 6.229014e+00 6.486046e+00 5.064325e+00 6.359123e+00 4.930438e+00 6.332976e+00 2.706700e+00 -7.559531e-02 -2.327841e-01 -3.538782e-01 -4.186581e-01 -3.628292e-01 -2.998556e-01 -2.895911e-01 -3.364858e-01 -3.951258e-01 -3.683192e-01 -2.600793e-01 -1.153216e-01 -1.301061e-05
<VARIANCE> 25
 7.188705e+00 8.899051e+00 9.893310e+00 1.434040e+01 1.583130e+01 1.543973e+01 1.778263e+01 1.799422e+01 1.647627e+01 1.635304e+01 1.691748e+01 1.472947e+01 2.158284e-01 3.069131e-01 4.310705e-01 6.151543e-01 8.565947e-01 1.054642e+00 1.175432e+00 1.235360e+00 1.224462e+00 1.189921e+00 1.166578e+00 1.112674e+00 1.012169e-06
<GCONST> 6.050545e+01
<MIXTURE> 119 4.297961e-03
<MEAN> 25
 -4.971609e+00 -7.549671e+00 2.234857e+00 1.961632e+00 2.297900e+00 1.564499e-01 5.281623e+00 5.978321e+00 1.084470e+00 8.837245e-01 6.502685e+00 1.561560e+00 -5.409044e-02 -7.347085e-02 4.712553e-02 -6.271660e-02 -1.327534e-01 -1.879227e-01 -5.462423e-02 -2.889646e-02 -9.708808e-02 -1.078250e-01 -5.122915e-02 -3.882083e-02 1.089972e-03
<VARIANCE> 25
 8.589964e+00 1.022261e+01 1.638108e+01 2.028178e+01 2.436926e+01 2.312833e+01 2.483657e+01 2.679439e+01 2.614238e+01 2.821292e+01 2.093228e+01 2.018812e+01 1.603916e-01 2.814721e-01 4.690623e-01 6.299594e-01 8.249521e-01 1.009739e+00 1.117381e+00 1.284828e+00 1.271040e+00 1.234287e+00 1.183527e+00 1.158616e+00 2.306937e-04
<GCONST> 6.996612e+01
<MIXTURE> 120 4.297961e-03
<MEAN> 25
 -4.971609e+00 -7.549671e+00 2.234857e+00 1.961632e+00 2.297900e+00 1.564499e-01 5.281623e+00 5.978321e+00 1.084470e+00 8.837245e-01 6.502685e+00 1.561560e+00 -5.409044e-02 -7.347085e-02 4.712553e-02 -6.271660e-02 -1.327534e-01 -1.879227e-01 -5.462423e-02 -2.889646e-02 -9.708808e-02 -1.078250e-01 -5.122915e-02 -3.882083e-02 1.089972e-03
<VARIANCE> 25
 8.589964e+00 1.022261e+01 1.638108e+01 2.028178e+01 2.436926e+01 2.312833e+01 2.483657e+01 2.679439e+01 2.614238e+01 2.821292e+01 2.093228e+01 2.018812e+01 1.603916e-01 2.814721e-01 4.690623e-01 6.299594e-01 8.249521e-01 1.009739e+00 1.117381e+00 1.284828e+00 1.271040e+00 1.234287e+00 1.183527e+00 1.158616e+00 2.306937e-04
<GCONST> 6.996612e+01
<MIXTURE> 121 4.567511e-03
<MEAN> 25
 9.271084e-02 -2.832692e+00 5.313287e+00 -1.272962e+01 -1.251941e+01 -1.363485e+00 5.981010e-01 -4.995119e+00 -3.971688e+00 -7.409142e-01 -5.243771e+00 -4.160290e+00 1.078586e-02 1.751460e-01 1.217157e-02 5.764331e-02 1.439223e-01 7.221004e-02 -1.111975e-01 -2.531323e-01 -2.452392e-01 -2.760594e-01 -5.647173e-02 3.495487e-02 -7.061284e-03
<VARIANCE> 25
 7.770422e+00 1.729670e+01 1.748902e+01 2.045968e+01 2.383727e+01 3.048942e+01 3.249984e+01 2.463143e+01 3.532671e+01 2.894156e+01 2.104696e+01 2.091478e+01 1.542122e-01 6.652731e-01 6.803485e-01 6.982293e-01 7.552425e-01 1.108679e+00 1.109383e+00 1.210208e+00 1.190859e+00 1.190077e+00 9.930432e-01 8.904516e-01 2.079901e-04
<GCONST> 7.186219e+01
<MIXTURE> 122 4.567511e-03
<MEAN> 25
 9.271084e-02 -2.832692e+00 5.313287e+00 -1.272962e+01 -1.251941e+01 -1.363485e+00 5.981010e-01 -4.995119e+00 -3.971688e+00 -7.409142e-01 -5.243771e+00 -4.160290e+00 1.078586e-02 1.751460e-01 1.217157e-02 5.764331e-02 1.439223e-01 7.221004e-02 -1.111975e-01 -2.531323e-01 -2.452392e-01 -2.760594e-01 -5.647173e-02 3.495487e-02 -7.061284e-03
<VARIANCE> 25
 7.770422e+00 1.729670e+01 1.748902e+01 2.045968e+01 2.383727e+01 3.048942e+01 3.249984e+01 2.463143e+01 3.532671e+01 2.894156e+01 2.104696e+01 2.091478e+01 1.542122e-01 6.652731e-01 6.803485e-01 6.982293e-01 7.552425e-01 1.108679e+00 1.109383e+00 1.210208e+00 1.190859e+00 1.190077e+00 9.930432e-01 8.904516e-01 2.079901e-04
<GCONST> 7.186219e+01
<MIXTURE> 123 4.393044e-03
<MEAN> 25
 -3.514972e+00 3.472332e+00 -1.870166e+00 5.006719e+00 7.063104e+00 6.217073e-01 5.743151e+00 2.185282e+00 -1.291806e+00 2.497836e-02 -1.293274e+00 1.474454e+00 -2.985390e-01 -5.475305e-01 -6.573517e-01 -6.134620e-01 -5.002252e-01 1.071468e-01 5.938451e-01 6.371593e-01 6.943661e-01 7.158324e-01 5.694008e-01 4.704077e-01 -2.235271e-03
<VARIANCE> 25
 7.719980e+00 1.261645e+01 1.475379e+01 1.476126e+01 1.770944e+01 2.621727e+01 3.164348e+01 1.926760e+01 1.842397e+01 1.645196e+01 1.843532e+01 2.013807e+01 3.182960e-01 3.582071e-01 3.979089e-01 5.113906e-01 9.008505e-01 1.050027e+00 1.317613e+00 1.219036e+00 1.066953e+00 1.297280e+00 1.060097e+00 1.068805e+00 9.819576e-05
<GCONST> 6.796983e+01
<MIXTURE> 124 4.069876e-03
<MEAN> 25
 -5.834452e+00 2.319192e-01 -3.264838e+00 4.819878e+00 5.625530e+00 2.273836e+00 6.310238e+00 2.997237e+00 2.293091e+00 1.798693e+00 7.319679e-01 3.033822e+00 -1.619086e-01 -2.568640e-01 -3.251103e-01 -2.302107e-01 1.135537e-01 5.182065e-01 8.204787e-01 8.885099e-01 6.328136e-01 3.263203e-01 7.090799e-02 -5.729586e-02 4.394178e-04
<VARIANCE> 25
 1.129602e+01 1.383632e+01 1.042579e+01 1.112699e+01 1.250477e+01 2.190871e+01 1.798148e+01 1.657161e+01 1.713635e+01 1.633272e+01 1.789908e+01 1.264768e+01 1.023366e-01 1.733398e-01 2.510488e-01 3.767036e-01 5.642964e-01 6.779389e-01 7.184085e-01 7.584981e-01 9.583905e-01 1.055990e+00 9.729766e-01 9.018121e-01 1.985077e-05
<GCONST> 5.921453e+01
<MIXTURE> 125 4.069876e-03
<MEAN> 25
 -5.834452e+00 2.319192e-01 -3.264838e+00 4.819878e+00 5.625530e+00 2.273836e+00 6.310238e+00 2.997237e+00 2.293091e+00 1.798693e+00 7.319679e-01 3.033822e+00 -1.619086e-01 -2.568640e-01 -3.251103e-01 -2.302107e-01 1.135537e-01 5.182065e-01 8.204787e-01 8.885099e-01 6.328136e-01 3.263203e-01 7.090799e-02 -5.729586e-02 4.394178e-04
<VARIANCE> 25
 1.129602e+01 1.383632e+01 1.042579e+01 1.112699e+01 1.250477e+01 2.190871e+01 1.798148e+01 1.657161e+01 1.713635e+01 1.633272e+01 1.789908e+01 1.264768e+01 1.023366e-01 1.733398e-01 2.510488e-01 3.767036e-01 5.642964e-01 6.779389e-01 7.184085e-01 7.584981e-01 9.583905e-01 1.055990e+00 9.729766e-01 9.018121e-01 1.985077e-05
<GCONST> 5.921453e+01
<MIXTURE> 126 2.402244e-03
<MEAN> 25
 -3.781050e+00 -6.784541e+00 -5.221896e+00 2.283737e+00 4.277243e+00 -3.281296e+00 2.072710e-01 3.579782e+00 3.311786e+00 -2.678025e+00 -1.432876e+00 3.060083e+00 -2.485974e-03 -6.818286e-03 -3.502041e-02 -1.522705e-01 -3.157857e-01 -3.892551e-01 -2.726417e-01 -1.645737e-01 -1.115657e-01 -1.070345e-01 -1.024775e-01 -3.167065e-02 -1.325267e-03
<VARIANCE> 25
 7.434452e+00 1.415084e+01 1.409660e+01 1.505285e+01 2.545281e+01 2.345363e+01 2.374461e+01 2.854924e+01 3.194232e+01 2.619252e+01 2.148886e+01 1.908029e+01 1.703492e-01 3.492523e-01 4.844309e-01 5.724269e-01 7.615305e-01 9.876835e-01 1.167591e+00 1.264741e+00 1.319379e+00 1.302636e+00 1.206639e+00 1.174494e+00 2.168191e-04
<GCONST> 7.007102e+01
<MIXTURE> 127 2.402244e-03
<MEAN> 25
 -3.781050e+00 -6.784541e+00 -5.221896e+00 2.283737e+00 4.277243e+00 -3.281296e+00 2.072710e-01 3.579782e+00 3.311786e+00 -2.678025e+00 -1.432876e+00 3.060083e+00 -2.485974e-03 -6.818286e-03 -3.502041e-02 -1.522705e-01 -3.157857e-01 -3.892551e-01 -2.726417e-01 -1.645737e-01 -1.115657e-01 -1.070345e-01 -1.024775e-01 -3.167065e-02 -1.325267e-03
<VARIANCE> 25
 7.434452e+00 1.415084e+01 1.409660e+01 1.505285e+01 2.545281e+01 2.345363e+01 2.374461e+01 2.854924e+01 3.194232e+01 2.619252e+01 2.148886e+01 1.908029e+01 1.703492e-01 3.492523e-01 4.844309e-01 5.724269e-01 7.615305e-01 9.876835e-01 1.167591e+00 1.264741e+00 1.319379e+00 1.302636e+00 1.206639e+00 1.174494e+00 2.168191e-04
<GCONST> 7.007102e+01
<MIXTURE> 128 3.790457e-03
<MEAN> 25
 -3.843862e+00 1.762279e+00 -4.675150e-01 6.486959e+00 3.795527e+00 1.831055e+00 3.861399e+00 2.554953e+00 3.834765e+00 3.714641e+00 3.625555e+00 3.509745e+00 -3.948171e-01 -1.826815e-01 9.948970e-02 6.906348e-01 1.164203e+00 1.127752e+00 6.575781e-01 1.024283e-01 -4.753443e-01 -7.798169e-01 -7.002208e-01 -3.484850e-01 -1.405382e-06
<VARIANCE> 25
 1.012957e+01 1.274844e+01 1.504500e+01 1.893616e+01 2.052959e+01 2.074883e+01 2.607382e+01 2.535148e+01 2.619882e+01 2.361002e+01 2.678290e+01 1.783174e+01 8.693604e-01 1.124618e+00 1.376629e+00 1.500047e+00 1.547289e+00 1.810452e+00 2.348152e+00 2.312925e+00 2.163258e+00 1.810398e+00 1.702935e+00 1.863646e+00 1.112175e-06
<GCONST> 7.383984e+01
<TRANSP> 3
 0.000000e+00 1.000000e+00 0.000000e+00
 0.000000e+00 9.999990e-01 9.999998e-07
 0.000000e+00 0.000000e+00 0.000000e+00
<ENDHMM>
