~o
<STREAMINFO> 1 25
<VECSIZE> 25<NULLD><MFCC_E_D_N><DIAGC>
~h "jmodel"
<BEGINHMM>
<NUMSTATES> 3
<STATE> 2
<NUMMIXES> 128
<MIXTURE> 1 5.748963e-03
<MEAN> 25
 -2.589377e+00 3.183997e+00 2.310203e+00 8.748670e+00 4.365275e+00 3.449030e+00 4.074766e+00 3.938785e+00 5.828531e+00 5.242537e+00 5.870172e+00 3.086961e+00 -2.002643e+00 -1.633248e+00 -8.612068e-01 1.075160e+00 1.557296e+00 2.231643e+00 2.152301e+00 2.084560e+00 1.692212e+00 1.267474e+00 1.568109e+00 6.149333e-01 -4.681055e-02
<VARIANCE> 25
 1.011735e+01 1.175508e+01 1.497806e+01 1.868014e+01 2.325542e+01 2.214141e+01 2.194600e+01 2.195903e+01 2.097555e+01 2.257549e+01 2.112273e+01 1.711930e+01 1.789212e+00 2.111018e+00 3.027719e+00 3.206659e+00 3.743334e+00 3.351984e+00 3.317304e+00 3.376741e+00 3.517830e+00 3.724464e+00 3.513094e+00 2.831297e+00 3.124518e-03
<GCONST> 8.848113e+01
<MIXTURE> 2 4.549242e-03
<MEAN> 25
 -4.846064e+00 1.352025e+00 9.507350e-01 9.858974e+00 6.704373e+00 7.393674e+00 7.886267e+00 6.983900e+00 8.377612e+00 6.329649e+00 7.599071e+00 3.033161e+00 -6.247162e-02 3.669466e-02 1.380661e-01 2.235720e-01 2.609457e-01 2.840263e-01 2.905612e-01 3.217378e-01 3.553932e-01 3.034302e-01 1.913142e-01 8.210549e-02 -7.868589e-06
<VARIANCE> 25
 7.067853e+00 9.147603e+00 1.096078e+01 1.609982e+01 1.721276e+01 1.565214e+01 1.708096e+01 1.850166e+01 1.650923e+01 1.760134e+01 1.812571e+01 1.457975e+01 1.246639e-01 2.295848e-01 3.383070e-01 4.652862e-01 6.486836e-01 8.124509e-01 9.286222e-01 9.985030e-01 1.052705e+00 1.076993e+00 1.080231e+00 1.008757e+00 1.013431e-06
<GCONST> 5.818073e+01
<MIXTURE> 3 4.549242e-03
<MEAN> 25
 -4.846064e+00 1.352025e+00 9.507350e-01 9.858974e+00 6.704373e+00 7.393674e+00 7.886267e+00 6.983900e+00 8.377612e+00 6.329649e+00 7.599071e+00 3.033161e+00 -6.247162e-02 3.669466e-02 1.380661e-01 2.235720e-01 2.609457e-01 2.840263e-01 2.905612e-01 3.217378e-01 3.553932e-01 3.034302e-01 1.913142e-01 8.210549e-02 -7.868589e-06
<VARIANCE> 25
 7.067853e+00 9.147603e+00 1.096078e+01 1.609982e+01 1.721276e+01 1.565214e+01 1.708096e+01 1.850166e+01 1.650923e+01 1.760134e+01 1.812571e+01 1.457975e+01 1.246639e-01 2.295848e-01 3.383070e-01 4.652862e-01 6.486836e-01 8.124509e-01 9.286222e-01 9.985030e-01 1.052705e+00 1.076993e+00 1.080231e+00 1.008757e+00 1.013431e-06
<GCONST> 5.818073e+01
<MIXTURE> 4 1.671429e-02
<MEAN> 25
 3.443310e+00 2.383997e+00 -3.941158e+00 1.034639e+00 4.424764e+00 -3.436167e-01 -4.216992e-02 5.840033e-02 1.675229e+00 1.372951e+00 -1.686480e+00 -3.543198e-02 -2.713854e+00 1.188704e+00 1.670992e+00 2.954745e+00 9.504303e-01 4.208315e-01 1.545141e+00 9.043287e-01 9.762622e-01 4.681851e-01 1.108327e+00 9.851981e-01 -9.878481e-02
<VARIANCE> 25
 2.030442e+01 2.967983e+01 2.932154e+01 3.937420e+01 4.464584e+01 7.018436e+01 6.539455e+01 5.221928e+01 5.550072e+01 6.079681e+01 4.925058e+01 3.566904e+01 2.372670e+00 4.904780e+00 3.880516e+00 5.159833e+00 4.865018e+00 6.194535e+00 5.892239e+00 5.917130e+00 5.720248e+00 6.316604e+00 6.304565e+00 4.576027e+00 6.492082e-03
<GCONST> 1.055010e+02
<MIXTURE> 5 3.206198e-03
<MEAN> 25
 -3.388382e+00 2.218696e+00 5.681527e-01 9.378820e+00 6.702934e+00 6.285162e+00 7.154555e+00 4.758852e+00 5.517066e+00 3.802513e+00 4.638634e+00 2.576970e+00 -3.229089e-01 7.389373e-01 1.212158e+00 1.026121e+00 3.020320e-01 -9.581874e-02 -8.566143e-02 3.351862e-02 4.585827e-01 6.760760e-01 4.037334e-01 9.238788e-02 -2.876718e-05
<VARIANCE> 25
 1.031126e+01 1.410326e+01 2.376425e+01 2.571731e+01 2.039592e+01 1.950134e+01 2.019671e+01 2.041743e+01 2.137629e+01 2.134660e+01 2.400546e+01 1.647556e+01 1.200606e+00 1.258417e+00 1.367510e+00 1.668787e+00 2.272734e+00 2.367042e+00 2.288471e+00 2.274208e+00 2.310554e+00 2.232016e+00 2.094228e+00 1.861744e+00 1.034445e-06
<GCONST> 7.524232e+01
<MIXTURE> 6 5.475854e-03
<MEAN> 25
 9.558064e+00 -1.017526e+00 -6.616684e+00 -1.086388e+01 -2.253640e+00 7.240472e+00 -5.936151e+00 -5.275384e+00 -3.931199e+00 1.716780e+00 4.429307e+00 -1.419957e+00 4.752118e-01 8.753691e-01 -3.242293e-01 -1.461205e+00 -6.137398e-01 1.305049e+00 1.496353e+00 2.654590e-01 -1.242188e+00 -1.208218e+00 3.732759e-01 1.262214e+00 -8.596606e-03
<VARIANCE> 25
 9.214891e+00 2.525651e+01 2.320561e+01 3.950293e+01 3.579795e+01 3.654039e+01 4.352671e+01 3.711610e+01 4.165937e+01 3.817991e+01 4.153695e+01 2.797893e+01 3.029621e-01 8.334698e-01 1.017406e+00 1.914451e+00 1.555997e+00 2.052280e+00 1.931111e+00 1.994647e+00 2.510426e+00 1.886054e+00 2.259005e+00 1.405148e+00 5.669034e-04
<GCONST> 8.424591e+01
<MIXTURE> 7 5.475854e-03
<MEAN> 25
 9.558064e+00 -1.017526e+00 -6.616684e+00 -1.086388e+01 -2.253640e+00 7.240472e+00 -5.936151e+00 -5.275384e+00 -3.931199e+00 1.716780e+00 4.429307e+00 -1.419957e+00 4.752118e-01 8.753691e-01 -3.242293e-01 -1.461205e+00 -6.137398e-01 1.305049e+00 1.496353e+00 2.654590e-01 -1.242188e+00 -1.208218e+00 3.732759e-01 1.262214e+00 -8.596606e-03
<VARIANCE> 25
 9.214891e+00 2.525651e+01 2.320561e+01 3.950293e+01 3.579795e+01 3.654039e+01 4.352671e+01 3.711610e+01 4.165937e+01 3.817991e+01 4.153695e+01 2.797893e+01 3.029621e-01 8.334698e-01 1.017406e+00 1.914451e+00 1.555997e+00 2.052280e+00 1.931111e+00 1.994647e+00 2.510426e+00 1.886054e+00 2.259005e+00 1.405148e+00 5.669034e-04
<GCONST> 8.424591e+01
<MIXTURE> 8 1.165917e-02
<MEAN> 25
 -4.694884e+00 1.395479e+00 1.308996e+00 9.501967e+00 6.541472e+00 6.231194e+00 6.490733e+00 5.666511e+00 6.642032e+00 5.558169e+00 6.594433e+00 3.139625e+00 -6.304239e-01 -1.423615e+00 -1.035197e+00 -1.734354e+00 -2.364745e-01 -9.228862e-01 -1.782995e-01 -2.884845e-01 -2.681670e-01 -1.741768e-01 -2.141036e-01 8.260174e-02 9.871516e-02
<VARIANCE> 25
 9.458605e+00 9.934239e+00 1.159937e+01 1.643030e+01 1.671716e+01 1.569402e+01 1.802574e+01 1.747286e+01 1.697316e+01 1.805283e+01 1.887103e+01 1.393072e+01 2.738461e+00 2.797226e+00 4.072373e+00 3.738739e+00 3.436406e+00 3.368864e+00 3.109136e+00 3.060851e+00 2.887743e+00 2.638993e+00 2.420275e+00 1.889603e+00 6.641964e-03
<GCONST> 8.635655e+01
<MIXTURE> 9 1.199672e-02
<MEAN> 25
 9.089557e+00 2.510960e+00 -6.032794e+00 -9.789968e+00 -2.723436e+00 5.834134e+00 -2.002693e+00 -3.681854e+00 -6.116417e+00 -9.748915e-01 1.356180e+00 1.004208e-01 1.079936e+00 -2.884113e-01 -6.995959e-01 -2.834456e+00 -1.694829e+00 1.178672e+00 -1.188127e+00 -1.305482e-01 3.654538e-01 -3.107237e-01 8.246069e-01 -1.850349e-02 7.480989e-02
<VARIANCE> 25
 1.124980e+01 2.441416e+01 3.005907e+01 5.448146e+01 4.923320e+01 3.633803e+01 3.889280e+01 5.877515e+01 4.120572e+01 3.749788e+01 3.721042e+01 2.526819e+01 2.734674e+00 2.411768e+00 4.347475e+00 4.444090e+00 4.487082e+00 4.312615e+00 4.088396e+00 5.425693e+00 6.493512e+00 4.264591e+00 3.987799e+00 2.736928e+00 2.209869e-03
<GCONST> 9.888242e+01
<MIXTURE> 10 6.596976e-03
<MEAN> 25
 8.277428e-01 7.632237e+00 5.364552e+00 7.141056e+00 1.592904e+00 -2.118470e+00 -5.157837e-01 -1.671670e+00 8.828578e-01 8.441442e-01 8.353863e-01 6.501509e-01 -1.920143e+00 -6.690357e-01 -4.642416e-01 3.027975e+00 2.463675e+00 2.704362e+00 2.372316e+00 2.272218e+00 1.859533e+00 1.544525e+00 2.332658e+00 5.206532e-01 -1.380966e-01
<VARIANCE> 25
 1.953356e+01 2.066410e+01 2.234599e+01 2.905318e+01 3.826655e+01 3.489085e+01 3.509671e+01 3.389072e+01 2.764690e+01 2.916358e+01 2.691994e+01 2.500861e+01 2.244679e+00 3.431000e+00 5.546086e+00 5.161213e+00 5.542845e+00 4.483624e+00 4.693418e+00 4.856389e+00 4.384528e+00 5.014614e+00 4.440803e+00 3.195745e+00 2.694242e-03
<GCONST> 9.746732e+01
<MIXTURE> 11 1.633820e-02
<MEAN> 25
 7.335699e+00 2.717872e+00 3.318935e+00 5.094247e+00 -3.093897e+00 -2.274873e+00 -1.693436e+00 -6.236176e+00 -5.345240e+00 6.960833e-01 -2.926621e+00 -2.932399e+00 -1.196580e-01 5.019013e-01 -1.519276e-01 1.619150e-01 5.194786e-01 9.607927e-02 3.491967e-01 -3.612609e-01 -3.743936e-02 -9.242322e-02 1.262994e-01 2.705397e-01 -2.099709e-02
<VARIANCE> 25
 9.488749e+00 3.098244e+01 2.103933e+01 2.510469e+01 3.627246e+01 3.867589e+01 4.162314e+01 4.672681e+01 7.441917e+01 3.497028e+01 3.139452e+01 2.499735e+01 9.153828e-01 9.804376e-01 2.133763e+00 2.005240e+00 1.805749e+00 2.349694e+00 2.250260e+00 2.497893e+00 2.014002e+00 2.449736e+00 2.105392e+00 1.571762e+00 9.522411e-04
<GCONST> 8.760211e+01
<MIXTURE> 12 5.904134e-03
<MEAN> 25
 1.076509e+01 3.742136e+00 -4.502434e+00 -1.599318e+01 -8.696146e+00 8.643687e+00 -8.977385e-01 -1.921918e+00 -1.723604e+00 -4.886379e+00 1.774686e+00 7.163337e-01 6.774427e-02 2.938043e-01 7.972348e-02 -3.683174e-01 -3.102827e-01 2.952068e-02 3.056395e-01 4.478609e-01 1.408340e-01 -3.847058e-01 -3.855138e-01 5.407442e-02 -6.304065e-03
<VARIANCE> 25
 8.885056e+00 2.103400e+01 2.335793e+01 3.503395e+01 4.205806e+01 3.097309e+01 4.180206e+01 4.897882e+01 4.406853e+01 3.738705e+01 3.799494e+01 2.892687e+01 2.468038e-01 6.882899e-01 6.861225e-01 1.169827e+00 1.186379e+00 1.053812e+00 1.171090e+00 1.386127e+00 1.241176e+00 1.222183e+00 1.221554e+00 9.566863e-01 5.786086e-04
<GCONST> 7.892336e+01
<MIXTURE> 13 5.904134e-03
<MEAN> 25
 1.076509e+01 3.742136e+00 -4.502434e+00 -1.599318e+01 -8.696146e+00 8.643687e+00 -8.977385e-01 -1.921918e+00 -1.723604e+00 -4.886379e+00 1.774686e+00 7.163337e-01 6.774427e-02 2.938043e-01 7.972348e-02 -3.683174e-01 -3.102827e-01 2.952068e-02 3.056395e-01 4.478609e-01 1.408340e-01 -3.847058e-01 -3.855138e-01 5.407442e-02 -6.304065e-03
<VARIANCE> 25
 8.885056e+00 2.103400e+01 2.335793e+01 3.503395e+01 4.205806e+01 3.097309e+01 4.180206e+01 4.897882e+01 4.406853e+01 3.738705e+01 3.799494e+01 2.892687e+01 2.468038e-01 6.882899e-01 6.861225e-01 1.169827e+00 1.186379e+00 1.053812e+00 1.171090e+00 1.386127e+00 1.241176e+00 1.222183e+00 1.221554e+00 9.566863e-01 5.786086e-04
<GCONST> 7.892336e+01
<MIXTURE> 14 6.488954e-03
<MEAN> 25
 -3.994521e+00 1.542253e-01 -6.616526e-01 8.700482e+00 7.646831e+00 6.825419e+00 8.152288e+00 7.459389e+00 7.028301e+00 4.678283e+00 6.765719e+00 3.978586e+00 -2.580594e-01 1.868594e-01 4.171572e-01 3.577904e-01 5.609270e-02 1.477044e-01 9.954819e-02 1.826306e-01 3.229331e-01 4.959489e-01 4.884649e-01 1.120244e-01 -8.152911e-03
<VARIANCE> 25
 1.033706e+01 1.710562e+01 2.016591e+01 1.766638e+01 2.129107e+01 2.354843e+01 2.169502e+01 1.969065e+01 1.983756e+01 2.647616e+01 2.121563e+01 1.612139e+01 9.156790e-01 1.563464e+00 1.737897e+00 1.893191e+00 2.179399e+00 2.295284e+00 2.194463e+00 2.201223e+00 2.207094e+00 2.426949e+00 2.231760e+00 1.738460e+00 9.829329e-04
<GCONST> 8.221475e+01
<MIXTURE> 15 2.475190e-03
<MEAN> 25
 -5.421874e+00 -6.434090e-01 -1.874007e-01 7.361434e+00 5.698665e+00 5.709733e+00 6.069393e+00 4.981678e+00 5.167430e+00 4.139723e+00 5.489389e+00 2.545264e+00 -1.206162e-01 -3.222893e-02 7.619967e-02 2.431784e-01 4.876725e-01 7.874965e-01 1.070156e+00 1.181049e+00 1.060373e+00 7.540042e-01 4.251100e-01 1.543903e-01 -7.604882e-05
<VARIANCE> 25
 6.979208e+00 5.608982e+00 9.124343e+00 1.280629e+01 1.429341e+01 1.431046e+01 1.492323e+01 1.486926e+01 1.407356e+01 1.425224e+01 1.514584e+01 1.250312e+01 1.246902e-01 2.102813e-01 3.197884e-01 5.021456e-01 6.995979e-01 7.924433e-01 7.639252e-01 7.905399e-01 9.075667e-01 1.023805e+00 1.084910e+00 1.039503e+00 2.792357e-05
<GCONST> 5.863937e+01
<MIXTURE> 16 2.475190e-03
<MEAN> 25
 -5.421874e+00 -6.434090e-01 -1.874007e-01 7.361434e+00 5.698665e+00 5.709733e+00 6.069393e+00 4.981678e+00 5.167430e+00 4.139723e+00 5.489389e+00 2.545264e+00 -1.206162e-01 -3.222893e-02 7.619967e-02 2.431784e-01 4.876725e-01 7.874965e-01 1.070156e+00 1.181049e+00 1.060373e+00 7.540042e-01 4.251100e-01 1.543903e-01 -7.604882e-05
<VARIANCE> 25
 6.979208e+00 5.608982e+00 9.124343e+00 1.280629e+01 1.429341e+01 1.431046e+01 1.492323e+01 1.486926e+01 1.407356e+01 1.425224e+01 1.514584e+01 1.250312e+01 1.246902e-01 2.102813e-01 3.197884e-01 5.021456e-01 6.995979e-01 7.924433e-01 7.639252e-01 7.905399e-01 9.075667e-01 1.023805e+00 1.084910e+00 1.039503e+00 2.792357e-05
<GCONST> 5.863937e+01
<MIXTURE> 17 9.518312e-03
<MEAN> 25
 2.995532e+00 5.076261e-01 6.621723e+00 1.163443e+00 -4.457635e+00 -5.041860e+00 -1.828503e+00 -5.930158e-01 -2.545246e-01 -3.855691e+00 5.047679e-01 1.270028e+00 -6.471761e-01 -9.851819e-01 1.994437e+00 -2.055774e+00 -2.124860e+00 6.366044e-01 -5.576555e-01 4.939442e-01 -9.351147e-01 -3.449069e-01 7.227524e-01 6.013144e-01 7.634503e-02
<VARIANCE> 25
 1.220124e+01 2.730533e+01 2.795591e+01 3.216407e+01 3.579172e+01 4.306311e+01 4.195817e+01 2.904638e+01 4.174597e+01 2.515020e+01 3.340651e+01 2.406256e+01 1.340307e+00 2.134138e+00 3.800944e+00 2.281731e+00 3.389009e+00 5.286524e+00 5.314364e+00 5.006948e+00 3.740124e+00 3.665738e+00 3.349365e+00 2.562874e+00 1.826269e-03
<GCONST> 9.448951e+01
<MIXTURE> 18 1.221018e-02
<MEAN> 25
 4.073264e+00 4.292368e+00 5.286797e+00 4.393394e+00 -3.128168e+00 -7.727832e+00 -1.835729e+00 1.645749e-01 -2.487642e+00 -2.833005e+00 -8.611432e-01 -1.646053e-02 -4.903095e-01 2.089829e+00 -7.846438e-01 2.066622e+00 3.046127e+00 8.960462e-01 1.083341e+00 -2.324082e-01 7.233204e-01 5.184353e-01 -1.793843e-01 -3.938191e-01 -1.210132e-01
<VARIANCE> 25
 1.293934e+01 2.590160e+01 3.571370e+01 2.323815e+01 4.145429e+01 3.021517e+01 3.690514e+01 3.426329e+01 4.682235e+01 3.562363e+01 2.625296e+01 2.826232e+01 2.400137e+00 2.488333e+00 5.244379e+00 3.521066e+00 3.337936e+00 4.969634e+00 4.190026e+00 4.011075e+00 3.788002e+00 3.864238e+00 3.894732e+00 3.404777e+00 3.517339e-03
<GCONST> 9.673875e+01
<MIXTURE> 19 9.912824e-03
<MEAN> 25
 -1.000906e+01 2.526990e+00 4.743388e-01 8.295943e-01 4.201925e+00 1.310153e+00 3.808667e+00 1.013470e+00 1.802341e+00 1.112501e+00 7.181090e-01 2.032291e+00 1.977042e+00 1.540994e+00 2.102699e+00 6.973094e-01 -1.051239e+00 -9.017497e-01 -1.007531e+00 -1.450652e+00 -1.471800e+00 -1.145054e+00 -7.460676e-01 -7.857348e-01 1.778238e-03
<VARIANCE> 25
 5.803382e+01 3.218275e+01 4.622034e+01 5.042414e+01 3.134630e+01 3.270439e+01 3.110207e+01 2.936225e+01 2.881579e+01 2.541607e+01 3.199800e+01 1.836797e+01 2.570832e+00 2.518912e+00 2.158759e+00 2.187202e+00 2.635756e+00 2.391118e+00 2.354071e+00 2.267281e+00 1.956144e+00 1.922535e+00 2.244224e+00 1.630081e+00 2.356568e-03
<GCONST> 9.146238e+01
<MIXTURE> 20 6.308331e-03
<MEAN> 25
 -1.417044e+01 7.443306e+00 8.627269e-01 6.110636e+00 4.782410e+00 1.642559e+00 5.287649e+00 8.228126e-01 9.002250e-01 8.252873e-01 2.440627e+00 -1.655337e-01 -3.255773e+00 -8.656010e-01 -1.544439e+00 3.279281e-01 1.514674e+00 2.053461e+00 1.962053e+00 2.058193e+00 2.138842e+00 2.018720e+00 1.677516e+00 9.427492e-01 4.688062e-02
<VARIANCE> 25
 1.962984e+01 2.375404e+01 3.071207e+01 3.688538e+01 3.111332e+01 2.774406e+01 2.996408e+01 3.165234e+01 2.786200e+01 2.797087e+01 2.602824e+01 2.203032e+01 2.142913e+00 2.157836e+00 1.932139e+00 2.513944e+00 2.729275e+00 2.293875e+00 2.300498e+00 2.295151e+00 2.210915e+00 2.652300e+00 2.263226e+00 1.861467e+00 1.880250e-03
<GCONST> 8.929028e+01
<MIXTURE> 21 7.928653e-03
<MEAN> 25
 4.001476e+00 -4.502532e+00 5.786689e+00 -1.550177e+00 -1.051740e+01 -8.692861e+00 -2.621254e+00 4.131796e+00 -2.013412e+00 -3.411626e+00 2.212735e-01 3.845195e-01 -7.160189e-01 1.333305e+00 2.580431e+00 -5.441062e-02 -1.541249e+00 3.443024e-01 5.692335e-01 -1.485720e+00 -1.951721e+00 3.020719e-01 1.323248e+00 2.560346e-01 -1.261735e-02
<VARIANCE> 25
 8.834594e+00 1.869077e+01 2.980883e+01 2.834533e+01 2.907207e+01 3.350050e+01 4.320535e+01 3.944988e+01 4.324413e+01 3.151005e+01 3.396544e+01 2.335619e+01 3.778836e-01 9.527068e-01 1.856516e+00 1.298273e+00 2.212385e+00 2.199242e+00 3.673202e+00 2.586963e+00 2.166306e+00 2.603338e+00 2.013587e+00 2.315066e+00 4.338144e-04
<GCONST> 8.522674e+01
<MIXTURE> 22 8.827789e-03
<MEAN> 25
 -1.793073e+01 7.228193e+00 -4.104825e+00 7.316936e+00 4.626526e+00 2.727902e+00 8.425611e+00 1.692699e+00 5.307113e+00 3.332143e+00 5.611001e+00 1.254610e+00 -3.128137e-01 -2.093686e-01 -1.254399e-01 -1.561236e-01 -2.415510e-03 1.397909e-01 1.846576e-01 1.998217e-01 2.652321e-01 2.100839e-01 1.681736e-01 1.823226e-01 8.885133e-03
<VARIANCE> 25
 8.069666e+00 1.727201e+01 1.730558e+01 2.554383e+01 2.276341e+01 2.077257e+01 1.932586e+01 1.899135e+01 1.858319e+01 2.084906e+01 2.023926e+01 1.421321e+01 1.082419e+00 1.347280e+00 1.351797e+00 1.563832e+00 1.399983e+00 1.521711e+00 1.500908e+00 1.579987e+00 1.639051e+00 1.534823e+00 1.350180e+00 1.171330e+00 1.731209e-03
<GCONST> 7.842875e+01
<MIXTURE> 23 6.455497e-03
<MEAN> 25
 7.591094e+00 1.780093e+00 3.297781e+00 2.686167e+00 -4.623824e+00 -3.019858e+00 -4.160907e+00 -6.280159e+00 -4.324713e+00 -2.634703e-01 -4.384319e+00 -2.371088e+00 3.140509e-02 2.473334e-01 -6.861846e-03 1.233365e-01 -3.292702e-02 -3.066939e-02 3.481370e-03 -3.184870e-02 -5.965939e-02 9.551425e-02 6.811444e-02 -4.085770e-04 -5.844207e-03
<VARIANCE> 25
 1.018089e+01 2.814236e+01 2.576814e+01 3.701116e+01 4.007160e+01 4.821026e+01 5.304228e+01 5.224704e+01 6.222387e+01 4.917299e+01 4.652446e+01 3.726295e+01 1.163733e-01 3.330078e-01 3.638876e-01 5.233119e-01 5.668981e-01 6.924961e-01 8.019836e-01 8.370278e-01 8.440466e-01 8.651368e-01 8.114719e-01 7.489574e-01 9.750694e-05
<GCONST> 7.315186e+01
<MIXTURE> 24 6.455497e-03
<MEAN> 25
 7.591094e+00 1.780093e+00 3.297781e+00 2.686167e+00 -4.623824e+00 -3.019858e+00 -4.160907e+00 -6.280159e+00 -4.324713e+00 -2.634703e-01 -4.384319e+00 -2.371088e+00 3.140509e-02 2.473334e-01 -6.861846e-03 1.233365e-01 -3.292702e-02 -3.066939e-02 3.481370e-03 -3.184870e-02 -5.965939e-02 9.551425e-02 6.811444e-02 -4.085770e-04 -5.844207e-03
<VARIANCE> 25
 1.018089e+01 2.814236e+01 2.576814e+01 3.701116e+01 4.007160e+01 4.821026e+01 5.304228e+01 5.224704e+01 6.222387e+01 4.917299e+01 4.652446e+01 3.726295e+01 1.163733e-01 3.330078e-01 3.638876e-01 5.233119e-01 5.668981e-01 6.924961e-01 8.019836e-01 8.370278e-01 8.440466e-01 8.651368e-01 8.114719e-01 7.489574e-01 9.750694e-05
<GCONST> 7.315186e+01
<MIXTURE> 25 1.118642e-02
<MEAN> 25
 8.435135e-01 3.090236e+00 1.624090e+01 -2.005116e+00 -9.517216e+00 -7.450185e-01 -5.383368e+00 -2.004091e+00 -6.948630e+00 -4.850792e+00 3.741993e+00 8.718365e-01 -2.127671e-01 4.545575e-01 1.674218e-01 2.093253e-01 4.266107e-02 1.570649e-01 4.762598e-01 -9.949169e-02 -1.860749e-03 2.255510e-01 -7.455032e-02 -1.547042e-01 -1.093008e-02
<VARIANCE> 25
 6.942921e+00 1.614073e+01 1.635142e+01 2.337132e+01 2.829469e+01 3.272536e+01 2.787138e+01 2.530687e+01 3.780090e+01 3.006779e+01 1.586156e+01 3.021658e+01 5.493847e-01 1.103276e+00 1.088599e+00 1.134707e+00 1.744493e+00 1.762251e+00 2.095451e+00 1.433845e+00 1.794112e+00 1.364849e+00 1.509409e+00 9.901852e-01 1.187439e-03
<GCONST> 7.970464e+01
<MIXTURE> 26 7.727677e-03
<MEAN> 25
 2.363648e+00 -5.549748e+00 -1.024275e+01 -5.419899e-01 7.897462e+00 5.222078e+00 3.233479e+00 2.120551e-01 3.082607e+00 -1.928616e-01 -2.128462e+00 -1.957997e+00 -6.150787e-01 6.562880e-01 2.003010e-01 6.814931e-01 4.422950e-01 9.697358e-02 6.365501e-01 2.391580e-01 4.283698e-01 1.248758e-01 2.253560e-01 6.464899e-01 -4.821898e-02
<VARIANCE> 25
 2.196144e+01 3.883359e+01 2.320156e+01 5.405196e+01 3.596650e+01 3.916922e+01 5.901173e+01 4.241661e+01 3.849122e+01 5.403008e+01 3.804158e+01 4.907728e+01 1.619440e+00 1.714184e+00 2.119177e+00 1.762483e+00 2.525350e+00 2.770820e+00 2.830063e+00 2.854072e+00 2.293795e+00 2.100387e+00 2.200503e+00 2.406606e+00 3.376123e-03
<GCONST> 9.399901e+01
<MIXTURE> 27 7.727677e-03
<MEAN> 25
 2.363648e+00 -5.549748e+00 -1.024275e+01 -5.419899e-01 7.897462e+00 5.222078e+00 3.233479e+00 2.120551e-01 3.082607e+00 -1.928616e-01 -2.128462e+00 -1.957997e+00 -6.150787e-01 6.562880e-01 2.003010e-01 6.814931e-01 4.422950e-01 9.697358e-02 6.365501e-01 2.391580e-01 4.283698e-01 1.248758e-01 2.253560e-01 6.464899e-01 -4.821898e-02
<VARIANCE> 25
 2.196144e+01 3.883359e+01 2.320156e+01 5.405196e+01 3.596650e+01 3.916922e+01 5.901173e+01 4.241661e+01 3.849122e+01 5.403008e+01 3.804158e+01 4.907728e+01 1.619440e+00 1.714184e+00 2.119177e+00 1.762483e+00 2.525350e+00 2.770820e+00 2.830063e+00 2.854072e+00 2.293795e+00 2.100387e+00 2.200503e+00 2.406606e+00 3.376123e-03
<GCONST> 9.399901e+01
<MIXTURE> 28 5.036674e-03
<MEAN> 25
 -5.324176e+00 1.718261e-01 -1.664620e+00 6.523263e+00 5.289495e+00 3.413038e+00 5.495150e+00 3.181374e+00 3.939285e+00 2.307168e+00 2.623905e+00 3.093711e+00 -1.154131e-01 2.108136e-01 5.163039e-01 7.754303e-01 8.095424e-01 7.152852e-01 5.279209e-01 4.196808e-01 4.745482e-01 4.803065e-01 3.843772e-01 1.944698e-01 2.458540e-07
<VARIANCE> 25
 1.110678e+01 9.592102e+00 1.257507e+01 1.503344e+01 1.477386e+01 1.811731e+01 1.805543e+01 1.880750e+01 1.688530e+01 1.680600e+01 2.023937e+01 1.562718e+01 2.518714e-01 3.394345e-01 4.082620e-01 4.621820e-01 6.190609e-01 8.391154e-01 1.039518e+00 1.168619e+00 1.133137e+00 1.011516e+00 1.034015e+00 1.048784e+00 1.003368e-06
<GCONST> 6.049770e+01
<MIXTURE> 29 5.036674e-03
<MEAN> 25
 -5.324176e+00 1.718261e-01 -1.664620e+00 6.523263e+00 5.289495e+00 3.413038e+00 5.495150e+00 3.181374e+00 3.939285e+00 2.307168e+00 2.623905e+00 3.093711e+00 -1.154131e-01 2.108136e-01 5.163039e-01 7.754303e-01 8.095424e-01 7.152852e-01 5.279209e-01 4.196808e-01 4.745482e-01 4.803065e-01 3.843772e-01 1.944698e-01 2.458540e-07
<VARIANCE> 25
 1.110678e+01 9.592102e+00 1.257507e+01 1.503344e+01 1.477386e+01 1.811731e+01 1.805543e+01 1.880750e+01 1.688530e+01 1.680600e+01 2.023937e+01 1.562718e+01 2.518714e-01 3.394345e-01 4.082620e-01 4.621820e-01 6.190609e-01 8.391154e-01 1.039518e+00 1.168619e+00 1.133137e+00 1.011516e+00 1.034015e+00 1.048784e+00 1.003368e-06
<GCONST> 6.049770e+01
<MIXTURE> 30 8.917812e-03
<MEAN> 25
 -3.662655e+00 1.046090e+00 -3.155451e-02 8.409594e+00 8.410149e+00 6.996725e+00 8.129841e+00 7.188080e+00 6.699083e+00 3.290633e+00 6.291176e+00 3.182293e+00 -2.034102e-02 2.871440e-02 5.901666e-02 -9.638004e-03 4.216129e-02 -2.113871e-03 -1.145522e-01 -1.796259e-02 1.686029e-01 4.916894e-02 -1.803405e-02 2.104708e-02 4.616664e-04
<VARIANCE> 25
 9.172439e+00 1.503755e+01 1.182540e+01 1.433182e+01 1.508714e+01 1.649495e+01 1.820529e+01 1.632542e+01 1.482640e+01 2.732004e+01 2.058920e+01 1.421842e+01 9.611134e-02 1.765982e-01 2.922514e-01 5.118155e-01 6.843207e-01 7.644790e-01 7.688644e-01 7.014762e-01 9.299152e-01 8.592308e-01 9.642000e-01 8.099687e-01 5.428962e-05
<GCONST> 6.136695e+01
<MIXTURE> 31 4.136493e-03
<MEAN> 25
 -3.254612e+00 -5.514914e+00 -2.964534e-02 4.851104e+00 3.759788e+00 1.668882e+00 5.364195e+00 6.699901e+00 2.777391e+00 1.168207e+00 6.503602e+00 3.138082e+00 2.495048e-01 4.705648e-01 -2.049651e-01 3.122714e-01 1.270746e-01 4.193951e-01 1.856963e-01 1.534616e-02 3.813570e-01 3.861079e-01 1.235593e-01 1.120695e-01 -1.817819e-02
<VARIANCE> 25
 7.280537e+00 1.731472e+01 1.806747e+01 1.789017e+01 2.560225e+01 2.373564e+01 2.433828e+01 2.517713e+01 2.578964e+01 2.796292e+01 2.023181e+01 1.863062e+01 1.909477e-01 4.934922e-01 6.054747e-01 7.679205e-01 9.613152e-01 1.096909e+00 1.219953e+00 1.384415e+00 1.333394e+00 1.306179e+00 1.263809e+00 1.132119e+00 2.578911e-04
<GCONST> 7.200202e+01
<MIXTURE> 32 4.136493e-03
<MEAN> 25
 -3.254612e+00 -5.514914e+00 -2.964534e-02 4.851104e+00 3.759788e+00 1.668882e+00 5.364195e+00 6.699901e+00 2.777391e+00 1.168207e+00 6.503602e+00 3.138082e+00 2.495048e-01 4.705648e-01 -2.049651e-01 3.122714e-01 1.270746e-01 4.193951e-01 1.856963e-01 1.534616e-02 3.813570e-01 3.861079e-01 1.235593e-01 1.120695e-01 -1.817819e-02
<VARIANCE> 25
 7.280537e+00 1.731472e+01 1.806747e+01 1.789017e+01 2.560225e+01 2.373564e+01 2.433828e+01 2.517713e+01 2.578964e+01 2.796292e+01 2.023181e+01 1.863062e+01 1.909477e-01 4.934922e-01 6.054747e-01 7.679205e-01 9.613152e-01 1.096909e+00 1.219953e+00 1.384415e+00 1.333394e+00 1.306179e+00 1.263809e+00 1.132119e+00 2.578911e-04
<GCONST> 7.200202e+01
<MIXTURE> 33 1.508826e-02
<MEAN> 25
 6.533195e+00 -4.259105e+00 -2.299525e+00 -2.625803e+00 -2.028468e+00 -5.345319e+00 -7.290505e+00 1.643988e+00 2.243701e+00 -3.482652e-01 -4.592874e+00 -3.139980e+00 6.358648e-01 -1.204930e+00 -2.396671e+00 -1.859295e+00 1.428469e+00 1.494277e+00 -7.383900e-01 5.980496e-01 1.000294e+00 5.287954e-01 -3.316172e-01 -1.321540e+00 3.820186e-02
<VARIANCE> 25
 9.818870e+00 2.370380e+01 2.860769e+01 3.621909e+01 4.023187e+01 4.809773e+01 4.225702e+01 4.612514e+01 4.037321e+01 4.333353e+01 3.486361e+01 2.865546e+01 1.182744e+00 1.969136e+00 2.233495e+00 2.148588e+00 4.186250e+00 3.692934e+00 4.259200e+00 5.681094e+00 3.759664e+00 4.420286e+00 3.380399e+00 2.675034e+00 1.526237e-03
<GCONST> 9.472285e+01
<MIXTURE> 34 1.588179e-02
<MEAN> 25
 8.230901e+00 -1.757815e+00 4.039496e-01 1.460248e+00 -3.228129e+00 -1.240173e+00 -5.237854e+00 -3.800219e+00 -2.562668e+00 6.708504e-02 -2.422786e+00 -4.290879e+00 -1.446053e-02 1.405921e+00 1.326962e+00 2.092017e+00 4.561257e-01 -7.762239e-01 9.893932e-01 -1.772224e+00 -6.538628e-01 2.436600e-01 -7.577378e-01 2.723483e-01 -6.080635e-02
<VARIANCE> 25
 8.708799e+00 3.500462e+01 2.550487e+01 4.934969e+01 3.440703e+01 6.588925e+01 5.808657e+01 5.703539e+01 6.769153e+01 3.588261e+01 4.020352e+01 2.976686e+01 1.039803e+00 1.641538e+00 4.428064e+00 3.977877e+00 5.446823e+00 7.030026e+00 4.729624e+00 5.532098e+00 4.445334e+00 4.281198e+00 4.871099e+00 3.272938e+00 1.105144e-03
<GCONST> 9.873927e+01
<MIXTURE> 35 1.467755e-02
<MEAN> 25
 -2.265994e+00 -4.945470e+00 -1.046621e+01 7.863814e-01 9.363503e+00 -2.949823e+00 4.402521e-01 -3.563625e-01 2.835492e+00 6.408166e+00 -1.938864e+00 2.798280e+00 4.869172e-02 -1.067472e+00 -1.107680e+00 -1.450161e+00 -4.008849e-01 -1.193615e-01 -5.254446e-01 -3.864114e-01 7.157972e-02 5.061522e-01 -8.495883e-01 -2.568577e-01 1.095948e-01
<VARIANCE> 25
 1.792690e+01 2.421008e+01 4.102961e+01 4.853996e+01 3.347602e+01 8.261938e+01 4.126395e+01 4.862558e+01 4.364464e+01 3.879084e+01 4.208228e+01 3.077829e+01 3.525186e+00 2.823011e+00 5.717368e+00 4.303401e+00 6.773498e+00 6.703363e+00 4.053235e+00 4.668696e+00 3.990865e+00 4.593801e+00 4.545759e+00 4.649014e+00 4.026838e-03
<GCONST> 1.024481e+02
<MIXTURE> 36 1.093293e-02
<MEAN> 25
 4.755380e+00 -6.143818e+00 6.107486e+00 2.881556e+00 -1.011901e+01 -8.029599e+00 -9.649906e+00 2.572253e+00 -2.640544e+00 -3.968272e+00 4.417390e+00 1.831963e-02 3.082530e-01 2.301846e-01 -8.694412e-01 2.778481e-01 6.675841e-01 -8.440300e-03 -5.773610e-01 2.477106e-01 3.313573e-02 7.155532e-01 -5.654001e-01 -3.758167e-01 -1.602396e-02
<VARIANCE> 25
 6.429095e+00 2.595935e+01 2.010379e+01 2.286860e+01 2.735852e+01 2.782087e+01 4.436192e+01 2.433292e+01 2.921916e+01 2.341034e+01 2.259307e+01 1.941574e+01 3.780750e-01 8.333763e-01 1.004704e+00 9.066498e-01 1.408252e+00 1.277117e+00 1.853678e+00 1.372402e+00 1.834354e+00 1.545569e+00 1.778021e+00 1.183519e+00 7.184848e-04
<GCONST> 7.824589e+01
<MIXTURE> 37 1.246826e-02
<MEAN> 25
 4.438256e-01 6.917999e+00 1.254269e+01 -5.728605e+00 -7.616495e+00 -8.265215e-01 -4.272192e+00 -6.989288e+00 -3.400414e+00 -1.430161e+00 -3.229939e+00 -3.684188e-01 6.184252e-02 7.852560e-01 -1.599039e+00 3.281186e+00 1.985599e+00 -4.425915e-01 1.497731e+00 3.557971e-01 6.780708e-01 -1.889399e-01 3.972920e-01 -1.321334e-01 -9.015895e-02
<VARIANCE> 25
 1.374034e+01 2.752418e+01 2.946054e+01 4.408838e+01 3.019344e+01 2.785305e+01 4.666445e+01 4.339238e+01 4.203754e+01 3.979570e+01 3.627267e+01 3.228483e+01 3.232668e+00 3.027582e+00 3.049520e+00 4.222723e+00 4.112876e+00 3.506365e+00 4.465131e+00 3.354424e+00 3.380031e+00 3.471071e+00 3.490190e+00 2.605577e+00 3.916274e-03
<GCONST> 9.722655e+01
<MIXTURE> 38 1.154525e-02
<MEAN> 25
 -4.594019e+00 8.844336e+00 5.552272e+00 2.598190e+00 1.576860e-01 -5.105645e+00 1.361513e+00 -3.111633e+00 -2.725796e+00 -1.557812e+00 -1.283268e+00 1.187626e+00 -4.532637e+00 1.231834e+00 -8.947886e-01 1.398815e+00 2.411123e+00 8.621231e-01 2.158779e+00 7.086122e-01 1.109493e+00 8.144044e-01 4.266507e-01 4.949099e-01 4.913588e-02
<VARIANCE> 25
 3.040109e+01 2.561761e+01 4.145312e+01 3.137400e+01 4.276418e+01 3.375068e+01 4.972562e+01 3.539678e+01 3.200922e+01 3.745405e+01 2.160870e+01 3.648244e+01 2.062243e+00 3.323342e+00 4.665042e+00 4.375033e+00 3.666822e+00 5.335648e+00 4.301843e+00 4.243773e+00 4.287014e+00 4.355297e+00 4.968928e+00 2.915116e+00 1.795160e-03
<GCONST> 9.837857e+01
<MIXTURE> 39 9.501865e-03
<MEAN> 25
 1.463368e+00 2.274599e+00 9.904040e+00 -8.434323e+00 -1.035624e+01 -1.598333e+00 -2.258138e+00 -6.609344e+00 -3.483072e+00 9.048217e-01 -3.955124e+00 -1.483722e+00 -7.549854e-01 1.473165e+00 1.694879e+00 -1.478309e+00 5.067221e-02 1.228632e+00 -1.152181e+00 -1.362021e+00 3.790802e-01 2.941865e-01 -4.912426e-01 4.021174e-01 4.875403e-03
<VARIANCE> 25
 8.304200e+00 2.885810e+01 3.141656e+01 4.069095e+01 4.297988e+01 4.362908e+01 4.677347e+01 3.146330e+01 5.132940e+01 3.058299e+01 3.554807e+01 3.322228e+01 6.514093e-01 1.456296e+00 1.537587e+00 2.903073e+00 2.245292e+00 2.743335e+00 2.978944e+00 2.858098e+00 2.367985e+00 2.709366e+00 1.969123e+00 2.754855e+00 1.242498e-03
<GCONST> 9.010489e+01
<MIXTURE> 40 1.030800e-02
<MEAN> 25
 -6.317131e+00 3.878084e+00 -2.271720e+00 7.595911e+00 5.539130e+00 4.137229e+00 6.836582e+00 5.478968e+00 4.911262e+00 2.369424e+00 4.957993e+00 1.180758e+00 -9.912166e-02 -2.043068e-01 6.148058e-03 -1.560272e-01 4.681020e-03 -3.468303e-03 -1.208941e-01 -1.600975e-02 1.991716e-01 -2.978572e-02 -5.656885e-02 1.423356e-01 3.567879e-03
<VARIANCE> 25
 4.822821e+01 2.134039e+01 2.593012e+01 2.169384e+01 2.701113e+01 1.978359e+01 2.142741e+01 1.824856e+01 1.541450e+01 2.108963e+01 1.651265e+01 1.394997e+01 5.924668e-01 6.242933e-01 8.308817e-01 1.074054e+00 9.980193e-01 1.312540e+00 1.198997e+00 1.101524e+00 1.233824e+00 1.321569e+00 1.314405e+00 9.490757e-01 6.399615e-04
<GCONST> 7.548515e+01
<MIXTURE> 41 6.713375e-03
<MEAN> 25
 1.070501e+00 1.936723e+00 1.103773e+01 -6.494724e+00 -8.644334e+00 -3.407727e+00 -1.990801e+00 -3.824871e+00 -5.128752e+00 1.581445e+00 -1.117199e+00 1.772630e-01 7.504041e-02 -6.806873e-01 1.754411e+00 -3.144818e+00 -2.123514e+00 -2.504039e-01 -7.294820e-01 -5.054864e-01 -1.282661e+00 1.174099e+00 -1.211894e+00 4.511996e-01 8.989497e-02
<VARIANCE> 25
 9.630759e+00 2.440083e+01 2.917475e+01 3.349300e+01 4.232476e+01 3.510711e+01 3.206733e+01 3.020914e+01 3.421764e+01 2.933317e+01 2.990217e+01 2.676140e+01 2.580911e+00 2.717389e+00 3.261021e+00 3.722439e+00 4.319729e+00 5.156245e+00 4.055180e+00 3.907554e+00 4.034640e+00 3.643527e+00 3.379061e+00 3.119220e+00 2.461343e-03
<GCONST> 9.541379e+01
<MIXTURE> 42 1.106211e-02
<MEAN> 25
 -2.257452e+00 4.456872e+00 4.545364e+00 1.837433e+00 8.807715e-01 -6.870175e+00 -6.747782e-01 -2.626782e+00 -1.255364e+00 -1.554582e+00 -1.796734e+00 1.871655e+00 4.210621e+00 -1.174590e+00 1.447571e+00 3.382239e-01 -3.231783e+00 -9.683717e-01 -2.815534e+00 -9.278429e-01 -5.476548e-01 -9.918439e-01 8.828523e-01 -7.289653e-01 1.661607e-02
<VARIANCE> 25
 3.201104e+01 2.113232e+01 4.091779e+01 2.558458e+01 3.606577e+01 3.393992e+01 3.177660e+01 2.544758e+01 2.620032e+01 2.502337e+01 1.883695e+01 1.663515e+01 3.512665e+00 6.732302e+00 5.160500e+00 4.067355e+00 4.226305e+00 5.215207e+00 5.534989e+00 4.436701e+00 4.403537e+00 4.206389e+00 3.942165e+00 3.307998e+00 4.005812e-03
<GCONST> 9.792387e+01
<MIXTURE> 43 7.108249e-03
<MEAN> 25
 3.286331e+00 -6.921000e+00 -1.565084e+00 -4.670657e+00 -7.447289e+00 -2.503779e+00 3.922377e+00 7.725993e-01 -4.723382e+00 -6.302712e+00 -3.979678e+00 -1.488492e+00 2.339645e-01 2.118997e+00 1.952406e+00 1.503328e-01 -1.212487e+00 -1.165636e+00 -7.655644e-01 -7.754011e-01 6.228241e-01 1.518122e+00 7.275451e-02 9.247112e-02 -4.630866e-02
<VARIANCE> 25
 8.551276e+00 2.004834e+01 2.865940e+01 3.228676e+01 3.684746e+01 3.747487e+01 3.119835e+01 4.172633e+01 4.874840e+01 3.756001e+01 2.894343e+01 2.628518e+01 6.021181e-01 1.133354e+00 1.424726e+00 2.870058e+00 2.341645e+00 2.997015e+00 2.676739e+00 3.089685e+00 2.586242e+00 2.321217e+00 2.537454e+00 1.978561e+00 9.761099e-04
<GCONST> 8.803143e+01
<MIXTURE> 44 7.328289e-03
<MEAN> 25
 -1.450168e+01 1.771681e+00 3.731796e+00 -3.100907e+00 3.234083e+00 2.297586e+00 3.414069e-01 2.210724e+00 1.513752e+00 -8.654920e-01 1.359163e+00 2.061414e+00 -1.999118e-01 -7.291052e-02 2.026270e-01 3.253629e-01 -1.945789e-01 3.021935e-01 5.192490e-01 4.711310e-02 1.802071e-01 7.771505e-02 -1.645987e-02 7.577305e-02 6.456750e-03
<VARIANCE> 25
 5.116062e+01 2.820428e+01 3.361735e+01 2.924103e+01 2.903601e+01 2.994153e+01 2.623397e+01 3.181767e+01 2.669355e+01 2.696327e+01 2.862146e+01 1.904191e+01 1.177664e+00 1.557942e+00 1.399265e+00 1.322143e+00 2.161510e+00 1.752789e+00 1.487268e+00 1.790972e+00 1.603633e+00 1.514465e+00 1.460826e+00 1.194089e+00 1.296000e-03
<GCONST> 8.481560e+01
<MIXTURE> 45 1.364932e-02
<MEAN> 25
 -1.245212e+01 4.263374e+00 -6.681957e-01 2.609678e+00 5.101100e+00 -5.731657e-01 5.918577e+00 2.070987e+00 3.025872e+00 2.793291e+00 1.085232e+00 3.850593e+00 -2.964967e+00 6.926765e-01 -6.771574e-01 -4.303591e-01 4.528602e-01 9.397562e-03 3.324605e-01 -1.921403e-02 -2.550457e-01 -1.154281e-01 -6.975373e-02 6.561922e-02 1.091801e-01
<VARIANCE> 25
 3.836640e+01 2.876308e+01 2.850591e+01 2.975717e+01 2.989610e+01 2.788232e+01 3.244184e+01 2.769527e+01 2.272738e+01 2.498962e+01 3.633390e+01 2.406729e+01 2.418260e+00 2.781076e+00 3.586285e+00 2.484585e+00 2.836809e+00 2.443529e+00 2.299836e+00 2.017646e+00 2.264494e+00 1.912935e+00 2.202329e+00 1.482150e+00 3.868042e-03
<GCONST> 9.099643e+01
<MIXTURE> 46 9.336259e-03
<MEAN> 25
 -8.936581e+00 2.619347e+00 8.416120e-01 7.435444e+00 6.088063e+00 3.090209e+00 7.379327e+00 4.743455e+00 5.555906e+00 4.276611e+00 5.029642e+00 2.881093e+00 1.006640e+00 -2.107116e-01 1.051838e-01 1.014237e+00 6.241004e-01 9.794337e-01 4.017855e-01 6.835310e-01 4.835448e-01 4.799646e-01 6.350855e-01 5.452753e-01 -9.937092e-02
<VARIANCE> 25
 3.771756e+01 4.327324e+01 3.945162e+01 4.786361e+01 4.959229e+01 4.009979e+01 3.693040e+01 3.484108e+01 3.201230e+01 3.246032e+01 2.832732e+01 2.037374e+01 3.773178e+00 3.963536e+00 3.776109e+00 3.956934e+00 4.010224e+00 3.559655e+00 3.294022e+00 3.052905e+00 2.866724e+00 2.784360e+00 2.312579e+00 1.719972e+00 8.197443e-03
<GCONST> 9.797712e+01
<MIXTURE> 47 7.116147e-03
<MEAN> 25
 6.861156e+00 -8.473304e+00 -7.574518e+00 -6.264805e+00 1.627011e-01 2.149125e+00 -3.385424e+00 8.429295e-01 3.109770e+00 5.751755e-01 -3.792944e+00 -7.100349e+00 -1.210904e-01 -1.298612e+00 -6.486333e-01 -4.585429e-01 5.936944e-01 1.011605e+00 9.223024e-01 1.934535e-01 9.730057e-02 -9.695619e-01 -5.371488e-01 -4.205747e-01 3.122371e-02
<VARIANCE> 25
 1.072444e+01 2.613787e+01 1.830047e+01 2.958628e+01 4.511452e+01 5.824426e+01 4.627547e+01 3.739381e+01 4.075470e+01 4.250929e+01 4.491586e+01 3.039040e+01 4.946860e-01 7.763298e-01 1.009491e+00 1.569353e+00 1.752263e+00 3.254977e+00 2.420488e+00 2.496224e+00 2.156435e+00 1.959069e+00 1.966514e+00 1.993484e+00 5.554471e-04
<GCONST> 8.623752e+01
<MIXTURE> 48 7.116147e-03
<MEAN> 25
 6.861156e+00 -8.473304e+00 -7.574518e+00 -6.264805e+00 1.627011e-01 2.149125e+00 -3.385424e+00 8.429295e-01 3.109770e+00 5.751755e-01 -3.792944e+00 -7.100349e+00 -1.210904e-01 -1.298612e+00 -6.486333e-01 -4.585429e-01 5.936944e-01 1.011605e+00 9.223024e-01 1.934535e-01 9.730057e-02 -9.695619e-01 -5.371488e-01 -4.205747e-01 3.122371e-02
<VARIANCE> 25
 1.072444e+01 2.613787e+01 1.830047e+01 2.958628e+01 4.511452e+01 5.824426e+01 4.627547e+01 3.739381e+01 4.075470e+01 4.250929e+01 4.491586e+01 3.039040e+01 4.946860e-01 7.763298e-01 1.009491e+00 1.569353e+00 1.752263e+00 3.254977e+00 2.420488e+00 2.496224e+00 2.156435e+00 1.959069e+00 1.966514e+00 1.993484e+00 5.554471e-04
<GCONST> 8.623752e+01
<MIXTURE> 49 5.548473e-03
<MEAN> 25
 -5.002966e+00 4.773314e-01 9.354280e-02 8.398523e+00 6.219221e+00 5.546875e+00 6.159060e+00 4.545722e+00 5.062261e+00 3.593086e+00 4.881245e+00 2.797406e+00 3.633893e-01 6.484566e-01 6.978712e-01 3.579377e-01 -1.947018e-01 -6.603708e-01 -9.921088e-01 -1.112590e+00 -9.532692e-01 -6.729349e-01 -4.851820e-01 -2.663069e-01 4.747356e-05
<VARIANCE> 25
 9.857518e+00 1.074818e+01 1.448838e+01 1.588019e+01 1.595028e+01 1.764620e+01 1.979099e+01 1.932704e+01 1.809468e+01 1.876752e+01 2.057249e+01 1.469254e+01 2.765731e-01 2.628006e-01 3.588057e-01 6.439731e-01 8.776262e-01 9.819370e-01 1.013980e+00 1.042800e+00 1.146774e+00 1.205779e+00 1.268570e+00 1.196894e+00 1.462084e-05
<GCONST> 6.460306e+01
<MIXTURE> 50 6.234641e-03
<MEAN> 25
 -4.570301e+00 2.171296e-01 -1.578260e+00 6.150753e+00 4.274208e+00 2.152997e+00 3.805296e+00 2.019557e+00 2.803466e+00 1.389951e+00 2.177231e+00 2.749938e+00 5.498376e-02 1.637842e-01 8.152685e-02 -1.863314e-01 -5.123253e-01 -6.027678e-01 -4.209891e-01 -3.526299e-02 4.508324e-01 7.619677e-01 7.396141e-01 4.351898e-01 -3.264862e-05
<VARIANCE> 25
 1.083820e+01 1.185625e+01 1.496955e+01 1.532813e+01 1.533863e+01 1.920089e+01 1.882449e+01 1.940942e+01 1.828267e+01 1.733277e+01 2.129012e+01 1.546663e+01 1.424591e-01 2.435762e-01 3.862377e-01 5.286314e-01 5.943503e-01 7.569969e-01 9.511342e-01 1.132011e+00 1.066770e+00 9.020619e-01 9.157376e-01 9.828111e-01 1.039899e-06
<GCONST> 5.978552e+01
<MIXTURE> 51 6.234641e-03
<MEAN> 25
 -4.570301e+00 2.171296e-01 -1.578260e+00 6.150753e+00 4.274208e+00 2.152997e+00 3.805296e+00 2.019557e+00 2.803466e+00 1.389951e+00 2.177231e+00 2.749938e+00 5.498376e-02 1.637842e-01 8.152685e-02 -1.863314e-01 -5.123253e-01 -6.027678e-01 -4.209891e-01 -3.526299e-02 4.508324e-01 7.619677e-01 7.396141e-01 4.351898e-01 -3.264862e-05
<VARIANCE> 25
 1.083820e+01 1.185625e+01 1.496955e+01 1.532813e+01 1.533863e+01 1.920089e+01 1.882449e+01 1.940942e+01 1.828267e+01 1.733277e+01 2.129012e+01 1.546663e+01 1.424591e-01 2.435762e-01 3.862377e-01 5.286314e-01 5.943503e-01 7.569969e-01 9.511342e-01 1.132011e+00 1.066770e+00 9.020619e-01 9.157376e-01 9.828111e-01 1.039899e-06
<GCONST> 5.978552e+01
<MIXTURE> 52 6.367945e-03
<MEAN> 25
 1.012189e+01 2.045231e+00 -6.198980e+00 -1.428456e+01 -4.223253e+00 8.539909e+00 -2.754531e+00 -3.061817e+00 -4.406956e+00 -2.130890e+00 3.354420e+00 7.442523e-01 -3.856733e-01 -4.802028e-01 -6.949082e-02 1.140311e+00 1.339481e+00 -4.736870e-01 -6.031217e-01 -6.586562e-01 4.334703e-02 1.246171e+00 3.871333e-01 -5.460082e-01 -1.381053e-02
<VARIANCE> 25
 9.300397e+00 2.054934e+01 2.533010e+01 3.859311e+01 4.572919e+01 3.073951e+01 4.655280e+01 4.893858e+01 4.307506e+01 4.604932e+01 3.994032e+01 3.001998e+01 4.495511e-01 1.480969e+00 1.310835e+00 2.757638e+00 2.328530e+00 2.200086e+00 2.987586e+00 2.799796e+00 3.007804e+00 2.666644e+00 2.520591e+00 2.279216e+00 1.546947e-03
<GCONST> 8.974108e+01
<MIXTURE> 53 6.367945e-03
<MEAN> 25
 1.012189e+01 2.045231e+00 -6.198980e+00 -1.428456e+01 -4.223253e+00 8.539909e+00 -2.754531e+00 -3.061817e+00 -4.406956e+00 -2.130890e+00 3.354420e+00 7.442523e-01 -3.856733e-01 -4.802028e-01 -6.949082e-02 1.140311e+00 1.339481e+00 -4.736870e-01 -6.031217e-01 -6.586562e-01 4.334703e-02 1.246171e+00 3.871333e-01 -5.460082e-01 -1.381053e-02
<VARIANCE> 25
 9.300397e+00 2.054934e+01 2.533010e+01 3.859311e+01 4.572919e+01 3.073951e+01 4.655280e+01 4.893858e+01 4.307506e+01 4.604932e+01 3.994032e+01 3.001998e+01 4.495511e-01 1.480969e+00 1.310835e+00 2.757638e+00 2.328530e+00 2.200086e+00 2.987586e+00 2.799796e+00 3.007804e+00 2.666644e+00 2.520591e+00 2.279216e+00 1.546947e-03
<GCONST> 8.974108e+01
<MIXTURE> 54 7.368620e-03
<MEAN> 25
 -3.609276e+00 1.014615e-01 -7.233553e-01 8.002489e+00 6.500167e+00 4.567101e+00 4.693262e+00 4.617234e+00 4.059246e+00 3.563980e+00 4.458622e+00 2.305156e+00 -2.011599e-03 2.573249e-02 3.356902e-02 4.767070e-02 4.889029e-02 4.734327e-02 3.565372e-02 3.201040e-02 3.386799e-02 2.311074e-02 7.881867e-03 -2.156914e-03 -2.615199e-05
<VARIANCE> 25
 9.182410e+00 1.074762e+01 9.505965e+00 1.826782e+01 1.328425e+01 1.414201e+01 1.211334e+01 1.129950e+01 1.131330e+01 1.361514e+01 1.771066e+01 1.257962e+01 4.071314e-02 8.808120e-02 1.542315e-01 2.253892e-01 3.073018e-01 3.980324e-01 4.611668e-01 5.221058e-01 5.457586e-01 5.191191e-01 5.225987e-01 5.206813e-01 1.033982e-06
<GCONST> 4.743436e+01
<MIXTURE> 55 7.368620e-03
<MEAN> 25
 -3.609276e+00 1.014615e-01 -7.233553e-01 8.002489e+00 6.500167e+00 4.567101e+00 4.693262e+00 4.617234e+00 4.059246e+00 3.563980e+00 4.458622e+00 2.305156e+00 -2.011599e-03 2.573249e-02 3.356902e-02 4.767070e-02 4.889029e-02 4.734327e-02 3.565372e-02 3.201040e-02 3.386799e-02 2.311074e-02 7.881867e-03 -2.156914e-03 -2.615199e-05
<VARIANCE> 25
 9.182410e+00 1.074762e+01 9.505965e+00 1.826782e+01 1.328425e+01 1.414201e+01 1.211334e+01 1.129950e+01 1.131330e+01 1.361514e+01 1.771066e+01 1.257962e+01 4.071314e-02 8.808120e-02 1.542315e-01 2.253892e-01 3.073018e-01 3.980324e-01 4.611668e-01 5.221058e-01 5.457586e-01 5.191191e-01 5.225987e-01 5.206813e-01 1.033982e-06
<GCONST> 4.743436e+01
<MIXTURE> 56 6.132464e-03
<MEAN> 25
 7.196091e+00 -7.774425e+00 -8.892904e+00 -8.454063e+00 2.954998e+00 5.479481e+00 -2.890445e+00 -1.837725e+00 1.491638e+00 6.475570e-01 -2.399749e+00 -7.210939e+00 2.181510e-02 4.370261e-02 -5.204386e-02 -9.055666e-02 2.562040e-01 2.492282e-01 1.134560e-01 -1.044793e-01 -2.644410e-01 -1.389155e-01 -4.818757e-03 1.617162e-01 -7.292005e-03
<VARIANCE> 25
 9.375798e+00 3.051529e+01 1.848476e+01 3.801092e+01 3.809164e+01 6.625761e+01 5.999194e+01 3.433380e+01 3.742380e+01 3.401557e+01 3.620763e+01 2.824381e+01 1.980138e-01 3.943548e-01 4.384272e-01 8.206720e-01 7.174100e-01 1.470649e+00 8.564820e-01 8.819333e-01 1.273226e+00 9.307196e-01 9.971778e-01 8.992207e-01 2.202271e-04
<GCONST> 7.554204e+01
<MIXTURE> 57 6.132464e-03
<MEAN> 25
 7.196091e+00 -7.774425e+00 -8.892904e+00 -8.454063e+00 2.954998e+00 5.479481e+00 -2.890445e+00 -1.837725e+00 1.491638e+00 6.475570e-01 -2.399749e+00 -7.210939e+00 2.181510e-02 4.370261e-02 -5.204386e-02 -9.055666e-02 2.562040e-01 2.492282e-01 1.134560e-01 -1.044793e-01 -2.644410e-01 -1.389155e-01 -4.818757e-03 1.617162e-01 -7.292005e-03
<VARIANCE> 25
 9.375798e+00 3.051529e+01 1.848476e+01 3.801092e+01 3.809164e+01 6.625761e+01 5.999194e+01 3.433380e+01 3.742380e+01 3.401557e+01 3.620763e+01 2.824381e+01 1.980138e-01 3.943548e-01 4.384272e-01 8.206720e-01 7.174100e-01 1.470649e+00 8.564820e-01 8.819333e-01 1.273226e+00 9.307196e-01 9.971778e-01 8.992207e-01 2.202271e-04
<GCONST> 7.554204e+01
<MIXTURE> 58 6.172147e-03
<MEAN> 25
 2.566101e+00 -2.950310e+00 7.555637e+00 -5.294424e+00 -1.319385e+01 -5.359346e+00 1.150566e+00 9.342253e-01 -2.175907e+00 1.484875e+00 5.789156e-01 -7.177826e-01 -5.785207e-02 -1.403723e-01 -6.555898e-02 -1.624901e-01 -3.007909e-02 2.024256e-01 4.267391e-01 2.438895e-01 4.248363e-02 6.403765e-03 -1.213991e-01 -1.598811e-01 -3.287329e-03
<VARIANCE> 25
 7.167866e+00 1.543660e+01 2.023112e+01 2.647176e+01 2.406936e+01 4.683556e+01 3.829162e+01 3.400442e+01 3.342574e+01 3.313802e+01 2.227258e+01 1.992413e+01 3.222022e-01 7.895038e-01 7.271143e-01 1.006735e+00 8.729396e-01 1.242968e+00 1.226640e+00 1.267753e+00 1.072873e+00 1.055569e+00 1.002886e+00 8.499662e-01 7.117552e-04
<GCONST> 7.580037e+01
<MIXTURE> 59 6.172147e-03
<MEAN> 25
 2.566101e+00 -2.950310e+00 7.555637e+00 -5.294424e+00 -1.319385e+01 -5.359346e+00 1.150566e+00 9.342253e-01 -2.175907e+00 1.484875e+00 5.789156e-01 -7.177826e-01 -5.785207e-02 -1.403723e-01 -6.555898e-02 -1.624901e-01 -3.007909e-02 2.024256e-01 4.267391e-01 2.438895e-01 4.248363e-02 6.403765e-03 -1.213991e-01 -1.598811e-01 -3.287329e-03
<VARIANCE> 25
 7.167866e+00 1.543660e+01 2.023112e+01 2.647176e+01 2.406936e+01 4.683556e+01 3.829162e+01 3.400442e+01 3.342574e+01 3.313802e+01 2.227258e+01 1.992413e+01 3.222022e-01 7.895038e-01 7.271143e-01 1.006735e+00 8.729396e-01 1.242968e+00 1.226640e+00 1.267753e+00 1.072873e+00 1.055569e+00 1.002886e+00 8.499662e-01 7.117552e-04
<GCONST> 7.580037e+01
<MIXTURE> 60 4.479129e-03
<MEAN> 25
 -4.260882e+00 -6.601897e-01 -1.082096e+00 3.696522e+00 1.730690e+00 2.119562e+00 1.642555e+00 1.536210e+00 2.163469e+00 1.259683e+00 2.383171e+00 1.917904e+00 -2.843060e-02 5.533284e-02 1.013797e-01 1.299443e-01 1.291235e-01 1.301739e-01 1.791804e-01 3.232605e-01 5.458463e-01 6.637148e-01 5.575843e-01 3.034942e-01 -3.921727e-04
<VARIANCE> 25
 6.952395e+00 4.556959e+00 1.033261e+01 1.129648e+01 1.361933e+01 1.706131e+01 1.403800e+01 1.186294e+01 1.272972e+01 1.319946e+01 1.592776e+01 1.228771e+01 8.691832e-02 1.698677e-01 2.793110e-01 4.316725e-01 5.859524e-01 7.281132e-01 8.280594e-01 8.982495e-01 9.022061e-01 8.352954e-01 8.437946e-01 8.622187e-01 2.296383e-05
<GCONST> 5.636534e+01
<MIXTURE> 61 4.479129e-03
<MEAN> 25
 -4.260882e+00 -6.601897e-01 -1.082096e+00 3.696522e+00 1.730690e+00 2.119562e+00 1.642555e+00 1.536210e+00 2.163469e+00 1.259683e+00 2.383171e+00 1.917904e+00 -2.843060e-02 5.533284e-02 1.013797e-01 1.299443e-01 1.291235e-01 1.301739e-01 1.791804e-01 3.232605e-01 5.458463e-01 6.637148e-01 5.575843e-01 3.034942e-01 -3.921727e-04
<VARIANCE> 25
 6.952395e+00 4.556959e+00 1.033261e+01 1.129648e+01 1.361933e+01 1.706131e+01 1.403800e+01 1.186294e+01 1.272972e+01 1.319946e+01 1.592776e+01 1.228771e+01 8.691832e-02 1.698677e-01 2.793110e-01 4.316725e-01 5.859524e-01 7.281132e-01 8.280594e-01 8.982495e-01 9.022061e-01 8.352954e-01 8.437946e-01 8.622187e-01 2.296383e-05
<GCONST> 5.636534e+01
<MIXTURE> 62 3.278034e-03
<MEAN> 25
 -5.079611e+00 1.210960e+00 1.128532e+00 8.722354e+00 5.919899e+00 5.137870e+00 5.593079e+00 4.070542e+00 5.016407e+00 3.788558e+00 4.857616e+00 2.989110e+00 -9.791878e-01 -1.172573e+00 -9.217719e-01 -2.703442e-01 4.115858e-01 1.010053e+00 1.357376e+00 1.535812e+00 1.480253e+00 1.213715e+00 1.106465e+00 7.241625e-01 -1.192138e-03
<VARIANCE> 25
 9.733319e+00 9.939631e+00 1.362482e+01 1.683088e+01 1.942728e+01 1.771396e+01 1.971925e+01 1.879878e+01 1.852090e+01 1.912268e+01 2.168259e+01 1.469652e+01 4.207793e-01 4.263392e-01 5.904391e-01 7.653478e-01 1.025978e+00 1.168944e+00 1.262162e+00 1.267163e+00 1.302876e+00 1.377605e+00 1.455536e+00 1.343338e+00 1.624905e-05
<GCONST> 6.771127e+01
<MIXTURE> 63 4.351215e-03
<MEAN> 25
 -2.830690e+00 4.502250e-02 -5.425728e+00 2.898668e+00 4.579694e+00 -9.827274e-01 4.433635e+00 2.856752e+00 2.559493e+00 -1.999121e+00 -4.887977e-01 1.526754e+00 -4.709281e-02 3.429530e-01 4.630625e-01 5.300749e-01 4.326802e-01 4.385140e-01 5.362021e-01 2.753350e-01 1.386350e-02 2.138336e-01 2.876137e-01 1.594489e-01 -3.031275e-03
<VARIANCE> 25
 1.088518e+01 2.444920e+01 1.471560e+01 1.345625e+01 1.764812e+01 2.259665e+01 2.884433e+01 2.493387e+01 2.120358e+01 2.055455e+01 1.967129e+01 1.737299e+01 2.517438e-01 3.709746e-01 6.240089e-01 9.270828e-01 8.279481e-01 1.065369e+00 1.212122e+00 1.342758e+00 1.579363e+00 1.242042e+00 1.408466e+00 1.192078e+00 1.650247e-04
<GCONST> 7.122308e+01
<MIXTURE> 64 4.351215e-03
<MEAN> 25
 -2.830690e+00 4.502250e-02 -5.425728e+00 2.898668e+00 4.579694e+00 -9.827274e-01 4.433635e+00 2.856752e+00 2.559493e+00 -1.999121e+00 -4.887977e-01 1.526754e+00 -4.709281e-02 3.429530e-01 4.630625e-01 5.300749e-01 4.326802e-01 4.385140e-01 5.362021e-01 2.753350e-01 1.386350e-02 2.138336e-01 2.876137e-01 1.594489e-01 -3.031275e-03
<VARIANCE> 25
 1.088518e+01 2.444920e+01 1.471560e+01 1.345625e+01 1.764812e+01 2.259665e+01 2.884433e+01 2.493387e+01 2.120358e+01 2.055455e+01 1.967129e+01 1.737299e+01 2.517438e-01 3.709746e-01 6.240089e-01 9.270828e-01 8.279481e-01 1.065369e+00 1.212122e+00 1.342758e+00 1.579363e+00 1.242042e+00 1.408466e+00 1.192078e+00 1.650247e-04
<GCONST> 7.122308e+01
<MIXTURE> 65 1.721197e-02
<MEAN> 25
 7.491881e+00 3.901309e-01 2.443434e+00 1.368192e+00 -4.947837e+00 -3.645522e+00 -4.738067e+00 -6.740841e+00 -6.031098e+00 -1.088483e+00 -5.382410e+00 -2.352271e+00 2.045951e-01 1.718726e-01 -7.167277e-02 1.891648e-01 -2.120745e-01 2.061393e-01 -3.046447e-01 -2.354578e-01 6.728002e-02 2.248232e-01 6.324522e-02 -2.656646e-02 -7.650118e-03
<VARIANCE> 25
 9.145374e+00 2.661206e+01 2.621653e+01 3.147520e+01 3.377577e+01 5.767546e+01 5.185964e+01 5.498305e+01 7.492625e+01 5.486802e+01 4.953392e+01 4.262753e+01 5.141506e-01 7.688851e-01 1.683422e+00 1.878077e+00 1.731539e+00 2.440855e+00 2.646396e+00 2.628280e+00 2.430690e+00 2.934987e+00 2.524756e+00 2.134930e+00 4.312772e-04
<GCONST> 8.916848e+01
<MIXTURE> 66 1.191532e-02
<MEAN> 25
 6.263474e+00 -4.884444e+00 -5.255264e+00 -4.786780e+00 3.978677e-01 -3.470278e+00 -6.901624e+00 8.131008e-01 4.745771e-01 -1.551472e+00 -5.263289e+00 -3.684919e+00 -5.590801e-02 1.688666e+00 2.189038e+00 2.236359e+00 -9.202923e-01 -1.526466e+00 2.448096e-01 -5.179232e-01 -2.217973e-01 -1.452522e-01 -3.092386e-01 9.650011e-01 -6.429806e-02
<VARIANCE> 25
 9.455138e+00 2.531089e+01 2.667625e+01 3.219698e+01 4.128038e+01 7.337082e+01 5.803654e+01 4.281584e+01 5.878641e+01 6.313282e+01 3.879321e+01 3.492583e+01 1.162953e+00 2.180532e+00 2.305307e+00 2.336937e+00 4.572845e+00 4.474880e+00 4.510106e+00 4.542561e+00 3.951397e+00 4.504333e+00 3.696836e+00 3.092397e+00 1.456965e-03
<GCONST> 9.688203e+01
<MIXTURE> 67 1.559142e-02
<MEAN> 25
 8.043240e+00 3.013031e-02 -5.649341e+00 -7.661292e+00 2.184991e-01 4.376432e+00 -4.530054e+00 -2.150722e+00 -3.694526e+00 1.213346e+00 2.406847e-01 -2.673181e+00 -8.270758e-01 1.774824e+00 9.518944e-01 2.780452e+00 1.535782e+00 -8.273276e-01 1.555186e+00 1.601182e-01 1.837866e-01 1.988408e-01 -3.981952e-01 4.818955e-01 -1.224675e-01
<VARIANCE> 25
 1.369812e+01 5.120031e+01 2.804666e+01 5.133130e+01 4.526909e+01 5.968493e+01 6.557633e+01 4.556277e+01 6.629315e+01 5.151375e+01 4.664863e+01 4.846588e+01 2.201706e+00 2.966183e+00 3.770473e+00 4.237490e+00 4.112316e+00 5.102418e+00 4.490168e+00 4.620030e+00 4.819410e+00 4.014216e+00 4.498908e+00 3.429582e+00 3.133042e-03
<GCONST> 1.021922e+02
<MIXTURE> 68 1.485092e-02
<MEAN> 25
 -1.986776e+00 -2.069157e+00 -4.338041e+00 1.106982e+00 5.144402e+00 -1.045945e+00 1.902479e+00 1.114339e+00 2.539767e+00 1.999076e+00 2.147073e-01 1.765588e+00 2.576668e+00 3.782024e-01 1.825912e-01 -2.452618e+00 -2.695861e+00 -1.349601e+00 -2.408466e+00 -1.665638e+00 -1.610188e+00 -1.512650e+00 -1.754692e+00 -1.120500e+00 1.058701e-01
<VARIANCE> 25
 2.423103e+01 3.077641e+01 5.751885e+01 4.906614e+01 4.364262e+01 5.414199e+01 4.323688e+01 4.659711e+01 4.222375e+01 4.287173e+01 3.667803e+01 2.474628e+01 2.157790e+00 3.817642e+00 5.880430e+00 5.655457e+00 5.542874e+00 6.076189e+00 5.425366e+00 4.857494e+00 4.692308e+00 5.030293e+00 5.398325e+00 3.351671e+00 5.803569e-03
<GCONST> 1.035036e+02
<MIXTURE> 69 1.204884e-02
<MEAN> 25
 4.649374e+00 -4.162344e+00 -3.552379e+00 -3.386471e+00 -3.352187e+00 -8.047878e+00 -1.200677e+00 2.140742e+00 -3.214474e-01 -4.622790e+00 -5.508616e+00 9.780357e-01 1.588899e+00 -2.209848e+00 -1.329268e+00 -2.233167e+00 -4.919170e-01 -3.271835e-01 -4.466630e-01 5.228808e-01 -6.044499e-01 -1.364902e+00 -2.226509e+00 -9.900394e-02 6.276987e-02
<VARIANCE> 25
 8.755767e+00 2.169628e+01 2.643002e+01 2.853604e+01 4.309444e+01 3.688359e+01 4.891853e+01 3.139829e+01 3.951796e+01 3.794363e+01 3.262691e+01 2.434385e+01 3.854410e+00 2.907710e+00 3.328245e+00 3.632747e+00 5.750809e+00 4.948794e+00 7.029644e+00 6.392973e+00 5.874074e+00 6.254540e+00 4.352999e+00 3.910262e+00 2.413068e-03
<GCONST> 9.899210e+01
<MIXTURE> 70 1.329190e-02
<MEAN> 25
 5.831519e+00 -4.445736e+00 -4.696852e+00 -3.336865e+00 -3.564277e+00 2.087571e+00 -7.601618e+00 -4.371572e+00 1.039225e+00 3.627844e+00 1.374287e+00 -4.783164e+00 1.467794e+00 -1.820897e+00 -3.321095e-01 -2.002365e+00 -2.246041e+00 2.401152e+00 -1.740447e+00 6.088523e-01 5.544888e-01 -3.577385e-01 9.512966e-01 -1.944611e+00 7.571195e-02
<VARIANCE> 25
 1.079177e+01 2.484956e+01 1.978507e+01 3.583815e+01 3.795721e+01 5.742449e+01 3.783303e+01 3.804148e+01 4.722028e+01 2.345316e+01 3.276278e+01 2.365116e+01 3.506759e+00 2.854801e+00 4.366457e+00 3.504184e+00 5.529090e+00 7.085786e+00 4.888766e+00 5.813149e+00 6.160822e+00 4.803920e+00 4.929526e+00 4.832899e+00 2.220521e-03
<GCONST> 9.921893e+01
<MIXTURE> 71 1.406903e-02
<MEAN> 25
 6.214588e+00 4.770133e+00 3.998846e+00 3.181087e+00 -3.118213e+00 -3.689049e+00 -3.130062e+00 -6.442082e+00 -4.288500e+00 -2.346453e+00 -4.955342e+00 -2.899224e+00 -1.571665e+00 -6.649625e-01 -2.138470e-01 -1.766852e+00 1.047464e+00 -1.157118e-02 5.265139e-02 1.241885e+00 3.314470e-01 -1.143052e-01 5.770422e-01 3.911234e-01 4.096437e-02
<VARIANCE> 25
 1.843779e+01 2.686234e+01 2.492615e+01 4.371989e+01 3.958652e+01 4.497686e+01 4.399007e+01 4.137814e+01 4.411689e+01 4.159100e+01 3.871739e+01 3.452639e+01 1.713019e+00 2.894894e+00 5.302382e+00 4.670071e+00 4.602117e+00 4.766910e+00 4.732771e+00 6.357663e+00 4.191560e+00 4.271496e+00 3.999604e+00 3.632850e+00 1.383748e-03
<GCONST> 9.913109e+01
<MIXTURE> 72 8.134747e-03
<MEAN> 25
 3.792789e+00 -3.695687e+00 5.459567e+00 -2.457813e+00 -1.040168e+01 -9.619199e+00 -2.463137e+00 1.915050e+00 -4.949859e+00 -2.199696e+00 -1.874965e+00 6.158516e-01 9.321993e-01 -7.855132e-01 -2.574591e+00 4.630543e-01 2.132682e+00 -6.541505e-01 -1.315575e+00 1.523870e+00 1.811486e+00 -5.965816e-01 -1.284809e+00 4.004090e-01 -6.145745e-03
<VARIANCE> 25
 1.077512e+01 1.954651e+01 3.284253e+01 3.843304e+01 3.230231e+01 3.338528e+01 4.115174e+01 3.625158e+01 4.373957e+01 4.132853e+01 3.887809e+01 2.850813e+01 4.317728e-01 1.025496e+00 2.023203e+00 1.467772e+00 2.192999e+00 2.355888e+00 3.065588e+00 2.731183e+00 2.605716e+00 2.959474e+00 2.032696e+00 2.127769e+00 5.430581e-04
<GCONST> 8.726881e+01
<MIXTURE> 73 1.213625e-02
<MEAN> 25
 -5.524800e+00 -6.691505e-01 -1.222357e+00 4.831194e+00 4.194376e+00 2.326235e+00 5.538023e+00 3.417641e+00 4.366520e+00 3.292094e+00 4.332203e+00 2.992357e+00 7.758063e-01 -1.032974e+00 -8.519433e-01 -2.636426e+00 -1.268097e+00 -1.679752e+00 -8.968661e-01 -5.043448e-01 -9.488686e-01 -6.917610e-01 -1.092969e+00 -2.734666e-01 1.535277e-01
<VARIANCE> 25
 1.326725e+01 1.393575e+01 1.562573e+01 2.261808e+01 2.304640e+01 2.448427e+01 2.018069e+01 1.996666e+01 1.764767e+01 1.996500e+01 2.308623e+01 1.536115e+01 4.008192e+00 3.034940e+00 6.304842e+00 4.600286e+00 6.097714e+00 4.763058e+00 4.254204e+00 4.176626e+00 3.878753e+00 4.178534e+00 3.506158e+00 2.642861e+00 4.323602e-03
<GCONST> 9.278473e+01
<MIXTURE> 74 1.756491e-02
<MEAN> 25
 4.312449e+00 -2.889953e+00 4.251158e+00 -7.608339e-02 -7.792273e+00 -6.266114e+00 -4.407489e+00 1.459418e+00 -2.995833e+00 -1.389039e+00 -9.913914e-01 -2.290027e-01 3.623351e-01 1.994789e+00 -3.037398e-01 1.558885e+00 1.868986e+00 -5.666088e-01 6.990333e-01 -6.649566e-01 2.467613e-01 1.708053e-01 -5.327464e-01 -4.039290e-01 -9.050292e-02
<VARIANCE> 25
 8.815557e+00 2.291585e+01 3.554636e+01 3.362535e+01 4.281352e+01 4.015343e+01 5.843950e+01 3.644519e+01 6.392505e+01 3.911141e+01 3.471313e+01 3.180886e+01 1.484856e+00 1.487418e+00 3.758388e+00 2.100049e+00 3.350843e+00 4.197371e+00 5.194536e+00 4.022382e+00 3.224358e+00 2.996341e+00 3.186281e+00 2.450517e+00 1.618532e-03
<GCONST> 9.472424e+01
<MIXTURE> 75 9.711651e-03
<MEAN> 25
 2.601943e+00 -2.680693e+00 1.054778e+01 9.654952e-01 -1.101477e+01 -6.508132e+00 -5.844855e+00 -1.114370e+00 -3.619841e+00 -4.935297e+00 3.638737e+00 1.476537e+00 1.600636e+00 -1.961094e+00 3.435311e-01 -9.355562e-02 -2.474149e+00 -1.204746e-01 -1.916944e+00 1.228379e+00 -4.736839e-01 -3.749924e-01 1.296971e+00 -6.087189e-01 3.937320e-02
<VARIANCE> 25
 8.467292e+00 2.330207e+01 2.503709e+01 2.431300e+01 2.281780e+01 2.991168e+01 2.881376e+01 2.760083e+01 3.041021e+01 2.437013e+01 1.924385e+01 2.070814e+01 1.995541e+00 2.543143e+00 3.349963e+00 2.110410e+00 3.575287e+00 4.048113e+00 3.671178e+00 3.012832e+00 3.344769e+00 2.781504e+00 2.490281e+00 1.890615e+00 1.399657e-03
<GCONST> 8.930741e+01
<MIXTURE> 76 1.052359e-02
<MEAN> 25
 -3.807775e+00 2.075989e+00 -3.719470e+00 4.419112e+00 6.488426e+00 7.145808e-01 6.264146e+00 3.853472e+00 3.059733e+00 -1.312936e+00 1.821823e+00 1.743656e+00 -1.164955e-01 -5.698844e-01 -1.996737e-01 -7.153335e-01 -9.819098e-01 -9.519791e-01 -8.077858e-01 -7.666427e-01 -5.323182e-01 -2.382168e-01 -3.736231e-02 -4.530763e-02 1.520459e-02
<VARIANCE> 25
 3.204684e+01 3.160096e+01 2.428610e+01 2.212672e+01 2.928932e+01 2.626205e+01 2.933360e+01 2.611492e+01 1.788865e+01 2.117670e+01 2.096360e+01 1.602022e+01 7.346469e-01 7.882087e-01 1.457167e+00 1.056272e+00 1.666135e+00 1.877131e+00 1.765723e+00 1.831714e+00 1.268903e+00 1.398475e+00 1.610332e+00 1.092994e+00 9.051037e-04
<GCONST> 8.052467e+01
<MIXTURE> 77 1.244626e-02
<MEAN> 25
 -1.007526e-01 7.744083e+00 1.271816e+01 -1.097711e+01 -6.744108e+00 7.733925e-01 -9.093293e+00 -6.468640e+00 -3.603863e+00 -8.307298e-01 -3.882644e+00 -3.948880e-01 4.070621e-02 1.642639e-01 6.586089e-02 2.879179e-01 -9.867629e-02 1.093575e-01 3.527984e-02 -5.017336e-02 1.227301e-01 -3.733755e-02 7.088894e-02 7.246726e-02 -9.449407e-03
<VARIANCE> 25
 9.907629e+00 2.151185e+01 2.447766e+01 3.870280e+01 2.959287e+01 3.055770e+01 3.598035e+01 3.297127e+01 4.060254e+01 3.280494e+01 3.637706e+01 3.925947e+01 3.265777e-01 7.151190e-01 5.671154e-01 1.077627e+00 1.150250e+00 1.082263e+00 1.272472e+00 9.903859e-01 9.837006e-01 9.772764e-01 1.072369e+00 8.281636e-01 5.537059e-04
<GCONST> 7.735334e+01
<MIXTURE> 78 9.702551e-03
<MEAN> 25
 -1.144353e+01 1.843919e+00 -1.504747e+00 2.111797e+00 4.688488e+00 -2.256101e+00 4.434307e+00 2.628078e+00 2.349589e+00 7.111086e-01 -6.178125e-01 2.938294e+00 2.320191e+00 -2.863199e-01 2.461915e-01 5.794325e-01 -3.107766e-02 4.307548e-02 -3.409216e-01 -1.610206e-01 1.897675e-01 6.350587e-02 -3.218894e-01 -4.238997e-01 -5.742928e-02
<VARIANCE> 25
 4.500976e+01 3.625501e+01 3.215582e+01 3.179143e+01 3.797585e+01 3.512979e+01 3.850474e+01 3.370647e+01 2.883642e+01 2.651453e+01 2.732411e+01 2.004910e+01 5.073980e+00 2.561675e+00 2.822363e+00 2.901549e+00 2.796676e+00 3.524588e+00 3.274391e+00 2.760024e+00 2.289234e+00 2.379562e+00 2.315623e+00 2.028670e+00 4.648841e-03
<GCONST> 9.461216e+01
<MIXTURE> 79 1.156824e-02
<MEAN> 25
 2.444591e+00 1.196059e+00 9.207335e+00 -6.244859e+00 -1.153319e+01 -1.721013e+00 -1.874044e+00 -6.265604e+00 -6.774284e+00 2.859679e-01 -3.758533e+00 -3.238207e+00 1.189753e+00 -4.443181e-01 -1.469993e+00 2.217179e+00 4.425988e-01 -1.382177e+00 6.373782e-01 7.978215e-01 -4.116828e-01 -5.537729e-01 3.443419e-01 2.065581e-01 -3.812432e-02
<VARIANCE> 25
 1.417244e+01 2.479165e+01 3.765027e+01 5.052637e+01 3.490229e+01 4.085690e+01 4.152595e+01 3.891752e+01 4.471297e+01 4.111201e+01 4.249501e+01 3.014155e+01 8.993925e-01 2.192019e+00 1.897804e+00 2.244165e+00 2.438131e+00 2.932426e+00 3.345781e+00 3.452527e+00 2.410606e+00 2.746038e+00 2.267589e+00 1.985345e+00 1.263364e-03
<GCONST> 9.194408e+01
<MIXTURE> 80 7.550998e-03
<MEAN> 25
 -1.470855e+01 4.393496e+00 8.974413e-01 2.418046e+00 2.718827e+00 1.201506e+00 7.044525e+00 2.405468e+00 2.267139e+00 2.410408e+00 4.333031e+00 1.101805e+00 4.320971e+00 -1.735085e-01 1.593406e+00 -1.004530e+00 -2.761829e+00 -2.723631e+00 -2.348529e+00 -1.991371e+00 -1.795579e+00 -1.695482e+00 -1.384425e+00 -5.617941e-01 -4.327053e-02
<VARIANCE> 25
 1.965459e+01 2.062070e+01 3.263679e+01 3.487039e+01 2.903609e+01 2.776309e+01 3.170432e+01 2.673369e+01 2.751303e+01 2.685942e+01 2.843747e+01 1.695790e+01 2.215344e+00 2.802545e+00 2.516305e+00 4.054945e+00 3.368752e+00 2.558661e+00 2.831260e+00 2.997226e+00 2.970516e+00 2.517950e+00 3.493494e+00 2.020918e+00 1.420729e-03
<GCONST> 9.105811e+01
<MIXTURE> 81 8.025434e-03
<MEAN> 25
 -1.089081e+00 4.034893e+00 1.022241e+01 -1.467165e+01 -8.995788e+00 -1.416918e+00 -6.746833e+00 -8.278352e+00 -4.120758e+00 -4.755377e-01 -7.476782e+00 -2.147372e+00 1.276271e-01 -5.853250e-01 9.373798e-03 -5.492594e-01 -4.743996e-01 3.282186e-01 3.287361e-01 1.289037e-01 -1.488193e-01 9.809087e-02 -4.765873e-01 -1.226631e-01 1.182950e-02
<VARIANCE> 25
 1.005141e+01 3.237826e+01 2.628155e+01 2.998189e+01 3.378378e+01 3.036351e+01 4.555173e+01 2.925667e+01 3.888515e+01 3.182476e+01 2.555170e+01 3.135581e+01 7.681757e-01 2.247179e+00 1.542906e+00 2.842083e+00 2.635594e+00 2.129550e+00 3.285845e+00 2.286770e+00 2.368006e+00 2.517719e+00 2.279706e+00 2.058090e+00 1.214584e-03
<GCONST> 8.872052e+01
<MIXTURE> 82 8.213053e-03
<MEAN> 25
 -9.881866e+00 -3.838133e+00 1.681481e+00 -2.970212e+00 3.106653e+00 6.670063e-01 2.010220e+00 9.400927e-01 2.947292e+00 1.695411e+00 1.755252e+00 3.081887e+00 -1.305189e+00 -1.328066e-01 3.100339e-01 -2.596697e+00 -1.108043e+00 -1.257583e+00 -1.021097e+00 -8.697317e-01 -3.412618e-01 -4.667498e-01 -3.312938e-01 -8.584509e-02 1.778871e-01
<VARIANCE> 25
 1.869009e+01 2.526770e+01 3.265206e+01 3.066686e+01 3.278035e+01 3.213676e+01 3.159418e+01 3.289431e+01 3.097803e+01 2.524903e+01 3.087843e+01 1.739026e+01 3.733361e+00 3.032714e+00 3.342964e+00 3.252963e+00 3.567533e+00 3.299864e+00 2.940660e+00 2.997436e+00 2.859136e+00 2.506727e+00 2.473880e+00 1.875823e+00 3.443682e-03
<GCONST> 9.315614e+01
<MIXTURE> 83 1.167529e-02
<MEAN> 25
 -1.984794e+01 9.679497e+00 -1.103513e+00 -1.363920e+00 8.341485e+00 -2.154431e+00 8.012412e+00 6.674281e-01 -6.037571e-01 3.734142e+00 -2.618941e+00 4.884168e+00 1.613914e-02 -3.734913e-01 8.260463e-02 -4.196487e-01 -1.136450e-01 -4.567144e-02 -9.104609e-02 1.581814e-01 -6.212975e-03 -1.684180e-01 6.758744e-02 -3.214696e-01 -1.152794e-03
<VARIANCE> 25
 4.742700e+00 1.781817e+01 1.454480e+01 1.469205e+01 1.544743e+01 1.466123e+01 1.461104e+01 2.212903e+01 1.549479e+01 1.585851e+01 1.832810e+01 1.269614e+01 8.718433e-01 7.776387e-01 8.799521e-01 7.289043e-01 1.710514e+00 8.593176e-01 9.569992e-01 1.795359e+00 1.595636e+00 1.053577e+00 7.814239e-01 1.102164e+00 7.320364e-04
<GCONST> 7.114765e+01
<MIXTURE> 84 1.066614e-02
<MEAN> 25
 1.181281e+00 8.985961e+00 7.221034e+00 7.941422e+00 2.821374e+00 -9.078803e-01 -1.469972e+00 -4.443350e+00 -4.060133e+00 -2.919872e+00 -2.438143e+00 -1.583481e+00 -1.783239e+00 -1.170114e+00 -1.209528e+00 1.296386e+00 2.235160e+00 1.487666e+00 1.457072e+00 1.277647e+00 1.163805e+00 4.063575e-01 4.071644e-01 4.236397e-01 -7.122061e-02
<VARIANCE> 25
 2.335852e+01 1.831685e+01 2.170752e+01 2.422238e+01 2.905659e+01 2.821389e+01 2.819070e+01 2.667294e+01 2.581101e+01 2.521093e+01 2.363643e+01 2.451996e+01 2.102618e+00 2.553145e+00 3.833582e+00 3.286453e+00 3.329958e+00 3.385503e+00 3.269655e+00 3.420465e+00 3.469724e+00 3.235248e+00 3.574143e+00 2.801906e+00 3.560753e-03
<GCONST> 9.257816e+01
<MIXTURE> 85 7.591393e-03
<MEAN> 25
 -3.105684e+00 7.884097e+00 5.731498e+00 1.276097e+00 -3.482874e+00 -5.318082e+00 -2.967576e+00 -6.106119e+00 -3.542426e+00 -3.187649e+00 -4.684635e-01 -1.888208e+00 3.937152e+00 3.204832e-01 1.757296e+00 -2.089911e+00 -3.410709e+00 -2.580567e+00 -2.886470e+00 -2.338602e+00 -2.250690e+00 -1.259581e+00 -2.301400e+00 -6.115183e-01 9.409751e-03
<VARIANCE> 25
 4.240936e+01 2.342406e+01 3.644976e+01 3.819850e+01 3.973512e+01 4.117226e+01 3.218562e+01 2.798464e+01 2.661166e+01 2.607977e+01 2.624754e+01 2.059001e+01 2.726568e+00 4.332362e+00 4.053414e+00 5.176662e+00 4.412432e+00 3.879077e+00 3.849024e+00 3.984041e+00 3.851212e+00 4.048142e+00 3.945882e+00 3.487651e+00 5.456941e-03
<GCONST> 9.836553e+01
<MIXTURE> 86 1.273941e-02
<MEAN> 25
 -4.930742e+00 -1.132828e+00 -8.198779e-01 6.314127e+00 5.075184e+00 4.672805e+00 5.363824e+00 4.598408e+00 4.697290e+00 3.833517e+00 5.325329e+00 2.708426e+00 -5.575501e-03 -8.262523e-03 -3.881761e-02 -7.247523e-02 -1.231792e-01 -1.908352e-01 -2.733481e-01 -3.319755e-01 -3.467833e-01 -3.186459e-01 -2.279882e-01 -1.084145e-01 -5.175768e-04
<VARIANCE> 25
 8.041949e+00 6.214627e+00 1.005083e+01 1.228556e+01 1.611305e+01 1.440816e+01 1.369903e+01 1.304940e+01 1.326049e+01 1.492342e+01 1.423409e+01 1.270804e+01 1.000266e-01 1.919006e-01 3.165754e-01 4.868238e-01 6.396484e-01 7.346687e-01 7.416640e-01 7.581409e-01 8.293417e-01 8.813733e-01 9.124044e-01 8.987308e-01 5.351206e-05
<GCONST> 5.829215e+01
<MIXTURE> 87 1.100681e-02
<MEAN> 25
 -3.180969e+00 4.476353e+00 3.391369e+00 6.990962e+00 5.528074e+00 5.725937e-01 1.566182e+00 -9.465524e-01 -5.252190e-01 -8.291270e-01 -7.817561e-01 9.840501e-02 -2.160220e+00 -2.739687e+00 -2.067014e+00 -2.194479e+00 -2.921720e-02 -1.554391e-01 6.274741e-01 1.205094e+00 1.391790e+00 1.073744e+00 8.414115e-01 1.046380e+00 1.039007e-01
<VARIANCE> 25
 3.791829e+01 2.926008e+01 2.825775e+01 3.330904e+01 2.833179e+01 3.731855e+01 2.876726e+01 2.693762e+01 2.569648e+01 2.449001e+01 2.511268e+01 2.297500e+01 3.786068e+00 2.729948e+00 3.965730e+00 3.661510e+00 4.735053e+00 4.261552e+00 4.063113e+00 4.246697e+00 3.496669e+00 3.461572e+00 3.789807e+00 2.753355e+00 4.875315e-03
<GCONST> 9.660340e+01
<MIXTURE> 88 1.256585e-02
<MEAN> 25
 -3.796155e+00 -1.166399e-01 -1.440772e+00 5.200469e+00 4.774676e+00 3.154763e+00 5.083659e+00 3.559385e+00 3.642711e+00 1.712034e+00 2.725080e+00 2.563315e+00 -4.685402e-02 1.228716e-01 3.897303e-01 3.479604e-01 1.792069e-01 3.386864e-01 6.678917e-02 -2.033423e-01 -2.855444e-01 -1.834546e-01 -1.598484e-01 5.424371e-02 -2.445063e-03
<VARIANCE> 25
 1.100079e+01 1.413160e+01 1.729606e+01 1.569374e+01 2.115498e+01 2.169830e+01 1.996643e+01 1.938119e+01 1.654434e+01 1.977960e+01 2.241979e+01 1.447784e+01 1.267997e+00 1.576405e+00 2.246094e+00 2.344556e+00 2.564805e+00 2.649750e+00 2.584046e+00 2.454674e+00 2.322828e+00 2.477828e+00 2.428190e+00 1.913274e+00 1.479611e-03
<GCONST> 8.314551e+01
<MIXTURE> 89 9.333527e-03
<MEAN> 25
 5.651939e+00 -7.738513e+00 -4.026075e+00 -2.788778e+00 -3.000823e+00 -4.056002e+00 -5.345121e+00 3.402291e+00 4.740144e+00 -2.793419e+00 -4.954713e+00 -3.722554e+00 -4.213073e-01 2.093068e-01 1.918444e+00 8.403294e-01 -1.600158e+00 -1.630879e+00 1.244461e+00 1.226467e+00 -6.754643e-01 -1.222870e+00 4.271353e-01 1.748751e+00 -6.093170e-03
<VARIANCE> 25
 8.309278e+00 2.972143e+01 2.678009e+01 2.654185e+01 4.137638e+01 5.006320e+01 5.566583e+01 3.914705e+01 4.350552e+01 3.572736e+01 3.432353e+01 2.861651e+01 3.974245e-01 7.739967e-01 1.342466e+00 1.144449e+00 2.017808e+00 1.799857e+00 2.797369e+00 1.715781e+00 1.977847e+00 1.874920e+00 2.086293e+00 1.479667e+00 3.397571e-04
<GCONST> 8.414311e+01
<MIXTURE> 90 7.114505e-03
<MEAN> 25
 2.454132e+00 -9.732474e+00 -4.754023e+00 -3.986866e+00 -3.386482e+00 -1.771924e+00 3.343720e+00 1.174123e+00 -7.536123e+00 -1.019840e+01 -3.420748e+00 -7.460698e-01 -1.632041e-01 9.088964e-01 1.169900e+00 -8.524826e-01 -1.609766e+00 -2.137143e-01 6.474454e-01 -2.074905e-01 -1.731186e-01 7.346138e-01 1.829377e-01 -5.453801e-01 -1.116367e-02
<VARIANCE> 25
 8.491857e+00 1.790447e+01 1.978747e+01 2.805590e+01 3.679877e+01 3.311469e+01 3.871535e+01 3.636648e+01 3.525832e+01 2.780148e+01 2.699534e+01 2.610599e+01 2.236906e-01 6.120168e-01 7.867442e-01 1.044045e+00 1.472123e+00 1.593533e+00 1.784832e+00 1.654644e+00 1.817334e+00 1.679650e+00 1.494638e+00 1.317228e+00 2.150103e-04
<GCONST> 7.819015e+01
<MIXTURE> 91 7.852945e-03
<MEAN> 25
 5.904377e+00 -8.017967e+00 -8.146790e+00 -4.821162e+00 2.398422e+00 1.249032e+00 -3.747192e+00 3.294964e-01 7.530584e-01 -1.772323e+00 -3.689773e+00 -5.814445e+00 1.830568e-01 9.830661e-01 2.250913e-01 4.765933e-01 1.771367e-01 -7.730460e-01 -2.111650e-01 -3.279575e-02 -1.203624e-01 3.261546e-01 -3.019168e-02 3.442814e-01 -3.753464e-02
<VARIANCE> 25
 9.722492e+00 2.497386e+01 1.827478e+01 4.262420e+01 4.425134e+01 8.479278e+01 5.736187e+01 3.579269e+01 5.185893e+01 6.195755e+01 3.714100e+01 3.844736e+01 4.122134e-01 7.815865e-01 1.293139e+00 1.339427e+00 2.222995e+00 2.487605e+00 2.711055e+00 2.132531e+00 2.645385e+00 2.029102e+00 1.785220e+00 1.899882e+00 6.449088e-04
<GCONST> 8.773019e+01
<MIXTURE> 92 7.852945e-03
<MEAN> 25
 5.904377e+00 -8.017967e+00 -8.146790e+00 -4.821162e+00 2.398422e+00 1.249032e+00 -3.747192e+00 3.294964e-01 7.530584e-01 -1.772323e+00 -3.689773e+00 -5.814445e+00 1.830568e-01 9.830661e-01 2.250913e-01 4.765933e-01 1.771367e-01 -7.730460e-01 -2.111650e-01 -3.279575e-02 -1.203624e-01 3.261546e-01 -3.019168e-02 3.442814e-01 -3.753464e-02
<VARIANCE> 25
 9.722492e+00 2.497386e+01 1.827478e+01 4.262420e+01 4.425134e+01 8.479278e+01 5.736187e+01 3.579269e+01 5.185893e+01 6.195755e+01 3.714100e+01 3.844736e+01 4.122134e-01 7.815865e-01 1.293139e+00 1.339427e+00 2.222995e+00 2.487605e+00 2.711055e+00 2.132531e+00 2.645385e+00 2.029102e+00 1.785220e+00 1.899882e+00 6.449088e-04
<GCONST> 8.773019e+01
<MIXTURE> 93 6.122769e-03
<MEAN> 25
 -6.807679e+00 -9.418209e-01 -2.416663e+00 5.792137e+00 5.913692e+00 3.911352e+00 6.136664e+00 3.621377e+00 4.130301e+00 2.504359e+00 1.825358e+00 3.690495e+00 -6.189904e-02 -1.558568e-01 -2.587581e-01 -3.323790e-01 -3.346992e-01 -2.842259e-01 -2.187997e-01 -1.731514e-01 -1.651279e-01 -1.518467e-01 -1.057103e-01 -3.534834e-02 -7.821679e-06
<VARIANCE> 25
 9.205495e+00 6.173307e+00 8.251434e+00 1.136141e+01 1.148740e+01 1.603306e+01 1.533348e+01 1.653962e+01 1.481260e+01 1.452768e+01 1.677315e+01 1.351893e+01 8.268491e-02 1.539895e-01 2.639741e-01 3.810304e-01 4.970970e-01 6.425506e-01 7.778761e-01 8.860016e-01 9.170016e-01 8.753171e-01 8.940427e-01 9.160855e-01 1.004704e-06
<GCONST> 5.367052e+01
<MIXTURE> 94 6.122769e-03
<MEAN> 25
 -6.807679e+00 -9.418209e-01 -2.416663e+00 5.792137e+00 5.913692e+00 3.911352e+00 6.136664e+00 3.621377e+00 4.130301e+00 2.504359e+00 1.825358e+00 3.690495e+00 -6.189904e-02 -1.558568e-01 -2.587581e-01 -3.323790e-01 -3.346992e-01 -2.842259e-01 -2.187997e-01 -1.731514e-01 -1.651279e-01 -1.518467e-01 -1.057103e-01 -3.534834e-02 -7.821679e-06
<VARIANCE> 25
 9.205495e+00 6.173307e+00 8.251434e+00 1.136141e+01 1.148740e+01 1.603306e+01 1.533348e+01 1.653962e+01 1.481260e+01 1.452768e+01 1.677315e+01 1.351893e+01 8.268491e-02 1.539895e-01 2.639741e-01 3.810304e-01 4.970970e-01 6.425506e-01 7.778761e-01 8.860016e-01 9.170016e-01 8.753171e-01 8.940427e-01 9.160855e-01 1.004704e-06
<GCONST> 5.367052e+01
<MIXTURE> 95 5.258835e-03
<MEAN> 25
 -5.614789e+00 -5.101356e-01 -2.227415e+00 4.770504e+00 4.305657e+00 2.682583e+00 4.241741e+00 1.796732e+00 2.381994e+00 6.764813e-01 1.047384e+00 2.432782e+00 1.411447e-01 1.321406e-01 8.149292e-02 -6.965116e-02 -3.927938e-01 -7.348258e-01 -1.044181e+00 -1.281860e+00 -1.317061e+00 -1.012965e+00 -6.538686e-01 -2.855096e-01 -8.959862e-05
<VARIANCE> 25
 1.128348e+01 7.855955e+00 1.361760e+01 1.293652e+01 1.379274e+01 1.842949e+01 1.756056e+01 1.692894e+01 1.573066e+01 1.616796e+01 2.036452e+01 1.477483e+01 2.037486e-01 2.929640e-01 4.437501e-01 6.210965e-01 7.830225e-01 8.797207e-01 8.930228e-01 9.029583e-01 1.062768e+00 1.067975e+00 1.128897e+00 1.103147e+00 4.084998e-05
<GCONST> 6.362623e+01
<MIXTURE> 96 7.034694e-03
<MEAN> 25
 -4.946940e+00 -2.308747e-01 -2.408816e+00 5.055626e+00 3.976084e+00 1.546581e+00 3.568952e+00 1.924471e+00 2.510894e+00 8.574911e-01 1.225557e+00 2.767420e+00 -2.711407e-02 8.558252e-02 2.133167e-01 4.026014e-01 5.175332e-01 4.888980e-01 2.477923e-01 -1.084250e-01 -4.439389e-01 -6.345723e-01 -6.283036e-01 -3.864822e-01 -8.558372e-05
<VARIANCE> 25
 1.148563e+01 1.122972e+01 1.349628e+01 1.434385e+01 1.510769e+01 2.123766e+01 1.776794e+01 1.932115e+01 1.770997e+01 1.650269e+01 1.959177e+01 1.436259e+01 1.176501e-01 2.147755e-01 3.095043e-01 3.884982e-01 4.984584e-01 6.623367e-01 8.897567e-01 9.891485e-01 9.604435e-01 8.577837e-01 8.844371e-01 9.353735e-01 1.167463e-06
<GCONST> 5.792285e+01
<MIXTURE> 97 7.034694e-03
<MEAN> 25
 -4.946940e+00 -2.308747e-01 -2.408816e+00 5.055626e+00 3.976084e+00 1.546581e+00 3.568952e+00 1.924471e+00 2.510894e+00 8.574911e-01 1.225557e+00 2.767420e+00 -2.711407e-02 8.558252e-02 2.133167e-01 4.026014e-01 5.175332e-01 4.888980e-01 2.477923e-01 -1.084250e-01 -4.439389e-01 -6.345723e-01 -6.283036e-01 -3.864822e-01 -8.558372e-05
<VARIANCE> 25
 1.148563e+01 1.122972e+01 1.349628e+01 1.434385e+01 1.510769e+01 2.123766e+01 1.776794e+01 1.932115e+01 1.770997e+01 1.650269e+01 1.959177e+01 1.436259e+01 1.176501e-01 2.147755e-01 3.095043e-01 3.884982e-01 4.984584e-01 6.623367e-01 8.897567e-01 9.891485e-01 9.604435e-01 8.577837e-01 8.844371e-01 9.353735e-01 1.167463e-06
<GCONST> 5.792285e+01
<MIXTURE> 98 9.917808e-03
<MEAN> 25
 -1.969949e+00 1.589053e+00 6.372853e-01 4.453140e+00 2.620397e+00 3.004814e+00 4.456547e+00 1.784707e+00 1.755319e+00 3.417886e-01 -1.167160e+00 1.330459e+00 -1.770072e+00 -1.273646e+00 -7.975293e-01 3.597176e-01 2.747415e-01 8.138505e-01 1.241352e+00 1.559334e+00 1.524428e+00 9.910705e-01 1.212767e+00 1.099689e+00 -2.216792e-02
<VARIANCE> 25
 1.597526e+01 1.771480e+01 3.021939e+01 2.640732e+01 4.137235e+01 3.135266e+01 3.179236e+01 2.663098e+01 2.262100e+01 2.568835e+01 3.787033e+01 2.472281e+01 1.209221e+00 1.422458e+00 2.116462e+00 2.239888e+00 2.849322e+00 2.478640e+00 2.371940e+00 2.458947e+00 2.248725e+00 2.572425e+00 2.780642e+00 1.802112e+00 2.424717e-03
<GCONST> 8.855211e+01
<MIXTURE> 99 6.696178e-03
<MEAN> 25
 -6.945577e+00 1.029059e+01 6.276325e+00 3.204556e+00 1.385744e+00 -5.353697e+00 -1.056659e+00 -4.168936e+00 -3.646858e+00 -3.275392e+00 -1.776467e+00 9.686090e-01 5.202935e-01 -5.938808e-01 2.839218e-01 -3.709753e-01 -1.045926e+00 -4.036029e-01 -3.273008e-01 -2.862610e-01 -1.715917e-01 -4.883305e-02 2.710308e-01 1.359871e-01 8.629613e-03
<VARIANCE> 25
 4.326207e+01 2.640405e+01 4.762770e+01 3.039373e+01 3.547833e+01 3.414367e+01 2.986717e+01 2.926454e+01 2.819228e+01 2.826227e+01 2.027580e+01 3.163399e+01 2.058468e+00 2.014883e+00 1.493204e+00 1.621248e+00 2.725971e+00 2.099100e+00 1.529774e+00 1.671753e+00 1.604467e+00 1.536691e+00 1.304664e+00 1.250669e+00 1.639810e-03
<GCONST> 8.725108e+01
<MIXTURE> 100 4.498084e-03
<MEAN> 25
 -1.598406e+00 6.343593e+00 1.027813e+01 -7.462461e+00 -1.077986e+01 -5.074865e+00 -4.941226e+00 -9.966457e+00 -4.719358e+00 -8.553188e-01 -2.732977e+00 -2.705886e+00 2.917291e+00 -1.260205e+00 1.299691e+00 -2.185555e+00 -3.418986e+00 -7.839912e-01 -1.218950e+00 -8.198431e-01 -1.475758e+00 3.467962e-01 -1.655305e+00 -2.857706e-01 2.037825e-03
<VARIANCE> 25
 1.362425e+01 2.105974e+01 2.246311e+01 2.642106e+01 2.303139e+01 2.371689e+01 2.910569e+01 2.172485e+01 2.749613e+01 2.264749e+01 2.240683e+01 2.135800e+01 1.800249e+00 3.953336e+00 2.919279e+00 4.285948e+00 4.184559e+00 4.536681e+00 4.015155e+00 4.339954e+00 4.167207e+00 3.895773e+00 3.910501e+00 3.225181e+00 1.676491e-03
<GCONST> 9.257095e+01
<MIXTURE> 101 6.007792e-03
<MEAN> 25
 8.102009e+00 -3.505735e+00 -6.289744e+00 -6.811564e+00 8.261588e-01 -1.205220e+00 -1.051511e+01 -2.109598e+00 1.530174e+00 2.692527e+00 -2.388624e+00 -5.152831e+00 6.694967e-01 6.484756e-01 -1.461677e+00 -1.614192e+00 1.024940e+00 2.326231e+00 1.897375e-01 -1.455478e+00 -1.047240e+00 1.024087e+00 1.384648e+00 -4.007653e-01 -4.912012e-03
<VARIANCE> 25
 9.240967e+00 1.672611e+01 2.978629e+01 4.314338e+01 3.611015e+01 3.620274e+01 3.783808e+01 3.649645e+01 3.923117e+01 4.384272e+01 5.149131e+01 2.411219e+01 2.952980e-01 6.667668e-01 1.172598e+00 1.546128e+00 1.688858e+00 2.097212e+00 2.086591e+00 1.986460e+00 2.398307e+00 2.233034e+00 1.801734e+00 1.964306e+00 3.453718e-04
<GCONST> 8.375414e+01
<MIXTURE> 102 6.007792e-03
<MEAN> 25
 8.102009e+00 -3.505735e+00 -6.289744e+00 -6.811564e+00 8.261588e-01 -1.205220e+00 -1.051511e+01 -2.109598e+00 1.530174e+00 2.692527e+00 -2.388624e+00 -5.152831e+00 6.694967e-01 6.484756e-01 -1.461677e+00 -1.614192e+00 1.024940e+00 2.326231e+00 1.897375e-01 -1.455478e+00 -1.047240e+00 1.024087e+00 1.384648e+00 -4.007653e-01 -4.912012e-03
<VARIANCE> 25
 9.240967e+00 1.672611e+01 2.978629e+01 4.314338e+01 3.611015e+01 3.620274e+01 3.783808e+01 3.649645e+01 3.923117e+01 4.384272e+01 5.149131e+01 2.411219e+01 2.952980e-01 6.667668e-01 1.172598e+00 1.546128e+00 1.688858e+00 2.097212e+00 2.086591e+00 1.986460e+00 2.398307e+00 2.233034e+00 1.801734e+00 1.964306e+00 3.453718e-04
<GCONST> 8.375414e+01
<MIXTURE> 103 5.694618e-03
<MEAN> 25
 3.354057e+00 -9.444967e+00 -6.076777e+00 -3.078773e+00 -1.341020e+00 -1.917038e+00 2.443733e+00 2.487742e+00 -4.586837e+00 -9.237228e+00 -5.050197e+00 3.609600e-01 -1.595127e-01 -1.488239e+00 -9.753796e-01 3.786750e-01 1.200224e+00 1.027348e+00 1.660639e-01 -2.691426e-01 -7.822307e-01 -9.501158e-01 -4.193507e-02 1.161374e-01 2.699920e-02
<VARIANCE> 25
 1.033428e+01 2.068139e+01 2.353879e+01 3.156840e+01 4.785569e+01 3.543019e+01 4.631378e+01 3.668439e+01 4.206620e+01 2.933615e+01 2.994284e+01 2.636465e+01 6.421585e-01 1.247860e+00 1.536306e+00 1.939483e+00 2.950868e+00 2.417603e+00 2.889917e+00 2.566253e+00 2.551881e+00 2.513640e+00 2.098128e+00 2.013488e+00 8.052792e-04
<GCONST> 8.759937e+01
<MIXTURE> 104 5.694618e-03
<MEAN> 25
 3.354057e+00 -9.444967e+00 -6.076777e+00 -3.078773e+00 -1.341020e+00 -1.917038e+00 2.443733e+00 2.487742e+00 -4.586837e+00 -9.237228e+00 -5.050197e+00 3.609600e-01 -1.595127e-01 -1.488239e+00 -9.753796e-01 3.786750e-01 1.200224e+00 1.027348e+00 1.660639e-01 -2.691426e-01 -7.822307e-01 -9.501158e-01 -4.193507e-02 1.161374e-01 2.699920e-02
<VARIANCE> 25
 1.033428e+01 2.068139e+01 2.353879e+01 3.156840e+01 4.785569e+01 3.543019e+01 4.631378e+01 3.668439e+01 4.206620e+01 2.933615e+01 2.994284e+01 2.636465e+01 6.421585e-01 1.247860e+00 1.536306e+00 1.939483e+00 2.950868e+00 2.417603e+00 2.889917e+00 2.566253e+00 2.551881e+00 2.513640e+00 2.098128e+00 2.013488e+00 8.052792e-04
<GCONST> 8.759937e+01
<MIXTURE> 105 4.710235e-03
<MEAN> 25
 2.401447e+00 -1.474144e+00 9.719262e+00 -3.006268e+00 -1.104350e+01 -4.247851e+00 -5.243821e+00 -2.837022e-01 -3.352991e+00 -3.833756e+00 1.622684e+00 -5.212045e-01 9.398477e-03 6.829859e-02 2.008588e-02 -3.208290e-02 7.137717e-02 6.263817e-02 -4.105623e-02 3.149090e-02 -3.128842e-02 3.033075e-02 7.666091e-02 -1.215070e-01 -3.484074e-03
<VARIANCE> 25
 1.208533e+01 2.633747e+01 3.880533e+01 4.102584e+01 3.614928e+01 5.220538e+01 4.601392e+01 4.033893e+01 3.967749e+01 4.101803e+01 3.769074e+01 3.029799e+01 8.735136e-02 1.917437e-01 3.167587e-01 2.931237e-01 4.354347e-01 3.935270e-01 4.965639e-01 4.842986e-01 4.513932e-01 4.163370e-01 4.121561e-01 4.521385e-01 9.572284e-05
<GCONST> 6.632594e+01
<MIXTURE> 106 4.710235e-03
<MEAN> 25
 2.401447e+00 -1.474144e+00 9.719262e+00 -3.006268e+00 -1.104350e+01 -4.247851e+00 -5.243821e+00 -2.837022e-01 -3.352991e+00 -3.833756e+00 1.622684e+00 -5.212045e-01 9.398477e-03 6.829859e-02 2.008588e-02 -3.208290e-02 7.137717e-02 6.263817e-02 -4.105623e-02 3.149090e-02 -3.128842e-02 3.033075e-02 7.666091e-02 -1.215070e-01 -3.484074e-03
<VARIANCE> 25
 1.208533e+01 2.633747e+01 3.880533e+01 4.102584e+01 3.614928e+01 5.220538e+01 4.601392e+01 4.033893e+01 3.967749e+01 4.101803e+01 3.769074e+01 3.029799e+01 8.735136e-02 1.917437e-01 3.167587e-01 2.931237e-01 4.354347e-01 3.935270e-01 4.965639e-01 4.842986e-01 4.513932e-01 4.163370e-01 4.121561e-01 4.521385e-01 9.572284e-05
<GCONST> 6.632594e+01
<MIXTURE> 107 5.452374e-03
<MEAN> 25
 7.950253e+00 -3.417433e+00 -8.107294e+00 -9.504372e+00 6.547074e-01 4.476455e+00 -9.052588e+00 -4.933482e+00 -3.109126e-01 3.860102e+00 1.107014e+00 -5.531590e+00 -6.063110e-01 -7.182643e-01 8.162322e-01 1.673707e+00 1.985676e-01 -1.971561e+00 -1.101513e+00 9.145892e-01 1.786497e+00 6.373794e-02 -1.603707e+00 -9.861912e-01 1.154543e-03
<VARIANCE> 25
 1.181330e+01 2.742937e+01 2.551197e+01 3.845669e+01 4.500666e+01 5.185431e+01 4.739188e+01 3.376109e+01 4.351899e+01 3.895305e+01 4.640891e+01 2.896360e+01 3.276958e-01 9.961005e-01 1.350880e+00 2.263850e+00 2.063652e+00 2.638173e+00 2.644948e+00 2.315379e+00 2.224090e+00 2.739938e+00 1.784818e+00 2.365418e+00 8.400193e-04
<GCONST> 8.805906e+01
<MIXTURE> 108 5.452374e-03
<MEAN> 25
 7.950253e+00 -3.417433e+00 -8.107294e+00 -9.504372e+00 6.547074e-01 4.476455e+00 -9.052588e+00 -4.933482e+00 -3.109126e-01 3.860102e+00 1.107014e+00 -5.531590e+00 -6.063110e-01 -7.182643e-01 8.162322e-01 1.673707e+00 1.985676e-01 -1.971561e+00 -1.101513e+00 9.145892e-01 1.786497e+00 6.373794e-02 -1.603707e+00 -9.861912e-01 1.154543e-03
<VARIANCE> 25
 1.181330e+01 2.742937e+01 2.551197e+01 3.845669e+01 4.500666e+01 5.185431e+01 4.739188e+01 3.376109e+01 4.351899e+01 3.895305e+01 4.640891e+01 2.896360e+01 3.276958e-01 9.961005e-01 1.350880e+00 2.263850e+00 2.063652e+00 2.638173e+00 2.644948e+00 2.315379e+00 2.224090e+00 2.739938e+00 1.784818e+00 2.365418e+00 8.400193e-04
<GCONST> 8.805906e+01
<MIXTURE> 109 6.661064e-03
<MEAN> 25
 4.080299e+00 -1.054153e+01 -8.294273e+00 -1.367303e+00 2.728475e+00 1.573202e-02 -9.696370e-02 1.446955e+00 -2.560357e+00 -8.339061e+00 -5.356572e+00 3.196675e-02 -3.222102e-02 -1.306551e-01 -3.147307e-02 2.449384e-01 1.975080e-01 1.213858e-01 -1.204054e-01 -1.025718e-01 -4.850413e-02 -1.357770e-01 2.227419e-01 1.853740e-02 -3.573914e-03
<VARIANCE> 25
 9.043698e+00 1.885167e+01 1.991967e+01 3.148883e+01 4.101251e+01 3.811172e+01 4.678054e+01 3.435080e+01 4.597319e+01 3.535011e+01 2.956628e+01 2.825101e+01 1.930649e-01 4.211290e-01 5.376499e-01 6.403455e-01 1.224140e+00 1.003584e+00 1.263615e+00 1.092204e+00 1.135020e+00 9.534915e-01 8.765009e-01 8.966984e-01 1.820118e-04
<GCONST> 7.456343e+01
<MIXTURE> 110 6.661064e-03
<MEAN> 25
 4.080299e+00 -1.054153e+01 -8.294273e+00 -1.367303e+00 2.728475e+00 1.573202e-02 -9.696370e-02 1.446955e+00 -2.560357e+00 -8.339061e+00 -5.356572e+00 3.196675e-02 -3.222102e-02 -1.306551e-01 -3.147307e-02 2.449384e-01 1.975080e-01 1.213858e-01 -1.204054e-01 -1.025718e-01 -4.850413e-02 -1.357770e-01 2.227419e-01 1.853740e-02 -3.573914e-03
<VARIANCE> 25
 9.043698e+00 1.885167e+01 1.991967e+01 3.148883e+01 4.101251e+01 3.811172e+01 4.678054e+01 3.435080e+01 4.597319e+01 3.535011e+01 2.956628e+01 2.825101e+01 1.930649e-01 4.211290e-01 5.376499e-01 6.403455e-01 1.224140e+00 1.003584e+00 1.263615e+00 1.092204e+00 1.135020e+00 9.534915e-01 8.765009e-01 8.966984e-01 1.820118e-04
<GCONST> 7.456343e+01
<MIXTURE> 111 4.337247e-03
<MEAN> 25
 -4.468678e+00 -8.979386e-01 -1.727658e+00 1.687746e+00 9.714711e-01 9.559063e-01 3.173323e-01 2.160996e-01 9.312793e-02 -5.433559e-01 -6.262518e-01 1.963070e+00 -2.097984e-02 -3.237856e-02 -7.212803e-02 -7.345241e-02 -3.741556e-02 6.460364e-03 -6.103527e-04 -5.851447e-02 -1.400633e-01 -2.027361e-01 -1.909019e-01 -1.071187e-01 -2.173947e-04
<VARIANCE> 25
 7.021595e+00 5.042335e+00 1.024875e+01 9.400564e+00 1.314320e+01 2.389020e+01 1.466561e+01 1.318122e+01 1.160783e+01 1.190728e+01 1.363817e+01 1.158007e+01 7.914379e-02 1.634670e-01 2.751411e-01 4.206512e-01 5.690004e-01 7.051620e-01 8.016135e-01 8.582367e-01 8.922316e-01 8.553150e-01 8.630202e-01 8.484053e-01 2.230909e-05
<GCONST> 5.600256e+01
<MIXTURE> 112 4.337247e-03
<MEAN> 25
 -4.468678e+00 -8.979386e-01 -1.727658e+00 1.687746e+00 9.714711e-01 9.559063e-01 3.173323e-01 2.160996e-01 9.312793e-02 -5.433559e-01 -6.262518e-01 1.963070e+00 -2.097984e-02 -3.237856e-02 -7.212803e-02 -7.345241e-02 -3.741556e-02 6.460364e-03 -6.103527e-04 -5.851447e-02 -1.400633e-01 -2.027361e-01 -1.909019e-01 -1.071187e-01 -2.173947e-04
<VARIANCE> 25
 7.021595e+00 5.042335e+00 1.024875e+01 9.400564e+00 1.314320e+01 2.389020e+01 1.466561e+01 1.318122e+01 1.160783e+01 1.190728e+01 1.363817e+01 1.158007e+01 7.914379e-02 1.634670e-01 2.751411e-01 4.206512e-01 5.690004e-01 7.051620e-01 8.016135e-01 8.582367e-01 8.922316e-01 8.553150e-01 8.630202e-01 8.484053e-01 2.230909e-05
<GCONST> 5.600256e+01
<MIXTURE> 113 5.938666e-03
<MEAN> 25
 9.977873e+00 1.755604e+00 -8.781351e+00 -1.704665e+01 -1.033372e+00 5.658878e+00 -5.280625e+00 -1.465651e+00 -5.695134e+00 -4.939897e-01 2.990581e-01 -1.975123e-01 4.784274e-03 1.383197e-02 -5.953651e-02 -1.134365e-01 1.043297e-01 1.505829e-01 5.934546e-02 3.613758e-02 -5.697269e-02 -5.125529e-02 1.797213e-01 3.527120e-02 -1.410926e-03
<VARIANCE> 25
 8.874181e+00 1.639263e+01 2.967353e+01 3.422044e+01 5.274327e+01 3.387095e+01 3.970951e+01 3.914334e+01 3.738198e+01 4.640322e+01 3.629650e+01 2.844114e+01 1.218010e-01 3.205703e-01 3.161255e-01 6.313998e-01 6.128283e-01 6.536140e-01 7.765471e-01 8.452183e-01 9.593971e-01 9.052173e-01 7.244726e-01 7.136022e-01 1.247772e-04
<GCONST> 7.110472e+01
<MIXTURE> 114 5.938666e-03
<MEAN> 25
 9.977873e+00 1.755604e+00 -8.781351e+00 -1.704665e+01 -1.033372e+00 5.658878e+00 -5.280625e+00 -1.465651e+00 -5.695134e+00 -4.939897e-01 2.990581e-01 -1.975123e-01 4.784274e-03 1.383197e-02 -5.953651e-02 -1.134365e-01 1.043297e-01 1.505829e-01 5.934546e-02 3.613758e-02 -5.697269e-02 -5.125529e-02 1.797213e-01 3.527120e-02 -1.410926e-03
<VARIANCE> 25
 8.874181e+00 1.639263e+01 2.967353e+01 3.422044e+01 5.274327e+01 3.387095e+01 3.970951e+01 3.914334e+01 3.738198e+01 4.640322e+01 3.629650e+01 2.844114e+01 1.218010e-01 3.205703e-01 3.161255e-01 6.313998e-01 6.128283e-01 6.536140e-01 7.765471e-01 8.452183e-01 9.593971e-01 9.052173e-01 7.244726e-01 7.136022e-01 1.247772e-04
<GCONST> 7.110472e+01
<MIXTURE> 115 2.935202e-03
<MEAN> 25
 -3.729932e+00 -3.203545e-01 -3.566084e+00 3.622203e+00 2.653573e+00 -6.946205e-01 2.563737e+00 6.021667e-01 1.636768e+00 -5.931516e-02 7.707302e-02 2.372945e+00 3.303102e-02 -9.629676e-02 -2.566053e-01 -4.538501e-01 -6.576563e-01 -7.071506e-01 -6.019124e-01 -5.176663e-01 -5.490348e-01 -4.809331e-01 -3.177790e-01 -1.629140e-01 -3.912901e-05
<VARIANCE> 25
 9.776333e+00 1.163693e+01 1.517447e+01 1.230073e+01 1.337417e+01 1.789591e+01 1.734279e+01 2.045009e+01 1.791650e+01 1.750339e+01 1.936435e+01 1.495553e+01 1.899496e-01 3.316364e-01 4.822995e-01 6.002169e-01 6.001487e-01 7.631728e-01 9.384193e-01 1.088484e+00 1.241520e+00 9.963048e-01 1.038618e+00 1.019101e+00 1.238091e-06
<GCONST> 6.057957e+01
<MIXTURE> 116 2.935202e-03
<MEAN> 25
 -3.729932e+00 -3.203545e-01 -3.566084e+00 3.622203e+00 2.653573e+00 -6.946205e-01 2.563737e+00 6.021667e-01 1.636768e+00 -5.931516e-02 7.707302e-02 2.372945e+00 3.303102e-02 -9.629676e-02 -2.566053e-01 -4.538501e-01 -6.576563e-01 -7.071506e-01 -6.019124e-01 -5.176663e-01 -5.490348e-01 -4.809331e-01 -3.177790e-01 -1.629140e-01 -3.912901e-05
<VARIANCE> 25
 9.776333e+00 1.163693e+01 1.517447e+01 1.230073e+01 1.337417e+01 1.789591e+01 1.734279e+01 2.045009e+01 1.791650e+01 1.750339e+01 1.936435e+01 1.495553e+01 1.899496e-01 3.316364e-01 4.822995e-01 6.002169e-01 6.001487e-01 7.631728e-01 9.384193e-01 1.088484e+00 1.241520e+00 9.963048e-01 1.038618e+00 1.019101e+00 1.238091e-06
<GCONST> 6.057957e+01
<MIXTURE> 117 6.506003e-03
<MEAN> 25
 -4.446969e+00 1.329274e+00 7.516083e-01 9.505730e+00 6.366688e+00 6.114151e+00 6.630212e+00 5.292089e+00 6.580439e+00 4.741270e+00 6.356752e+00 2.555861e+00 -8.546989e-02 -2.578424e-01 -3.692353e-01 -4.114091e-01 -3.743758e-01 -2.977512e-01 -2.974174e-01 -3.133098e-01 -3.732623e-01 -3.947258e-01 -3.054975e-01 -1.052265e-01 -4.617707e-05
<VARIANCE> 25
 8.076235e+00 9.756293e+00 1.213066e+01 1.566219e+01 1.544872e+01 1.542764e+01 1.807539e+01 1.913504e+01 1.707192e+01 1.683624e+01 1.628619e+01 1.502749e+01 2.133482e-01 3.138410e-01 4.156473e-01 5.989948e-01 8.270440e-01 1.031215e+00 1.141782e+00 1.204943e+00 1.210169e+00 1.178103e+00 1.186732e+00 1.081011e+00 1.013096e-06
<GCONST> 6.090868e+01
<MIXTURE> 118 6.506003e-03
<MEAN> 25
 -4.446969e+00 1.329274e+00 7.516083e-01 9.505730e+00 6.366688e+00 6.114151e+00 6.630212e+00 5.292089e+00 6.580439e+00 4.741270e+00 6.356752e+00 2.555861e+00 -8.546989e-02 -2.578424e-01 -3.692353e-01 -4.114091e-01 -3.743758e-01 -2.977512e-01 -2.974174e-01 -3.133098e-01 -3.732623e-01 -3.947258e-01 -3.054975e-01 -1.052265e-01 -4.617707e-05
<VARIANCE> 25
 8.076235e+00 9.756293e+00 1.213066e+01 1.566219e+01 1.544872e+01 1.542764e+01 1.807539e+01 1.913504e+01 1.707192e+01 1.683624e+01 1.628619e+01 1.502749e+01 2.133482e-01 3.138410e-01 4.156473e-01 5.989948e-01 8.270440e-01 1.031215e+00 1.141782e+00 1.204943e+00 1.210169e+00 1.178103e+00 1.186732e+00 1.081011e+00 1.013096e-06
<GCONST> 6.090868e+01
<MIXTURE> 119 4.297961e-03
<MEAN> 25
 -4.975564e+00 -7.630591e+00 2.234349e+00 2.017964e+00 2.235357e+00 2.135108e-01 5.278049e+00 5.939618e+00 1.169335e+00 9.657435e-01 6.609664e+00 1.572330e+00 -4.983093e-02 -8.015626e-02 3.765113e-02 -5.714671e-02 -1.262802e-01 -1.790807e-01 -6.899977e-02 -1.353248e-02 -9.092874e-02 -1.121567e-01 -5.324011e-02 -5.778819e-02 1.112312e-03
<VARIANCE> 25
 8.497054e+00 9.835856e+00 1.656961e+01 2.017386e+01 2.288625e+01 2.325001e+01 2.499605e+01 2.647007e+01 2.503961e+01 2.806440e+01 2.042112e+01 2.040717e+01 1.603640e-01 2.835504e-01 4.597019e-01 6.324535e-01 8.030248e-01 1.004438e+00 1.099302e+00 1.277312e+00 1.286607e+00 1.245101e+00 1.197858e+00 1.112080e+00 2.314836e-04
<GCONST> 6.972911e+01
<MIXTURE> 120 4.297961e-03
<MEAN> 25
 -4.975564e+00 -7.630591e+00 2.234349e+00 2.017964e+00 2.235357e+00 2.135108e-01 5.278049e+00 5.939618e+00 1.169335e+00 9.657435e-01 6.609664e+00 1.572330e+00 -4.983093e-02 -8.015626e-02 3.765113e-02 -5.714671e-02 -1.262802e-01 -1.790807e-01 -6.899977e-02 -1.353248e-02 -9.092874e-02 -1.121567e-01 -5.324011e-02 -5.778819e-02 1.112312e-03
<VARIANCE> 25
 8.497054e+00 9.835856e+00 1.656961e+01 2.017386e+01 2.288625e+01 2.325001e+01 2.499605e+01 2.647007e+01 2.503961e+01 2.806440e+01 2.042112e+01 2.040717e+01 1.603640e-01 2.835504e-01 4.597019e-01 6.324535e-01 8.030248e-01 1.004438e+00 1.099302e+00 1.277312e+00 1.286607e+00 1.245101e+00 1.197858e+00 1.112080e+00 2.314836e-04
<GCONST> 6.972911e+01
<MIXTURE> 121 4.567511e-03
<MEAN> 25
 2.098103e-01 -2.525512e+00 5.155735e+00 -1.289598e+01 -1.264333e+01 -1.664742e+00 9.954051e-01 -5.107598e+00 -4.202949e+00 -4.880305e-01 -5.508576e+00 -4.312560e+00 2.408460e-02 1.325656e-01 -4.132257e-02 8.011534e-02 1.580251e-01 7.802119e-02 -7.963411e-02 -1.828386e-01 -2.686287e-01 -2.569644e-01 -1.146018e-01 5.090241e-04 -7.437516e-03
<VARIANCE> 25
 7.739182e+00 1.561430e+01 1.728029e+01 2.045659e+01 2.441985e+01 2.923791e+01 2.955874e+01 2.457924e+01 3.534677e+01 2.835996e+01 1.975041e+01 2.117873e+01 1.550382e-01 6.430373e-01 6.228266e-01 7.053891e-01 7.707215e-01 1.149979e+00 1.119346e+00 1.120599e+00 1.217328e+00 1.193674e+00 9.414937e-01 8.717700e-01 2.107930e-04
<GCONST> 7.140411e+01
<MIXTURE> 122 4.567511e-03
<MEAN> 25
 2.098103e-01 -2.525512e+00 5.155735e+00 -1.289598e+01 -1.264333e+01 -1.664742e+00 9.954051e-01 -5.107598e+00 -4.202949e+00 -4.880305e-01 -5.508576e+00 -4.312560e+00 2.408460e-02 1.325656e-01 -4.132257e-02 8.011534e-02 1.580251e-01 7.802119e-02 -7.963411e-02 -1.828386e-01 -2.686287e-01 -2.569644e-01 -1.146018e-01 5.090241e-04 -7.437516e-03
<VARIANCE> 25
 7.739182e+00 1.561430e+01 1.728029e+01 2.045659e+01 2.441985e+01 2.923791e+01 2.955874e+01 2.457924e+01 3.534677e+01 2.835996e+01 1.975041e+01 2.117873e+01 1.550382e-01 6.430373e-01 6.228266e-01 7.053891e-01 7.707215e-01 1.149979e+00 1.119346e+00 1.120599e+00 1.217328e+00 1.193674e+00 9.414937e-01 8.717700e-01 2.107930e-04
<GCONST> 7.140411e+01
<MIXTURE> 123 4.393044e-03
<MEAN> 25
 -3.453379e+00 1.907734e+00 -4.631450e-01 5.779035e+00 5.353041e+00 2.707689e+00 3.894951e+00 1.248657e+00 1.054663e+00 -1.116776e+00 6.842948e-03 8.023914e-01 -4.498071e-01 -7.247465e-01 -7.836336e-01 -6.562331e-01 -2.338789e-01 4.287702e-02 3.666127e-01 6.044918e-01 7.026573e-01 6.078700e-01 7.905645e-01 5.229182e-01 -3.799018e-03
<VARIANCE> 25
 1.254298e+01 1.387646e+01 1.894236e+01 1.512947e+01 2.322274e+01 2.986434e+01 2.265831e+01 2.164242e+01 1.843621e+01 1.640130e+01 1.931359e+01 1.931123e+01 3.380803e-01 3.595572e-01 5.103272e-01 7.387289e-01 8.415233e-01 1.094010e+00 1.204249e+00 1.117898e+00 1.122852e+00 1.205687e+00 1.240034e+00 1.081142e+00 1.056729e-04
<GCONST> 6.970712e+01
<MIXTURE> 124 4.069876e-03
<MEAN> 25
 -6.382710e+00 -9.907569e-01 -3.025201e+00 5.022748e+00 5.047032e+00 3.253054e+00 5.474569e+00 2.667783e+00 3.247285e+00 1.185493e+00 1.144769e+00 2.909988e+00 -2.025778e-01 -3.247139e-01 -3.570979e-01 -2.086107e-01 1.257386e-01 5.324143e-01 8.088714e-01 8.736439e-01 6.768245e-01 3.241046e-01 7.505533e-02 -2.122629e-02 2.163993e-05
<VARIANCE> 25
 1.210534e+01 8.825915e+00 1.145629e+01 1.247588e+01 1.220542e+01 2.038626e+01 1.586712e+01 1.721318e+01 1.526250e+01 1.610495e+01 1.878683e+01 1.496342e+01 1.031458e-01 1.661944e-01 2.679835e-01 4.145131e-01 5.810882e-01 7.013174e-01 7.483045e-01 8.118435e-01 9.175626e-01 9.636644e-01 1.018183e+00 9.813243e-01 1.787063e-05
<GCONST> 5.913459e+01
<MIXTURE> 125 4.069876e-03
<MEAN> 25
 -6.382710e+00 -9.907569e-01 -3.025201e+00 5.022748e+00 5.047032e+00 3.253054e+00 5.474569e+00 2.667783e+00 3.247285e+00 1.185493e+00 1.144769e+00 2.909988e+00 -2.025778e-01 -3.247139e-01 -3.570979e-01 -2.086107e-01 1.257386e-01 5.324143e-01 8.088714e-01 8.736439e-01 6.768245e-01 3.241046e-01 7.505533e-02 -2.122629e-02 2.163993e-05
<VARIANCE> 25
 1.210534e+01 8.825915e+00 1.145629e+01 1.247588e+01 1.220542e+01 2.038626e+01 1.586712e+01 1.721318e+01 1.526250e+01 1.610495e+01 1.878683e+01 1.496342e+01 1.031458e-01 1.661944e-01 2.679835e-01 4.145131e-01 5.810882e-01 7.013174e-01 7.483045e-01 8.118435e-01 9.175626e-01 9.636644e-01 1.018183e+00 9.813243e-01 1.787063e-05
<GCONST> 5.913459e+01
<MIXTURE> 126 2.402244e-03
<MEAN> 25
 -3.773810e+00 -6.892626e+00 -5.290351e+00 2.319031e+00 4.289056e+00 -3.246753e+00 8.668762e-02 3.558723e+00 3.344146e+00 -2.701913e+00 -1.418993e+00 3.042301e+00 -2.492908e-03 -6.109371e-03 -3.557198e-02 -1.582809e-01 -3.181263e-01 -3.894509e-01 -2.728041e-01 -1.565137e-01 -1.148038e-01 -1.155080e-01 -9.819431e-02 -3.144955e-02 -1.483276e-03
<VARIANCE> 25
 7.485857e+00 1.321751e+01 1.382868e+01 1.508274e+01 2.464543e+01 2.365655e+01 2.283022e+01 2.837092e+01 3.120053e+01 2.618048e+01 2.177438e+01 1.920787e+01 1.704805e-01 3.511132e-01 4.826382e-01 5.674617e-01 7.521157e-01 9.934168e-01 1.121840e+00 1.261739e+00 1.331415e+00 1.309436e+00 1.215640e+00 1.147799e+00 2.104586e-04
<GCONST> 6.983284e+01
<MIXTURE> 127 2.402244e-03
<MEAN> 25
 -3.773810e+00 -6.892626e+00 -5.290351e+00 2.319031e+00 4.289056e+00 -3.246753e+00 8.668762e-02 3.558723e+00 3.344146e+00 -2.701913e+00 -1.418993e+00 3.042301e+00 -2.492908e-03 -6.109371e-03 -3.557198e-02 -1.582809e-01 -3.181263e-01 -3.894509e-01 -2.728041e-01 -1.565137e-01 -1.148038e-01 -1.155080e-01 -9.819431e-02 -3.144955e-02 -1.483276e-03
<VARIANCE> 25
 7.485857e+00 1.321751e+01 1.382868e+01 1.508274e+01 2.464543e+01 2.365655e+01 2.283022e+01 2.837092e+01 3.120053e+01 2.618048e+01 2.177438e+01 1.920787e+01 1.704805e-01 3.511132e-01 4.826382e-01 5.674617e-01 7.521157e-01 9.934168e-01 1.121840e+00 1.261739e+00 1.331415e+00 1.309436e+00 1.215640e+00 1.147799e+00 2.104586e-04
<GCONST> 6.983284e+01
<MIXTURE> 128 3.790457e-03
<MEAN> 25
 -3.904365e+00 1.575035e+00 -3.780121e-01 6.550955e+00 3.649096e+00 1.854621e+00 3.620320e+00 2.418046e+00 3.998002e+00 3.673148e+00 3.775658e+00 3.493954e+00 -3.953213e-01 -2.005195e-01 9.549320e-02 7.230045e-01 1.176208e+00 1.130699e+00 7.127143e-01 1.330314e-01 -4.340896e-01 -7.879605e-01 -7.030084e-01 -3.901166e-01 -3.871445e-05
<VARIANCE> 25
 1.030328e+01 1.184896e+01 1.522439e+01 1.932084e+01 2.012928e+01 2.111134e+01 2.452266e+01 2.497053e+01 2.655514e+01 2.387636e+01 2.669615e+01 1.831380e+01 8.879312e-01 1.142949e+00 1.361074e+00 1.498584e+00 1.585816e+00 1.860490e+00 2.243817e+00 2.316847e+00 2.147414e+00 1.849802e+00 1.745062e+00 1.741584e+00 1.008051e-06
<GCONST> 7.369060e+01
<TRANSP> 3
 0.000000e+00 1.000000e+00 0.000000e+00
 0.000000e+00 9.999990e-01 9.999998e-07
 0.000000e+00 0.000000e+00 0.000000e+00
<ENDHMM>
