~o
<STREAMINFO> 1 25
<VECSIZE> 25<NULLD><MFCC_E_D_N><DIAGC>
~h "jmodel"
<BEGINHMM>
<NUMSTATES> 3
<STATE> 2
<NUMMIXES> 128
<MIXTURE> 1 5.748963e-03
<MEAN> 25
 -2.587856e+00 3.180598e+00 2.308936e+00 8.755421e+00 4.378657e+00 3.442856e+00 4.066771e+00 3.935878e+00 5.829237e+00 5.254540e+00 5.878458e+00 3.079115e+00 -2.004066e+00 -1.633051e+00 -8.648204e-01 1.074568e+00 1.560087e+00 2.230402e+00 2.154499e+00 2.083814e+00 1.693103e+00 1.270537e+00 1.567559e+00 6.151471e-01 -4.687392e-02
<VARIANCE> 25
 1.007455e+01 1.175358e+01 1.494863e+01 1.866598e+01 2.322795e+01 2.219940e+01 2.190344e+01 2.196389e+01 2.100312e+01 2.252999e+01 2.099197e+01 1.707923e+01 1.788503e+00 2.115800e+00 3.025142e+00 3.211600e+00 3.738018e+00 3.360955e+00 3.316916e+00 3.380844e+00 3.519820e+00 3.725924e+00 3.511221e+00 2.836925e+00 3.123843e-03
<GCONST> 8.847160e+01
<MIXTURE> 2 4.549242e-03
<MEAN> 25
 -4.876678e+00 1.311420e+00 9.934697e-01 9.898803e+00 6.693036e+00 7.421393e+00 7.846498e+00 6.958089e+00 8.372279e+00 6.373677e+00 7.622239e+00 3.074841e+00 -6.197922e-02 4.151196e-02 1.425093e-01 2.260954e-01 2.651984e-01 2.811894e-01 2.954554e-01 3.197160e-01 3.499026e-01 3.086535e-01 1.969748e-01 7.994319e-02 1.346271e-06
<VARIANCE> 25
 6.954711e+00 8.902594e+00 1.065231e+01 1.591271e+01 1.723367e+01 1.560027e+01 1.689720e+01 1.848192e+01 1.659081e+01 1.738547e+01 1.812612e+01 1.433937e+01 1.252495e-01 2.266746e-01 3.364190e-01 4.673177e-01 6.492321e-01 8.148483e-01 9.296378e-01 1.003031e+00 1.051499e+00 1.077767e+00 1.075730e+00 1.013836e+00 1.000995e-06
<GCONST> 5.804737e+01
<MIXTURE> 3 4.549242e-03
<MEAN> 25
 -4.876678e+00 1.311420e+00 9.934697e-01 9.898803e+00 6.693036e+00 7.421393e+00 7.846498e+00 6.958089e+00 8.372279e+00 6.373677e+00 7.622239e+00 3.074841e+00 -6.197922e-02 4.151196e-02 1.425093e-01 2.260954e-01 2.651984e-01 2.811894e-01 2.954554e-01 3.197160e-01 3.499026e-01 3.086535e-01 1.969748e-01 7.994319e-02 1.346271e-06
<VARIANCE> 25
 6.954711e+00 8.902594e+00 1.065231e+01 1.591271e+01 1.723367e+01 1.560027e+01 1.689720e+01 1.848192e+01 1.659081e+01 1.738547e+01 1.812612e+01 1.433937e+01 1.252495e-01 2.266746e-01 3.364190e-01 4.673177e-01 6.492321e-01 8.148483e-01 9.296378e-01 1.003031e+00 1.051499e+00 1.077767e+00 1.075730e+00 1.013836e+00 1.000995e-06
<GCONST> 5.804737e+01
<MIXTURE> 4 1.671429e-02
<MEAN> 25
 3.383904e+00 2.500572e+00 -3.873803e+00 8.323383e-01 4.377467e+00 -1.782106e-01 1.782828e-01 5.622211e-02 1.540983e+00 1.342806e+00 -1.895036e+00 -1.195476e-03 -2.723336e+00 1.211168e+00 1.749047e+00 3.067036e+00 9.258119e-01 4.002429e-01 1.477888e+00 1.087858e+00 9.346678e-01 4.203994e-01 1.170175e+00 8.973849e-01 -1.031645e-01
<VARIANCE> 25
 2.091361e+01 2.901122e+01 2.912667e+01 3.952461e+01 4.481475e+01 6.819584e+01 6.491540e+01 5.286699e+01 5.444154e+01 6.102993e+01 4.889663e+01 3.555249e+01 2.389626e+00 4.955209e+00 3.679091e+00 4.906368e+00 4.910562e+00 6.413265e+00 6.035491e+00 5.556183e+00 5.930293e+00 6.281150e+00 6.174699e+00 4.363045e+00 5.978385e-03
<GCONST> 1.052573e+02
<MIXTURE> 5 3.206198e-03
<MEAN> 25
 -3.416101e+00 2.182237e+00 6.099694e-01 9.425455e+00 6.697651e+00 6.314985e+00 7.111034e+00 4.724118e+00 5.495712e+00 3.847738e+00 4.657039e+00 2.604889e+00 -3.244790e-01 7.528843e-01 1.224524e+00 1.032267e+00 3.073064e-01 -1.002013e-01 -8.378770e-02 3.337125e-02 4.579497e-01 6.836031e-01 4.038142e-01 8.800141e-02 -2.780159e-05
<VARIANCE> 25
 1.025813e+01 1.394438e+01 2.348272e+01 2.566796e+01 2.021765e+01 1.943223e+01 2.011996e+01 2.035726e+01 2.141716e+01 2.128117e+01 2.410308e+01 1.637015e+01 1.209940e+00 1.244118e+00 1.357226e+00 1.673927e+00 2.285050e+00 2.375814e+00 2.301051e+00 2.275157e+00 2.315123e+00 2.237749e+00 2.085128e+00 1.873518e+00 1.000404e-06
<GCONST> 7.516927e+01
<MIXTURE> 6 5.475854e-03
<MEAN> 25
 9.501518e+00 -6.103643e-01 -6.467248e+00 -1.041199e+01 -1.695949e+00 5.821791e+00 -5.575853e+00 -4.611379e+00 -3.534032e+00 1.478544e+00 5.325932e+00 -3.421585e-01 4.438381e-01 8.897025e-01 -3.201832e-01 -1.510178e+00 -7.509480e-01 1.319409e+00 1.749097e+00 2.203370e-01 -1.392444e+00 -9.935691e-01 8.239729e-02 1.329371e+00 -8.849343e-03
<VARIANCE> 25
 8.093944e+00 1.536970e+01 2.086461e+01 3.590586e+01 3.308723e+01 3.105950e+01 3.968491e+01 3.539464e+01 3.691798e+01 3.468686e+01 4.078762e+01 2.938269e+01 3.194384e-01 7.562639e-01 8.245392e-01 1.793400e+00 1.549141e+00 1.920020e+00 1.951575e+00 1.862000e+00 2.618881e+00 1.986558e+00 2.328960e+00 1.381055e+00 5.183089e-04
<GCONST> 8.241926e+01
<MIXTURE> 7 5.475854e-03
<MEAN> 25
 9.501518e+00 -6.103643e-01 -6.467248e+00 -1.041199e+01 -1.695949e+00 5.821791e+00 -5.575853e+00 -4.611379e+00 -3.534032e+00 1.478544e+00 5.325932e+00 -3.421585e-01 4.438381e-01 8.897025e-01 -3.201832e-01 -1.510178e+00 -7.509480e-01 1.319409e+00 1.749097e+00 2.203370e-01 -1.392444e+00 -9.935691e-01 8.239729e-02 1.329371e+00 -8.849343e-03
<VARIANCE> 25
 8.093944e+00 1.536970e+01 2.086461e+01 3.590586e+01 3.308723e+01 3.105950e+01 3.968491e+01 3.539464e+01 3.691798e+01 3.468686e+01 4.078762e+01 2.938269e+01 3.194384e-01 7.562639e-01 8.245392e-01 1.793400e+00 1.549141e+00 1.920020e+00 1.951575e+00 1.862000e+00 2.618881e+00 1.986558e+00 2.328960e+00 1.381055e+00 5.183089e-04
<GCONST> 8.241926e+01
<MIXTURE> 8 1.165917e-02
<MEAN> 25
 -4.728572e+00 1.371089e+00 1.282066e+00 9.547276e+00 6.591517e+00 6.220884e+00 6.486881e+00 5.701141e+00 6.644149e+00 5.634804e+00 6.544613e+00 3.150975e+00 -6.323143e-01 -1.424145e+00 -1.067291e+00 -1.732103e+00 -2.314181e-01 -9.406742e-01 -1.782979e-01 -2.942768e-01 -2.463725e-01 -1.730017e-01 -2.080548e-01 8.775504e-02 9.882745e-02
<VARIANCE> 25
 9.343785e+00 9.878022e+00 1.161958e+01 1.608436e+01 1.667267e+01 1.604436e+01 1.810553e+01 1.755590e+01 1.708986e+01 1.733341e+01 1.909492e+01 1.397610e+01 2.754216e+00 2.813501e+00 3.906559e+00 3.756742e+00 3.446815e+00 3.316230e+00 3.125397e+00 3.098273e+00 2.896012e+00 2.653918e+00 2.439008e+00 1.913412e+00 6.679287e-03
<GCONST> 8.634269e+01
<MIXTURE> 9 1.199672e-02
<MEAN> 25
 6.654245e+00 4.970232e+00 -5.961366e+00 -1.096518e+01 -1.080005e+00 4.938578e+00 -1.511481e+00 -2.675005e+00 -5.969877e+00 -1.950763e+00 1.864791e+00 4.185682e-01 7.684995e-01 -1.102645e-01 -9.133055e-03 -2.250004e+00 -2.776713e+00 1.384525e+00 -1.150385e+00 -8.839889e-01 2.322789e-01 -1.530264e+00 1.145206e+00 -4.061069e-02 7.071002e-02
<VARIANCE> 25
 1.278445e+01 1.684175e+01 3.387676e+01 3.428444e+01 6.500979e+01 2.585557e+01 3.338438e+01 3.410637e+01 3.414278e+01 3.865230e+01 2.594602e+01 2.766832e+01 1.690727e+00 2.091936e+00 6.635970e+00 3.669313e+00 6.817370e+00 2.873920e+00 2.718914e+00 4.413041e+00 4.700781e+00 3.995196e+00 2.783961e+00 2.609719e+00 1.326756e-03
<GCONST> 9.480917e+01
<MIXTURE> 10 6.596976e-03
<MEAN> 25
 8.204807e-01 7.634045e+00 5.375596e+00 7.147842e+00 1.588208e+00 -2.120693e+00 -5.165992e-01 -1.682967e+00 8.754239e-01 8.588728e-01 8.357722e-01 6.569151e-01 -1.924572e+00 -6.726987e-01 -4.593005e-01 3.025642e+00 2.463299e+00 2.709965e+00 2.373947e+00 2.276231e+00 1.862098e+00 1.545302e+00 2.334473e+00 5.251176e-01 -1.380937e-01
<VARIANCE> 25
 1.953736e+01 2.067740e+01 2.229557e+01 2.905349e+01 3.829879e+01 3.499799e+01 3.513757e+01 3.384304e+01 2.762434e+01 2.905206e+01 2.697289e+01 2.500552e+01 2.234529e+00 3.426123e+00 5.535989e+00 5.183455e+00 5.550017e+00 4.469165e+00 4.697974e+00 4.848370e+00 4.388230e+00 5.019171e+00 4.451158e+00 3.191008e+00 2.701781e-03
<GCONST> 9.746609e+01
<MIXTURE> 11 1.633820e-02
<MEAN> 25
 7.065174e+00 3.807307e+00 4.506205e+00 7.218772e+00 -4.673015e+00 -4.610885e+00 -1.542654e+00 -5.491901e+00 -7.198823e+00 5.945094e-01 -4.249351e+00 -1.295686e+00 -3.019440e-01 7.783284e-01 -1.287362e-01 -1.245186e-01 9.376764e-01 -3.998270e-01 3.639829e-01 -1.604769e-01 -1.245875e-01 -3.360768e-02 -2.812559e-01 -1.742083e-01 -2.848772e-02
<VARIANCE> 25
 8.849837e+00 2.119609e+01 1.701397e+01 3.428184e+01 4.180908e+01 4.314146e+01 3.779142e+01 3.417231e+01 6.048255e+01 2.651589e+01 2.981704e+01 2.544209e+01 7.739784e-01 1.773401e+00 1.315286e+00 2.020627e+00 2.163999e+00 1.960848e+00 1.871257e+00 2.001789e+00 2.531340e+00 1.678590e+00 1.501344e+00 1.631496e+00 1.049999e-03
<GCONST> 8.576620e+01
<MIXTURE> 12 5.904134e-03
<MEAN> 25
 9.011949e+00 3.932181e+00 -3.302395e+00 -1.548910e+01 -9.777175e+00 7.795518e+00 -7.413226e-01 -2.892464e+00 -1.003471e+00 -6.424859e+00 2.931229e+00 1.558389e+00 -2.944232e-02 1.915782e-01 1.452528e-01 -3.609010e-01 -4.435885e-01 5.367592e-02 3.927631e-01 3.493056e-01 3.390827e-01 -3.404206e-01 -5.840301e-01 3.457839e-02 -2.254824e-03
<VARIANCE> 25
 1.242573e+01 1.635980e+01 2.164828e+01 3.174438e+01 4.389440e+01 2.981157e+01 3.134274e+01 4.430204e+01 3.735224e+01 4.093945e+01 3.139899e+01 2.569786e+01 2.104428e-01 7.524344e-01 5.180655e-01 1.059947e+00 1.019366e+00 9.177734e-01 1.038529e+00 1.211182e+00 1.545503e+00 9.882888e-01 1.192619e+00 7.780645e-01 6.103143e-04
<GCONST> 7.690014e+01
<MIXTURE> 13 5.904134e-03
<MEAN> 25
 9.011949e+00 3.932181e+00 -3.302395e+00 -1.548910e+01 -9.777175e+00 7.795518e+00 -7.413226e-01 -2.892464e+00 -1.003471e+00 -6.424859e+00 2.931229e+00 1.558389e+00 -2.944232e-02 1.915782e-01 1.452528e-01 -3.609010e-01 -4.435885e-01 5.367592e-02 3.927631e-01 3.493056e-01 3.390827e-01 -3.404206e-01 -5.840301e-01 3.457839e-02 -2.254824e-03
<VARIANCE> 25
 1.242573e+01 1.635980e+01 2.164828e+01 3.174438e+01 4.389440e+01 2.981157e+01 3.134274e+01 4.430204e+01 3.735224e+01 4.093945e+01 3.139899e+01 2.569786e+01 2.104428e-01 7.524344e-01 5.180655e-01 1.059947e+00 1.019366e+00 9.177734e-01 1.038529e+00 1.211182e+00 1.545503e+00 9.882888e-01 1.192619e+00 7.780645e-01 6.103143e-04
<GCONST> 7.690014e+01
<MIXTURE> 14 6.488954e-03
<MEAN> 25
 -4.379766e+00 -3.700474e-01 -3.333912e-01 8.902418e+00 7.592120e+00 7.130700e+00 7.830776e+00 7.351045e+00 7.222179e+00 5.231411e+00 6.683424e+00 4.047327e+00 -2.734012e-01 1.763026e-01 3.576425e-01 3.082661e-01 1.257265e-02 5.534828e-02 9.255214e-02 1.915098e-01 2.850550e-01 5.411487e-01 5.085291e-01 9.578441e-02 -9.290462e-03
<VARIANCE> 25
 9.396162e+00 1.369007e+01 1.835984e+01 1.758820e+01 2.087085e+01 2.266500e+01 2.120116e+01 2.042722e+01 1.996321e+01 2.369192e+01 2.289211e+01 1.598791e+01 9.555423e-01 1.665829e+00 1.766860e+00 1.916587e+00 2.213600e+00 2.235085e+00 2.235916e+00 2.251041e+00 2.303398e+00 2.480798e+00 2.169555e+00 1.826359e+00 1.020386e-03
<GCONST> 8.200481e+01
<MIXTURE> 15 2.475190e-03
<MEAN> 25
 -5.482797e+00 -6.136727e-01 -2.273334e-01 7.362438e+00 5.854315e+00 5.488698e+00 6.013438e+00 4.999567e+00 5.170685e+00 4.257658e+00 5.350733e+00 2.523537e+00 -1.198592e-01 -3.157123e-02 7.834952e-02 2.491513e-01 4.791411e-01 7.787019e-01 1.074902e+00 1.170159e+00 1.055503e+00 7.473861e-01 3.992294e-01 1.567286e-01 -1.354334e-04
<VARIANCE> 25
 7.043873e+00 5.636445e+00 8.937225e+00 1.267429e+01 1.481482e+01 1.626982e+01 1.492499e+01 1.464176e+01 1.391908e+01 1.461607e+01 1.601312e+01 1.240415e+01 1.234225e-01 2.050970e-01 3.154885e-01 4.996077e-01 6.936414e-01 7.903778e-01 7.530565e-01 7.875485e-01 8.940217e-01 1.048983e+00 1.087656e+00 1.038776e+00 2.793688e-05
<GCONST> 5.876164e+01
<MIXTURE> 16 2.475190e-03
<MEAN> 25
 -5.482797e+00 -6.136727e-01 -2.273334e-01 7.362438e+00 5.854315e+00 5.488698e+00 6.013438e+00 4.999567e+00 5.170685e+00 4.257658e+00 5.350733e+00 2.523537e+00 -1.198592e-01 -3.157123e-02 7.834952e-02 2.491513e-01 4.791411e-01 7.787019e-01 1.074902e+00 1.170159e+00 1.055503e+00 7.473861e-01 3.992294e-01 1.567286e-01 -1.354334e-04
<VARIANCE> 25
 7.043873e+00 5.636445e+00 8.937225e+00 1.267429e+01 1.481482e+01 1.626982e+01 1.492499e+01 1.464176e+01 1.391908e+01 1.461607e+01 1.601312e+01 1.240415e+01 1.234225e-01 2.050970e-01 3.154885e-01 4.996077e-01 6.936414e-01 7.903778e-01 7.530565e-01 7.875485e-01 8.940217e-01 1.048983e+00 1.087656e+00 1.038776e+00 2.793688e-05
<GCONST> 5.876164e+01
<MIXTURE> 17 9.518312e-03
<MEAN> 25
 3.782472e+00 -1.832975e+00 6.984799e+00 3.363149e+00 -6.054171e+00 -5.929547e+00 -4.116678e+00 -2.254759e-01 -2.354594e+00 -3.716943e+00 -3.873317e-01 5.853909e-01 -8.480546e-01 -1.102934e+00 1.568945e+00 -2.057937e+00 -2.399729e+00 -4.419702e-02 -1.770881e-01 8.165414e-01 -2.453280e-01 -4.022912e-01 1.525544e+00 4.960634e-01 7.922976e-02
<VARIANCE> 25
 1.393115e+01 3.338255e+01 2.841051e+01 3.785194e+01 3.943668e+01 4.267984e+01 4.772884e+01 2.859778e+01 2.984591e+01 2.676868e+01 3.046079e+01 2.649802e+01 1.593143e+00 2.384648e+00 3.892174e+00 2.696461e+00 3.465995e+00 4.653337e+00 4.819542e+00 4.016673e+00 3.647443e+00 3.543636e+00 3.747548e+00 2.438934e+00 1.858853e-03
<GCONST> 9.500705e+01
<MIXTURE> 18 1.221018e-02
<MEAN> 25
 3.668583e+00 4.448687e+00 6.865565e+00 5.762454e+00 -4.463508e+00 -9.332001e+00 -7.947844e-01 1.205134e-01 -3.712187e+00 -2.269640e+00 -1.795817e+00 2.725036e-01 -7.860255e-01 2.127637e+00 -3.604838e-01 1.030486e+00 3.054524e+00 7.050331e-01 1.155791e+00 -3.281456e-01 1.180757e+00 4.387119e-01 -9.798367e-01 -5.586018e-02 -1.124287e-01
<VARIANCE> 25
 1.501144e+01 2.201822e+01 2.549152e+01 2.508460e+01 3.775179e+01 3.011832e+01 3.231322e+01 4.025729e+01 5.892285e+01 2.756600e+01 3.280394e+01 2.516180e+01 1.997004e+00 2.562394e+00 3.701027e+00 5.456181e+00 3.142642e+00 5.450416e+00 4.088833e+00 3.603588e+00 4.393135e+00 3.551946e+00 5.177522e+00 3.067300e+00 3.547892e-03
<GCONST> 9.656398e+01
<MIXTURE> 19 9.912824e-03
<MEAN> 25
 -1.005254e+01 2.170221e+00 9.043241e-01 6.282754e-01 3.862435e+00 1.171235e+00 3.695211e+00 3.554433e-01 2.644519e+00 1.585604e+00 8.272707e-01 2.393369e+00 2.100614e+00 1.656462e+00 2.005101e+00 8.294014e-01 -1.112785e+00 -8.231165e-01 -9.309133e-01 -1.100591e+00 -1.525412e+00 -1.140946e+00 -8.531641e-01 -8.825436e-01 -1.224473e-03
<VARIANCE> 25
 4.975288e+01 2.790587e+01 4.996975e+01 5.082216e+01 3.098174e+01 3.096766e+01 2.981030e+01 3.528643e+01 3.300798e+01 2.570797e+01 2.923730e+01 2.172417e+01 2.565617e+00 2.152575e+00 2.171510e+00 2.316839e+00 2.440553e+00 2.361670e+00 2.398627e+00 3.143083e+00 2.024436e+00 1.966337e+00 2.456785e+00 1.694153e+00 2.401731e-03
<GCONST> 9.191682e+01
<MIXTURE> 20 6.308331e-03
<MEAN> 25
 -1.408287e+01 7.340952e+00 8.002335e-01 6.179216e+00 4.962115e+00 1.536034e+00 5.278746e+00 8.856143e-01 9.248598e-01 9.053082e-01 2.489305e+00 -2.535106e-01 -3.255215e+00 -8.357309e-01 -1.570337e+00 3.050219e-01 1.521070e+00 2.021831e+00 1.981038e+00 2.023723e+00 2.130882e+00 2.045975e+00 1.684090e+00 9.786121e-01 4.721458e-02
<VARIANCE> 25
 2.005717e+01 2.348118e+01 3.062547e+01 3.669904e+01 3.135497e+01 2.821984e+01 2.989000e+01 3.108422e+01 2.758343e+01 2.864014e+01 2.525524e+01 2.112169e+01 2.123642e+00 2.221611e+00 1.886673e+00 2.553876e+00 2.694330e+00 2.388720e+00 2.278590e+00 2.353356e+00 2.216975e+00 2.622150e+00 2.209034e+00 1.919538e+00 1.862112e-03
<GCONST> 8.928112e+01
<MIXTURE> 21 7.928653e-03
<MEAN> 25
 3.795183e+00 -4.623805e+00 5.652715e+00 -5.140017e-01 -1.014161e+01 -8.405204e+00 -2.664502e+00 4.582585e+00 -1.564912e+00 -3.506361e+00 7.507671e-01 -6.614282e-02 -6.801873e-01 1.353679e+00 2.690171e+00 1.342418e-01 -1.628985e+00 1.193466e-01 4.886870e-01 -1.292002e+00 -2.251683e+00 2.502822e-01 1.405789e+00 4.115443e-01 -1.419480e-02
<VARIANCE> 25
 8.414483e+00 1.852983e+01 2.688572e+01 3.425676e+01 2.770135e+01 3.125433e+01 3.991144e+01 3.697169e+01 4.097087e+01 2.852287e+01 3.405558e+01 2.250060e+01 3.602770e-01 8.619317e-01 1.889482e+00 1.502337e+00 2.080516e+00 2.436221e+00 3.373415e+00 2.658438e+00 2.853807e+00 2.382322e+00 1.902854e+00 2.377602e+00 4.465833e-04
<GCONST> 8.499017e+01
<MIXTURE> 22 8.827789e-03
<MEAN> 25
 -1.742370e+01 7.114838e+00 -4.164122e+00 7.157010e+00 4.974645e+00 2.069454e+00 8.399918e+00 1.623846e+00 5.194908e+00 3.843265e+00 5.074309e+00 2.240574e+00 -3.371805e-01 -2.248051e-01 -1.194926e-01 -2.762516e-01 -9.039357e-02 1.691894e-01 1.027517e-01 1.737946e-01 2.961704e-01 9.805860e-02 1.977985e-01 2.729944e-01 1.068830e-02
<VARIANCE> 25
 9.348994e+00 1.526090e+01 1.597713e+01 2.417217e+01 2.162337e+01 2.226615e+01 1.776429e+01 1.728813e+01 1.690193e+01 2.187190e+01 2.151490e+01 2.379182e+01 1.032350e+00 1.427270e+00 1.264431e+00 1.655778e+00 1.395194e+00 1.450718e+00 1.507333e+00 1.404936e+00 1.611525e+00 1.787603e+00 1.467568e+00 1.177860e+00 1.617357e-03
<GCONST> 7.867894e+01
<MIXTURE> 23 6.455497e-03
<MEAN> 25
 7.619613e+00 2.167566e+00 3.039401e+00 2.474169e+00 -4.739947e+00 -2.933086e+00 -3.949164e+00 -6.107974e+00 -4.060131e+00 -7.883396e-01 -4.465423e+00 -1.759562e+00 1.207699e-02 1.519690e-01 -6.866462e-02 -8.965054e-03 8.053771e-02 4.288529e-02 -1.204975e-02 -7.293630e-02 1.443960e-01 5.171488e-02 -3.946228e-02 -9.425987e-03 -4.752224e-03
<VARIANCE> 25
 1.076069e+01 2.400339e+01 2.564414e+01 4.145839e+01 3.947378e+01 5.616018e+01 5.700171e+01 5.591010e+01 5.185887e+01 4.420565e+01 4.661692e+01 4.034733e+01 1.148053e-01 2.894830e-01 3.967213e-01 4.994293e-01 6.570001e-01 6.591101e-01 8.005202e-01 8.591195e-01 1.003378e+00 8.301150e-01 7.960127e-01 7.075360e-01 9.624111e-05
<GCONST> 7.327770e+01
<MIXTURE> 24 6.455497e-03
<MEAN> 25
 7.619613e+00 2.167566e+00 3.039401e+00 2.474169e+00 -4.739947e+00 -2.933086e+00 -3.949164e+00 -6.107974e+00 -4.060131e+00 -7.883396e-01 -4.465423e+00 -1.759562e+00 1.207699e-02 1.519690e-01 -6.866462e-02 -8.965054e-03 8.053771e-02 4.288529e-02 -1.204975e-02 -7.293630e-02 1.443960e-01 5.171488e-02 -3.946228e-02 -9.425987e-03 -4.752224e-03
<VARIANCE> 25
 1.076069e+01 2.400339e+01 2.564414e+01 4.145839e+01 3.947378e+01 5.616018e+01 5.700171e+01 5.591010e+01 5.185887e+01 4.420565e+01 4.661692e+01 4.034733e+01 1.148053e-01 2.894830e-01 3.967213e-01 4.994293e-01 6.570001e-01 6.591101e-01 8.005202e-01 8.591195e-01 1.003378e+00 8.301150e-01 7.960127e-01 7.075360e-01 9.624111e-05
<GCONST> 7.327770e+01
<MIXTURE> 25 1.118642e-02
<MEAN> 25
 4.860656e-01 2.453778e+00 1.635414e+01 -3.684911e-01 -1.170588e+01 -1.012566e+00 -5.153445e+00 -2.959642e+00 -6.418278e+00 -5.501486e+00 3.688238e+00 -1.895444e+00 -1.109012e-01 4.393409e-01 1.549421e-01 3.216544e-01 2.033687e-01 6.472919e-03 1.146432e-01 -2.103897e-01 -4.253300e-01 2.638041e-02 -6.694236e-02 -1.266468e-01 -1.354122e-02
<VARIANCE> 25
 8.409293e+00 3.031735e+01 2.069441e+01 3.036771e+01 3.039718e+01 4.372750e+01 2.560409e+01 2.768425e+01 2.848900e+01 3.345284e+01 2.091678e+01 2.568011e+01 5.509105e-01 1.366394e+00 1.298533e+00 1.540753e+00 2.094581e+00 2.119667e+00 1.662303e+00 1.512894e+00 1.721745e+00 1.543376e+00 1.261283e+00 1.211865e+00 1.255622e-03
<GCONST> 8.237692e+01
<MIXTURE> 26 7.727677e-03
<MEAN> 25
 1.990899e+00 -5.810521e+00 -9.763404e+00 -1.428002e+00 7.620146e+00 5.776662e+00 3.669988e+00 -2.650147e-01 2.339713e+00 -6.462111e-01 -2.663503e+00 -1.909139e+00 -6.191919e-01 6.614228e-01 3.500247e-01 7.663085e-01 2.405920e-01 -1.190020e-01 2.936837e-01 5.164849e-01 1.414426e-01 6.677708e-02 2.944264e-01 4.632744e-01 -5.257729e-02
<VARIANCE> 25
 2.229587e+01 3.301582e+01 2.517918e+01 5.732350e+01 3.535137e+01 4.222963e+01 4.649607e+01 3.959244e+01 3.530893e+01 4.951655e+01 3.762941e+01 4.736223e+01 1.538729e+00 1.876848e+00 1.704797e+00 1.993953e+00 2.355332e+00 3.313577e+00 2.389625e+00 2.770360e+00 2.428207e+00 2.079638e+00 2.107172e+00 1.922167e+00 3.077261e-03
<GCONST> 9.306492e+01
<MIXTURE> 27 7.727677e-03
<MEAN> 25
 1.990899e+00 -5.810521e+00 -9.763404e+00 -1.428002e+00 7.620146e+00 5.776662e+00 3.669988e+00 -2.650147e-01 2.339713e+00 -6.462111e-01 -2.663503e+00 -1.909139e+00 -6.191919e-01 6.614228e-01 3.500247e-01 7.663085e-01 2.405920e-01 -1.190020e-01 2.936837e-01 5.164849e-01 1.414426e-01 6.677708e-02 2.944264e-01 4.632744e-01 -5.257729e-02
<VARIANCE> 25
 2.229587e+01 3.301582e+01 2.517918e+01 5.732350e+01 3.535137e+01 4.222963e+01 4.649607e+01 3.959244e+01 3.530893e+01 4.951655e+01 3.762941e+01 4.736223e+01 1.538729e+00 1.876848e+00 1.704797e+00 1.993953e+00 2.355332e+00 3.313577e+00 2.389625e+00 2.770360e+00 2.428207e+00 2.079638e+00 2.107172e+00 1.922167e+00 3.077261e-03
<GCONST> 9.306492e+01
<MIXTURE> 28 5.036674e-03
<MEAN> 25
 -5.502662e+00 5.819379e-02 -1.607527e+00 6.624463e+00 5.296627e+00 3.349964e+00 5.431084e+00 3.173682e+00 3.967888e+00 2.482910e+00 2.545057e+00 3.147206e+00 -1.201990e-01 2.155277e-01 5.246621e-01 7.902066e-01 8.154517e-01 6.773533e-01 5.217893e-01 4.039198e-01 4.550816e-01 4.670080e-01 3.666547e-01 1.893718e-01 3.403575e-05
<VARIANCE> 25
 1.060231e+01 8.545466e+00 1.212780e+01 1.493476e+01 1.464577e+01 1.907172e+01 1.773604e+01 1.886146e+01 1.728246e+01 1.688728e+01 2.088590e+01 1.523747e+01 2.544736e-01 3.349714e-01 4.032251e-01 4.609039e-01 6.153142e-01 8.715458e-01 1.036434e+00 1.131879e+00 1.087570e+00 1.024404e+00 1.030825e+00 1.052669e+00 1.133541e-06
<GCONST> 6.042780e+01
<MIXTURE> 29 5.036674e-03
<MEAN> 25
 -5.502662e+00 5.819379e-02 -1.607527e+00 6.624463e+00 5.296627e+00 3.349964e+00 5.431084e+00 3.173682e+00 3.967888e+00 2.482910e+00 2.545057e+00 3.147206e+00 -1.201990e-01 2.155277e-01 5.246621e-01 7.902066e-01 8.154517e-01 6.773533e-01 5.217893e-01 4.039198e-01 4.550816e-01 4.670080e-01 3.666547e-01 1.893718e-01 3.403575e-05
<VARIANCE> 25
 1.060231e+01 8.545466e+00 1.212780e+01 1.493476e+01 1.464577e+01 1.907172e+01 1.773604e+01 1.886146e+01 1.728246e+01 1.688728e+01 2.088590e+01 1.523747e+01 2.544736e-01 3.349714e-01 4.032251e-01 4.609039e-01 6.153142e-01 8.715458e-01 1.036434e+00 1.131879e+00 1.087570e+00 1.024404e+00 1.030825e+00 1.052669e+00 1.133541e-06
<GCONST> 6.042780e+01
<MIXTURE> 30 8.917812e-03
<MEAN> 25
 -4.693363e+00 -2.459318e-01 5.456150e-01 9.012587e+00 7.967405e+00 7.068738e+00 7.598222e+00 6.990444e+00 6.572065e+00 4.990951e+00 6.432013e+00 3.433887e+00 -7.695805e-03 4.048676e-02 6.512072e-02 7.779444e-02 5.384367e-02 4.851903e-02 2.791844e-02 5.699823e-03 2.214533e-02 3.611041e-02 3.473233e-02 1.929315e-02 -7.193470e-04
<VARIANCE> 25
 7.476350e+00 9.678927e+00 1.024214e+01 1.336788e+01 1.588254e+01 1.992588e+01 1.892186e+01 1.812824e+01 1.608495e+01 1.800156e+01 2.754300e+01 1.394382e+01 1.018418e-01 1.989751e-01 3.151602e-01 4.700501e-01 6.197664e-01 6.988082e-01 7.610263e-01 7.920027e-01 8.552167e-01 9.674262e-01 9.093747e-01 8.632317e-01 4.973952e-05
<GCONST> 6.087028e+01
<MIXTURE> 31 4.136493e-03
<MEAN> 25
 -3.379178e+00 -5.617647e+00 3.908187e-02 4.940763e+00 3.822298e+00 1.559030e+00 5.250052e+00 6.647014e+00 2.718445e+00 1.305126e+00 6.385055e+00 3.144243e+00 2.517279e-01 4.743987e-01 -2.033914e-01 2.918147e-01 1.218577e-01 4.231833e-01 1.778122e-01 5.881102e-04 3.684873e-01 3.916986e-01 1.057709e-01 1.163824e-01 -1.825806e-02
<VARIANCE> 25
 7.403476e+00 1.545264e+01 1.726604e+01 1.797934e+01 2.596338e+01 2.454035e+01 2.343670e+01 2.519327e+01 2.584995e+01 2.789165e+01 2.140321e+01 1.851729e+01 1.886150e-01 4.995614e-01 6.020306e-01 7.772551e-01 9.551454e-01 1.077623e+00 1.227587e+00 1.402464e+00 1.350244e+00 1.316882e+00 1.234343e+00 1.129053e+00 2.540926e-04
<GCONST> 7.190571e+01
<MIXTURE> 32 4.136493e-03
<MEAN> 25
 -3.379178e+00 -5.617647e+00 3.908187e-02 4.940763e+00 3.822298e+00 1.559030e+00 5.250052e+00 6.647014e+00 2.718445e+00 1.305126e+00 6.385055e+00 3.144243e+00 2.517279e-01 4.743987e-01 -2.033914e-01 2.918147e-01 1.218577e-01 4.231833e-01 1.778122e-01 5.881102e-04 3.684873e-01 3.916986e-01 1.057709e-01 1.163824e-01 -1.825806e-02
<VARIANCE> 25
 7.403476e+00 1.545264e+01 1.726604e+01 1.797934e+01 2.596338e+01 2.454035e+01 2.343670e+01 2.519327e+01 2.584995e+01 2.789165e+01 2.140321e+01 1.851729e+01 1.886150e-01 4.995614e-01 6.020306e-01 7.772551e-01 9.551454e-01 1.077623e+00 1.227587e+00 1.402464e+00 1.350244e+00 1.316882e+00 1.234343e+00 1.129053e+00 2.540926e-04
<GCONST> 7.190571e+01
<MIXTURE> 33 1.508826e-02
<MEAN> 25
 6.176651e+00 -4.291880e+00 -1.963886e+00 -2.539629e+00 -2.092078e+00 -4.789379e+00 -7.721047e+00 1.215075e+00 2.417091e+00 -7.371217e-01 -3.992864e+00 -3.579341e+00 5.573320e-01 -1.095115e+00 -2.432800e+00 -1.925487e+00 1.464189e+00 1.395855e+00 -7.545553e-01 6.208978e-01 1.252717e+00 4.447931e-01 -9.174674e-02 -1.453233e+00 3.644226e-02
<VARIANCE> 25
 1.072675e+01 2.064259e+01 2.800862e+01 3.656917e+01 3.768443e+01 5.124966e+01 4.430614e+01 4.824188e+01 4.280170e+01 4.225454e+01 3.806199e+01 3.448114e+01 1.229866e+00 1.854719e+00 2.048512e+00 2.122574e+00 3.975675e+00 3.195263e+00 4.096852e+00 5.298737e+00 4.417424e+00 4.525265e+00 3.550530e+00 2.614716e+00 1.462422e-03
<GCONST> 9.480171e+01
<MIXTURE> 34 1.588179e-02
<MEAN> 25
 7.600770e+00 -1.891541e+00 6.743728e-01 2.448073e+00 -3.882573e+00 -4.879320e-01 -8.296665e+00 -4.685241e+00 -1.329968e+00 -2.785728e-01 -1.121664e+00 -3.798972e+00 2.917516e-01 9.507855e-01 1.504117e+00 2.791974e+00 3.122438e-01 -1.031151e+00 1.163354e+00 -9.023114e-01 -9.808977e-01 2.377744e-01 -1.847798e+00 5.787445e-01 -5.914783e-02
<VARIANCE> 25
 1.027480e+01 3.280829e+01 2.730382e+01 5.556136e+01 3.625227e+01 4.659795e+01 6.388740e+01 4.392104e+01 5.706192e+01 3.667901e+01 4.844805e+01 3.096834e+01 1.223570e+00 1.977031e+00 3.384820e+00 3.913574e+00 5.066531e+00 6.884094e+00 5.202499e+00 6.092749e+00 4.502510e+00 4.427950e+00 8.037985e+00 3.316638e+00 9.599460e-04
<GCONST> 9.922548e+01
<MIXTURE> 35 1.467755e-02
<MEAN> 25
 -1.686695e+00 -4.238087e+00 -9.961748e+00 -4.629053e-01 9.786094e+00 4.527173e-01 2.145299e+00 2.094648e+00 4.301715e-01 4.772529e+00 3.012250e-01 2.303879e+00 4.103132e-01 -9.359913e-01 -1.550353e+00 -1.658586e+00 4.294362e-01 -3.009837e-01 -6.137577e-01 -2.573151e-01 -1.001797e-01 1.091401e-03 -3.636355e-01 -2.627809e-01 1.023799e-01
<VARIANCE> 25
 2.115908e+01 3.275150e+01 4.073916e+01 6.026801e+01 3.720834e+01 5.169114e+01 4.748553e+01 4.629126e+01 6.178845e+01 3.425153e+01 3.477882e+01 3.145348e+01 3.551670e+00 3.608004e+00 7.058958e+00 5.810572e+00 4.894225e+00 6.561159e+00 4.481626e+00 4.586710e+00 5.007350e+00 4.193017e+00 4.474688e+00 4.531114e+00 5.031742e-03
<GCONST> 1.037248e+02
<MIXTURE> 36 1.093293e-02
<MEAN> 25
 4.543856e+00 -3.959908e+00 6.639905e+00 3.673586e+00 -9.565086e+00 -8.645006e+00 -8.336637e+00 3.622373e+00 -3.659311e-01 -5.930768e+00 3.491391e+00 4.947312e-01 3.648915e-01 2.835225e-01 -1.393890e+00 -6.394490e-02 1.022568e+00 -1.154347e-01 -3.955662e-01 6.015711e-02 6.928228e-01 7.115751e-01 -2.135421e-01 -6.176180e-01 -1.787551e-02
<VARIANCE> 25
 8.610600e+00 1.439372e+01 2.079508e+01 2.565653e+01 2.782180e+01 2.941554e+01 5.324247e+01 3.143312e+01 4.491968e+01 3.359858e+01 2.625316e+01 2.395692e+01 4.148628e-01 6.683186e-01 2.179616e+00 1.210267e+00 1.526240e+00 1.475480e+00 1.822402e+00 1.660272e+00 2.403868e+00 1.702511e+00 1.386750e+00 1.631611e+00 6.266785e-04
<GCONST> 8.139645e+01
<MIXTURE> 37 1.246826e-02
<MEAN> 25
 5.486609e-01 7.760375e+00 1.205024e+01 -5.531534e+00 -8.031414e+00 -1.058130e+00 -5.072724e+00 -8.320157e+00 -3.724874e+00 -9.030032e-01 -3.671612e+00 -1.291623e+00 1.828029e-01 6.475368e-01 -1.351400e+00 3.577840e+00 1.986777e+00 -3.036788e-01 1.091149e+00 4.360739e-01 5.268968e-01 -3.229969e-01 5.319480e-01 -9.814962e-02 -9.487754e-02
<VARIANCE> 25
 1.600016e+01 2.609535e+01 3.081101e+01 5.127896e+01 3.392468e+01 3.210723e+01 4.396931e+01 3.501218e+01 3.881774e+01 3.593414e+01 3.775062e+01 3.089211e+01 2.953231e+00 3.411447e+00 3.017783e+00 4.114911e+00 4.613467e+00 3.754850e+00 4.200877e+00 3.804446e+00 3.457195e+00 3.618490e+00 3.882402e+00 2.792165e+00 3.923186e-03
<GCONST> 9.780253e+01
<MIXTURE> 38 1.154525e-02
<MEAN> 25
 -4.448965e+00 8.954378e+00 4.603371e+00 3.234409e+00 8.808657e-01 -5.331951e+00 -5.517879e-01 -2.655438e+00 -2.737743e+00 -3.119483e+00 -1.551619e+00 -5.302118e-01 -4.484169e+00 1.253973e+00 -3.195742e-01 1.409692e+00 2.562181e+00 1.384496e+00 2.058453e+00 9.173557e-01 8.199668e-01 6.500270e-01 9.578604e-01 3.249498e-01 4.759964e-02
<VARIANCE> 25
 3.112039e+01 2.926301e+01 3.858077e+01 3.263858e+01 4.841027e+01 3.624822e+01 3.620667e+01 4.185443e+01 3.572351e+01 3.221413e+01 2.431257e+01 2.841974e+01 2.425708e+00 3.897293e+00 3.874174e+00 5.276369e+00 4.203373e+00 4.970936e+00 4.733009e+00 4.701591e+00 4.502322e+00 4.895165e+00 4.551260e+00 3.230757e+00 2.109046e-03
<GCONST> 9.930457e+01
<MIXTURE> 39 9.501865e-03
<MEAN> 25
 1.342102e+00 2.605692e+00 1.020983e+01 -9.214723e+00 -1.128960e+01 -9.878676e-01 -2.961363e+00 -6.570016e+00 -4.519879e+00 8.622594e-01 -3.676481e+00 -2.294493e+00 -7.286831e-01 1.520832e+00 1.624866e+00 -1.389350e+00 7.728429e-02 1.222700e+00 -1.198861e+00 -1.253062e+00 4.285855e-01 4.446088e-01 -5.048591e-01 1.223726e-01 1.366183e-03
<VARIANCE> 25
 8.904378e+00 3.010486e+01 3.168431e+01 3.835276e+01 3.724094e+01 4.278467e+01 4.443842e+01 3.352267e+01 3.945094e+01 3.329095e+01 3.625214e+01 2.942683e+01 6.911893e-01 1.550430e+00 1.512594e+00 2.926598e+00 2.418151e+00 2.821544e+00 3.052900e+00 2.746292e+00 2.437814e+00 2.617648e+00 2.123132e+00 2.069266e+00 1.185285e-03
<GCONST> 8.967264e+01
<MIXTURE> 40 1.030800e-02
<MEAN> 25
 -9.407026e+00 2.266604e+00 -1.253816e+00 8.268463e+00 4.213211e+00 4.794449e+00 5.380559e+00 4.347922e+00 4.670789e+00 4.403759e+00 5.184352e+00 1.719874e+00 -1.150129e-01 -2.253595e-01 -1.114816e-02 -2.123686e-01 -1.129318e-01 -9.561378e-02 2.910653e-02 1.037551e-01 -1.245148e-02 -3.714009e-02 6.898002e-02 6.321039e-02 3.715254e-03
<VARIANCE> 25
 3.994038e+01 2.066043e+01 2.838977e+01 2.576044e+01 2.687577e+01 2.483181e+01 1.865428e+01 1.830886e+01 1.713536e+01 1.851749e+01 2.169420e+01 1.493192e+01 7.248482e-01 7.809393e-01 8.493636e-01 1.099172e+00 1.134504e+00 1.251387e+00 1.307204e+00 1.286957e+00 1.287100e+00 1.312519e+00 1.176647e+00 1.055449e+00 8.209679e-04
<GCONST> 7.700343e+01
<MIXTURE> 41 6.713375e-03
<MEAN> 25
 1.310448e+00 1.781024e+00 1.047621e+01 -6.956643e+00 -1.047595e+01 -3.849730e+00 -2.487703e+00 -5.039544e+00 -4.651005e+00 2.655676e+00 -1.740644e+00 -9.522991e-01 7.830334e-02 -7.625287e-01 1.696337e+00 -3.555345e+00 -2.462543e+00 -1.103981e-01 -5.078695e-01 -3.566287e-01 -8.263628e-01 1.084156e+00 -1.043607e+00 8.135995e-02 8.631370e-02
<VARIANCE> 25
 1.168898e+01 2.969200e+01 3.259583e+01 4.007880e+01 3.868058e+01 4.019338e+01 3.710829e+01 2.985968e+01 3.308872e+01 2.879564e+01 3.185189e+01 2.717245e+01 3.175556e+00 3.313282e+00 3.823696e+00 3.807414e+00 4.903939e+00 5.875936e+00 4.712841e+00 4.555655e+00 3.975390e+00 4.224758e+00 3.836325e+00 3.223803e+00 2.928131e-03
<GCONST> 9.791550e+01
<MIXTURE> 42 1.106211e-02
<MEAN> 25
 -1.976408e+00 4.766572e+00 5.127371e+00 2.721144e+00 2.029906e-01 -5.819182e+00 -7.204165e-02 -2.033907e+00 -7.539010e-01 -1.190602e+00 -2.805213e+00 1.594123e+00 4.185508e+00 -5.657133e-01 1.450012e+00 3.699572e-01 -3.092524e+00 -9.251509e-01 -2.299753e+00 -4.731718e-01 -9.747113e-01 -8.912297e-01 4.837259e-01 -1.261140e+00 1.428623e-02
<VARIANCE> 25
 3.275140e+01 1.928848e+01 4.545684e+01 2.375215e+01 3.650784e+01 3.687833e+01 3.919820e+01 2.520856e+01 3.033803e+01 2.499982e+01 2.047008e+01 1.759321e+01 3.299346e+00 4.771662e+00 5.492419e+00 4.473080e+00 4.443361e+00 5.783842e+00 4.559660e+00 5.734551e+00 4.658231e+00 4.493127e+00 3.869321e+00 3.457637e+00 4.154227e-03
<GCONST> 9.861785e+01
<MIXTURE> 43 7.108249e-03
<MEAN> 25
 3.166985e+00 -6.285946e+00 -2.245572e+00 -5.181414e+00 -7.369920e+00 -3.385823e+00 4.127366e+00 1.324295e+00 -5.060923e+00 -7.083653e+00 -4.305676e+00 -1.247655e+00 2.367062e-01 2.164723e+00 1.911412e+00 -1.323962e-01 -1.425209e+00 -7.982137e-01 -9.649624e-01 -7.747626e-01 8.218070e-01 1.465696e+00 3.360166e-01 2.166000e-02 -4.513754e-02
<VARIANCE> 25
 9.584437e+00 1.985727e+01 2.733339e+01 3.525584e+01 3.880482e+01 3.674175e+01 3.329416e+01 3.978997e+01 3.955880e+01 3.859367e+01 2.664721e+01 2.955084e+01 6.894839e-01 1.246352e+00 1.570643e+00 2.485427e+00 2.380472e+00 2.383008e+00 2.655409e+00 3.027744e+00 2.608426e+00 2.574070e+00 2.342154e+00 1.915705e+00 9.423480e-04
<GCONST> 8.798619e+01
<MIXTURE> 44 7.328289e-03
<MEAN> 25
 -1.508492e+01 1.635192e+00 3.544258e+00 -3.264713e+00 3.482471e+00 2.003685e+00 9.312144e-02 2.385333e+00 1.633248e+00 -6.508509e-01 1.676062e+00 1.924721e+00 -1.638528e-01 2.083336e-02 1.707189e-01 2.755474e-01 -1.410621e-01 1.835670e-01 4.661169e-01 8.853230e-02 2.537055e-01 1.398826e-01 6.149186e-02 8.833955e-02 4.701718e-03
<VARIANCE> 25
 4.485189e+01 2.746925e+01 3.465834e+01 3.019506e+01 2.947811e+01 3.046910e+01 2.515127e+01 3.281912e+01 2.818610e+01 2.734592e+01 2.754452e+01 2.094728e+01 1.223508e+00 1.546364e+00 1.374462e+00 1.361808e+00 2.155954e+00 1.656888e+00 1.483936e+00 1.673924e+00 1.646004e+00 1.475117e+00 1.429213e+00 1.217391e+00 1.331204e-03
<GCONST> 8.480487e+01
<MIXTURE> 45 1.364932e-02
<MEAN> 25
 -1.174858e+01 3.572982e+00 -1.614327e+00 3.273391e+00 6.923432e+00 -1.228913e+00 6.086867e+00 2.947073e+00 3.442097e+00 3.857450e+00 1.535237e+00 3.340023e+00 -2.644082e+00 6.630617e-01 -5.438420e-01 -6.218985e-01 1.615514e-02 1.394956e-02 4.543885e-01 -1.269431e-01 2.041786e-01 9.582096e-02 3.981247e-01 5.270112e-01 1.059086e-01
<VARIANCE> 25
 3.106775e+01 2.533538e+01 2.779315e+01 3.102692e+01 3.230237e+01 3.052995e+01 3.177485e+01 2.632426e+01 2.169511e+01 3.358609e+01 2.622924e+01 1.795127e+01 2.264298e+00 2.735837e+00 2.589253e+00 2.427576e+00 2.196615e+00 2.215290e+00 2.224881e+00 2.178650e+00 2.257036e+00 2.147939e+00 1.782877e+00 2.210849e+00 4.042365e-03
<GCONST> 9.000562e+01
<MIXTURE> 46 9.336259e-03
<MEAN> 25
 -9.492757e+00 2.306520e+00 9.959536e-01 7.508873e+00 6.267025e+00 2.715324e+00 7.257381e+00 4.539385e+00 5.748543e+00 4.826343e+00 4.725076e+00 3.027204e+00 9.942496e-01 -2.458390e-01 4.445396e-02 9.659044e-01 5.759113e-01 8.583095e-01 3.754161e-01 7.083283e-01 4.979376e-01 5.218686e-01 6.288826e-01 5.992517e-01 -9.960455e-02
<VARIANCE> 25
 3.263334e+01 4.165308e+01 3.754468e+01 4.804894e+01 5.034995e+01 4.527480e+01 3.620911e+01 3.457608e+01 3.171854e+01 3.218630e+01 2.857285e+01 2.028204e+01 3.842033e+00 4.060703e+00 3.728431e+00 4.016295e+00 4.000528e+00 3.655601e+00 3.223103e+00 3.101871e+00 2.932732e+00 2.745123e+00 2.223597e+00 1.891773e+00 8.180185e-03
<GCONST> 9.796934e+01
<MIXTURE> 47 7.116147e-03
<MEAN> 25
 6.861517e+00 -7.034944e+00 -7.501070e+00 -6.361741e+00 1.384373e+00 1.428820e+00 -2.306325e+00 1.011653e+00 3.404695e+00 -5.410637e-02 -3.778288e+00 -6.692021e+00 -2.145567e-01 -1.241590e+00 -6.694993e-01 -3.732833e-01 5.000570e-01 8.230164e-01 7.792871e-01 2.967886e-01 2.622044e-01 -8.947137e-01 -2.655699e-01 -5.770612e-01 3.151834e-02
<VARIANCE> 25
 1.151309e+01 2.213553e+01 1.974678e+01 3.215041e+01 3.398896e+01 5.088605e+01 4.741903e+01 3.826514e+01 4.090936e+01 4.259097e+01 4.584036e+01 4.047234e+01 4.909795e-01 7.919071e-01 1.110854e+00 1.902690e+00 2.238766e+00 2.391459e+00 2.282823e+00 2.339293e+00 2.349262e+00 2.061635e+00 2.344014e+00 1.988901e+00 5.842872e-04
<GCONST> 8.671773e+01
<MIXTURE> 48 7.116147e-03
<MEAN> 25
 6.861517e+00 -7.034944e+00 -7.501070e+00 -6.361741e+00 1.384373e+00 1.428820e+00 -2.306325e+00 1.011653e+00 3.404695e+00 -5.410637e-02 -3.778288e+00 -6.692021e+00 -2.145567e-01 -1.241590e+00 -6.694993e-01 -3.732833e-01 5.000570e-01 8.230164e-01 7.792871e-01 2.967886e-01 2.622044e-01 -8.947137e-01 -2.655699e-01 -5.770612e-01 3.151834e-02
<VARIANCE> 25
 1.151309e+01 2.213553e+01 1.974678e+01 3.215041e+01 3.398896e+01 5.088605e+01 4.741903e+01 3.826514e+01 4.090936e+01 4.259097e+01 4.584036e+01 4.047234e+01 4.909795e-01 7.919071e-01 1.110854e+00 1.902690e+00 2.238766e+00 2.391459e+00 2.282823e+00 2.339293e+00 2.349262e+00 2.061635e+00 2.344014e+00 1.988901e+00 5.842872e-04
<GCONST> 8.671773e+01
<MIXTURE> 49 5.548473e-03
<MEAN> 25
 -5.274887e+00 3.278455e-01 8.195777e-02 8.424358e+00 6.467001e+00 5.113050e+00 6.270479e+00 4.759976e+00 5.111289e+00 3.657947e+00 4.131565e+00 2.603653e+00 3.780259e-01 6.621040e-01 7.064238e-01 3.210217e-01 -1.989350e-01 -6.480909e-01 -9.707516e-01 -1.133923e+00 -9.275637e-01 -6.208307e-01 -4.726025e-01 -2.648278e-01 -6.279492e-04
<VARIANCE> 25
 9.454717e+00 9.593429e+00 1.342137e+01 1.481564e+01 1.608187e+01 1.920957e+01 1.882777e+01 1.974734e+01 1.837404e+01 1.709714e+01 2.752320e+01 1.444162e+01 2.674559e-01 2.486486e-01 3.428598e-01 5.962821e-01 8.203233e-01 9.263965e-01 9.539788e-01 1.033892e+00 1.092548e+00 1.238510e+00 1.207434e+00 1.149560e+00 1.888153e-05
<GCONST> 6.430019e+01
<MIXTURE> 50 6.234641e-03
<MEAN> 25
 -4.516891e+00 3.461948e-01 -1.342355e+00 6.126882e+00 4.335574e+00 1.878246e+00 3.800378e+00 2.191879e+00 2.513256e+00 1.622753e+00 1.921684e+00 2.707840e+00 4.999055e-02 1.898697e-01 7.568294e-02 -2.057790e-01 -4.942786e-01 -5.878175e-01 -4.239681e-01 -2.736259e-02 4.191738e-01 7.602516e-01 7.305217e-01 4.344142e-01 7.839019e-06
<VARIANCE> 25
 1.086436e+01 1.227282e+01 1.412640e+01 1.629291e+01 1.507759e+01 2.284851e+01 1.850294e+01 1.985765e+01 2.025479e+01 1.821844e+01 2.237056e+01 1.529552e+01 1.449068e-01 2.367820e-01 3.740787e-01 5.203047e-01 6.072856e-01 7.306327e-01 9.561113e-01 1.119835e+00 1.086742e+00 8.842210e-01 8.871346e-01 9.549409e-01 1.203760e-06
<GCONST> 6.018431e+01
<MIXTURE> 51 6.234641e-03
<MEAN> 25
 -4.516891e+00 3.461948e-01 -1.342355e+00 6.126882e+00 4.335574e+00 1.878246e+00 3.800378e+00 2.191879e+00 2.513256e+00 1.622753e+00 1.921684e+00 2.707840e+00 4.999055e-02 1.898697e-01 7.568294e-02 -2.057790e-01 -4.942786e-01 -5.878175e-01 -4.239681e-01 -2.736259e-02 4.191738e-01 7.602516e-01 7.305217e-01 4.344142e-01 7.839019e-06
<VARIANCE> 25
 1.086436e+01 1.227282e+01 1.412640e+01 1.629291e+01 1.507759e+01 2.284851e+01 1.850294e+01 1.985765e+01 2.025479e+01 1.821844e+01 2.237056e+01 1.529552e+01 1.449068e-01 2.367820e-01 3.740787e-01 5.203047e-01 6.072856e-01 7.306327e-01 9.561113e-01 1.119835e+00 1.086742e+00 8.842210e-01 8.871346e-01 9.549409e-01 1.203760e-06
<GCONST> 6.018431e+01
<MIXTURE> 52 6.367945e-03
<MEAN> 25
 8.056769e+00 1.502722e+00 -5.094281e+00 -1.366702e+01 -5.551636e+00 9.394766e+00 -2.073281e+00 -4.019342e+00 -4.216359e+00 -3.475626e+00 4.315145e+00 1.001178e+00 -3.752104e-01 -8.397415e-01 -1.088470e-01 1.351172e+00 1.404062e+00 -2.215214e-02 -8.554421e-01 -7.577080e-01 -1.014328e-01 1.428177e+00 6.234542e-01 -7.904050e-01 -2.916906e-03
<VARIANCE> 25
 1.374549e+01 1.696240e+01 2.509003e+01 2.934193e+01 5.114728e+01 2.695502e+01 4.771890e+01 3.933939e+01 3.521914e+01 4.500209e+01 3.443289e+01 2.380877e+01 3.302475e-01 1.363877e+00 9.920679e-01 2.451648e+00 2.095867e+00 2.442309e+00 2.864300e+00 2.132647e+00 3.422324e+00 2.499118e+00 2.672276e+00 2.316633e+00 1.360834e-03
<GCONST> 8.774738e+01
<MIXTURE> 53 6.367945e-03
<MEAN> 25
 8.056769e+00 1.502722e+00 -5.094281e+00 -1.366702e+01 -5.551636e+00 9.394766e+00 -2.073281e+00 -4.019342e+00 -4.216359e+00 -3.475626e+00 4.315145e+00 1.001178e+00 -3.752104e-01 -8.397415e-01 -1.088470e-01 1.351172e+00 1.404062e+00 -2.215214e-02 -8.554421e-01 -7.577080e-01 -1.014328e-01 1.428177e+00 6.234542e-01 -7.904050e-01 -2.916906e-03
<VARIANCE> 25
 1.374549e+01 1.696240e+01 2.509003e+01 2.934193e+01 5.114728e+01 2.695502e+01 4.771890e+01 3.933939e+01 3.521914e+01 4.500209e+01 3.443289e+01 2.380877e+01 3.302475e-01 1.363877e+00 9.920679e-01 2.451648e+00 2.095867e+00 2.442309e+00 2.864300e+00 2.132647e+00 3.422324e+00 2.499118e+00 2.672276e+00 2.316633e+00 1.360834e-03
<GCONST> 8.774738e+01
<MIXTURE> 54 7.368620e-03
<MEAN> 25
 -3.633596e+00 4.565599e-02 -6.868778e-01 8.020783e+00 6.485867e+00 4.613297e+00 4.679875e+00 4.599637e+00 4.050582e+00 3.605075e+00 4.435722e+00 2.317784e+00 -2.423594e-03 2.588903e-02 3.481678e-02 4.881104e-02 5.158157e-02 4.766179e-02 4.010451e-02 3.056442e-02 3.276395e-02 2.513709e-02 1.291482e-02 8.069499e-04 -1.051332e-05
<VARIANCE> 25
 9.160715e+00 1.036523e+01 9.306481e+00 1.830125e+01 1.329937e+01 1.367183e+01 1.195718e+01 1.131358e+01 1.135440e+01 1.357603e+01 1.797497e+01 1.259420e+01 4.101418e-02 8.770865e-02 1.542768e-01 2.278349e-01 3.077293e-01 3.972205e-01 4.604442e-01 5.217270e-01 5.434740e-01 5.213994e-01 5.147178e-01 5.159951e-01 1.007480e-06
<GCONST> 4.730995e+01
<MIXTURE> 55 7.368620e-03
<MEAN> 25
 -3.633596e+00 4.565599e-02 -6.868778e-01 8.020783e+00 6.485867e+00 4.613297e+00 4.679875e+00 4.599637e+00 4.050582e+00 3.605075e+00 4.435722e+00 2.317784e+00 -2.423594e-03 2.588903e-02 3.481678e-02 4.881104e-02 5.158157e-02 4.766179e-02 4.010451e-02 3.056442e-02 3.276395e-02 2.513709e-02 1.291482e-02 8.069499e-04 -1.051332e-05
<VARIANCE> 25
 9.160715e+00 1.036523e+01 9.306481e+00 1.830125e+01 1.329937e+01 1.367183e+01 1.195718e+01 1.131358e+01 1.135440e+01 1.357603e+01 1.797497e+01 1.259420e+01 4.101418e-02 8.770865e-02 1.542768e-01 2.278349e-01 3.077293e-01 3.972205e-01 4.604442e-01 5.217270e-01 5.434740e-01 5.213994e-01 5.147178e-01 5.159951e-01 1.007480e-06
<GCONST> 4.730995e+01
<MIXTURE> 56 6.132464e-03
<MEAN> 25
 6.364092e+00 -6.185389e+00 -8.335443e+00 -8.421683e+00 3.719450e+00 5.133707e+00 -1.814363e+00 -1.972071e+00 2.680292e+00 1.002920e+00 -2.077649e+00 -7.257736e+00 -8.154082e-02 3.389334e-02 -1.597257e-01 4.563655e-02 2.973249e-01 1.369544e-01 1.741347e-01 -3.940193e-02 -3.340643e-02 -1.370569e-02 -1.290216e-01 -5.699577e-02 -8.054271e-03
<VARIANCE> 25
 1.259027e+01 2.392783e+01 2.052175e+01 3.374911e+01 3.077385e+01 4.696109e+01 6.418215e+01 3.291288e+01 3.345929e+01 3.513111e+01 3.520680e+01 3.284995e+01 2.066729e-01 4.138924e-01 4.502975e-01 7.011859e-01 7.576020e-01 1.404753e+00 7.987244e-01 8.487201e-01 8.955057e-01 8.194452e-01 8.748820e-01 7.120334e-01 2.361715e-04
<GCONST> 7.417769e+01
<MIXTURE> 57 6.132464e-03
<MEAN> 25
 6.364092e+00 -6.185389e+00 -8.335443e+00 -8.421683e+00 3.719450e+00 5.133707e+00 -1.814363e+00 -1.972071e+00 2.680292e+00 1.002920e+00 -2.077649e+00 -7.257736e+00 -8.154082e-02 3.389334e-02 -1.597257e-01 4.563655e-02 2.973249e-01 1.369544e-01 1.741347e-01 -3.940193e-02 -3.340643e-02 -1.370569e-02 -1.290216e-01 -5.699577e-02 -8.054271e-03
<VARIANCE> 25
 1.259027e+01 2.392783e+01 2.052175e+01 3.374911e+01 3.077385e+01 4.696109e+01 6.418215e+01 3.291288e+01 3.345929e+01 3.513111e+01 3.520680e+01 3.284995e+01 2.066729e-01 4.138924e-01 4.502975e-01 7.011859e-01 7.576020e-01 1.404753e+00 7.987244e-01 8.487201e-01 8.955057e-01 8.194452e-01 8.748820e-01 7.120334e-01 2.361715e-04
<GCONST> 7.417769e+01
<MIXTURE> 58 6.172147e-03
<MEAN> 25
 2.573389e+00 -3.499285e+00 7.723573e+00 -4.710093e+00 -1.363417e+01 -4.697960e+00 1.236207e+00 7.514603e-01 -2.221616e+00 1.430956e+00 3.719245e-01 -9.547138e-01 -3.602693e-02 -1.891524e-01 -6.235436e-02 -5.594805e-02 -3.351241e-02 3.347691e-01 2.932357e-01 1.548818e-01 -5.425002e-02 -5.284986e-02 -1.231112e-01 -1.991415e-01 -6.459099e-04
<VARIANCE> 25
 6.839344e+00 1.631952e+01 2.062019e+01 2.993178e+01 2.201639e+01 5.217809e+01 3.243952e+01 3.230440e+01 3.046697e+01 3.117922e+01 2.165626e+01 1.905976e+01 2.873688e-01 8.237475e-01 6.949145e-01 1.076739e+00 8.457330e-01 1.320292e+00 1.151518e+00 1.270476e+00 1.086996e+00 1.039537e+00 8.802630e-01 8.574234e-01 7.927694e-04
<GCONST> 7.542821e+01
<MIXTURE> 59 6.172147e-03
<MEAN> 25
 2.573389e+00 -3.499285e+00 7.723573e+00 -4.710093e+00 -1.363417e+01 -4.697960e+00 1.236207e+00 7.514603e-01 -2.221616e+00 1.430956e+00 3.719245e-01 -9.547138e-01 -3.602693e-02 -1.891524e-01 -6.235436e-02 -5.594805e-02 -3.351241e-02 3.347691e-01 2.932357e-01 1.548818e-01 -5.425002e-02 -5.284986e-02 -1.231112e-01 -1.991415e-01 -6.459099e-04
<VARIANCE> 25
 6.839344e+00 1.631952e+01 2.062019e+01 2.993178e+01 2.201639e+01 5.217809e+01 3.243952e+01 3.230440e+01 3.046697e+01 3.117922e+01 2.165626e+01 1.905976e+01 2.873688e-01 8.237475e-01 6.949145e-01 1.076739e+00 8.457330e-01 1.320292e+00 1.151518e+00 1.270476e+00 1.086996e+00 1.039537e+00 8.802630e-01 8.574234e-01 7.927694e-04
<GCONST> 7.542821e+01
<MIXTURE> 60 4.479129e-03
<MEAN> 25
 -4.314040e+00 -6.271095e-01 -1.042706e+00 3.766933e+00 1.924951e+00 1.967044e+00 1.745511e+00 1.606949e+00 2.127294e+00 1.399634e+00 2.212362e+00 1.833489e+00 -3.045233e-02 5.879429e-02 1.103769e-01 1.296198e-01 1.326324e-01 1.234641e-01 1.901194e-01 3.164077e-01 5.367776e-01 6.692839e-01 5.385943e-01 3.114383e-01 -4.313786e-04
<VARIANCE> 25
 6.969425e+00 4.509552e+00 1.015180e+01 1.135286e+01 1.509551e+01 1.756658e+01 1.429876e+01 1.198909e+01 1.269817e+01 1.374202e+01 1.696365e+01 1.254306e+01 8.802848e-02 1.713118e-01 2.800772e-01 4.308509e-01 5.758718e-01 7.157900e-01 8.193746e-01 9.000397e-01 8.946832e-01 8.366747e-01 8.379029e-01 8.490622e-01 2.305038e-05
<GCONST> 5.658079e+01
<MIXTURE> 61 4.479129e-03
<MEAN> 25
 -4.314040e+00 -6.271095e-01 -1.042706e+00 3.766933e+00 1.924951e+00 1.967044e+00 1.745511e+00 1.606949e+00 2.127294e+00 1.399634e+00 2.212362e+00 1.833489e+00 -3.045233e-02 5.879429e-02 1.103769e-01 1.296198e-01 1.326324e-01 1.234641e-01 1.901194e-01 3.164077e-01 5.367776e-01 6.692839e-01 5.385943e-01 3.114383e-01 -4.313786e-04
<VARIANCE> 25
 6.969425e+00 4.509552e+00 1.015180e+01 1.135286e+01 1.509551e+01 1.756658e+01 1.429876e+01 1.198909e+01 1.269817e+01 1.374202e+01 1.696365e+01 1.254306e+01 8.802848e-02 1.713118e-01 2.800772e-01 4.308509e-01 5.758718e-01 7.157900e-01 8.193746e-01 9.000397e-01 8.946832e-01 8.366747e-01 8.379029e-01 8.490622e-01 2.305038e-05
<GCONST> 5.658079e+01
<MIXTURE> 62 3.278034e-03
<MEAN> 25
 -5.092805e+00 1.241167e+00 1.024844e+00 8.818632e+00 6.133590e+00 5.044661e+00 5.500633e+00 4.035042e+00 4.986743e+00 3.918894e+00 4.962771e+00 2.950602e+00 -1.002859e+00 -1.166438e+00 -9.525955e-01 -2.761651e-01 4.275576e-01 1.004557e+00 1.384399e+00 1.552168e+00 1.478492e+00 1.242716e+00 1.066443e+00 7.261302e-01 -1.265532e-03
<VARIANCE> 25
 9.876393e+00 9.957716e+00 1.311508e+01 1.672613e+01 1.742181e+01 1.759045e+01 1.969734e+01 1.910734e+01 1.885748e+01 1.872710e+01 2.158238e+01 1.479210e+01 4.020256e-01 4.321543e-01 5.548563e-01 7.798876e-01 1.034620e+00 1.192927e+00 1.252389e+00 1.278929e+00 1.329241e+00 1.365051e+00 1.400955e+00 1.371670e+00 1.633925e-05
<GCONST> 6.753534e+01
<MIXTURE> 63 4.351215e-03
<MEAN> 25
 -4.295556e+00 -1.844687e+00 -4.413781e+00 3.338983e+00 4.573455e+00 -1.290849e+00 3.359060e+00 2.206526e+00 2.097756e+00 2.552708e-01 -1.917101e+00 1.811011e+00 -1.562923e-01 2.932267e-01 4.309168e-01 4.795494e-01 3.977187e-01 3.505482e-01 3.350926e-01 1.284474e-01 9.104247e-02 3.038456e-01 1.537154e-01 8.364347e-02 -3.872701e-03
<VARIANCE> 25
 9.215822e+00 1.463168e+01 1.579429e+01 1.734937e+01 2.079304e+01 2.706999e+01 2.090682e+01 2.307458e+01 2.330692e+01 2.152328e+01 1.980660e+01 1.638462e+01 2.654151e-01 4.893156e-01 6.041130e-01 7.618879e-01 7.675914e-01 1.254863e+00 1.123602e+00 1.394237e+00 1.703593e+00 1.375448e+00 1.437326e+00 1.177273e+00 1.848683e-04
<GCONST> 7.135223e+01
<MIXTURE> 64 4.351215e-03
<MEAN> 25
 -4.295556e+00 -1.844687e+00 -4.413781e+00 3.338983e+00 4.573455e+00 -1.290849e+00 3.359060e+00 2.206526e+00 2.097756e+00 2.552708e-01 -1.917101e+00 1.811011e+00 -1.562923e-01 2.932267e-01 4.309168e-01 4.795494e-01 3.977187e-01 3.505482e-01 3.350926e-01 1.284474e-01 9.104247e-02 3.038456e-01 1.537154e-01 8.364347e-02 -3.872701e-03
<VARIANCE> 25
 9.215822e+00 1.463168e+01 1.579429e+01 1.734937e+01 2.079304e+01 2.706999e+01 2.090682e+01 2.307458e+01 2.330692e+01 2.152328e+01 1.980660e+01 1.638462e+01 2.654151e-01 4.893156e-01 6.041130e-01 7.618879e-01 7.675914e-01 1.254863e+00 1.123602e+00 1.394237e+00 1.703593e+00 1.375448e+00 1.437326e+00 1.177273e+00 1.848683e-04
<GCONST> 7.135223e+01
<MIXTURE> 65 1.721197e-02
<MEAN> 25
 7.694355e+00 2.177210e+00 1.904617e+00 7.753021e-01 -4.959684e+00 -4.648715e+00 -5.265579e+00 -6.288589e+00 -4.255616e+00 -2.250137e+00 -5.593723e+00 -1.666291e+00 1.309363e-01 1.292063e-01 -3.891025e-02 7.615187e-02 -7.011386e-02 2.686710e-01 -5.968191e-02 -1.735959e-01 2.367531e-01 8.900683e-02 -6.617646e-02 -1.670545e-01 -5.709277e-03
<VARIANCE> 25
 1.041039e+01 1.835157e+01 2.574103e+01 3.792705e+01 3.910052e+01 5.935939e+01 5.830000e+01 5.843381e+01 5.719602e+01 5.363387e+01 5.511055e+01 5.106393e+01 5.474616e-01 9.186549e-01 1.554983e+00 1.816004e+00 2.069812e+00 2.123293e+00 2.201931e+00 2.828177e+00 2.360197e+00 2.372451e+00 2.478254e+00 2.014978e+00 4.346358e-04
<GCONST> 8.918753e+01
<MIXTURE> 66 1.191532e-02
<MEAN> 25
 6.542351e+00 -3.975864e+00 -5.624869e+00 -4.769313e+00 1.397778e+00 -4.788999e+00 -6.659529e+00 1.173595e+00 7.149332e-01 -1.943338e+00 -5.937457e+00 -3.512835e+00 -6.086946e-02 1.636109e+00 2.190206e+00 2.317874e+00 -1.171017e+00 -1.333717e+00 6.239144e-02 -4.352719e-01 -1.627935e-01 -1.868919e-01 -2.681216e-01 1.041157e+00 -6.395160e-02
<VARIANCE> 25
 9.183491e+00 2.240318e+01 2.690002e+01 3.298103e+01 3.849323e+01 5.507677e+01 5.859310e+01 4.453518e+01 5.300771e+01 6.528992e+01 3.747657e+01 3.549568e+01 1.281157e+00 2.435427e+00 2.357797e+00 2.465086e+00 4.260458e+00 4.373103e+00 4.284474e+00 5.048546e+00 4.174728e+00 4.844790e+00 4.001750e+00 3.171780e+00 1.438505e-03
<GCONST> 9.683073e+01
<MIXTURE> 67 1.559142e-02
<MEAN> 25
 7.748652e+00 1.250557e+00 -5.479613e+00 -8.115610e+00 1.951562e+00 5.275954e+00 -3.537520e+00 -1.606237e+00 -3.508216e+00 2.250652e-01 1.187795e+00 -3.003522e+00 -6.985474e-01 2.003430e+00 8.999139e-01 2.625951e+00 1.623743e+00 -8.738886e-01 1.414896e+00 6.509719e-01 -2.170905e-01 3.659965e-01 -4.598974e-01 1.029470e+00 -1.260661e-01
<VARIANCE> 25
 1.409813e+01 3.490016e+01 2.564036e+01 4.608524e+01 4.528907e+01 6.147318e+01 5.390348e+01 4.565562e+01 5.518829e+01 4.752335e+01 4.978167e+01 4.507629e+01 2.232756e+00 2.949994e+00 2.743184e+00 4.403408e+00 3.838685e+00 4.330724e+00 3.828225e+00 4.971087e+00 4.979185e+00 3.883802e+00 4.667521e+00 3.595403e+00 2.515242e-03
<GCONST> 1.004785e+02
<MIXTURE> 68 1.485092e-02
<MEAN> 25
 -1.879435e+00 -1.756262e+00 -4.200988e+00 9.910616e-01 5.671493e+00 -4.637956e-01 2.497931e+00 1.950149e+00 2.419448e+00 1.912157e+00 -2.898044e-01 1.668613e+00 2.889885e+00 4.278449e-01 4.568515e-02 -2.313214e+00 -2.293566e+00 -1.172855e+00 -2.403972e+00 -1.706199e+00 -1.632641e+00 -1.542880e+00 -1.952655e+00 -1.427979e+00 9.779660e-02
<VARIANCE> 25
 2.469998e+01 3.250044e+01 5.458631e+01 4.932682e+01 4.433353e+01 5.131633e+01 4.282836e+01 3.919362e+01 4.287345e+01 4.036907e+01 4.085051e+01 2.498034e+01 2.021288e+00 3.674050e+00 5.489414e+00 6.127822e+00 4.547141e+00 6.846515e+00 5.329124e+00 4.673165e+00 4.678186e+00 4.866387e+00 4.691311e+00 4.725193e+00 5.929352e-03
<GCONST> 1.033430e+02
<MIXTURE> 69 1.204884e-02
<MEAN> 25
 4.670985e+00 -4.222830e+00 -3.572333e+00 -3.630117e+00 -3.488465e+00 -7.861951e+00 -1.102775e+00 2.215018e+00 -3.375474e-01 -4.726954e+00 -5.688753e+00 9.519341e-01 1.679230e+00 -2.234894e+00 -1.337516e+00 -2.240747e+00 -5.310200e-01 -3.435490e-01 -4.753525e-01 6.133112e-01 -6.427070e-01 -1.460787e+00 -2.199548e+00 -1.786652e-01 6.254822e-02
<VARIANCE> 25
 8.856377e+00 2.183716e+01 2.672588e+01 2.591547e+01 4.285284e+01 3.580608e+01 4.894295e+01 3.155370e+01 3.981382e+01 3.795554e+01 3.106406e+01 2.464239e+01 3.550883e+00 2.920107e+00 3.333824e+00 3.708509e+00 5.762756e+00 5.023509e+00 7.115229e+00 6.074120e+00 5.906888e+00 5.859515e+00 4.366985e+00 3.729667e+00 2.443593e-03
<GCONST> 9.869721e+01
<MIXTURE> 70 1.329190e-02
<MEAN> 25
 6.538009e+00 -2.646226e+00 -3.568743e+00 -3.602074e+00 6.557351e-02 8.794234e-01 -7.363859e+00 -3.622885e+00 1.004780e+00 2.682388e+00 -3.808963e-01 -5.746067e+00 1.606632e+00 -1.237295e+00 -1.036208e+00 -2.072345e+00 -1.250948e+00 1.311995e+00 -1.513468e+00 -2.102535e-02 7.897685e-01 -4.845792e-01 1.146901e+00 -1.936362e+00 6.061444e-02
<VARIANCE> 25
 1.082236e+01 2.215607e+01 2.761538e+01 3.866278e+01 3.629601e+01 4.310758e+01 4.805807e+01 4.294764e+01 4.589802e+01 2.689737e+01 4.281870e+01 2.863675e+01 3.743079e+00 2.799832e+00 4.149764e+00 5.316980e+00 5.247731e+00 5.495923e+00 5.578006e+00 6.178673e+00 8.420699e+00 4.879855e+00 5.406118e+00 4.622477e+00 2.101511e-03
<GCONST> 1.007322e+02
<MIXTURE> 71 1.406903e-02
<MEAN> 25
 5.923889e+00 4.557588e+00 4.345603e+00 3.723631e+00 -2.780732e+00 -4.484368e+00 -2.976539e+00 -6.258974e+00 -5.655576e+00 -1.423786e+00 -5.637705e+00 -3.256851e+00 -1.336965e+00 -6.811649e-01 -8.003929e-01 -2.090720e+00 1.311208e+00 2.246909e-01 1.039762e-01 1.293104e+00 6.599674e-01 1.248113e-02 1.215471e+00 2.449344e-01 3.622987e-02
<VARIANCE> 25
 1.650154e+01 2.846436e+01 2.069474e+01 3.949837e+01 3.948494e+01 5.312215e+01 3.802923e+01 4.041280e+01 3.833150e+01 4.249290e+01 3.334977e+01 2.888872e+01 1.748245e+00 2.532385e+00 6.013676e+00 4.645960e+00 4.094151e+00 4.948333e+00 4.756448e+00 4.725287e+00 5.182011e+00 4.303721e+00 4.412552e+00 4.488806e+00 1.397798e-03
<GCONST> 9.851399e+01
<MIXTURE> 72 8.134747e-03
<MEAN> 25
 3.791783e+00 -3.685014e+00 5.459737e+00 -2.455117e+00 -1.040240e+01 -9.625017e+00 -2.461204e+00 1.925353e+00 -4.941387e+00 -2.207027e+00 -1.882679e+00 6.197010e-01 9.318384e-01 -7.846687e-01 -2.577286e+00 4.626664e-01 2.136748e+00 -6.556694e-01 -1.316563e+00 1.524798e+00 1.814318e+00 -5.952305e-01 -1.287786e+00 4.016869e-01 -6.147990e-03
<VARIANCE> 25
 1.077919e+01 1.948636e+01 3.285113e+01 3.854330e+01 3.231446e+01 3.336538e+01 4.119371e+01 3.620919e+01 4.377633e+01 4.140458e+01 3.884727e+01 2.851018e+01 4.329605e-01 1.027858e+00 2.021462e+00 1.469621e+00 2.182981e+00 2.354841e+00 3.060698e+00 2.731746e+00 2.606805e+00 2.963474e+00 2.028273e+00 2.131046e+00 5.412247e-04
<GCONST> 8.726759e+01
<MIXTURE> 73 1.213625e-02
<MEAN> 25
 -5.539524e+00 -6.083543e-01 -1.283599e+00 4.892910e+00 4.407196e+00 2.182909e+00 5.505042e+00 3.562944e+00 4.234934e+00 3.487029e+00 4.102718e+00 3.050270e+00 7.069941e-01 -1.046502e+00 -8.690723e-01 -2.669106e+00 -1.266516e+00 -1.687380e+00 -9.165358e-01 -6.416386e-01 -7.890764e-01 -7.058249e-01 -1.010303e+00 -2.019066e-01 1.554833e-01
<VARIANCE> 25
 1.293526e+01 1.431402e+01 1.495805e+01 2.211926e+01 2.377746e+01 2.508677e+01 2.024617e+01 2.029028e+01 1.802748e+01 1.868264e+01 2.325112e+01 1.521950e+01 4.303806e+00 3.026584e+00 6.052197e+00 4.578826e+00 6.008058e+00 4.606748e+00 4.208964e+00 4.884501e+00 4.452104e+00 4.129593e+00 3.789413e+00 2.860224e+00 4.248730e-03
<GCONST> 9.313369e+01
<MIXTURE> 74 1.756491e-02
<MEAN> 25
 4.394766e+00 -2.056745e+00 6.262025e+00 2.356822e+00 -9.298690e+00 -7.627793e+00 -2.860015e+00 9.985413e-01 -5.811368e+00 -2.493216e+00 -1.085823e+00 2.265479e-01 3.191610e-01 2.075640e+00 9.331489e-02 1.385316e+00 1.171611e+00 -3.142947e-01 3.376162e-01 -1.012813e+00 -1.858630e-01 4.124304e-01 -5.788668e-01 2.157460e-01 -7.589372e-02
<VARIANCE> 25
 1.005789e+01 2.063840e+01 3.116327e+01 5.880207e+01 3.085608e+01 3.364772e+01 4.050483e+01 4.508805e+01 5.156560e+01 3.682421e+01 4.527681e+01 2.875141e+01 1.725253e+00 1.750701e+00 3.525086e+00 2.791013e+00 3.339107e+00 4.108405e+00 4.182587e+00 3.557866e+00 4.682415e+00 3.538239e+00 3.515824e+00 2.987472e+00 1.451138e-03
<GCONST> 9.530592e+01
<MIXTURE> 75 9.711651e-03
<MEAN> 25
 2.759120e+00 -2.217019e+00 1.119474e+01 2.045027e+00 -1.184512e+01 -6.277478e+00 -5.436619e+00 -2.927886e-01 -3.254144e+00 -4.763293e+00 3.371245e+00 5.628993e-01 1.529387e+00 -1.913924e+00 2.143604e-01 -1.191577e-01 -2.544105e+00 -9.410981e-02 -1.768457e+00 1.090838e+00 -1.672519e-01 -5.812597e-01 1.227363e+00 -8.735946e-01 5.219720e-02
<VARIANCE> 25
 8.639139e+00 1.789239e+01 2.299753e+01 2.247004e+01 2.383238e+01 3.387424e+01 3.527223e+01 2.498968e+01 2.964071e+01 2.967428e+01 1.908452e+01 1.969331e+01 2.528882e+00 2.421093e+00 3.500504e+00 2.077124e+00 3.904378e+00 4.405426e+00 3.591901e+00 2.811351e+00 3.883793e+00 2.806758e+00 3.000128e+00 2.485889e+00 2.009484e-03
<GCONST> 9.056043e+01
<MIXTURE> 76 1.052359e-02
<MEAN> 25
 -6.567920e+00 -2.198021e-02 -2.379894e+00 4.240272e+00 5.444809e+00 2.591066e-01 5.060646e+00 2.989043e+00 2.769418e+00 1.819305e+00 5.924825e-02 2.651442e+00 -1.769737e-01 -4.260942e-01 -1.872310e-01 -7.402238e-01 -6.844091e-01 -5.632122e-01 -5.624958e-01 -3.638956e-01 -6.605619e-01 -2.716012e-01 -5.623179e-03 -8.211678e-02 1.926522e-02
<VARIANCE> 25
 3.595764e+01 2.883751e+01 2.627564e+01 2.756406e+01 2.783553e+01 3.192520e+01 2.616575e+01 2.669094e+01 2.530498e+01 2.442589e+01 2.793198e+01 2.437734e+01 9.339390e-01 1.182814e+00 1.221490e+00 1.141344e+00 1.398088e+00 1.604856e+00 1.518193e+00 1.552725e+00 2.113914e+00 1.606114e+00 1.540243e+00 1.213445e+00 1.050074e-03
<GCONST> 8.285104e+01
<MIXTURE> 77 1.244626e-02
<MEAN> 25
 -4.506283e-01 8.571109e+00 1.242465e+01 -1.164005e+01 -7.043087e+00 9.856479e-01 -9.250731e+00 -7.235391e+00 -3.348049e+00 -2.482767e-01 -4.624497e+00 -1.479652e+00 6.794773e-02 1.335746e-01 7.425141e-02 2.508502e-01 -2.313962e-02 8.027446e-02 -6.360184e-02 -6.010561e-02 7.785308e-02 -4.434691e-02 2.475800e-02 1.170915e-01 -9.826057e-03
<VARIANCE> 25
 1.046172e+01 2.007509e+01 2.780079e+01 4.163376e+01 3.359162e+01 3.390313e+01 3.680315e+01 3.171173e+01 3.536692e+01 3.377560e+01 3.772978e+01 3.484145e+01 2.977435e-01 7.811177e-01 6.431910e-01 1.085289e+00 1.235242e+00 9.846393e-01 1.220215e+00 1.072007e+00 1.063176e+00 1.062183e+00 9.692948e-01 9.191768e-01 5.404691e-04
<GCONST> 7.784430e+01
<MIXTURE> 78 9.702551e-03
<MEAN> 25
 -1.151197e+01 1.336459e+00 -1.747586e+00 9.806803e-01 5.268229e+00 -2.940238e+00 4.928128e+00 2.331622e+00 4.925876e+00 2.534028e+00 -6.647610e-01 4.620072e+00 2.571303e+00 -3.013101e-01 1.563042e-01 4.941039e-01 5.697266e-02 2.151500e-01 -3.922952e-01 3.983836e-01 3.501052e-01 -8.974860e-02 -8.609050e-01 -1.094111e+00 -5.236577e-02
<VARIANCE> 25
 3.211935e+01 2.559280e+01 3.565272e+01 3.252692e+01 3.448063e+01 2.954704e+01 3.035047e+01 3.827733e+01 3.833466e+01 2.860340e+01 2.722579e+01 2.681318e+01 4.702320e+00 2.242109e+00 2.182963e+00 2.816463e+00 2.471291e+00 3.212509e+00 2.725051e+00 2.728523e+00 2.975057e+00 2.189618e+00 2.856503e+00 3.795658e+00 3.772378e-03
<GCONST> 9.421866e+01
<MIXTURE> 79 1.156824e-02
<MEAN> 25
 2.648521e+00 -3.213332e-01 9.675181e+00 -3.067540e+00 -1.248916e+01 -7.053318e-01 -2.841784e+00 -5.928380e+00 -7.471407e+00 -3.152348e-01 -3.313109e+00 -3.294914e+00 1.132775e+00 -2.957016e-01 -1.115298e+00 2.419518e+00 4.172676e-01 -1.746327e+00 6.217102e-01 6.495271e-01 -1.070714e+00 -3.686417e-02 -1.357607e-01 6.406749e-01 -3.660321e-02
<VARIANCE> 25
 1.141247e+01 2.846692e+01 3.028190e+01 7.682861e+01 2.794492e+01 4.073773e+01 3.601735e+01 3.021847e+01 3.831835e+01 3.585687e+01 3.539879e+01 2.518302e+01 7.695954e-01 1.966542e+00 1.875575e+00 1.701001e+00 1.945229e+00 2.605965e+00 2.541052e+00 2.895938e+00 3.097907e+00 2.954673e+00 2.849108e+00 2.049458e+00 9.757629e-04
<GCONST> 8.977067e+01
<MIXTURE> 80 7.550998e-03
<MEAN> 25
 -1.453868e+01 4.003917e+00 8.075432e-01 2.753269e+00 2.455727e+00 1.360577e+00 6.446182e+00 2.362339e+00 2.884262e+00 2.390561e+00 4.757504e+00 1.323935e+00 4.292630e+00 -2.074235e-02 1.619890e+00 -1.078779e+00 -2.882573e+00 -2.724471e+00 -2.298216e+00 -1.936663e+00 -1.986679e+00 -1.683891e+00 -1.646836e+00 -6.304857e-01 -4.396106e-02
<VARIANCE> 25
 2.087419e+01 1.953586e+01 3.466870e+01 3.484359e+01 2.967311e+01 2.885502e+01 2.794839e+01 2.910798e+01 2.784074e+01 2.834049e+01 2.691916e+01 1.887021e+01 2.319922e+00 2.622518e+00 2.646382e+00 4.233960e+00 3.339875e+00 2.820151e+00 3.009946e+00 3.559803e+00 2.710805e+00 2.656009e+00 2.736141e+00 2.153427e+00 1.490817e-03
<GCONST> 9.148510e+01
<MIXTURE> 81 8.025434e-03
<MEAN> 25
 -1.105108e+00 4.064799e+00 1.015998e+01 -1.481182e+01 -9.108637e+00 -1.394330e+00 -6.749483e+00 -8.418118e+00 -4.129628e+00 -4.554786e-01 -7.542711e+00 -2.240144e+00 1.335171e-01 -5.902845e-01 -2.493967e-03 -5.512108e-01 -4.618756e-01 3.382465e-01 3.203471e-01 1.373627e-01 -1.492133e-01 1.066495e-01 -4.666157e-01 -1.249970e-01 1.153965e-02
<VARIANCE> 25
 1.018421e+01 3.272063e+01 2.652040e+01 2.921940e+01 3.387555e+01 3.070622e+01 4.542751e+01 2.819853e+01 3.806743e+01 3.232983e+01 2.558286e+01 3.097771e+01 7.700556e-01 2.273849e+00 1.541597e+00 2.874369e+00 2.658658e+00 2.123397e+00 3.271961e+00 2.282193e+00 2.377599e+00 2.532182e+00 2.296215e+00 2.072859e+00 1.180567e-03
<GCONST> 8.870539e+01
<MIXTURE> 82 8.213053e-03
<MEAN> 25
 -1.036002e+01 -3.163271e+00 2.721001e+00 -3.598952e+00 2.922994e+00 -4.536270e-01 2.329468e+00 -1.008756e+00 4.215777e+00 2.167520e+00 2.097689e+00 4.468152e+00 -1.546681e+00 -1.760720e-01 6.262581e-01 -2.535992e+00 -1.291358e+00 -9.767265e-01 -8.948453e-01 -1.502862e+00 1.199087e-01 -4.321725e-01 -1.454050e-01 1.301325e-01 1.746978e-01
<VARIANCE> 25
 1.656242e+01 2.370867e+01 3.301301e+01 2.840324e+01 2.836380e+01 3.291938e+01 2.735336e+01 4.683099e+01 3.355424e+01 2.214817e+01 2.685583e+01 2.370846e+01 3.520433e+00 2.655606e+00 3.446847e+00 2.839915e+00 3.236680e+00 3.161031e+00 2.816314e+00 5.194680e+00 3.230897e+00 2.113031e+00 2.281585e+00 1.845494e+00 3.330727e-03
<GCONST> 9.300403e+01
<MIXTURE> 83 1.167529e-02
<MEAN> 25
 -1.886442e+01 5.752238e+00 -2.397253e+00 3.599047e-01 7.749145e+00 -1.642872e+00 6.007835e+00 2.677730e+00 1.763244e+00 3.042414e+00 1.806616e-01 4.581850e+00 -1.163516e-01 -5.264857e-01 3.315460e-02 -6.616729e-01 -5.153098e-01 -5.231179e-02 -1.170489e-01 -1.053558e-01 7.768117e-02 -1.184472e-01 1.526621e-01 2.197524e-01 1.086267e-02
<VARIANCE> 25
 1.198023e+01 1.388621e+01 2.541074e+01 2.154029e+01 1.748410e+01 2.040864e+01 1.984443e+01 2.025720e+01 1.798280e+01 2.196446e+01 2.359541e+01 2.417542e+01 9.920202e-01 1.011570e+00 1.113383e+00 1.259012e+00 1.205141e+00 1.151189e+00 1.163875e+00 1.242122e+00 1.517674e+00 1.406164e+00 1.314961e+00 1.328816e+00 9.400034e-04
<GCONST> 7.694878e+01
<MIXTURE> 84 1.066614e-02
<MEAN> 25
 1.254056e+00 8.935095e+00 7.193834e+00 7.982376e+00 2.773849e+00 -1.373404e+00 -1.422697e+00 -4.487979e+00 -4.306355e+00 -2.801214e+00 -2.667400e+00 -1.602389e+00 -1.749088e+00 -1.160532e+00 -1.221752e+00 1.192993e+00 2.275126e+00 1.463523e+00 1.419736e+00 1.250978e+00 1.182476e+00 4.101704e-01 4.251149e-01 4.070252e-01 -7.083836e-02
<VARIANCE> 25
 2.304744e+01 1.794692e+01 2.104113e+01 2.343434e+01 2.872792e+01 3.365823e+01 2.745790e+01 2.606492e+01 2.653299e+01 2.494075e+01 2.488643e+01 2.393994e+01 2.097968e+00 2.494767e+00 3.756892e+00 3.493949e+00 3.191326e+00 3.407350e+00 3.296779e+00 3.364948e+00 3.407477e+00 3.224364e+00 3.634904e+00 2.809266e+00 3.464696e-03
<GCONST> 9.258230e+01
<MIXTURE> 85 7.591393e-03
<MEAN> 25
 -3.110475e+00 7.892211e+00 5.725572e+00 1.286236e+00 -3.493712e+00 -5.325534e+00 -2.979192e+00 -6.121055e+00 -3.541790e+00 -3.184480e+00 -4.797742e-01 -1.898976e+00 3.943362e+00 3.245550e-01 1.755936e+00 -2.091118e+00 -3.414741e+00 -2.582932e+00 -2.886030e+00 -2.341090e+00 -2.249178e+00 -1.264214e+00 -2.302454e+00 -6.160128e-01 9.214834e-03
<VARIANCE> 25
 4.247002e+01 2.342840e+01 3.647374e+01 3.821988e+01 3.974464e+01 4.118876e+01 3.217347e+01 2.789580e+01 2.664662e+01 2.611594e+01 2.622812e+01 2.057078e+01 2.704648e+00 4.326559e+00 4.058376e+00 5.183660e+00 4.408124e+00 3.881580e+00 3.853186e+00 3.988956e+00 3.849198e+00 4.040171e+00 3.942959e+00 3.485067e+00 5.445848e-03
<GCONST> 9.835562e+01
<MIXTURE> 86 1.273941e-02
<MEAN> 25
 -5.255381e+00 -1.267215e+00 -8.798575e-01 6.405271e+00 5.499754e+00 4.064249e+00 5.401104e+00 4.847001e+00 4.586535e+00 4.084860e+00 4.740826e+00 2.658460e+00 7.481809e-03 1.351258e-02 -1.600480e-02 -9.487144e-02 -1.220415e-01 -1.521882e-01 -2.490702e-01 -3.650244e-01 -3.617415e-01 -2.860936e-01 -2.169302e-01 -9.793680e-02 -8.933477e-04
<VARIANCE> 25
 8.312942e+00 5.546155e+00 9.533192e+00 1.167714e+01 1.760589e+01 1.809896e+01 1.349566e+01 1.426474e+01 1.386921e+01 1.393513e+01 1.853338e+01 1.213650e+01 1.015307e-01 2.095718e-01 3.111100e-01 4.857167e-01 6.116672e-01 7.025160e-01 7.344934e-01 8.375165e-01 8.619384e-01 9.417446e-01 8.939746e-01 8.851159e-01 5.213174e-05
<GCONST> 5.881956e+01
<MIXTURE> 87 1.100681e-02
<MEAN> 25
 -2.967178e+00 4.734401e+00 3.055876e+00 6.713067e+00 6.077464e+00 -3.303112e-02 1.999852e+00 2.475020e-02 -7.876971e-01 5.062514e-03 -1.073902e+00 3.588765e-01 -2.167430e+00 -2.594104e+00 -1.765633e+00 -2.424524e+00 -1.210786e-01 2.348141e-02 4.447724e-01 5.235820e-01 1.663972e+00 8.897099e-01 1.235844e+00 1.283769e+00 1.100134e-01
<VARIANCE> 25
 3.474210e+01 2.600408e+01 2.632597e+01 3.027193e+01 2.739119e+01 3.518752e+01 2.684390e+01 3.098225e+01 2.354885e+01 2.600759e+01 2.252586e+01 2.194773e+01 3.637133e+00 2.639306e+00 5.350239e+00 3.469548e+00 4.541187e+00 4.262846e+00 4.082328e+00 7.798268e+00 3.814975e+00 3.377873e+00 3.584761e+00 2.842407e+00 5.169853e-03
<GCONST> 9.686826e+01
<MIXTURE> 88 1.256585e-02
<MEAN> 25
 -4.768095e+00 -4.905921e-01 -1.669851e+00 5.618438e+00 6.297740e+00 1.009714e+00 5.170989e+00 4.224619e+00 3.373901e+00 3.392497e+00 3.608868e-01 1.500620e+00 -2.478855e-01 2.900080e-01 2.772639e-01 5.670800e-01 2.639378e-01 -1.500216e-01 7.129192e-02 -1.310130e-02 -3.485925e-01 -8.943540e-02 1.077136e-01 1.281218e-01 -7.253944e-03
<VARIANCE> 25
 8.366627e+00 8.467887e+00 1.246679e+01 1.327995e+01 1.914788e+01 2.470218e+01 1.512649e+01 1.731473e+01 1.692079e+01 1.565381e+01 2.594779e+01 1.455994e+01 1.170305e+00 1.587240e+00 2.174463e+00 2.197514e+00 1.944122e+00 2.636776e+00 2.153588e+00 2.399559e+00 2.663675e+00 2.302275e+00 2.165614e+00 1.767847e+00 1.315064e-03
<GCONST> 8.053984e+01
<MIXTURE> 89 9.333527e-03
<MEAN> 25
 5.735025e+00 -6.650465e+00 -3.557226e+00 -6.376991e-01 -9.799881e-01 -5.108135e+00 -5.543544e+00 4.397996e+00 4.543903e+00 -3.330006e+00 -5.203555e+00 -4.075972e+00 -4.766890e-01 1.266835e-01 2.340767e+00 1.111143e+00 -1.944360e+00 -1.870656e+00 7.612364e-01 1.245080e+00 -1.169889e+00 -1.274425e+00 5.826570e-01 1.648047e+00 -2.956993e-03
<VARIANCE> 25
 9.893209e+00 2.184044e+01 2.449983e+01 4.298538e+01 3.178022e+01 4.164938e+01 4.897453e+01 3.285741e+01 3.821178e+01 3.582480e+01 3.255878e+01 3.232470e+01 3.047076e-01 6.911006e-01 1.554297e+00 1.583224e+00 1.932404e+00 1.918065e+00 2.600613e+00 1.603196e+00 2.595676e+00 1.633823e+00 2.898013e+00 1.309940e+00 3.554647e-04
<GCONST> 8.395148e+01
<MIXTURE> 90 7.114505e-03
<MEAN> 25
 2.458607e+00 -9.702913e+00 -4.754417e+00 -3.985864e+00 -3.381869e+00 -1.811795e+00 3.363038e+00 1.184188e+00 -7.527543e+00 -1.020044e+01 -3.412916e+00 -7.206542e-01 -1.644594e-01 9.099748e-01 1.166771e+00 -8.518711e-01 -1.611577e+00 -2.125729e-01 6.467958e-01 -2.089148e-01 -1.672375e-01 7.354971e-01 1.784657e-01 -5.478432e-01 -1.117211e-02
<VARIANCE> 25
 8.530263e+00 1.797478e+01 1.977618e+01 2.800006e+01 3.679116e+01 3.212347e+01 3.845498e+01 3.633801e+01 3.516388e+01 2.777485e+01 2.710845e+01 2.627551e+01 2.236978e-01 6.121033e-01 7.873127e-01 1.043380e+00 1.469127e+00 1.589278e+00 1.779186e+00 1.652605e+00 1.809077e+00 1.676416e+00 1.502763e+00 1.309717e+00 2.149380e-04
<GCONST> 7.814895e+01
<MIXTURE> 91 7.852945e-03
<MEAN> 25
 5.831159e+00 -6.885418e+00 -8.030048e+00 -5.202766e+00 4.172889e+00 8.372042e-01 -2.132173e+00 8.365611e-01 7.390379e-01 -2.686566e+00 -4.473433e+00 -5.432145e+00 2.252978e-01 1.049770e+00 1.923271e-01 4.102432e-01 5.624130e-03 -6.304617e-01 -2.370077e-01 1.172271e-02 -7.680148e-02 4.413382e-01 -1.930495e-01 2.473343e-01 -3.699151e-02
<VARIANCE> 25
 1.175967e+01 2.752941e+01 2.090875e+01 3.641817e+01 3.485595e+01 5.816401e+01 5.275050e+01 3.811567e+01 4.735521e+01 5.932182e+01 3.735873e+01 4.105932e+01 4.530151e-01 8.620086e-01 1.049670e+00 1.341423e+00 2.142310e+00 2.607138e+00 2.425911e+00 2.294469e+00 2.367399e+00 1.990159e+00 2.028565e+00 1.716967e+00 5.896109e-04
<GCONST> 8.705960e+01
<MIXTURE> 92 7.852945e-03
<MEAN> 25
 5.831159e+00 -6.885418e+00 -8.030048e+00 -5.202766e+00 4.172889e+00 8.372042e-01 -2.132173e+00 8.365611e-01 7.390379e-01 -2.686566e+00 -4.473433e+00 -5.432145e+00 2.252978e-01 1.049770e+00 1.923271e-01 4.102432e-01 5.624130e-03 -6.304617e-01 -2.370077e-01 1.172271e-02 -7.680148e-02 4.413382e-01 -1.930495e-01 2.473343e-01 -3.699151e-02
<VARIANCE> 25
 1.175967e+01 2.752941e+01 2.090875e+01 3.641817e+01 3.485595e+01 5.816401e+01 5.275050e+01 3.811567e+01 4.735521e+01 5.932182e+01 3.735873e+01 4.105932e+01 4.530151e-01 8.620086e-01 1.049670e+00 1.341423e+00 2.142310e+00 2.607138e+00 2.425911e+00 2.294469e+00 2.367399e+00 1.990159e+00 2.028565e+00 1.716967e+00 5.896109e-04
<GCONST> 8.705960e+01
<MIXTURE> 93 6.122769e-03
<MEAN> 25
 -6.915707e+00 -1.047740e+00 -2.400781e+00 5.806983e+00 6.105103e+00 3.575642e+00 6.132931e+00 3.892118e+00 4.064833e+00 2.737410e+00 1.662380e+00 3.675520e+00 -5.547605e-02 -1.524464e-01 -2.460639e-01 -3.128741e-01 -3.310140e-01 -2.632725e-01 -2.014981e-01 -1.893990e-01 -1.760569e-01 -1.782976e-01 -1.108586e-01 -5.373756e-02 -7.871169e-05
<VARIANCE> 25
 8.915377e+00 5.992316e+00 7.909111e+00 1.097298e+01 1.179234e+01 1.784566e+01 1.493287e+01 1.755087e+01 1.482387e+01 1.528047e+01 1.747208e+01 1.317037e+01 8.540019e-02 1.578189e-01 2.567194e-01 4.192078e-01 4.832475e-01 6.263863e-01 7.518325e-01 9.651860e-01 9.660122e-01 8.551255e-01 8.972748e-01 8.940926e-01 1.183107e-06
<GCONST> 5.405756e+01
<MIXTURE> 94 6.122769e-03
<MEAN> 25
 -6.915707e+00 -1.047740e+00 -2.400781e+00 5.806983e+00 6.105103e+00 3.575642e+00 6.132931e+00 3.892118e+00 4.064833e+00 2.737410e+00 1.662380e+00 3.675520e+00 -5.547605e-02 -1.524464e-01 -2.460639e-01 -3.128741e-01 -3.310140e-01 -2.632725e-01 -2.014981e-01 -1.893990e-01 -1.760569e-01 -1.782976e-01 -1.108586e-01 -5.373756e-02 -7.871169e-05
<VARIANCE> 25
 8.915377e+00 5.992316e+00 7.909111e+00 1.097298e+01 1.179234e+01 1.784566e+01 1.493287e+01 1.755087e+01 1.482387e+01 1.528047e+01 1.747208e+01 1.317037e+01 8.540019e-02 1.578189e-01 2.567194e-01 4.192078e-01 4.832475e-01 6.263863e-01 7.518325e-01 9.651860e-01 9.660122e-01 8.551255e-01 8.972748e-01 8.940926e-01 1.183107e-06
<GCONST> 5.405756e+01
<MIXTURE> 95 5.258835e-03
<MEAN> 25
 -6.057308e+00 -8.560112e-01 -1.786151e+00 5.549979e+00 5.218059e+00 1.542095e+00 4.717453e+00 2.623548e+00 2.424212e+00 1.361194e+00 1.544507e-01 2.076665e+00 1.924814e-01 2.504819e-01 1.595210e-01 -6.235843e-02 -2.843429e-01 -6.621190e-01 -1.019471e+00 -1.437803e+00 -1.374200e+00 -7.921202e-01 -4.511686e-01 -3.260914e-01 -2.017623e-03
<VARIANCE> 25
 9.088848e+00 6.126324e+00 1.078962e+01 1.241952e+01 1.549030e+01 2.213926e+01 1.716407e+01 1.897672e+01 1.471902e+01 1.402497e+01 2.278262e+01 1.330647e+01 2.059908e-01 2.985843e-01 4.167823e-01 6.077432e-01 7.139750e-01 8.095082e-01 8.139570e-01 9.109986e-01 1.028292e+00 1.111065e+00 1.144206e+00 9.764658e-01 5.365756e-05
<GCONST> 6.293435e+01
<MIXTURE> 96 7.034694e-03
<MEAN> 25
 -5.133286e+00 -4.778343e-01 -2.213304e+00 5.121856e+00 4.007845e+00 1.613661e+00 3.595406e+00 1.940543e+00 2.421788e+00 1.213725e+00 1.076481e+00 2.845176e+00 -3.020728e-02 6.975171e-02 2.047372e-01 4.222307e-01 5.200398e-01 4.843778e-01 2.506526e-01 -1.023709e-01 -4.262666e-01 -6.441751e-01 -6.133075e-01 -3.714980e-01 -3.695729e-06
<VARIANCE> 25
 1.100200e+01 9.602973e+00 1.265766e+01 1.419302e+01 1.526233e+01 2.046555e+01 1.772803e+01 1.957132e+01 1.770928e+01 1.842395e+01 1.984781e+01 1.475832e+01 1.199461e-01 2.265082e-01 3.135469e-01 4.122497e-01 4.943750e-01 6.538112e-01 8.442454e-01 1.001135e+00 9.896768e-01 8.495712e-01 8.736573e-01 9.173913e-01 1.038363e-06
<GCONST> 5.773734e+01
<MIXTURE> 97 7.034694e-03
<MEAN> 25
 -5.133286e+00 -4.778343e-01 -2.213304e+00 5.121856e+00 4.007845e+00 1.613661e+00 3.595406e+00 1.940543e+00 2.421788e+00 1.213725e+00 1.076481e+00 2.845176e+00 -3.020728e-02 6.975171e-02 2.047372e-01 4.222307e-01 5.200398e-01 4.843778e-01 2.506526e-01 -1.023709e-01 -4.262666e-01 -6.441751e-01 -6.133075e-01 -3.714980e-01 -3.695729e-06
<VARIANCE> 25
 1.100200e+01 9.602973e+00 1.265766e+01 1.419302e+01 1.526233e+01 2.046555e+01 1.772803e+01 1.957132e+01 1.770928e+01 1.842395e+01 1.984781e+01 1.475832e+01 1.199461e-01 2.265082e-01 3.135469e-01 4.122497e-01 4.943750e-01 6.538112e-01 8.442454e-01 1.001135e+00 9.896768e-01 8.495712e-01 8.736573e-01 9.173913e-01 1.038363e-06
<GCONST> 5.773734e+01
<MIXTURE> 98 9.917808e-03
<MEAN> 25
 -1.794432e+00 1.017535e+00 -2.768685e-01 4.789482e+00 4.151569e+00 2.254282e+00 3.454518e+00 1.824532e+00 1.553467e+00 1.177611e+00 4.592470e-01 9.287923e-01 -1.767157e+00 -1.343005e+00 -1.046215e+00 8.243206e-02 6.436838e-01 7.208678e-01 1.295658e+00 1.366215e+00 1.649210e+00 1.216753e+00 1.339875e+00 1.053168e+00 -3.170203e-02
<VARIANCE> 25
 1.519973e+01 1.895754e+01 3.020858e+01 3.175848e+01 4.384433e+01 3.756118e+01 3.196656e+01 2.784429e+01 2.658635e+01 3.006627e+01 2.652444e+01 2.316511e+01 1.320766e+00 1.804872e+00 2.277116e+00 2.435230e+00 2.729830e+00 2.910530e+00 2.774327e+00 2.768777e+00 2.524667e+00 3.020460e+00 2.659817e+00 2.193825e+00 2.445269e-03
<GCONST> 9.025400e+01
<MIXTURE> 99 6.696178e-03
<MEAN> 25
 -5.984050e+00 9.764114e+00 6.799386e+00 3.512879e+00 6.821796e-01 -5.739872e+00 -1.175365e+00 -3.588777e+00 -3.317590e+00 -3.535537e+00 -1.493278e+00 1.120424e-01 4.898547e-01 -6.036857e-01 3.506499e-01 -3.596873e-01 -1.192934e+00 -4.939402e-01 -3.755732e-01 -3.324828e-01 -2.798581e-01 -7.241032e-02 4.326245e-01 8.632319e-02 1.272527e-02
<VARIANCE> 25
 3.559316e+01 2.378343e+01 4.419108e+01 3.034144e+01 3.565599e+01 3.593848e+01 2.875707e+01 3.081674e+01 2.586704e+01 2.645310e+01 2.014083e+01 2.782981e+01 2.087483e+00 1.889751e+00 1.357075e+00 1.658487e+00 2.520051e+00 1.976628e+00 1.515965e+00 1.595780e+00 1.803980e+00 1.478513e+00 1.630595e+00 1.241360e+00 1.495901e-03
<GCONST> 8.654286e+01
<MIXTURE> 100 4.498084e-03
<MEAN> 25
 -1.598814e+00 6.344677e+00 1.027698e+01 -7.462564e+00 -1.078192e+01 -5.075150e+00 -4.941545e+00 -9.968705e+00 -4.718121e+00 -8.551499e-01 -2.733253e+00 -2.708200e+00 2.917898e+00 -1.260483e+00 1.299663e+00 -2.185820e+00 -3.419496e+00 -7.840909e-01 -1.218798e+00 -8.197119e-01 -1.475505e+00 3.466677e-01 -1.655608e+00 -2.862780e-01 2.016720e-03
<VARIANCE> 25
 1.362669e+01 2.106030e+01 2.246134e+01 2.642802e+01 2.301907e+01 2.372264e+01 2.911256e+01 2.170713e+01 2.748271e+01 2.265182e+01 2.241187e+01 2.134204e+01 1.799142e+00 3.953744e+00 2.919901e+00 4.286840e+00 4.184435e+00 4.537179e+00 4.015487e+00 4.340462e+00 4.167805e+00 3.896091e+00 3.910504e+00 3.225058e+00 1.674935e-03
<GCONST> 9.256908e+01
<MIXTURE> 101 6.007792e-03
<MEAN> 25
 7.789992e+00 -3.586268e+00 -6.030483e+00 -5.938633e+00 9.376236e-01 -1.921525e+00 -1.107462e+01 -1.565731e+00 2.378736e+00 1.920716e+00 -8.734736e-01 -4.834134e+00 7.476721e-01 6.556717e-01 -1.475660e+00 -1.766100e+00 1.155647e+00 2.252748e+00 5.020715e-01 -1.483715e+00 -1.205130e+00 1.180863e+00 1.361276e+00 -3.084115e-01 -7.219369e-03
<VARIANCE> 25
 9.133962e+00 1.514779e+01 2.726527e+01 4.527504e+01 3.326773e+01 3.579099e+01 3.600946e+01 3.460220e+01 3.819814e+01 4.394046e+01 6.272760e+01 2.309319e+01 3.098743e-01 5.974535e-01 1.117238e+00 1.579372e+00 1.716791e+00 1.951297e+00 2.635921e+00 1.794452e+00 2.525236e+00 2.167809e+00 1.604172e+00 2.019150e+00 3.519255e-04
<GCONST> 8.347645e+01
<MIXTURE> 102 6.007792e-03
<MEAN> 25
 7.789992e+00 -3.586268e+00 -6.030483e+00 -5.938633e+00 9.376236e-01 -1.921525e+00 -1.107462e+01 -1.565731e+00 2.378736e+00 1.920716e+00 -8.734736e-01 -4.834134e+00 7.476721e-01 6.556717e-01 -1.475660e+00 -1.766100e+00 1.155647e+00 2.252748e+00 5.020715e-01 -1.483715e+00 -1.205130e+00 1.180863e+00 1.361276e+00 -3.084115e-01 -7.219369e-03
<VARIANCE> 25
 9.133962e+00 1.514779e+01 2.726527e+01 4.527504e+01 3.326773e+01 3.579099e+01 3.600946e+01 3.460220e+01 3.819814e+01 4.394046e+01 6.272760e+01 2.309319e+01 3.098743e-01 5.974535e-01 1.117238e+00 1.579372e+00 1.716791e+00 1.951297e+00 2.635921e+00 1.794452e+00 2.525236e+00 2.167809e+00 1.604172e+00 2.019150e+00 3.519255e-04
<GCONST> 8.347645e+01
<MIXTURE> 103 5.694618e-03
<MEAN> 25
 3.378776e+00 -9.399321e+00 -6.129298e+00 -3.148625e+00 -1.348503e+00 -1.938446e+00 2.469860e+00 2.500243e+00 -4.561380e+00 -9.207458e+00 -5.021454e+00 4.034646e-01 -1.598771e-01 -1.485375e+00 -9.777919e-01 3.662867e-01 1.211605e+00 1.032877e+00 1.646719e-01 -2.724956e-01 -7.766180e-01 -9.375315e-01 -2.461804e-02 1.099882e-01 2.697802e-02
<VARIANCE> 25
 1.028759e+01 2.112905e+01 2.281237e+01 3.202339e+01 4.797077e+01 3.500984e+01 4.631989e+01 3.648430e+01 4.222716e+01 2.958231e+01 3.010555e+01 2.675173e+01 6.403806e-01 1.248160e+00 1.528491e+00 1.952918e+00 2.918324e+00 2.426021e+00 2.881341e+00 2.564885e+00 2.560398e+00 2.521114e+00 2.098969e+00 2.019989e+00 8.042494e-04
<GCONST> 8.761332e+01
<MIXTURE> 104 5.694618e-03
<MEAN> 25
 3.378776e+00 -9.399321e+00 -6.129298e+00 -3.148625e+00 -1.348503e+00 -1.938446e+00 2.469860e+00 2.500243e+00 -4.561380e+00 -9.207458e+00 -5.021454e+00 4.034646e-01 -1.598771e-01 -1.485375e+00 -9.777919e-01 3.662867e-01 1.211605e+00 1.032877e+00 1.646719e-01 -2.724956e-01 -7.766180e-01 -9.375315e-01 -2.461804e-02 1.099882e-01 2.697802e-02
<VARIANCE> 25
 1.028759e+01 2.112905e+01 2.281237e+01 3.202339e+01 4.797077e+01 3.500984e+01 4.631989e+01 3.648430e+01 4.222716e+01 2.958231e+01 3.010555e+01 2.675173e+01 6.403806e-01 1.248160e+00 1.528491e+00 1.952918e+00 2.918324e+00 2.426021e+00 2.881341e+00 2.564885e+00 2.560398e+00 2.521114e+00 2.098969e+00 2.019989e+00 8.042494e-04
<GCONST> 8.761332e+01
<MIXTURE> 105 4.710235e-03
<MEAN> 25
 2.286176e+00 -1.533865e+00 9.100423e+00 -2.840561e+00 -1.186277e+01 -4.182377e+00 -4.182824e+00 -1.044519e+00 -3.552039e+00 -3.529674e+00 1.462795e+00 -1.137318e+00 5.975715e-03 2.074860e-02 4.596298e-02 -1.548884e-02 -1.282810e-02 4.906734e-02 -5.471895e-02 3.444493e-02 -4.651343e-02 4.433833e-03 3.560826e-03 -4.940641e-02 -1.881762e-03
<VARIANCE> 25
 1.260387e+01 3.013730e+01 4.010462e+01 5.051852e+01 3.745182e+01 6.049148e+01 3.898448e+01 4.252373e+01 4.059329e+01 4.348589e+01 4.059085e+01 2.936916e+01 7.877779e-02 1.862378e-01 3.324141e-01 3.608968e-01 3.665332e-01 4.095941e-01 4.899941e-01 5.222147e-01 5.671583e-01 4.478147e-01 4.182315e-01 3.831384e-01 9.427904e-05
<GCONST> 6.712634e+01
<MIXTURE> 106 4.710235e-03
<MEAN> 25
 2.286176e+00 -1.533865e+00 9.100423e+00 -2.840561e+00 -1.186277e+01 -4.182377e+00 -4.182824e+00 -1.044519e+00 -3.552039e+00 -3.529674e+00 1.462795e+00 -1.137318e+00 5.975715e-03 2.074860e-02 4.596298e-02 -1.548884e-02 -1.282810e-02 4.906734e-02 -5.471895e-02 3.444493e-02 -4.651343e-02 4.433833e-03 3.560826e-03 -4.940641e-02 -1.881762e-03
<VARIANCE> 25
 1.260387e+01 3.013730e+01 4.010462e+01 5.051852e+01 3.745182e+01 6.049148e+01 3.898448e+01 4.252373e+01 4.059329e+01 4.348589e+01 4.059085e+01 2.936916e+01 7.877779e-02 1.862378e-01 3.324141e-01 3.608968e-01 3.665332e-01 4.095941e-01 4.899941e-01 5.222147e-01 5.671583e-01 4.478147e-01 4.182315e-01 3.831384e-01 9.427904e-05
<GCONST> 6.712634e+01
<MIXTURE> 107 5.452374e-03
<MEAN> 25
 7.689701e+00 -2.463741e+00 -7.319059e+00 -8.860364e+00 8.660423e-01 4.080976e+00 -9.055293e+00 -4.976588e+00 -8.132862e-01 2.718994e+00 2.301483e+00 -5.126860e+00 -4.898354e-01 -9.431815e-01 9.014199e-01 2.171723e+00 3.369751e-01 -2.073677e+00 -1.104430e+00 8.582373e-01 1.737891e+00 2.860466e-01 -1.691250e+00 -9.022614e-01 -2.400744e-03
<VARIANCE> 25
 1.230919e+01 1.862271e+01 2.840361e+01 4.027668e+01 3.955574e+01 3.939500e+01 5.774486e+01 3.327091e+01 4.192670e+01 3.838684e+01 5.948304e+01 2.693087e+01 4.175433e-01 1.150149e+00 1.371122e+00 3.231340e+00 2.057047e+00 2.780030e+00 2.793338e+00 2.306535e+00 2.501944e+00 3.188204e+00 2.179894e+00 2.150758e+00 6.596231e-04
<GCONST> 8.875816e+01
<MIXTURE> 108 5.452374e-03
<MEAN> 25
 7.689701e+00 -2.463741e+00 -7.319059e+00 -8.860364e+00 8.660423e-01 4.080976e+00 -9.055293e+00 -4.976588e+00 -8.132862e-01 2.718994e+00 2.301483e+00 -5.126860e+00 -4.898354e-01 -9.431815e-01 9.014199e-01 2.171723e+00 3.369751e-01 -2.073677e+00 -1.104430e+00 8.582373e-01 1.737891e+00 2.860466e-01 -1.691250e+00 -9.022614e-01 -2.400744e-03
<VARIANCE> 25
 1.230919e+01 1.862271e+01 2.840361e+01 4.027668e+01 3.955574e+01 3.939500e+01 5.774486e+01 3.327091e+01 4.192670e+01 3.838684e+01 5.948304e+01 2.693087e+01 4.175433e-01 1.150149e+00 1.371122e+00 3.231340e+00 2.057047e+00 2.780030e+00 2.793338e+00 2.306535e+00 2.501944e+00 3.188204e+00 2.179894e+00 2.150758e+00 6.596231e-04
<GCONST> 8.875816e+01
<MIXTURE> 109 6.661064e-03
<MEAN> 25
 4.076504e+00 -1.052762e+01 -8.295492e+00 -1.373568e+00 2.751359e+00 -2.658367e-02 -6.567425e-02 1.449295e+00 -2.550097e+00 -8.342116e+00 -5.375134e+00 5.275225e-02 -3.424981e-02 -1.313764e-01 -3.343298e-02 2.492379e-01 1.982594e-01 1.213916e-01 -1.230810e-01 -1.050064e-01 -3.758096e-02 -1.297056e-01 2.165483e-01 1.083911e-02 -3.533451e-03
<VARIANCE> 25
 9.091056e+00 1.840447e+01 1.998891e+01 3.140415e+01 4.076826e+01 3.690108e+01 4.666867e+01 3.433385e+01 4.610303e+01 3.555557e+01 2.957175e+01 2.837731e+01 1.929458e-01 4.226506e-01 5.383613e-01 6.348271e-01 1.228459e+00 9.966905e-01 1.256549e+00 1.090936e+00 1.120174e+00 9.511595e-01 8.781868e-01 8.838794e-01 1.820138e-04
<GCONST> 7.447498e+01
<MIXTURE> 110 6.661064e-03
<MEAN> 25
 4.076504e+00 -1.052762e+01 -8.295492e+00 -1.373568e+00 2.751359e+00 -2.658367e-02 -6.567425e-02 1.449295e+00 -2.550097e+00 -8.342116e+00 -5.375134e+00 5.275225e-02 -3.424981e-02 -1.313764e-01 -3.343298e-02 2.492379e-01 1.982594e-01 1.213916e-01 -1.230810e-01 -1.050064e-01 -3.758096e-02 -1.297056e-01 2.165483e-01 1.083911e-02 -3.533451e-03
<VARIANCE> 25
 9.091056e+00 1.840447e+01 1.998891e+01 3.140415e+01 4.076826e+01 3.690108e+01 4.666867e+01 3.433385e+01 4.610303e+01 3.555557e+01 2.957175e+01 2.837731e+01 1.929458e-01 4.226506e-01 5.383613e-01 6.348271e-01 1.228459e+00 9.966905e-01 1.256549e+00 1.090936e+00 1.120174e+00 9.511595e-01 8.781868e-01 8.838794e-01 1.820138e-04
<GCONST> 7.447498e+01
<MIXTURE> 111 4.337247e-03
<MEAN> 25
 -4.473016e+00 -9.003317e-01 -1.716043e+00 1.697141e+00 9.784258e-01 9.471181e-01 3.308603e-01 2.255722e-01 8.739518e-02 -5.227612e-01 -6.429027e-01 1.951701e+00 -2.201096e-02 -3.264064e-02 -7.083499e-02 -7.236521e-02 -3.620631e-02 6.042058e-03 4.126092e-04 -5.718410e-02 -1.396149e-01 -2.015128e-01 -1.905268e-01 -1.056731e-01 -2.151863e-04
<VARIANCE> 25
 6.993601e+00 4.993851e+00 1.021973e+01 9.435336e+00 1.315911e+01 2.391675e+01 1.474015e+01 1.322139e+01 1.159203e+01 1.201295e+01 1.367322e+01 1.164103e+01 7.941326e-02 1.636920e-01 2.758589e-01 4.214016e-01 5.684582e-01 7.037616e-01 8.001690e-01 8.589673e-01 8.917670e-01 8.555447e-01 8.608842e-01 8.461290e-01 2.236502e-05
<GCONST> 5.601786e+01
<MIXTURE> 112 4.337247e-03
<MEAN> 25
 -4.473016e+00 -9.003317e-01 -1.716043e+00 1.697141e+00 9.784258e-01 9.471181e-01 3.308603e-01 2.255722e-01 8.739518e-02 -5.227612e-01 -6.429027e-01 1.951701e+00 -2.201096e-02 -3.264064e-02 -7.083499e-02 -7.236521e-02 -3.620631e-02 6.042058e-03 4.126092e-04 -5.718410e-02 -1.396149e-01 -2.015128e-01 -1.905268e-01 -1.056731e-01 -2.151863e-04
<VARIANCE> 25
 6.993601e+00 4.993851e+00 1.021973e+01 9.435336e+00 1.315911e+01 2.391675e+01 1.474015e+01 1.322139e+01 1.159203e+01 1.201295e+01 1.367322e+01 1.164103e+01 7.941326e-02 1.636920e-01 2.758589e-01 4.214016e-01 5.684582e-01 7.037616e-01 8.001690e-01 8.589673e-01 8.917670e-01 8.555447e-01 8.608842e-01 8.461290e-01 2.236502e-05
<GCONST> 5.601786e+01
<MIXTURE> 113 5.938666e-03
<MEAN> 25
 9.860433e+00 1.818758e+00 -8.640103e+00 -1.687256e+01 -1.069464e+00 5.579707e+00 -5.120301e+00 -1.415747e+00 -5.515402e+00 -5.565424e-01 2.840734e-01 -1.345041e-01 2.358825e-03 1.646041e-02 -6.425675e-02 -1.359143e-01 9.469013e-02 1.609948e-01 7.315213e-02 2.161022e-02 -3.775345e-02 -4.705577e-02 1.654632e-01 2.893352e-02 -1.361447e-03
<VARIANCE> 25
 9.293736e+00 1.624698e+01 3.004201e+01 3.518174e+01 5.349548e+01 3.396824e+01 4.008508e+01 3.917344e+01 3.809130e+01 4.625217e+01 3.570358e+01 2.863506e+01 1.233388e-01 3.221615e-01 3.137522e-01 6.552572e-01 6.233115e-01 6.598272e-01 7.800269e-01 8.454952e-01 9.804761e-01 8.858172e-01 7.308794e-01 7.011908e-01 1.252642e-04
<GCONST> 7.128861e+01
<MIXTURE> 114 5.938666e-03
<MEAN> 25
 9.860433e+00 1.818758e+00 -8.640103e+00 -1.687256e+01 -1.069464e+00 5.579707e+00 -5.120301e+00 -1.415747e+00 -5.515402e+00 -5.565424e-01 2.840734e-01 -1.345041e-01 2.358825e-03 1.646041e-02 -6.425675e-02 -1.359143e-01 9.469013e-02 1.609948e-01 7.315213e-02 2.161022e-02 -3.775345e-02 -4.705577e-02 1.654632e-01 2.893352e-02 -1.361447e-03
<VARIANCE> 25
 9.293736e+00 1.624698e+01 3.004201e+01 3.518174e+01 5.349548e+01 3.396824e+01 4.008508e+01 3.917344e+01 3.809130e+01 4.625217e+01 3.570358e+01 2.863506e+01 1.233388e-01 3.221615e-01 3.137522e-01 6.552572e-01 6.233115e-01 6.598272e-01 7.800269e-01 8.454952e-01 9.804761e-01 8.858172e-01 7.308794e-01 7.011908e-01 1.252642e-04
<GCONST> 7.128861e+01
<MIXTURE> 115 2.935202e-03
<MEAN> 25
 -4.008112e+00 -7.185951e-01 -3.091579e+00 3.629424e+00 2.446894e+00 -4.338436e-01 2.238087e+00 4.530100e-01 1.384489e+00 2.315509e-03 2.759128e-02 2.656981e+00 3.235941e-02 -6.826942e-02 -2.308238e-01 -4.406204e-01 -6.347769e-01 -6.671178e-01 -5.889262e-01 -5.091456e-01 -4.857694e-01 -4.527069e-01 -3.405212e-01 -1.644825e-01 -2.606163e-06
<VARIANCE> 25
 9.399124e+00 1.008941e+01 1.351898e+01 1.307023e+01 1.361889e+01 1.774303e+01 1.707849e+01 2.099181e+01 1.796264e+01 1.728613e+01 1.916281e+01 1.482437e+01 2.040674e-01 3.474605e-01 4.829811e-01 5.608589e-01 6.363891e-01 7.957437e-01 1.005361e+00 1.132240e+00 1.072830e+00 9.924887e-01 1.022889e+00 1.059213e+00 1.011738e-06
<GCONST> 6.026604e+01
<MIXTURE> 116 2.935202e-03
<MEAN> 25
 -4.008112e+00 -7.185951e-01 -3.091579e+00 3.629424e+00 2.446894e+00 -4.338436e-01 2.238087e+00 4.530100e-01 1.384489e+00 2.315509e-03 2.759128e-02 2.656981e+00 3.235941e-02 -6.826942e-02 -2.308238e-01 -4.406204e-01 -6.347769e-01 -6.671178e-01 -5.889262e-01 -5.091456e-01 -4.857694e-01 -4.527069e-01 -3.405212e-01 -1.644825e-01 -2.606163e-06
<VARIANCE> 25
 9.399124e+00 1.008941e+01 1.351898e+01 1.307023e+01 1.361889e+01 1.774303e+01 1.707849e+01 2.099181e+01 1.796264e+01 1.728613e+01 1.916281e+01 1.482437e+01 2.040674e-01 3.474605e-01 4.829811e-01 5.608589e-01 6.363891e-01 7.957437e-01 1.005361e+00 1.132240e+00 1.072830e+00 9.924887e-01 1.022889e+00 1.059213e+00 1.011738e-06
<GCONST> 6.026604e+01
<MIXTURE> 117 6.506003e-03
<MEAN> 25
 -4.646211e+00 1.116315e+00 1.053216e+00 9.756124e+00 6.261812e+00 6.251344e+00 6.462612e+00 5.046090e+00 6.383615e+00 4.931188e+00 6.363820e+00 2.710700e+00 -7.494305e-02 -2.341972e-01 -3.582314e-01 -4.194453e-01 -3.674908e-01 -3.025689e-01 -2.870651e-01 -3.311995e-01 -3.914544e-01 -3.691342e-01 -2.632992e-01 -1.162008e-01 -9.454889e-06
<VARIANCE> 25
 7.190880e+00 8.755153e+00 9.808943e+00 1.431464e+01 1.561674e+01 1.539888e+01 1.772149e+01 1.796040e+01 1.640916e+01 1.637610e+01 1.676420e+01 1.475129e+01 2.165621e-01 3.075002e-01 4.259796e-01 6.178804e-01 8.533211e-01 1.054937e+00 1.177156e+00 1.233260e+00 1.224298e+00 1.194385e+00 1.167067e+00 1.113323e+00 1.000998e-06
<GCONST> 6.043476e+01
<MIXTURE> 118 6.506003e-03
<MEAN> 25
 -4.646211e+00 1.116315e+00 1.053216e+00 9.756124e+00 6.261812e+00 6.251344e+00 6.462612e+00 5.046090e+00 6.383615e+00 4.931188e+00 6.363820e+00 2.710700e+00 -7.494305e-02 -2.341972e-01 -3.582314e-01 -4.194453e-01 -3.674908e-01 -3.025689e-01 -2.870651e-01 -3.311995e-01 -3.914544e-01 -3.691342e-01 -2.632992e-01 -1.162008e-01 -9.454889e-06
<VARIANCE> 25
 7.190880e+00 8.755153e+00 9.808943e+00 1.431464e+01 1.561674e+01 1.539888e+01 1.772149e+01 1.796040e+01 1.640916e+01 1.637610e+01 1.676420e+01 1.475129e+01 2.165621e-01 3.075002e-01 4.259796e-01 6.178804e-01 8.533211e-01 1.054937e+00 1.177156e+00 1.233260e+00 1.224298e+00 1.194385e+00 1.167067e+00 1.113323e+00 1.000998e-06
<GCONST> 6.043476e+01
<MIXTURE> 119 4.297961e-03
<MEAN> 25
 -4.993234e+00 -7.611500e+00 2.207056e+00 2.049054e+00 2.283088e+00 1.793334e-01 5.275539e+00 5.959122e+00 1.173585e+00 9.904814e-01 6.573317e+00 1.575448e+00 -4.982686e-02 -7.924532e-02 3.716473e-02 -6.027910e-02 -1.256799e-01 -1.765607e-01 -7.190479e-02 -2.029509e-02 -9.802074e-02 -1.110737e-01 -5.231821e-02 -5.787661e-02 1.069878e-03
<VARIANCE> 25
 8.533808e+00 9.885222e+00 1.661503e+01 2.032051e+01 2.313181e+01 2.326692e+01 2.489618e+01 2.648316e+01 2.499322e+01 2.804487e+01 2.067362e+01 2.034946e+01 1.598794e-01 2.838329e-01 4.583603e-01 6.332508e-01 8.004677e-01 1.001889e+00 1.101209e+00 1.288269e+00 1.293733e+00 1.244811e+00 1.191701e+00 1.108800e+00 2.310513e-04
<GCONST> 6.975939e+01
<MIXTURE> 120 4.297961e-03
<MEAN> 25
 -4.993234e+00 -7.611500e+00 2.207056e+00 2.049054e+00 2.283088e+00 1.793334e-01 5.275539e+00 5.959122e+00 1.173585e+00 9.904814e-01 6.573317e+00 1.575448e+00 -4.982686e-02 -7.924532e-02 3.716473e-02 -6.027910e-02 -1.256799e-01 -1.765607e-01 -7.190479e-02 -2.029509e-02 -9.802074e-02 -1.110737e-01 -5.231821e-02 -5.787661e-02 1.069878e-03
<VARIANCE> 25
 8.533808e+00 9.885222e+00 1.661503e+01 2.032051e+01 2.313181e+01 2.326692e+01 2.489618e+01 2.648316e+01 2.499322e+01 2.804487e+01 2.067362e+01 2.034946e+01 1.598794e-01 2.838329e-01 4.583603e-01 6.332508e-01 8.004677e-01 1.001889e+00 1.101209e+00 1.288269e+00 1.293733e+00 1.244811e+00 1.191701e+00 1.108800e+00 2.310513e-04
<GCONST> 6.975939e+01
<MIXTURE> 121 4.567511e-03
<MEAN> 25
 2.718013e-01 -2.409648e+00 5.124646e+00 -1.299109e+01 -1.276958e+01 -1.476282e+00 9.635315e-01 -5.119678e+00 -4.029954e+00 -7.548866e-01 -5.333961e+00 -4.223495e+00 2.431322e-02 9.952489e-02 -3.837322e-02 1.012117e-01 1.613892e-01 1.025090e-01 -6.584297e-02 -1.703216e-01 -3.254496e-01 -2.508178e-01 -1.062582e-01 -1.184424e-03 -6.955650e-03
<VARIANCE> 25
 7.773789e+00 1.602210e+01 1.701557e+01 2.061470e+01 2.466068e+01 3.035067e+01 2.902805e+01 2.410611e+01 3.595328e+01 3.115502e+01 2.079791e+01 2.116743e+01 1.518684e-01 6.833474e-01 6.110497e-01 7.138881e-01 7.559251e-01 1.155143e+00 1.106117e+00 1.107593e+00 1.354111e+00 1.171441e+00 9.266272e-01 8.547218e-01 2.178241e-04
<GCONST> 7.167778e+01
<MIXTURE> 122 4.567511e-03
<MEAN> 25
 2.718013e-01 -2.409648e+00 5.124646e+00 -1.299109e+01 -1.276958e+01 -1.476282e+00 9.635315e-01 -5.119678e+00 -4.029954e+00 -7.548866e-01 -5.333961e+00 -4.223495e+00 2.431322e-02 9.952489e-02 -3.837322e-02 1.012117e-01 1.613892e-01 1.025090e-01 -6.584297e-02 -1.703216e-01 -3.254496e-01 -2.508178e-01 -1.062582e-01 -1.184424e-03 -6.955650e-03
<VARIANCE> 25
 7.773789e+00 1.602210e+01 1.701557e+01 2.061470e+01 2.466068e+01 3.035067e+01 2.902805e+01 2.410611e+01 3.595328e+01 3.115502e+01 2.079791e+01 2.116743e+01 1.518684e-01 6.833474e-01 6.110497e-01 7.138881e-01 7.559251e-01 1.155143e+00 1.106117e+00 1.107593e+00 1.354111e+00 1.171441e+00 9.266272e-01 8.547218e-01 2.178241e-04
<GCONST> 7.167778e+01
<MIXTURE> 123 4.393044e-03
<MEAN> 25
 -4.231862e+00 1.256283e+00 2.715724e-01 6.495644e+00 5.769243e+00 2.232739e+00 3.716400e+00 1.052031e+00 1.957867e-02 2.685121e-01 -8.155043e-01 6.197772e-01 -4.521644e-01 -6.306903e-01 -8.268293e-01 -6.158665e-01 -1.500511e-01 4.314222e-02 2.847672e-01 5.678993e-01 7.044850e-01 7.889227e-01 7.342070e-01 5.572861e-01 -2.741024e-03
<VARIANCE> 25
 1.001215e+01 1.084929e+01 1.434263e+01 1.676900e+01 2.201827e+01 3.597789e+01 2.128570e+01 2.111666e+01 1.939820e+01 2.027540e+01 2.497841e+01 1.816712e+01 3.482827e-01 4.814091e-01 4.776824e-01 6.754869e-01 9.581928e-01 1.096235e+00 1.294947e+00 1.225066e+00 1.348492e+00 1.165966e+00 1.107413e+00 1.119956e+00 9.360044e-05
<GCONST> 6.997778e+01
<MIXTURE> 124 4.069876e-03
<MEAN> 25
 -6.628311e+00 -1.101308e+00 -2.584787e+00 5.477032e+00 5.713896e+00 2.198597e+00 5.659458e+00 3.165922e+00 3.244121e+00 2.164302e+00 1.570796e-01 2.585958e+00 -2.261500e-01 -3.199583e-01 -3.133883e-01 -9.430299e-02 1.217714e-01 5.092386e-01 8.456301e-01 8.310473e-01 6.735452e-01 1.841056e-01 -6.938558e-02 -7.583022e-02 1.186075e-04
<VARIANCE> 25
 9.973604e+00 6.683476e+00 1.043665e+01 1.220357e+01 1.438981e+01 2.437257e+01 1.476598e+01 1.690654e+01 1.424253e+01 1.870940e+01 2.339656e+01 1.537211e+01 1.152388e-01 1.724792e-01 2.724071e-01 4.751810e-01 5.222554e-01 6.719940e-01 7.413486e-01 7.348939e-01 8.126892e-01 1.172445e+00 1.123393e+00 9.725132e-01 1.798395e-05
<GCONST> 5.934093e+01
<MIXTURE> 125 4.069876e-03
<MEAN> 25
 -6.628311e+00 -1.101308e+00 -2.584787e+00 5.477032e+00 5.713896e+00 2.198597e+00 5.659458e+00 3.165922e+00 3.244121e+00 2.164302e+00 1.570796e-01 2.585958e+00 -2.261500e-01 -3.199583e-01 -3.133883e-01 -9.430299e-02 1.217714e-01 5.092386e-01 8.456301e-01 8.310473e-01 6.735452e-01 1.841056e-01 -6.938558e-02 -7.583022e-02 1.186075e-04
<VARIANCE> 25
 9.973604e+00 6.683476e+00 1.043665e+01 1.220357e+01 1.438981e+01 2.437257e+01 1.476598e+01 1.690654e+01 1.424253e+01 1.870940e+01 2.339656e+01 1.537211e+01 1.152388e-01 1.724792e-01 2.724071e-01 4.751810e-01 5.222554e-01 6.719940e-01 7.413486e-01 7.348939e-01 8.126892e-01 1.172445e+00 1.123393e+00 9.725132e-01 1.798395e-05
<GCONST> 5.934093e+01
<MIXTURE> 126 2.402244e-03
<MEAN> 25
 -3.890742e+00 -6.782992e+00 -5.202444e+00 2.533231e+00 4.489244e+00 -3.351360e+00 2.243331e-01 3.757312e+00 3.401197e+00 -2.417508e+00 -1.506694e+00 3.071118e+00 -1.817825e-03 -2.235548e-02 -3.715803e-02 -1.720191e-01 -3.097163e-01 -3.537998e-01 -3.073920e-01 -1.683353e-01 -1.406944e-01 -8.823094e-02 -8.485938e-02 -3.667639e-02 -1.748393e-03
<VARIANCE> 25
 7.630312e+00 1.294554e+01 1.368760e+01 1.642855e+01 2.522915e+01 2.345764e+01 2.283735e+01 2.892733e+01 3.065035e+01 2.759788e+01 2.144431e+01 1.891108e+01 1.665730e-01 3.730306e-01 4.761248e-01 5.645682e-01 7.435718e-01 1.017365e+00 1.146100e+00 1.253868e+00 1.341429e+00 1.298057e+00 1.201738e+00 1.119243e+00 2.097650e-04
<GCONST> 6.995015e+01
<MIXTURE> 127 2.402244e-03
<MEAN> 25
 -3.890742e+00 -6.782992e+00 -5.202444e+00 2.533231e+00 4.489244e+00 -3.351360e+00 2.243331e-01 3.757312e+00 3.401197e+00 -2.417508e+00 -1.506694e+00 3.071118e+00 -1.817825e-03 -2.235548e-02 -3.715803e-02 -1.720191e-01 -3.097163e-01 -3.537998e-01 -3.073920e-01 -1.683353e-01 -1.406944e-01 -8.823094e-02 -8.485938e-02 -3.667639e-02 -1.748393e-03
<VARIANCE> 25
 7.630312e+00 1.294554e+01 1.368760e+01 1.642855e+01 2.522915e+01 2.345764e+01 2.283735e+01 2.892733e+01 3.065035e+01 2.759788e+01 2.144431e+01 1.891108e+01 1.665730e-01 3.730306e-01 4.761248e-01 5.645682e-01 7.435718e-01 1.017365e+00 1.146100e+00 1.253868e+00 1.341429e+00 1.298057e+00 1.201738e+00 1.119243e+00 2.097650e-04
<GCONST> 6.995015e+01
<MIXTURE> 128 3.790457e-03
<MEAN> 25
 -3.936679e+00 1.542233e+00 -3.395808e-01 6.570314e+00 3.632648e+00 1.836523e+00 3.584592e+00 2.382417e+00 3.950969e+00 3.715797e+00 3.756640e+00 3.526353e+00 -3.949403e-01 -1.976482e-01 9.736092e-02 7.258101e-01 1.181720e+00 1.132823e+00 7.159808e-01 1.329643e-01 -4.356174e-01 -7.867715e-01 -7.018555e-01 -3.937173e-01 -3.592614e-05
<VARIANCE> 25
 1.022734e+01 1.170790e+01 1.496015e+01 1.929522e+01 2.005470e+01 2.133367e+01 2.427560e+01 2.467406e+01 2.644408e+01 2.391337e+01 2.685392e+01 1.819029e+01 8.910406e-01 1.144846e+00 1.363096e+00 1.502977e+00 1.580421e+00 1.861887e+00 2.247390e+00 2.321252e+00 2.150149e+00 1.854778e+00 1.741988e+00 1.744918e+00 1.007412e-06
<GCONST> 7.364742e+01
<TRANSP> 3
 0.000000e+00 1.000000e+00 0.000000e+00
 0.000000e+00 9.999990e-01 9.999998e-07
 0.000000e+00 0.000000e+00 0.000000e+00
<ENDHMM>
