~o
<STREAMINFO> 1 25
<VECSIZE> 25<NULLD><MFCC_E_D_N><DIAGC>
~h "jmodel"
<BEGINHMM>
<NUMSTATES> 3
<STATE> 2
<NUMMIXES> 128
<MIXTURE> 1 5.748963e-03
<MEAN> 25
 -2.584052e+00 3.182426e+00 2.311736e+00 8.754891e+00 4.372840e+00 3.447980e+00 4.064330e+00 3.936799e+00 5.831393e+00 5.253171e+00 5.884243e+00 3.080894e+00 -2.004518e+00 -1.634694e+00 -8.640612e-01 1.076205e+00 1.560815e+00 2.232529e+00 2.154519e+00 2.084916e+00 1.693497e+00 1.269672e+00 1.567406e+00 6.131184e-01 -4.692226e-02
<VARIANCE> 25
 1.006229e+01 1.176244e+01 1.494475e+01 1.868078e+01 2.318971e+01 2.216440e+01 2.190787e+01 2.198120e+01 2.100135e+01 2.253516e+01 2.094944e+01 1.708267e+01 1.789079e+00 2.111799e+00 3.026242e+00 3.209530e+00 3.739274e+00 3.356183e+00 3.318995e+00 3.380282e+00 3.521318e+00 3.726763e+00 3.513581e+00 2.834339e+00 3.121455e-03
<GCONST> 8.846494e+01
<MIXTURE> 2 4.549242e-03
<MEAN> 25
 -4.852230e+00 1.407398e+00 9.902371e-01 9.856585e+00 6.738777e+00 7.306843e+00 7.981147e+00 7.089901e+00 8.290363e+00 6.338306e+00 7.490989e+00 3.056931e+00 -6.151363e-02 4.865061e-02 1.438050e-01 2.223536e-01 2.511264e-01 2.834518e-01 3.141423e-01 3.182769e-01 3.320531e-01 2.892257e-01 1.822810e-01 8.411653e-02 1.934375e-05
<VARIANCE> 25
 6.898919e+00 9.445227e+00 1.050947e+01 1.583267e+01 1.716252e+01 1.636243e+01 1.797639e+01 1.949922e+01 1.686175e+01 1.724017e+01 1.915693e+01 1.417155e+01 1.235861e-01 2.271699e-01 3.320878e-01 4.618123e-01 6.551110e-01 8.044457e-01 9.429491e-01 9.899482e-01 1.060800e+00 1.091700e+00 1.077675e+00 1.001620e+00 1.010986e-06
<GCONST> 5.827286e+01
<MIXTURE> 3 4.549242e-03
<MEAN> 25
 -4.852230e+00 1.407398e+00 9.902371e-01 9.856585e+00 6.738777e+00 7.306843e+00 7.981147e+00 7.089901e+00 8.290363e+00 6.338306e+00 7.490989e+00 3.056931e+00 -6.151363e-02 4.865061e-02 1.438050e-01 2.223536e-01 2.511264e-01 2.834518e-01 3.141423e-01 3.182769e-01 3.320531e-01 2.892257e-01 1.822810e-01 8.411653e-02 1.934375e-05
<VARIANCE> 25
 6.898919e+00 9.445227e+00 1.050947e+01 1.583267e+01 1.716252e+01 1.636243e+01 1.797639e+01 1.949922e+01 1.686175e+01 1.724017e+01 1.915693e+01 1.417155e+01 1.235861e-01 2.271699e-01 3.320878e-01 4.618123e-01 6.551110e-01 8.044457e-01 9.429491e-01 9.899482e-01 1.060800e+00 1.091700e+00 1.077675e+00 1.001620e+00 1.010986e-06
<GCONST> 5.827286e+01
<MIXTURE> 4 1.671429e-02
<MEAN> 25
 2.909514e+00 2.014652e+00 -3.944976e+00 1.054080e+00 3.566487e+00 -1.231577e+00 5.456219e-01 3.912686e-01 2.023882e+00 3.112420e+00 -2.745826e+00 -3.347651e-01 -2.909616e+00 1.729962e+00 1.420269e+00 2.205760e+00 1.194179e+00 -3.861074e-02 1.832289e+00 9.769099e-01 1.019980e+00 1.311113e-01 8.445543e-01 1.519175e+00 -7.981724e-02
<VARIANCE> 25
 1.959978e+01 2.493029e+01 2.657764e+01 3.171335e+01 4.572401e+01 5.686181e+01 5.733913e+01 4.275175e+01 4.384480e+01 5.654993e+01 4.098583e+01 3.296036e+01 2.122408e+00 5.712147e+00 3.675070e+00 5.942256e+00 4.283580e+00 6.317805e+00 5.067988e+00 4.407754e+00 4.834731e+00 5.956625e+00 5.023980e+00 4.698968e+00 7.044563e-03
<GCONST> 1.031170e+02
<MIXTURE> 5 3.206198e-03
<MEAN> 25
 -3.410655e+00 2.203910e+00 6.092224e-01 9.421724e+00 6.722916e+00 6.265310e+00 7.144832e+00 4.757412e+00 5.476752e+00 3.846433e+00 4.637352e+00 2.608266e+00 -3.231617e-01 7.528582e-01 1.220887e+00 1.025466e+00 3.030908e-01 -1.033938e-01 -8.253575e-02 3.803735e-02 4.612738e-01 6.832698e-01 4.068986e-01 9.017749e-02 -2.470531e-05
<VARIANCE> 25
 1.022097e+01 1.400906e+01 2.339240e+01 2.552881e+01 2.031951e+01 2.000036e+01 2.029602e+01 2.058962e+01 2.143870e+01 2.119707e+01 2.411378e+01 1.630202e+01 1.205626e+00 1.239420e+00 1.355569e+00 1.680009e+00 2.280721e+00 2.372497e+00 2.296458e+00 2.272281e+00 2.316834e+00 2.234415e+00 2.086597e+00 1.867923e+00 1.000552e-06
<GCONST> 7.519381e+01
<MIXTURE> 6 5.475854e-03
<MEAN> 25
 8.644500e+00 -7.515767e-01 -6.284903e+00 -1.031957e+01 -2.759407e+00 7.060212e+00 -6.868475e+00 -6.215842e+00 -3.161821e+00 1.010205e+00 6.068502e+00 -1.132285e+00 4.103412e-01 8.767658e-01 -3.059756e-01 -1.535750e+00 -5.600399e-01 1.426474e+00 1.659315e+00 1.790104e-02 -1.077460e+00 -1.100707e+00 2.744904e-01 1.258373e+00 -6.041164e-03
<VARIANCE> 25
 1.543076e+01 1.601797e+01 2.246943e+01 3.870620e+01 3.525351e+01 2.803491e+01 4.540369e+01 3.955119e+01 3.910786e+01 3.989755e+01 5.034838e+01 2.539380e+01 3.177221e-01 7.691028e-01 9.561214e-01 1.847661e+00 1.458705e+00 1.946736e+00 1.822363e+00 2.276011e+00 2.271055e+00 1.866784e+00 2.027797e+00 1.307557e+00 5.464322e-04
<GCONST> 8.365414e+01
<MIXTURE> 7 5.475854e-03
<MEAN> 25
 8.644500e+00 -7.515767e-01 -6.284903e+00 -1.031957e+01 -2.759407e+00 7.060212e+00 -6.868475e+00 -6.215842e+00 -3.161821e+00 1.010205e+00 6.068502e+00 -1.132285e+00 4.103412e-01 8.767658e-01 -3.059756e-01 -1.535750e+00 -5.600399e-01 1.426474e+00 1.659315e+00 1.790104e-02 -1.077460e+00 -1.100707e+00 2.744904e-01 1.258373e+00 -6.041164e-03
<VARIANCE> 25
 1.543076e+01 1.601797e+01 2.246943e+01 3.870620e+01 3.525351e+01 2.803491e+01 4.540369e+01 3.955119e+01 3.910786e+01 3.989755e+01 5.034838e+01 2.539380e+01 3.177221e-01 7.691028e-01 9.561214e-01 1.847661e+00 1.458705e+00 1.946736e+00 1.822363e+00 2.276011e+00 2.271055e+00 1.866784e+00 2.027797e+00 1.307557e+00 5.464322e-04
<GCONST> 8.365414e+01
<MIXTURE> 8 1.165917e-02
<MEAN> 25
 -4.728422e+00 1.366330e+00 1.292131e+00 9.558848e+00 6.577703e+00 6.249987e+00 6.483148e+00 5.690176e+00 6.656435e+00 5.630999e+00 6.570322e+00 3.153582e+00 -6.289780e-01 -1.425139e+00 -1.070933e+00 -1.731516e+00 -2.320265e-01 -9.447421e-01 -1.776303e-01 -2.900524e-01 -2.532784e-01 -1.739580e-01 -2.133122e-01 8.178613e-02 9.886865e-02
<VARIANCE> 25
 9.343395e+00 9.868864e+00 1.160695e+01 1.605026e+01 1.663909e+01 1.575662e+01 1.813976e+01 1.750870e+01 1.705168e+01 1.737221e+01 1.889115e+01 1.399214e+01 2.757622e+00 2.815466e+00 3.905630e+00 3.761270e+00 3.457053e+00 3.316731e+00 3.127734e+00 3.080303e+00 2.871258e+00 2.654652e+00 2.433865e+00 1.901907e+00 6.680766e-03
<GCONST> 8.629272e+01
<MIXTURE> 9 1.199672e-02
<MEAN> 25
 9.056886e+00 2.844652e+00 -5.404053e+00 -1.025906e+01 -2.478146e+00 5.517527e+00 -1.318608e+00 -2.460956e+00 -5.534538e+00 -5.849090e-01 4.492804e-01 7.960807e-01 1.458529e+00 -5.891510e-01 -4.286356e-01 -2.703688e+00 -1.751567e+00 1.277198e+00 -1.129606e+00 -4.957430e-01 -1.712764e-01 -3.868513e-01 5.605150e-01 -2.227829e-01 8.253777e-02
<VARIANCE> 25
 1.142891e+01 2.242607e+01 3.493549e+01 4.970966e+01 4.562514e+01 3.155972e+01 4.706232e+01 4.690293e+01 3.863219e+01 4.058578e+01 3.321878e+01 2.923783e+01 1.930770e+00 3.889351e+00 4.134026e+00 4.518017e+00 4.657814e+00 5.283790e+00 4.053688e+00 6.165245e+00 4.665491e+00 3.918207e+00 3.622759e+00 2.594207e+00 2.757001e-03
<GCONST> 9.877893e+01
<MIXTURE> 10 6.596976e-03
<MEAN> 25
 8.210228e-01 7.633912e+00 5.375515e+00 7.148774e+00 1.587142e+00 -2.115348e+00 -5.182679e-01 -1.685307e+00 8.744767e-01 8.603303e-01 8.385583e-01 6.573105e-01 -1.924938e+00 -6.730682e-01 -4.586433e-01 3.028045e+00 2.463300e+00 2.710138e+00 2.373929e+00 2.277860e+00 1.861583e+00 1.545095e+00 2.335710e+00 5.249528e-01 -1.381396e-01
<VARIANCE> 25
 1.954164e+01 2.068842e+01 2.230694e+01 2.906044e+01 3.831291e+01 3.494049e+01 3.514458e+01 3.384007e+01 2.761166e+01 2.905078e+01 2.696121e+01 2.501447e+01 2.234910e+00 3.427520e+00 5.535326e+00 5.169796e+00 5.552055e+00 4.471283e+00 4.699634e+00 4.843362e+00 4.388484e+00 5.020857e+00 4.442443e+00 3.191325e+00 2.696876e-03
<GCONST> 9.746051e+01
<MIXTURE> 11 1.633820e-02
<MEAN> 25
 7.285668e+00 3.679523e+00 3.063841e+00 4.722988e+00 -2.878790e+00 -1.845257e+00 -2.888583e+00 -6.139245e+00 -4.073007e+00 5.647377e-01 -1.697070e+00 -2.232765e+00 -2.521799e-01 6.363707e-01 -1.127127e-01 2.373219e-01 5.895478e-01 -7.649188e-02 4.552207e-01 3.745720e-02 -3.141968e-01 1.226003e-01 -1.677344e-01 1.273376e-01 -1.854037e-02
<VARIANCE> 25
 1.121002e+01 2.635049e+01 2.224051e+01 2.874237e+01 3.776233e+01 4.505644e+01 5.604723e+01 4.356137e+01 4.332519e+01 3.312300e+01 4.921290e+01 2.825780e+01 8.623872e-01 1.253103e+00 2.391754e+00 1.972201e+00 1.900651e+00 2.125038e+00 1.977940e+00 2.799173e+00 2.343520e+00 1.898364e+00 1.610019e+00 1.514653e+00 1.085198e-03
<GCONST> 8.813580e+01
<MIXTURE> 12 5.904134e-03
<MEAN> 25
 1.070426e+01 3.699813e+00 -4.493257e+00 -1.593642e+01 -8.683314e+00 8.669240e+00 -9.551831e-01 -1.989889e+00 -1.705651e+00 -4.879051e+00 1.845542e+00 7.169077e-01 6.416380e-02 2.934123e-01 8.026781e-02 -3.713115e-01 -3.060423e-01 3.379262e-02 3.096561e-01 4.451303e-01 1.443602e-01 -3.802110e-01 -3.890027e-01 5.316686e-02 -6.244619e-03
<VARIANCE> 25
 9.446259e+00 2.125306e+01 2.322411e+01 3.541532e+01 4.185733e+01 3.092011e+01 4.210831e+01 4.951437e+01 4.397690e+01 3.729061e+01 3.875136e+01 2.877125e+01 2.473262e-01 6.871092e-01 6.832156e-01 1.166458e+00 1.183287e+00 1.053582e+00 1.171479e+00 1.385232e+00 1.235896e+00 1.220745e+00 1.216796e+00 9.567544e-01 5.788332e-04
<GCONST> 7.900262e+01
<MIXTURE> 13 5.904134e-03
<MEAN> 25
 1.070426e+01 3.699813e+00 -4.493257e+00 -1.593642e+01 -8.683314e+00 8.669240e+00 -9.551831e-01 -1.989889e+00 -1.705651e+00 -4.879051e+00 1.845542e+00 7.169077e-01 6.416380e-02 2.934123e-01 8.026781e-02 -3.713115e-01 -3.060423e-01 3.379262e-02 3.096561e-01 4.451303e-01 1.443602e-01 -3.802110e-01 -3.890027e-01 5.316686e-02 -6.244619e-03
<VARIANCE> 25
 9.446259e+00 2.125306e+01 2.322411e+01 3.541532e+01 4.185733e+01 3.092011e+01 4.210831e+01 4.951437e+01 4.397690e+01 3.729061e+01 3.875136e+01 2.877125e+01 2.473262e-01 6.871092e-01 6.832156e-01 1.166458e+00 1.183287e+00 1.053582e+00 1.171479e+00 1.385232e+00 1.235896e+00 1.220745e+00 1.216796e+00 9.567544e-01 5.788332e-04
<GCONST> 7.900262e+01
<MIXTURE> 14 6.488954e-03
<MEAN> 25
 -4.280542e+00 -2.391877e-01 -3.172876e-01 8.827777e+00 7.523699e+00 7.189148e+00 7.973467e+00 7.398834e+00 7.141788e+00 5.165065e+00 6.741214e+00 4.162148e+00 -2.686862e-01 1.865281e-01 3.696872e-01 3.316746e-01 3.402167e-02 7.498848e-02 8.057771e-02 1.676089e-01 3.023593e-01 5.444322e-01 5.028739e-01 6.650342e-02 -8.997282e-03
<VARIANCE> 25
 9.225554e+00 1.475068e+01 1.833211e+01 1.806663e+01 2.064099e+01 2.136623e+01 2.241068e+01 2.061038e+01 2.047667e+01 2.377396e+01 2.199607e+01 1.603270e+01 9.495140e-01 1.619587e+00 1.746663e+00 1.948247e+00 2.274790e+00 2.238084e+00 2.251926e+00 2.214943e+00 2.253213e+00 2.472629e+00 2.165488e+00 1.791757e+00 1.019779e-03
<GCONST> 8.201554e+01
<MIXTURE> 15 2.475190e-03
<MEAN> 25
 -5.409340e+00 -6.096212e-01 -2.031487e-01 7.359918e+00 5.721732e+00 5.654963e+00 6.084825e+00 5.000216e+00 5.151008e+00 4.160457e+00 5.485712e+00 2.552424e+00 -1.213278e-01 -2.613138e-02 7.791217e-02 2.451447e-01 4.863225e-01 7.882955e-01 1.076753e+00 1.182531e+00 1.058463e+00 7.537204e-01 4.185874e-01 1.490190e-01 -6.803258e-05
<VARIANCE> 25
 7.012877e+00 5.893740e+00 8.998842e+00 1.278097e+01 1.402873e+01 1.479643e+01 1.501391e+01 1.494868e+01 1.409571e+01 1.414120e+01 1.511627e+01 1.249995e+01 1.242894e-01 2.077536e-01 3.207468e-01 5.016947e-01 6.993782e-01 7.916133e-01 7.653057e-01 7.886155e-01 9.058362e-01 1.021572e+00 1.067525e+00 1.042412e+00 2.790732e-05
<GCONST> 5.866225e+01
<MIXTURE> 16 2.475190e-03
<MEAN> 25
 -5.409340e+00 -6.096212e-01 -2.031487e-01 7.359918e+00 5.721732e+00 5.654963e+00 6.084825e+00 5.000216e+00 5.151008e+00 4.160457e+00 5.485712e+00 2.552424e+00 -1.213278e-01 -2.613138e-02 7.791217e-02 2.451447e-01 4.863225e-01 7.882955e-01 1.076753e+00 1.182531e+00 1.058463e+00 7.537204e-01 4.185874e-01 1.490190e-01 -6.803258e-05
<VARIANCE> 25
 7.012877e+00 5.893740e+00 8.998842e+00 1.278097e+01 1.402873e+01 1.479643e+01 1.501391e+01 1.494868e+01 1.409571e+01 1.414120e+01 1.511627e+01 1.249995e+01 1.242894e-01 2.077536e-01 3.207468e-01 5.016947e-01 6.993782e-01 7.916133e-01 7.653057e-01 7.886155e-01 9.058362e-01 1.021572e+00 1.067525e+00 1.042412e+00 2.790732e-05
<GCONST> 5.866225e+01
<MIXTURE> 17 9.518312e-03
<MEAN> 25
 3.669830e+00 -8.436854e-01 6.528207e+00 2.304829e+00 -5.778217e+00 -5.939034e+00 -3.476083e+00 -2.302135e-01 -2.690913e+00 -3.213736e+00 3.697007e-01 3.743494e-02 -6.802724e-01 -1.234909e+00 1.312319e+00 -2.054508e+00 -2.334668e+00 2.072212e-02 -2.326614e-02 5.619917e-01 -2.492224e-01 -1.868887e-01 1.067964e+00 3.306092e-01 8.290417e-02
<VARIANCE> 25
 1.672682e+01 3.232563e+01 3.129266e+01 3.745799e+01 4.431520e+01 5.024742e+01 4.607420e+01 3.337825e+01 3.412071e+01 2.907880e+01 2.928114e+01 2.742809e+01 1.900789e+00 2.660643e+00 4.165756e+00 3.051383e+00 3.956922e+00 5.650754e+00 5.852503e+00 5.076180e+00 3.985346e+00 3.916325e+00 3.096010e+00 2.709239e+00 2.188344e-03
<GCONST> 9.735322e+01
<MIXTURE> 18 1.221018e-02
<MEAN> 25
 3.790474e+00 4.298442e+00 6.426737e+00 4.703135e+00 -4.610409e+00 -8.124692e+00 -1.896497e+00 -1.048743e+00 -3.198689e+00 -2.200185e+00 -9.852861e-01 2.169571e-01 -7.747910e-01 2.221210e+00 -2.063079e-01 1.904456e+00 3.072364e+00 1.297745e+00 8.610181e-01 -1.618236e-01 6.219928e-01 4.976223e-01 -3.296492e-01 -1.039269e-02 -1.207929e-01
<VARIANCE> 25
 1.613376e+01 2.603567e+01 3.409881e+01 2.503833e+01 3.866552e+01 3.369593e+01 3.743253e+01 3.435689e+01 3.934601e+01 3.609794e+01 3.273558e+01 3.213916e+01 2.531021e+00 3.082901e+00 4.555263e+00 4.230954e+00 3.944723e+00 5.249927e+00 4.502009e+00 4.297783e+00 4.406394e+00 4.210759e+00 4.376990e+00 3.787025e+00 4.119629e-03
<GCONST> 9.852889e+01
<MIXTURE> 19 9.912824e-03
<MEAN> 25
 -9.905307e+00 1.928649e+00 1.742141e-01 1.071483e+00 4.007994e+00 1.337128e+00 3.565524e+00 1.288391e+00 1.901800e+00 1.159303e+00 9.612707e-01 2.026192e+00 2.023021e+00 1.655440e+00 2.198206e+00 7.605550e-01 -1.048330e+00 -1.012688e+00 -1.058094e+00 -1.363151e+00 -1.528714e+00 -1.118432e+00 -7.773973e-01 -7.816879e-01 9.433871e-04
<VARIANCE> 25
 5.554241e+01 2.983387e+01 4.719423e+01 5.227013e+01 3.287107e+01 3.423314e+01 3.464958e+01 3.131667e+01 2.869723e+01 2.646989e+01 3.181311e+01 2.046318e+01 2.528803e+00 2.353063e+00 2.171978e+00 2.261524e+00 2.513883e+00 2.194889e+00 2.433762e+00 2.412869e+00 2.143282e+00 2.018860e+00 2.303344e+00 1.784667e+00 2.374919e-03
<GCONST> 9.198598e+01
<MIXTURE> 20 6.308331e-03
<MEAN> 25
 -1.418134e+01 7.416210e+00 8.452026e-01 6.152265e+00 4.843582e+00 1.636947e+00 5.209305e+00 8.537365e-01 9.223573e-01 7.987940e-01 2.568478e+00 -3.023447e-01 -3.285936e+00 -8.668462e-01 -1.565155e+00 3.325685e-01 1.541047e+00 2.063106e+00 1.979256e+00 2.056197e+00 2.144593e+00 2.040227e+00 1.684717e+00 9.453076e-01 4.732083e-02
<VARIANCE> 25
 1.966438e+01 2.345536e+01 3.096035e+01 3.717581e+01 3.084951e+01 2.789171e+01 2.993258e+01 3.147523e+01 2.796432e+01 2.821388e+01 2.516054e+01 2.091818e+01 2.092063e+00 2.182410e+00 1.909955e+00 2.541372e+00 2.702730e+00 2.313239e+00 2.310102e+00 2.319999e+00 2.235407e+00 2.652263e+00 2.241479e+00 1.865675e+00 1.886421e-03
<GCONST> 8.921909e+01
<MIXTURE> 21 7.928653e-03
<MEAN> 25
 3.988685e+00 -4.537782e+00 5.761338e+00 -1.529514e+00 -1.056651e+01 -8.694938e+00 -2.640880e+00 4.161453e+00 -2.068845e+00 -3.408875e+00 2.453802e-01 3.140069e-01 -7.184672e-01 1.343530e+00 2.583295e+00 -3.634315e-02 -1.542768e+00 3.239106e-01 5.900301e-01 -1.488351e+00 -1.959473e+00 3.097445e-01 1.322871e+00 2.412180e-01 -1.290257e-02
<VARIANCE> 25
 8.937124e+00 1.879023e+01 2.958052e+01 2.838373e+01 2.851345e+01 3.340770e+01 4.294186e+01 3.931900e+01 4.295189e+01 3.159505e+01 3.382593e+01 2.328525e+01 3.807926e-01 9.473660e-01 1.856080e+00 1.302061e+00 2.221131e+00 2.212273e+00 3.626323e+00 2.510746e+00 2.170466e+00 2.587440e+00 2.017191e+00 2.281252e+00 4.369501e-04
<GCONST> 8.515628e+01
<MIXTURE> 22 8.827789e-03
<MEAN> 25
 -1.792103e+01 7.155337e+00 -4.131397e+00 7.390964e+00 4.602986e+00 2.759029e+00 8.399677e+00 1.748513e+00 5.379911e+00 3.300803e+00 5.713983e+00 1.185483e+00 -3.095344e-01 -2.076454e-01 -1.253132e-01 -1.491819e-01 -7.170215e-03 1.369295e-01 1.807046e-01 1.778098e-01 2.482889e-01 2.072588e-01 1.727353e-01 1.924811e-01 8.853673e-03
<VARIANCE> 25
 8.115932e+00 1.682536e+01 1.738116e+01 2.518523e+01 2.289454e+01 2.086427e+01 1.942855e+01 1.870929e+01 1.814038e+01 2.086634e+01 1.928198e+01 1.378838e+01 1.090783e+00 1.357215e+00 1.364507e+00 1.571954e+00 1.408730e+00 1.526850e+00 1.508772e+00 1.532817e+00 1.614282e+00 1.545138e+00 1.357454e+00 1.168467e+00 1.745547e-03
<GCONST> 7.831362e+01
<MIXTURE> 23 6.455497e-03
<MEAN> 25
 7.645446e+00 2.605033e+00 2.859254e+00 2.444737e+00 -4.398888e+00 -3.133786e+00 -3.653435e+00 -6.056336e+00 -3.466164e+00 -1.069926e+00 -4.169161e+00 -1.980832e+00 1.199961e-02 1.658972e-01 7.192071e-03 5.407752e-02 2.836300e-02 6.190090e-02 2.889428e-02 -6.317354e-02 -2.908039e-02 5.905717e-02 5.288268e-03 7.093595e-02 -4.515834e-03
<VARIANCE> 25
 1.213179e+01 2.268636e+01 2.515212e+01 4.053024e+01 4.233176e+01 5.443577e+01 6.728220e+01 6.057115e+01 4.647604e+01 4.549314e+01 4.937992e+01 3.929581e+01 1.287882e-01 2.934927e-01 3.664334e-01 4.730651e-01 5.981442e-01 7.071606e-01 7.608398e-01 9.220569e-01 9.262577e-01 8.645796e-01 8.071201e-01 7.785427e-01 8.812125e-05
<GCONST> 7.350758e+01
<MIXTURE> 24 6.455497e-03
<MEAN> 25
 7.645446e+00 2.605033e+00 2.859254e+00 2.444737e+00 -4.398888e+00 -3.133786e+00 -3.653435e+00 -6.056336e+00 -3.466164e+00 -1.069926e+00 -4.169161e+00 -1.980832e+00 1.199961e-02 1.658972e-01 7.192071e-03 5.407752e-02 2.836300e-02 6.190090e-02 2.889428e-02 -6.317354e-02 -2.908039e-02 5.905717e-02 5.288268e-03 7.093595e-02 -4.515834e-03
<VARIANCE> 25
 1.213179e+01 2.268636e+01 2.515212e+01 4.053024e+01 4.233176e+01 5.443577e+01 6.728220e+01 6.057115e+01 4.647604e+01 4.549314e+01 4.937992e+01 3.929581e+01 1.287882e-01 2.934927e-01 3.664334e-01 4.730651e-01 5.981442e-01 7.071606e-01 7.608398e-01 9.220569e-01 9.262577e-01 8.645796e-01 8.071201e-01 7.785427e-01 8.812125e-05
<GCONST> 7.350758e+01
<MIXTURE> 25 1.118642e-02
<MEAN> 25
 1.513546e-01 2.938204e+00 1.543225e+01 -1.327025e-01 -1.055923e+01 -2.165361e+00 -5.638463e+00 -2.857944e+00 -7.406202e+00 -5.589053e+00 4.819205e+00 -2.578535e+00 -1.595373e-02 4.900572e-01 3.059610e-01 1.958281e-01 1.688750e-01 4.690849e-02 3.201113e-01 -1.600510e-01 -5.092190e-01 8.004123e-02 -7.854854e-02 -2.369412e-01 -1.723584e-02
<VARIANCE> 25
 8.580873e+00 2.045007e+01 2.719607e+01 3.159531e+01 3.314159e+01 4.054362e+01 2.586588e+01 2.782134e+01 2.668928e+01 3.473061e+01 2.106965e+01 2.869127e+01 5.868617e-01 1.518378e+00 1.589735e+00 1.355647e+00 2.086724e+00 2.038179e+00 1.775078e+00 1.512096e+00 2.175391e+00 1.485103e+00 1.300552e+00 1.429416e+00 1.345017e-03
<GCONST> 8.315765e+01
<MIXTURE> 26 7.727677e-03
<MEAN> 25
 2.411077e+00 -5.913023e+00 -9.922055e+00 -8.157858e-01 7.608503e+00 5.110517e+00 4.161430e+00 -4.737103e-01 2.006215e+00 -4.184182e-01 -3.416339e+00 -1.336405e+00 -6.704749e-01 6.860511e-01 3.337414e-01 6.857074e-01 2.878779e-01 1.153396e-01 3.619003e-01 3.650956e-01 2.192307e-01 -4.070104e-02 3.564658e-01 4.264719e-01 -5.131204e-02
<VARIANCE> 25
 2.321513e+01 3.526340e+01 2.543722e+01 5.686507e+01 3.870613e+01 4.381745e+01 4.439850e+01 4.121093e+01 3.719271e+01 5.274979e+01 4.069033e+01 4.412725e+01 1.598245e+00 1.844767e+00 1.794214e+00 1.952048e+00 2.261187e+00 2.477682e+00 2.432623e+00 2.549165e+00 2.246616e+00 2.397067e+00 2.068936e+00 1.976548e+00 3.111921e-03
<GCONST> 9.315634e+01
<MIXTURE> 27 7.727677e-03
<MEAN> 25
 2.411077e+00 -5.913023e+00 -9.922055e+00 -8.157858e-01 7.608503e+00 5.110517e+00 4.161430e+00 -4.737103e-01 2.006215e+00 -4.184182e-01 -3.416339e+00 -1.336405e+00 -6.704749e-01 6.860511e-01 3.337414e-01 6.857074e-01 2.878779e-01 1.153396e-01 3.619003e-01 3.650956e-01 2.192307e-01 -4.070104e-02 3.564658e-01 4.264719e-01 -5.131204e-02
<VARIANCE> 25
 2.321513e+01 3.526340e+01 2.543722e+01 5.686507e+01 3.870613e+01 4.381745e+01 4.439850e+01 4.121093e+01 3.719271e+01 5.274979e+01 4.069033e+01 4.412725e+01 1.598245e+00 1.844767e+00 1.794214e+00 1.952048e+00 2.261187e+00 2.477682e+00 2.432623e+00 2.549165e+00 2.246616e+00 2.397067e+00 2.068936e+00 1.976548e+00 3.111921e-03
<GCONST> 9.315634e+01
<MIXTURE> 28 5.036674e-03
<MEAN> 25
 -5.438470e+00 4.214415e-02 -1.566012e+00 6.611350e+00 5.240810e+00 3.482335e+00 5.443759e+00 3.160552e+00 3.910473e+00 2.401494e+00 2.628789e+00 3.228873e+00 -1.149955e-01 2.242273e-01 5.285966e-01 7.840024e-01 8.184695e-01 7.033057e-01 5.276250e-01 3.931507e-01 4.442726e-01 4.804570e-01 3.683440e-01 1.870071e-01 -2.554004e-06
<VARIANCE> 25
 1.044141e+01 8.563699e+00 1.212003e+01 1.480066e+01 1.469270e+01 1.802271e+01 1.819989e+01 1.921162e+01 1.717638e+01 1.670538e+01 2.057734e+01 1.498381e+01 2.556934e-01 3.361885e-01 4.059245e-01 4.631886e-01 6.240209e-01 8.452103e-01 1.059899e+00 1.142835e+00 1.100893e+00 1.028330e+00 1.038035e+00 1.066454e+00 1.037676e-06
<GCONST> 6.033019e+01
<MIXTURE> 29 5.036674e-03
<MEAN> 25
 -5.438470e+00 4.214415e-02 -1.566012e+00 6.611350e+00 5.240810e+00 3.482335e+00 5.443759e+00 3.160552e+00 3.910473e+00 2.401494e+00 2.628789e+00 3.228873e+00 -1.149955e-01 2.242273e-01 5.285966e-01 7.840024e-01 8.184695e-01 7.033057e-01 5.276250e-01 3.931507e-01 4.442726e-01 4.804570e-01 3.683440e-01 1.870071e-01 -2.554004e-06
<VARIANCE> 25
 1.044141e+01 8.563699e+00 1.212003e+01 1.480066e+01 1.469270e+01 1.802271e+01 1.819989e+01 1.921162e+01 1.717638e+01 1.670538e+01 2.057734e+01 1.498381e+01 2.556934e-01 3.361885e-01 4.059245e-01 4.631886e-01 6.240209e-01 8.452103e-01 1.059899e+00 1.142835e+00 1.100893e+00 1.028330e+00 1.038035e+00 1.066454e+00 1.037676e-06
<GCONST> 6.033019e+01
<MIXTURE> 30 8.917812e-03
<MEAN> 25
 -4.074287e+00 1.427895e+00 6.951492e-01 8.808770e+00 8.337245e+00 5.211386e+00 8.491806e+00 7.679168e+00 5.435464e+00 4.518175e+00 5.451720e+00 3.582494e+00 1.300677e-02 9.242009e-02 8.453967e-02 1.524362e-01 8.592112e-02 2.716585e-02 4.277766e-02 7.088829e-03 -5.247336e-02 3.729312e-02 4.245562e-02 7.296094e-02 -5.008539e-04
<VARIANCE> 25
 6.342989e+00 1.719538e+01 8.525301e+00 1.162113e+01 1.460893e+01 3.207272e+01 1.960951e+01 1.833478e+01 1.812197e+01 1.619978e+01 2.609491e+01 1.295861e+01 9.301914e-02 2.040969e-01 2.738504e-01 4.367067e-01 5.434674e-01 6.423491e-01 7.941056e-01 7.209800e-01 7.740953e-01 8.247398e-01 8.052017e-01 7.753310e-01 5.240230e-05
<GCONST> 6.030057e+01
<MIXTURE> 31 4.136493e-03
<MEAN> 25
 -3.265564e+00 -5.300643e+00 4.633890e-02 4.884289e+00 3.803714e+00 1.441167e+00 5.421709e+00 6.754528e+00 2.598045e+00 1.238341e+00 6.315977e+00 3.235400e+00 2.523462e-01 4.649228e-01 -2.076471e-01 3.074917e-01 1.207546e-01 4.184245e-01 1.865963e-01 1.283207e-02 3.741908e-01 3.721778e-01 1.095718e-01 1.131294e-01 -1.798870e-02
<VARIANCE> 25
 7.036820e+00 2.007607e+01 1.707404e+01 1.768087e+01 2.516837e+01 2.538801e+01 2.424895e+01 2.511328e+01 2.617731e+01 2.742609e+01 2.148327e+01 1.865078e+01 1.929788e-01 4.895794e-01 5.997491e-01 7.637356e-01 9.663199e-01 1.078756e+00 1.227534e+00 1.382666e+00 1.322944e+00 1.296991e+00 1.224838e+00 1.117623e+00 2.575040e-04
<GCONST> 7.206870e+01
<MIXTURE> 32 4.136493e-03
<MEAN> 25
 -3.265564e+00 -5.300643e+00 4.633890e-02 4.884289e+00 3.803714e+00 1.441167e+00 5.421709e+00 6.754528e+00 2.598045e+00 1.238341e+00 6.315977e+00 3.235400e+00 2.523462e-01 4.649228e-01 -2.076471e-01 3.074917e-01 1.207546e-01 4.184245e-01 1.865963e-01 1.283207e-02 3.741908e-01 3.721778e-01 1.095718e-01 1.131294e-01 -1.798870e-02
<VARIANCE> 25
 7.036820e+00 2.007607e+01 1.707404e+01 1.768087e+01 2.516837e+01 2.538801e+01 2.424895e+01 2.511328e+01 2.617731e+01 2.742609e+01 2.148327e+01 1.865078e+01 1.929788e-01 4.895794e-01 5.997491e-01 7.637356e-01 9.663199e-01 1.078756e+00 1.227534e+00 1.382666e+00 1.322944e+00 1.296991e+00 1.224838e+00 1.117623e+00 2.575040e-04
<GCONST> 7.206870e+01
<MIXTURE> 33 1.508826e-02
<MEAN> 25
 6.444500e+00 -4.544769e+00 -1.792799e+00 -2.321436e+00 -2.682488e+00 -4.408730e+00 -7.626122e+00 1.124808e+00 1.649735e+00 6.481411e-02 -3.338238e+00 -2.439040e+00 5.873047e-01 -1.175430e+00 -2.244028e+00 -1.878455e+00 1.229116e+00 1.532337e+00 -6.205643e-01 5.224857e-01 1.126181e+00 5.720461e-01 -3.589960e-01 -1.399994e+00 3.691705e-02
<VARIANCE> 25
 9.626541e+00 2.140726e+01 2.754057e+01 3.376822e+01 3.988228e+01 5.293042e+01 4.255492e+01 4.393727e+01 3.978938e+01 4.519533e+01 4.464921e+01 2.847010e+01 1.128840e+00 1.779116e+00 2.372175e+00 1.999542e+00 4.271206e+00 3.371585e+00 4.091144e+00 5.255639e+00 3.802577e+00 4.140250e+00 3.061295e+00 2.442004e+00 1.418474e-03
<GCONST> 9.414046e+01
<MIXTURE> 34 1.588179e-02
<MEAN> 25
 8.077375e+00 -3.936142e-01 -1.288934e-01 8.639339e-01 -2.688857e+00 -9.574410e-01 -5.823184e+00 -4.865610e+00 -1.518686e+00 6.846506e-01 -2.412294e+00 -3.578742e+00 3.870659e-02 1.394540e+00 1.145458e+00 2.194023e+00 1.456300e-01 -5.949872e-01 8.367929e-01 -1.276385e+00 -1.018368e+00 3.538797e-01 -5.582383e-01 8.707293e-02 -6.519280e-02
<VARIANCE> 25
 1.123648e+01 2.841297e+01 2.798263e+01 4.446686e+01 3.702787e+01 4.975150e+01 5.379514e+01 4.992871e+01 4.785469e+01 4.209722e+01 5.331893e+01 2.907259e+01 1.128651e+00 1.766439e+00 4.606964e+00 3.774154e+00 5.039896e+00 6.337335e+00 4.871849e+00 6.059356e+00 5.111869e+00 4.489858e+00 4.317905e+00 3.603864e+00 1.281290e-03
<GCONST> 9.882093e+01
<MIXTURE> 35 1.467755e-02
<MEAN> 25
 -2.066269e+00 -5.071975e+00 -9.836016e+00 1.848769e-01 9.605073e+00 7.344208e-01 1.734775e+00 2.521466e+00 1.413931e+00 4.579928e+00 -2.922438e-02 1.921735e+00 5.292619e-01 -1.129298e+00 -1.357521e+00 -1.382189e+00 3.588201e-01 -7.498037e-01 -7.073313e-01 -1.575945e-01 -1.599506e-01 1.526238e-01 -6.323753e-01 -4.766250e-01 1.075598e-01
<VARIANCE> 25
 1.991386e+01 3.090310e+01 4.386462e+01 6.145276e+01 4.225386e+01 5.778101e+01 5.120148e+01 4.336100e+01 5.000541e+01 3.804732e+01 3.637684e+01 3.104367e+01 3.511698e+00 3.585903e+00 6.968171e+00 5.510069e+00 5.311880e+00 5.678952e+00 4.993464e+00 4.723844e+00 4.997831e+00 4.476938e+00 4.031285e+00 3.836932e+00 5.258544e-03
<GCONST> 1.037019e+02
<MIXTURE> 36 1.093293e-02
<MEAN> 25
 4.213430e+00 -4.314916e+00 6.751153e+00 3.476058e+00 -9.424967e+00 -9.032420e+00 -7.674504e+00 2.116159e+00 -1.522416e+00 -5.239919e+00 4.014812e+00 2.042082e-01 5.798303e-01 1.967509e-01 -1.289930e+00 -8.024620e-02 1.056461e+00 5.862712e-01 -6.949744e-01 -1.323397e-01 4.116911e-01 1.041511e+00 -1.809348e-01 -5.456908e-01 -1.732399e-02
<VARIANCE> 25
 1.054094e+01 1.637481e+01 1.807806e+01 2.283479e+01 2.675479e+01 2.635158e+01 5.188290e+01 2.924479e+01 3.355894e+01 3.075015e+01 2.651150e+01 2.756819e+01 5.109562e-01 7.394311e-01 2.070913e+00 1.154509e+00 1.427090e+00 2.103780e+00 2.239611e+00 1.582356e+00 2.349746e+00 2.248939e+00 1.454873e+00 1.274046e+00 6.118972e-04
<GCONST> 8.168314e+01
<MIXTURE> 37 1.246826e-02
<MEAN> 25
 5.554496e-01 7.722869e+00 1.200083e+01 -5.527501e+00 -8.002874e+00 -1.027529e+00 -5.097992e+00 -8.324720e+00 -3.706421e+00 -8.927391e-01 -3.614616e+00 -1.299589e+00 1.830180e-01 6.537674e-01 -1.352750e+00 3.569734e+00 1.981629e+00 -3.096425e-01 1.089935e+00 4.368805e-01 5.128742e-01 -3.161505e-01 5.319993e-01 -9.898923e-02 -9.473263e-02
<VARIANCE> 25
 1.592728e+01 2.635689e+01 3.134962e+01 5.091452e+01 3.391748e+01 3.201363e+01 4.400987e+01 3.493009e+01 3.862202e+01 3.602051e+01 3.835176e+01 3.083808e+01 2.942936e+00 3.412266e+00 3.037998e+00 4.106836e+00 4.604642e+00 3.780558e+00 4.191900e+00 3.794050e+00 3.490592e+00 3.615188e+00 3.858788e+00 2.792954e+00 3.931665e-03
<GCONST> 9.783148e+01
<MIXTURE> 38 1.154525e-02
<MEAN> 25
 -4.614493e+00 8.864411e+00 4.392288e+00 2.988341e+00 1.115625e+00 -5.427221e+00 -2.261938e-01 -2.171507e+00 -1.545919e+00 -3.063164e+00 -2.030738e+00 -3.077444e-01 -4.337436e+00 1.538949e+00 -2.147451e-01 9.533516e-01 2.502258e+00 9.955052e-01 2.040160e+00 7.814323e-01 1.050561e+00 2.075147e-01 6.699509e-01 6.572460e-01 4.426155e-02
<VARIANCE> 25
 2.814351e+01 2.590304e+01 3.983448e+01 2.959990e+01 4.303611e+01 3.190344e+01 3.764185e+01 3.716293e+01 4.084184e+01 4.684814e+01 2.551517e+01 3.564931e+01 2.305307e+00 4.064712e+00 3.935776e+00 5.683495e+00 3.797741e+00 5.632905e+00 4.692271e+00 4.397314e+00 4.192751e+00 5.547373e+00 4.414241e+00 3.370675e+00 1.950911e-03
<GCONST> 9.949124e+01
<MIXTURE> 39 9.501865e-03
<MEAN> 25
 1.314296e+00 2.538554e+00 1.014017e+01 -8.662800e+00 -1.101364e+01 -1.102109e+00 -3.047474e+00 -6.038028e+00 -4.597055e+00 3.877569e-01 -3.480044e+00 -2.683032e+00 -7.602084e-01 1.550529e+00 1.620549e+00 -1.464442e+00 1.543317e-01 1.216290e+00 -1.093308e+00 -1.196556e+00 5.851000e-01 2.928649e-01 -5.993561e-01 1.648188e-01 1.442813e-03
<VARIANCE> 25
 8.625030e+00 2.945298e+01 3.052088e+01 4.214663e+01 3.694851e+01 4.115279e+01 4.240055e+01 3.749868e+01 3.869271e+01 3.650274e+01 3.552519e+01 3.105777e+01 6.838140e-01 1.493267e+00 1.446112e+00 2.957198e+00 2.415143e+00 2.710216e+00 3.121002e+00 2.690628e+00 2.866197e+00 2.949308e+00 2.228769e+00 2.027757e+00 1.140859e-03
<GCONST> 8.994908e+01
<MIXTURE> 40 1.030800e-02
<MEAN> 25
 -8.506973e+00 2.743346e+00 -1.127742e+00 8.020482e+00 4.392885e+00 4.503813e+00 5.889240e+00 4.705037e+00 4.157888e+00 4.090853e+00 5.076446e+00 1.903801e+00 -7.002964e-02 -1.933454e-01 -1.463182e-02 -1.988486e-01 -1.238264e-01 -1.121084e-01 6.728620e-02 5.703910e-02 -3.734830e-02 9.633670e-03 4.328194e-02 7.166588e-02 3.442516e-03
<VARIANCE> 25
 4.499609e+01 2.191715e+01 2.783530e+01 2.585180e+01 2.703115e+01 2.605030e+01 2.104011e+01 1.848751e+01 1.760752e+01 1.728673e+01 2.081319e+01 1.396874e+01 7.115930e-01 7.001575e-01 8.102147e-01 1.182365e+00 1.122043e+00 1.197501e+00 1.260930e+00 1.226139e+00 1.165847e+00 1.125247e+00 1.117550e+00 1.069002e+00 8.186917e-04
<GCONST> 7.666367e+01
<MIXTURE> 41 6.713375e-03
<MEAN> 25
 1.415292e+00 1.730766e+00 1.030252e+01 -6.937609e+00 -1.035442e+01 -3.609084e+00 -2.334645e+00 -5.011871e+00 -4.702934e+00 2.695459e+00 -1.711137e+00 -7.856465e-01 1.130275e-01 -8.339295e-01 1.668609e+00 -3.547555e+00 -2.471242e+00 -6.819277e-03 -5.446644e-01 -4.141124e-01 -8.205178e-01 1.085881e+00 -1.019598e+00 6.934917e-02 8.777367e-02
<VARIANCE> 25
 1.206477e+01 2.946456e+01 3.358767e+01 3.950853e+01 3.870438e+01 4.258624e+01 3.858895e+01 2.940231e+01 3.271418e+01 2.838095e+01 3.150795e+01 2.816317e+01 3.182276e+00 3.534592e+00 3.796472e+00 3.755807e+00 4.828373e+00 6.330443e+00 4.721596e+00 4.655755e+00 3.923603e+00 4.142094e+00 3.801448e+00 3.178111e+00 3.013341e-03
<GCONST> 9.813727e+01
<MIXTURE> 42 1.106211e-02
<MEAN> 25
 -2.528013e+00 4.521090e+00 4.876998e+00 2.188847e+00 1.129503e+00 -6.937292e+00 1.456727e-01 -1.007410e+00 -1.700521e+00 -6.539513e-01 -2.203064e+00 2.650119e+00 3.565588e+00 -1.371839e+00 2.240221e+00 3.129953e-01 -3.191837e+00 -3.385677e-01 -3.156651e+00 -1.306354e+00 -6.904029e-01 -1.047864e+00 1.247630e+00 -8.988585e-01 3.782186e-02
<VARIANCE> 25
 3.596835e+01 1.864392e+01 4.124685e+01 1.871299e+01 3.157259e+01 3.210486e+01 3.779821e+01 2.499836e+01 2.519119e+01 2.171082e+01 1.827785e+01 1.641260e+01 4.736653e+00 4.943286e+00 5.695354e+00 3.564641e+00 3.408908e+00 5.526717e+00 6.029144e+00 4.155823e+00 4.063465e+00 3.993589e+00 3.791370e+00 2.789156e+00 5.997480e-03
<GCONST> 9.723426e+01
<MIXTURE> 43 7.108249e-03
<MEAN> 25
 3.155918e+00 -6.320358e+00 -2.231365e+00 -5.152421e+00 -7.380260e+00 -3.366643e+00 4.092398e+00 1.280680e+00 -5.000700e+00 -7.023380e+00 -4.327147e+00 -1.267832e+00 2.273384e-01 2.169233e+00 1.900477e+00 -1.234201e-01 -1.408449e+00 -8.080451e-01 -9.580783e-01 -7.687091e-01 8.116473e-01 1.462428e+00 3.390875e-01 2.186094e-02 -4.511652e-02
<VARIANCE> 25
 9.574787e+00 1.966212e+01 2.723545e+01 3.515104e+01 3.828545e+01 3.662000e+01 3.346803e+01 3.969448e+01 4.000947e+01 3.913677e+01 2.649238e+01 2.943078e+01 7.052695e-01 1.249603e+00 1.588616e+00 2.488658e+00 2.429320e+00 2.397081e+00 2.655261e+00 3.023238e+00 2.618006e+00 2.568742e+00 2.318193e+00 1.916909e+00 9.431652e-04
<GCONST> 8.802551e+01
<MIXTURE> 44 7.328289e-03
<MEAN> 25
 -1.531744e+01 1.628060e+00 3.545229e+00 -3.230792e+00 3.425522e+00 1.972492e+00 6.678966e-02 2.500850e+00 1.519794e+00 -7.943462e-01 1.738750e+00 1.992976e+00 -1.631017e-01 -1.523495e-03 1.663726e-01 2.976016e-01 -1.108331e-01 1.901999e-01 4.634241e-01 1.077234e-01 2.436684e-01 1.346985e-01 6.018354e-02 9.956462e-02 4.412986e-03
<VARIANCE> 25
 4.232764e+01 2.835623e+01 3.491067e+01 3.040083e+01 2.951018e+01 3.120770e+01 2.604256e+01 3.211775e+01 2.791476e+01 2.738963e+01 2.778979e+01 1.948977e+01 1.220992e+00 1.537509e+00 1.397436e+00 1.338688e+00 2.152557e+00 1.653129e+00 1.511550e+00 1.649327e+00 1.567585e+00 1.502172e+00 1.363379e+00 1.231156e+00 1.283651e-03
<GCONST> 8.464821e+01
<MIXTURE> 45 1.364932e-02
<MEAN> 25
 -1.268628e+01 4.803484e+00 -1.760331e+00 2.094020e+00 5.342022e+00 -1.981082e+00 5.585812e+00 3.377778e+00 4.644282e+00 2.497909e+00 2.540592e-01 3.290921e+00 -3.010365e+00 7.808791e-01 -5.694143e-01 -8.373289e-01 3.764920e-01 -2.837013e-02 4.769770e-01 2.695321e-02 5.270015e-03 -3.273255e-01 -2.685539e-02 -1.030956e-01 1.051633e-01
<VARIANCE> 25
 3.137889e+01 3.383607e+01 2.768977e+01 3.258636e+01 2.781950e+01 4.272863e+01 2.765541e+01 2.426864e+01 3.051360e+01 2.107477e+01 4.412617e+01 1.570718e+01 2.223442e+00 3.026204e+00 2.566034e+00 2.684803e+00 2.419416e+00 2.359633e+00 2.207841e+00 1.977100e+00 2.082131e+00 2.070373e+00 2.013492e+00 2.017051e+00 4.305436e-03
<GCONST> 9.078336e+01
<MIXTURE> 46 9.336259e-03
<MEAN> 25
 -9.372642e+00 2.389170e+00 1.169400e+00 7.511791e+00 5.971902e+00 3.218731e+00 7.188324e+00 4.584331e+00 5.633535e+00 4.646355e+00 4.938301e+00 2.987343e+00 1.048199e+00 -2.410409e-01 4.993009e-02 1.009120e+00 6.172301e-01 9.414067e-01 3.680910e-01 6.569534e-01 4.731044e-01 5.118715e-01 6.359778e-01 5.125458e-01 -1.040748e-01
<VARIANCE> 25
 3.455746e+01 4.365345e+01 3.806199e+01 4.960079e+01 5.025844e+01 4.127515e+01 3.767077e+01 3.553165e+01 3.319995e+01 3.069042e+01 2.866908e+01 2.032151e+01 3.874181e+00 4.090173e+00 3.841568e+00 4.104323e+00 4.155781e+00 3.654265e+00 3.369361e+00 3.098095e+00 2.950011e+00 2.832298e+00 2.284889e+00 1.777283e+00 8.021069e-03
<GCONST> 9.822517e+01
<MIXTURE> 47 7.116147e-03
<MEAN> 25
 6.397418e+00 -8.133831e+00 -5.764015e+00 -5.750721e+00 -1.220255e+00 3.220861e+00 -3.709882e+00 -7.252306e-02 3.024619e+00 1.316255e+00 -2.187336e+00 -6.180419e+00 -2.947739e-01 -1.190364e+00 -5.785325e-01 -5.418170e-01 4.581154e-01 9.021456e-01 8.743787e-01 2.145109e-01 6.697417e-01 -9.657900e-01 -6.640630e-01 -8.783345e-01 3.207683e-02
<VARIANCE> 25
 1.025059e+01 1.855398e+01 2.252571e+01 2.616174e+01 4.152253e+01 5.071725e+01 3.955954e+01 3.459457e+01 3.605493e+01 3.848499e+01 4.735385e+01 3.063107e+01 4.231094e-01 6.238757e-01 8.787240e-01 1.446769e+00 1.601938e+00 1.817586e+00 1.781686e+00 2.117975e+00 2.555105e+00 1.741155e+00 1.774109e+00 2.075143e+00 4.546219e-04
<GCONST> 8.336768e+01
<MIXTURE> 48 7.116147e-03
<MEAN> 25
 6.397418e+00 -8.133831e+00 -5.764015e+00 -5.750721e+00 -1.220255e+00 3.220861e+00 -3.709882e+00 -7.252306e-02 3.024619e+00 1.316255e+00 -2.187336e+00 -6.180419e+00 -2.947739e-01 -1.190364e+00 -5.785325e-01 -5.418170e-01 4.581154e-01 9.021456e-01 8.743787e-01 2.145109e-01 6.697417e-01 -9.657900e-01 -6.640630e-01 -8.783345e-01 3.207683e-02
<VARIANCE> 25
 1.025059e+01 1.855398e+01 2.252571e+01 2.616174e+01 4.152253e+01 5.071725e+01 3.955954e+01 3.459457e+01 3.605493e+01 3.848499e+01 4.735385e+01 3.063107e+01 4.231094e-01 6.238757e-01 8.787240e-01 1.446769e+00 1.601938e+00 1.817586e+00 1.781686e+00 2.117975e+00 2.555105e+00 1.741155e+00 1.774109e+00 2.075143e+00 4.546219e-04
<GCONST> 8.336768e+01
<MIXTURE> 49 5.548473e-03
<MEAN> 25
 -5.018384e+00 5.212452e-01 1.840057e-01 8.445612e+00 6.251159e+00 5.397707e+00 6.179846e+00 4.624329e+00 4.963810e+00 3.717932e+00 4.814850e+00 2.905144e+00 3.655725e-01 6.538844e-01 6.952106e-01 3.485865e-01 -1.911258e-01 -6.670274e-01 -1.000425e+00 -1.100508e+00 -9.352528e-01 -6.641061e-01 -4.762223e-01 -2.715875e-01 9.852822e-05
<VARIANCE> 25
 9.635733e+00 1.113118e+01 1.398592e+01 1.560041e+01 1.613830e+01 1.917261e+01 1.970944e+01 1.997682e+01 1.816396e+01 1.764994e+01 2.092844e+01 1.412262e+01 2.757697e-01 2.597581e-01 3.556742e-01 6.018175e-01 8.580315e-01 9.590707e-01 9.928247e-01 1.061416e+00 1.136914e+00 1.213435e+00 1.274677e+00 1.193068e+00 1.563658e-05
<GCONST> 6.453177e+01
<MIXTURE> 50 6.234641e-03
<MEAN> 25
 -4.282973e+00 1.053091e+00 -1.357475e+00 6.227551e+00 5.145190e+00 1.086443e+00 4.709101e+00 2.873174e+00 2.095557e+00 1.454628e+00 1.703723e+00 3.113916e+00 6.787599e-02 1.905763e-01 5.862992e-02 -2.630409e-01 -4.905428e-01 -6.608521e-01 -4.129122e-01 8.050690e-03 5.927249e-01 7.823252e-01 8.249117e-01 4.751360e-01 1.276799e-05
<VARIANCE> 25
 1.019344e+01 1.571253e+01 1.287394e+01 1.392025e+01 2.000746e+01 2.566453e+01 2.393623e+01 2.346546e+01 2.089376e+01 1.568905e+01 2.068753e+01 1.441576e+01 1.350359e-01 2.377089e-01 3.754811e-01 5.127146e-01 5.794105e-01 6.792220e-01 8.639704e-01 1.189378e+00 1.162027e+00 9.762764e-01 9.773592e-01 9.128805e-01 1.113030e-06
<GCONST> 6.058593e+01
<MIXTURE> 51 6.234641e-03
<MEAN> 25
 -4.282973e+00 1.053091e+00 -1.357475e+00 6.227551e+00 5.145190e+00 1.086443e+00 4.709101e+00 2.873174e+00 2.095557e+00 1.454628e+00 1.703723e+00 3.113916e+00 6.787599e-02 1.905763e-01 5.862992e-02 -2.630409e-01 -4.905428e-01 -6.608521e-01 -4.129122e-01 8.050690e-03 5.927249e-01 7.823252e-01 8.249117e-01 4.751360e-01 1.276799e-05
<VARIANCE> 25
 1.019344e+01 1.571253e+01 1.287394e+01 1.392025e+01 2.000746e+01 2.566453e+01 2.393623e+01 2.346546e+01 2.089376e+01 1.568905e+01 2.068753e+01 1.441576e+01 1.350359e-01 2.377089e-01 3.754811e-01 5.127146e-01 5.794105e-01 6.792220e-01 8.639704e-01 1.189378e+00 1.162027e+00 9.762764e-01 9.773592e-01 9.128805e-01 1.113030e-06
<GCONST> 6.058593e+01
<MIXTURE> 52 6.367945e-03
<MEAN> 25
 9.772119e+00 1.484200e+00 -5.748375e+00 -1.375908e+01 -4.235076e+00 8.912189e+00 -2.715957e+00 -3.315096e+00 -4.323679e+00 -1.621734e+00 3.367901e+00 9.224663e-01 -3.887226e-01 -5.360537e-01 -1.251401e-01 1.126573e+00 1.286696e+00 -4.915311e-01 -6.608428e-01 -5.828011e-01 1.703511e-01 1.215762e+00 2.875871e-01 -6.342199e-01 -8.609222e-03
<VARIANCE> 25
 1.089048e+01 2.377717e+01 2.615997e+01 4.067532e+01 4.240900e+01 3.070415e+01 4.633163e+01 4.724746e+01 4.153353e+01 4.747471e+01 4.050347e+01 2.860506e+01 4.196489e-01 1.461891e+00 1.284902e+00 2.630547e+00 2.226290e+00 2.111516e+00 2.897060e+00 2.712894e+00 3.074301e+00 2.492802e+00 2.453110e+00 2.239616e+00 1.849338e-03
<GCONST> 8.976398e+01
<MIXTURE> 53 6.367945e-03
<MEAN> 25
 9.772119e+00 1.484200e+00 -5.748375e+00 -1.375908e+01 -4.235076e+00 8.912189e+00 -2.715957e+00 -3.315096e+00 -4.323679e+00 -1.621734e+00 3.367901e+00 9.224663e-01 -3.887226e-01 -5.360537e-01 -1.251401e-01 1.126573e+00 1.286696e+00 -4.915311e-01 -6.608428e-01 -5.828011e-01 1.703511e-01 1.215762e+00 2.875871e-01 -6.342199e-01 -8.609222e-03
<VARIANCE> 25
 1.089048e+01 2.377717e+01 2.615997e+01 4.067532e+01 4.240900e+01 3.070415e+01 4.633163e+01 4.724746e+01 4.153353e+01 4.747471e+01 4.050347e+01 2.860506e+01 4.196489e-01 1.461891e+00 1.284902e+00 2.630547e+00 2.226290e+00 2.111516e+00 2.897060e+00 2.712894e+00 3.074301e+00 2.492802e+00 2.453110e+00 2.239616e+00 1.849338e-03
<GCONST> 8.976398e+01
<MIXTURE> 54 7.368620e-03
<MEAN> 25
 -3.631264e+00 7.397484e-02 -6.804177e-01 8.032279e+00 6.501396e+00 4.595700e+00 4.700212e+00 4.623989e+00 4.036608e+00 3.584309e+00 4.434384e+00 2.337285e+00 -1.609379e-03 2.780993e-02 3.444541e-02 4.860530e-02 5.212198e-02 4.664450e-02 4.023149e-02 3.014900e-02 2.976370e-02 2.427376e-02 1.387822e-02 3.942594e-03 -2.038672e-05
<VARIANCE> 25
 9.109859e+00 1.051233e+01 9.268032e+00 1.813154e+01 1.337462e+01 1.376698e+01 1.214509e+01 1.141963e+01 1.139373e+01 1.354086e+01 1.790767e+01 1.254064e+01 4.087520e-02 8.764785e-02 1.536308e-01 2.266173e-01 3.078121e-01 3.959383e-01 4.612598e-01 5.213729e-01 5.411443e-01 5.202374e-01 5.140305e-01 5.165730e-01 1.036371e-06
<GCONST> 4.734138e+01
<MIXTURE> 55 7.368620e-03
<MEAN> 25
 -3.631264e+00 7.397484e-02 -6.804177e-01 8.032279e+00 6.501396e+00 4.595700e+00 4.700212e+00 4.623989e+00 4.036608e+00 3.584309e+00 4.434384e+00 2.337285e+00 -1.609379e-03 2.780993e-02 3.444541e-02 4.860530e-02 5.212198e-02 4.664450e-02 4.023149e-02 3.014900e-02 2.976370e-02 2.427376e-02 1.387822e-02 3.942594e-03 -2.038672e-05
<VARIANCE> 25
 9.109859e+00 1.051233e+01 9.268032e+00 1.813154e+01 1.337462e+01 1.376698e+01 1.214509e+01 1.141963e+01 1.139373e+01 1.354086e+01 1.790767e+01 1.254064e+01 4.087520e-02 8.764785e-02 1.536308e-01 2.266173e-01 3.078121e-01 3.959383e-01 4.612598e-01 5.213729e-01 5.411443e-01 5.202374e-01 5.140305e-01 5.165730e-01 1.036371e-06
<GCONST> 4.734138e+01
<MIXTURE> 56 6.132464e-03
<MEAN> 25
 5.976886e+00 -7.540952e+00 -7.318563e+00 -7.417939e+00 1.491594e+00 7.191940e+00 -2.084203e+00 -2.898323e+00 2.465907e+00 7.517896e-01 -1.914598e+00 -6.756988e+00 -8.048835e-02 1.598408e-01 -1.535062e-01 -7.646936e-02 4.134263e-01 9.396146e-02 -2.815201e-02 4.635619e-02 -4.663151e-02 -1.020506e-01 -1.779361e-01 1.208646e-01 -1.049514e-02
<VARIANCE> 25
 8.986472e+00 2.638119e+01 1.813224e+01 3.127005e+01 4.026096e+01 5.521429e+01 5.259162e+01 2.904834e+01 3.108086e+01 2.485773e+01 3.266719e+01 2.204612e+01 1.767597e-01 3.497798e-01 4.678287e-01 7.414936e-01 6.699288e-01 1.059164e+00 7.007403e-01 7.843123e-01 8.189130e-01 9.483439e-01 9.443414e-01 7.128099e-01 2.873654e-04
<GCONST> 7.243583e+01
<MIXTURE> 57 6.132464e-03
<MEAN> 25
 5.976886e+00 -7.540952e+00 -7.318563e+00 -7.417939e+00 1.491594e+00 7.191940e+00 -2.084203e+00 -2.898323e+00 2.465907e+00 7.517896e-01 -1.914598e+00 -6.756988e+00 -8.048835e-02 1.598408e-01 -1.535062e-01 -7.646936e-02 4.134263e-01 9.396146e-02 -2.815201e-02 4.635619e-02 -4.663151e-02 -1.020506e-01 -1.779361e-01 1.208646e-01 -1.049514e-02
<VARIANCE> 25
 8.986472e+00 2.638119e+01 1.813224e+01 3.127005e+01 4.026096e+01 5.521429e+01 5.259162e+01 2.904834e+01 3.108086e+01 2.485773e+01 3.266719e+01 2.204612e+01 1.767597e-01 3.497798e-01 4.678287e-01 7.414936e-01 6.699288e-01 1.059164e+00 7.007403e-01 7.843123e-01 8.189130e-01 9.483439e-01 9.443414e-01 7.128099e-01 2.873654e-04
<GCONST> 7.243583e+01
<MIXTURE> 58 6.172147e-03
<MEAN> 25
 2.613745e+00 -3.361865e+00 7.179849e+00 -5.149060e+00 -1.338587e+01 -5.331952e+00 1.469355e+00 7.659816e-01 -2.202258e+00 1.894001e+00 3.948014e-01 -9.145683e-01 -6.550515e-02 -1.194774e-01 -5.622670e-02 -1.458376e-01 -7.049324e-04 2.166242e-01 3.753413e-01 2.460364e-01 2.269855e-02 2.297532e-03 -8.673565e-02 -1.721184e-01 -2.132067e-03
<VARIANCE> 25
 7.228596e+00 1.687075e+01 2.088354e+01 2.697281e+01 2.285979e+01 4.786159e+01 3.310222e+01 3.397725e+01 3.301115e+01 3.052650e+01 2.333558e+01 2.006309e+01 3.547203e-01 8.575664e-01 7.397882e-01 1.018468e+00 8.887126e-01 1.225491e+00 1.121015e+00 1.281675e+00 1.048186e+00 1.052021e+00 8.947247e-01 8.928787e-01 7.340039e-04
<GCONST> 7.580245e+01
<MIXTURE> 59 6.172147e-03
<MEAN> 25
 2.613745e+00 -3.361865e+00 7.179849e+00 -5.149060e+00 -1.338587e+01 -5.331952e+00 1.469355e+00 7.659816e-01 -2.202258e+00 1.894001e+00 3.948014e-01 -9.145683e-01 -6.550515e-02 -1.194774e-01 -5.622670e-02 -1.458376e-01 -7.049324e-04 2.166242e-01 3.753413e-01 2.460364e-01 2.269855e-02 2.297532e-03 -8.673565e-02 -1.721184e-01 -2.132067e-03
<VARIANCE> 25
 7.228596e+00 1.687075e+01 2.088354e+01 2.697281e+01 2.285979e+01 4.786159e+01 3.310222e+01 3.397725e+01 3.301115e+01 3.052650e+01 2.333558e+01 2.006309e+01 3.547203e-01 8.575664e-01 7.397882e-01 1.018468e+00 8.887126e-01 1.225491e+00 1.121015e+00 1.281675e+00 1.048186e+00 1.052021e+00 8.947247e-01 8.928787e-01 7.340039e-04
<GCONST> 7.580245e+01
<MIXTURE> 60 4.479129e-03
<MEAN> 25
 -4.261624e+00 -6.460446e-01 -1.083758e+00 3.698593e+00 1.746646e+00 2.088704e+00 1.655633e+00 1.544685e+00 2.135458e+00 1.262492e+00 2.369425e+00 1.931341e+00 -2.869445e-02 5.574397e-02 1.011628e-01 1.296041e-01 1.282342e-01 1.285804e-01 1.766734e-01 3.213019e-01 5.445813e-01 6.654084e-01 5.568783e-01 3.034731e-01 -4.008931e-04
<VARIANCE> 25
 6.924492e+00 4.640851e+00 1.026040e+01 1.128128e+01 1.362168e+01 1.730243e+01 1.407854e+01 1.191001e+01 1.288715e+01 1.316606e+01 1.601628e+01 1.235948e+01 8.697546e-02 1.681428e-01 2.787856e-01 4.308698e-01 5.869697e-01 7.264573e-01 8.286760e-01 8.977155e-01 9.016684e-01 8.361306e-01 8.375441e-01 8.638381e-01 2.296545e-05
<GCONST> 5.639459e+01
<MIXTURE> 61 4.479129e-03
<MEAN> 25
 -4.261624e+00 -6.460446e-01 -1.083758e+00 3.698593e+00 1.746646e+00 2.088704e+00 1.655633e+00 1.544685e+00 2.135458e+00 1.262492e+00 2.369425e+00 1.931341e+00 -2.869445e-02 5.574397e-02 1.011628e-01 1.296041e-01 1.282342e-01 1.285804e-01 1.766734e-01 3.213019e-01 5.445813e-01 6.654084e-01 5.568783e-01 3.034731e-01 -4.008931e-04
<VARIANCE> 25
 6.924492e+00 4.640851e+00 1.026040e+01 1.128128e+01 1.362168e+01 1.730243e+01 1.407854e+01 1.191001e+01 1.288715e+01 1.316606e+01 1.601628e+01 1.235948e+01 8.697546e-02 1.681428e-01 2.787856e-01 4.308698e-01 5.869697e-01 7.264573e-01 8.286760e-01 8.977155e-01 9.016684e-01 8.361306e-01 8.375441e-01 8.638381e-01 2.296545e-05
<GCONST> 5.639459e+01
<MIXTURE> 62 3.278034e-03
<MEAN> 25
 -5.089786e+00 1.243863e+00 1.024897e+00 8.817185e+00 6.132903e+00 5.046158e+00 5.502829e+00 4.034720e+00 4.981678e+00 3.917383e+00 4.963775e+00 2.953054e+00 -1.002955e+00 -1.166187e+00 -9.530039e-01 -2.767833e-01 4.275615e-01 1.004693e+00 1.384197e+00 1.551986e+00 1.478923e+00 1.243678e+00 1.067410e+00 7.259699e-01 -1.263696e-03
<VARIANCE> 25
 9.872756e+00 9.971130e+00 1.311545e+01 1.673363e+01 1.742211e+01 1.756727e+01 1.971941e+01 1.911121e+01 1.890489e+01 1.872050e+01 2.157100e+01 1.479925e+01 4.018784e-01 4.325615e-01 5.542195e-01 7.791882e-01 1.034713e+00 1.192608e+00 1.252708e+00 1.278751e+00 1.329649e+00 1.363843e+00 1.400208e+00 1.371082e+00 1.632174e-05
<GCONST> 6.753479e+01
<MIXTURE> 63 4.351215e-03
<MEAN> 25
 -2.794795e+00 1.204820e+00 -3.917127e+00 2.857153e+00 4.967045e+00 -2.637807e+00 5.765354e+00 4.036682e+00 7.105520e-01 -2.513279e-01 -1.818587e+00 3.021106e+00 -1.221543e-01 2.126655e-01 3.543764e-01 4.600962e-01 3.507966e-01 4.031900e-01 4.367483e-01 2.876434e-01 1.861896e-01 2.418064e-01 1.697862e-01 1.324517e-01 -4.207797e-03
<VARIANCE> 25
 9.805522e+00 2.405081e+01 1.401154e+01 1.377937e+01 1.514254e+01 2.677428e+01 2.748021e+01 2.693629e+01 2.102881e+01 1.737156e+01 1.671917e+01 1.399106e+01 2.299460e-01 3.698574e-01 4.711953e-01 6.140014e-01 8.569563e-01 9.610515e-01 1.337121e+00 1.281084e+00 1.105733e+00 1.252303e+00 1.331925e+00 1.212556e+00 1.851848e-04
<GCONST> 6.949074e+01
<MIXTURE> 64 4.351215e-03
<MEAN> 25
 -2.794795e+00 1.204820e+00 -3.917127e+00 2.857153e+00 4.967045e+00 -2.637807e+00 5.765354e+00 4.036682e+00 7.105520e-01 -2.513279e-01 -1.818587e+00 3.021106e+00 -1.221543e-01 2.126655e-01 3.543764e-01 4.600962e-01 3.507966e-01 4.031900e-01 4.367483e-01 2.876434e-01 1.861896e-01 2.418064e-01 1.697862e-01 1.324517e-01 -4.207797e-03
<VARIANCE> 25
 9.805522e+00 2.405081e+01 1.401154e+01 1.377937e+01 1.514254e+01 2.677428e+01 2.748021e+01 2.693629e+01 2.102881e+01 1.737156e+01 1.671917e+01 1.399106e+01 2.299460e-01 3.698574e-01 4.711953e-01 6.140014e-01 8.569563e-01 9.610515e-01 1.337121e+00 1.281084e+00 1.105733e+00 1.252303e+00 1.331925e+00 1.212556e+00 1.851848e-04
<GCONST> 6.949074e+01
<MIXTURE> 65 1.721197e-02
<MEAN> 25
 7.694155e+00 1.853604e+00 1.783131e+00 7.508433e-01 -5.162010e+00 -2.809433e+00 -6.657914e+00 -6.852875e+00 -4.617325e+00 -1.700518e+00 -3.274103e+00 -1.538013e+00 1.418274e-01 1.403625e-01 -2.364493e-01 1.011965e-01 -1.356096e-01 3.041206e-01 5.100540e-02 -4.620330e-02 9.287682e-02 2.172798e-01 -9.772489e-02 -1.239263e-01 -2.488572e-03
<VARIANCE> 25
 1.009700e+01 1.855607e+01 2.485839e+01 3.253344e+01 3.459253e+01 6.526395e+01 5.735456e+01 5.301257e+01 5.412099e+01 5.381595e+01 7.931408e+01 4.670516e+01 5.204893e-01 1.109289e+00 2.162301e+00 1.680132e+00 1.820325e+00 2.133664e+00 2.227098e+00 2.796674e+00 2.633378e+00 2.440779e+00 2.178918e+00 1.980330e+00 4.640816e-04
<GCONST> 8.938535e+01
<MIXTURE> 66 1.191532e-02
<MEAN> 25
 5.683921e+00 -4.151875e+00 -4.796819e+00 -4.311411e+00 5.159328e-01 -3.796262e+00 -6.798656e+00 9.116488e-01 6.866106e-01 -1.703086e+00 -5.448791e+00 -3.529474e+00 -2.784115e-02 1.700800e+00 1.991531e+00 2.324535e+00 -1.009046e+00 -1.684818e+00 2.265262e-01 -3.054529e-01 -6.695549e-01 -1.248514e-01 -1.499063e-01 8.949742e-01 -6.523632e-02
<VARIANCE> 25
 1.256493e+01 1.920707e+01 2.613782e+01 3.040855e+01 3.541608e+01 5.630685e+01 5.352519e+01 4.265553e+01 4.614406e+01 6.011465e+01 4.320549e+01 3.200410e+01 1.145202e+00 2.120149e+00 2.526493e+00 2.198288e+00 3.905792e+00 4.452498e+00 4.045641e+00 4.385779e+00 5.219684e+00 4.879076e+00 3.549744e+00 3.034847e+00 1.326599e-03
<GCONST> 9.592518e+01
<MIXTURE> 67 1.559142e-02
<MEAN> 25
 8.518102e+00 1.650971e+00 -5.770617e+00 -7.622090e+00 7.677150e-01 2.937682e+00 -3.066311e+00 -2.487484e+00 -3.203781e+00 1.236416e+00 -5.363045e-01 -1.792186e+00 -9.348074e-01 1.828045e+00 8.948089e-01 2.899804e+00 1.401660e+00 -8.259145e-01 1.283028e+00 1.783229e-01 2.508703e-02 3.243756e-01 -3.375202e-01 4.945273e-01 -1.279565e-01
<VARIANCE> 25
 1.296245e+01 3.749626e+01 2.866979e+01 5.585995e+01 4.526344e+01 5.317511e+01 5.849674e+01 4.991461e+01 6.229866e+01 5.530438e+01 5.705174e+01 4.377459e+01 2.184990e+00 3.187858e+00 3.346592e+00 4.478455e+00 4.168723e+00 5.147452e+00 4.470495e+00 4.749536e+00 5.341066e+00 4.588352e+00 4.713789e+00 3.711170e+00 2.909321e-03
<GCONST> 1.022359e+02
<MIXTURE> 68 1.485092e-02
<MEAN> 25
 -1.757949e+00 -6.803223e-01 -3.403118e+00 1.302538e+00 5.408010e+00 -1.285587e+00 3.504719e+00 2.413898e+00 1.590033e+00 1.833807e+00 3.799009e-02 2.678713e+00 2.645761e+00 4.950633e-02 8.821622e-02 -2.724056e+00 -2.700390e+00 -7.868064e-01 -2.247205e+00 -2.016655e+00 -1.690090e+00 -1.193100e+00 -1.727124e+00 -7.755706e-01 1.066858e-01
<VARIANCE> 25
 2.378811e+01 4.079570e+01 5.287198e+01 4.536357e+01 4.047309e+01 5.020198e+01 4.885775e+01 4.321502e+01 3.613924e+01 3.718188e+01 3.388619e+01 2.581429e+01 1.699711e+00 4.524298e+00 5.267131e+00 5.461771e+00 4.418127e+00 8.050118e+00 5.292564e+00 4.543736e+00 4.378209e+00 4.900074e+00 4.677762e+00 3.350485e+00 5.428876e-03
<GCONST> 1.026086e+02
<MIXTURE> 69 1.204884e-02
<MEAN> 25
 4.677042e+00 -4.262229e+00 -3.535234e+00 -3.586162e+00 -3.558041e+00 -7.718351e+00 -1.118767e+00 2.152871e+00 -3.108082e-01 -4.581526e+00 -5.673514e+00 9.708357e-01 1.687807e+00 -2.266760e+00 -1.316031e+00 -2.215465e+00 -5.765668e-01 -2.936187e-01 -5.033299e-01 6.127486e-01 -6.325200e-01 -1.431873e+00 -2.175018e+00 -2.069468e-01 6.324827e-02
<VARIANCE> 25
 8.770163e+00 2.220516e+01 2.646749e+01 2.577243e+01 4.278492e+01 3.704530e+01 4.898966e+01 3.148201e+01 3.945541e+01 3.898937e+01 3.073232e+01 2.450858e+01 3.517563e+00 2.952868e+00 3.320638e+00 3.752373e+00 5.845510e+00 5.148607e+00 7.087668e+00 6.050922e+00 5.842145e+00 5.847681e+00 4.346325e+00 3.766307e+00 2.456748e-03
<GCONST> 9.875969e+01
<MIXTURE> 70 1.329190e-02
<MEAN> 25
 6.824190e+00 -3.125761e+00 -2.607489e+00 -3.115216e+00 -2.117282e+00 8.881776e-01 -7.033085e+00 -4.133346e+00 3.515582e-01 3.642718e+00 4.051089e-02 -3.014331e+00 1.823918e+00 -1.756232e+00 -6.494198e-01 -1.736464e+00 -1.839604e+00 1.616050e+00 -1.504053e+00 -3.837898e-02 4.645008e-01 2.429295e-01 4.616202e-01 -1.726491e+00 6.905360e-02
<VARIANCE> 25
 9.047099e+00 2.237597e+01 2.736646e+01 3.717008e+01 3.358924e+01 4.185590e+01 4.977139e+01 3.336391e+01 4.092675e+01 2.739068e+01 4.420958e+01 3.055626e+01 3.340110e+00 3.806846e+00 3.580462e+00 4.616817e+00 5.028262e+00 5.836430e+00 5.859534e+00 6.208906e+00 5.172160e+00 4.398935e+00 4.619148e+00 3.637368e+00 2.641732e-03
<GCONST> 9.940708e+01
<MIXTURE> 71 1.406903e-02
<MEAN> 25
 5.828709e+00 5.120818e+00 4.554436e+00 2.915371e+00 -3.392148e+00 -3.367166e+00 -3.527862e+00 -5.838957e+00 -4.574489e+00 -3.152202e+00 -4.683791e+00 -3.741244e+00 -1.594933e+00 -4.784923e-01 -7.675102e-02 -1.852343e+00 1.169567e+00 -5.135158e-02 1.006841e-01 1.353337e+00 5.804137e-01 -4.400434e-01 4.535039e-01 3.232242e-01 3.915167e-02
<VARIANCE> 25
 2.099866e+01 2.464447e+01 2.420003e+01 4.173163e+01 3.843552e+01 3.804815e+01 3.971862e+01 4.520676e+01 3.763026e+01 4.787391e+01 3.706159e+01 3.522734e+01 1.644264e+00 3.333503e+00 5.221955e+00 4.577665e+00 4.358073e+00 4.439828e+00 4.525532e+00 5.320180e+00 4.769791e+00 4.568923e+00 3.913208e+00 3.374961e+00 1.369090e-03
<GCONST> 9.865321e+01
<MIXTURE> 72 8.134747e-03
<MEAN> 25
 2.469681e+00 -3.817147e+00 6.006502e+00 -1.114011e+00 -1.125850e+01 -9.312847e+00 -4.664952e+00 1.699746e+00 -4.923354e+00 -4.400293e+00 9.088662e-01 6.230356e-01 1.006094e+00 -8.918788e-01 -2.718814e+00 3.815418e-01 2.168669e+00 -7.775447e-01 -1.659276e+00 1.393070e+00 1.893086e+00 -2.275219e-01 -1.191700e+00 4.380498e-01 -7.611573e-03
<VARIANCE> 25
 1.710753e+01 1.664327e+01 3.002664e+01 4.059790e+01 3.088136e+01 2.866270e+01 5.768511e+01 3.074881e+01 3.833679e+01 5.650385e+01 6.780009e+01 2.402954e+01 3.897332e-01 9.380190e-01 1.820263e+00 1.304944e+00 1.886392e+00 2.367101e+00 3.114978e+00 2.491750e+00 2.253880e+00 3.169456e+00 1.762205e+00 1.892225e+00 4.739178e-04
<GCONST> 8.696786e+01
<MIXTURE> 73 1.213625e-02
<MEAN> 25
 -5.522576e+00 -4.877280e-01 -1.240001e+00 4.801546e+00 4.316540e+00 2.070884e+00 5.699139e+00 3.509412e+00 4.249135e+00 3.407668e+00 4.062134e+00 3.165308e+00 8.381513e-01 -1.079829e+00 -9.039651e-01 -2.662208e+00 -1.363090e+00 -1.584695e+00 -9.250131e-01 -5.905196e-01 -9.522312e-01 -6.667625e-01 -1.080818e+00 -2.444835e-01 1.540354e-01
<VARIANCE> 25
 1.328890e+01 1.578279e+01 1.488980e+01 2.250879e+01 2.283228e+01 2.634527e+01 2.079585e+01 2.136349e+01 1.783696e+01 1.848772e+01 2.353761e+01 1.578472e+01 3.959147e+00 3.089631e+00 5.839265e+00 4.655114e+00 6.260724e+00 5.258429e+00 4.241922e+00 4.328450e+00 3.837029e+00 4.135665e+00 3.451938e+00 2.636066e+00 4.222880e-03
<GCONST> 9.303561e+01
<MIXTURE> 74 1.756491e-02
<MEAN> 25
 3.493436e+00 -2.079892e+00 4.468116e+00 -2.387858e-01 -7.786818e+00 -6.999763e+00 -3.657400e+00 3.918439e-01 -3.400573e+00 -2.505952e+00 -1.068561e+00 -8.639715e-01 1.862500e-01 2.113308e+00 1.686949e-01 1.655053e+00 1.155284e+00 -4.355372e-01 2.647263e-01 -9.224966e-01 -3.615547e-01 1.582599e-01 -9.843495e-02 -1.850470e-01 -7.762737e-02
<VARIANCE> 25
 1.271945e+01 1.995115e+01 3.307220e+01 3.364791e+01 3.193599e+01 4.123327e+01 4.732158e+01 4.467752e+01 4.493839e+01 4.667007e+01 4.116309e+01 3.060847e+01 1.853267e+00 1.825215e+00 3.590219e+00 2.280345e+00 3.339329e+00 5.057123e+00 4.119194e+00 3.787330e+00 4.796657e+00 3.305960e+00 3.215355e+00 2.949162e+00 1.597427e-03
<GCONST> 9.559343e+01
<MIXTURE> 75 9.711651e-03
<MEAN> 25
 4.822697e-01 -1.564387e+00 1.202340e+01 2.015271e+00 -1.140628e+01 -5.667506e+00 -6.372647e+00 -1.998923e+00 -3.545870e+00 -7.936504e+00 5.201375e+00 -4.454004e-02 1.583303e+00 -2.115149e+00 -9.378261e-02 3.003260e-01 -2.588901e+00 -8.799083e-02 -1.778672e+00 4.527026e-01 -4.844333e-01 -1.795335e-01 1.764246e+00 -4.097905e-01 4.344895e-02
<VARIANCE> 25
 1.830917e+01 2.351221e+01 2.147750e+01 1.832457e+01 2.524313e+01 3.592420e+01 3.411361e+01 2.170407e+01 2.410325e+01 4.347739e+01 2.604041e+01 2.823452e+01 2.147798e+00 1.766957e+00 3.024199e+00 2.019253e+00 3.511750e+00 4.207193e+00 3.225319e+00 3.577579e+00 3.342813e+00 2.572192e+00 2.748414e+00 1.945711e+00 1.394850e-03
<GCONST> 9.049399e+01
<MIXTURE> 76 1.052359e-02
<MEAN> 25
 -4.483383e+00 2.533427e+00 -2.064141e+00 4.566288e+00 5.872736e+00 -1.655278e+00 7.515800e+00 5.403686e+00 4.420626e-01 4.643202e-01 -2.980450e-01 3.351961e+00 -3.879277e-02 -3.546265e-01 -1.560834e-01 -7.355410e-01 -6.190456e-01 -6.677472e-01 -4.886802e-01 -3.485584e-01 -4.037397e-01 -4.543425e-01 -2.018362e-01 -3.153656e-02 1.334098e-02
<VARIANCE> 25
 2.727362e+01 3.196815e+01 2.040103e+01 1.876581e+01 2.311423e+01 3.108876e+01 2.736503e+01 2.750896e+01 2.103033e+01 1.591599e+01 2.172408e+01 1.428578e+01 7.953611e-01 7.745649e-01 1.360039e+00 1.072171e+00 1.169515e+00 1.293245e+00 1.406713e+00 1.325777e+00 1.145553e+00 1.153491e+00 1.280283e+00 1.133088e+00 8.553779e-04
<GCONST> 7.793378e+01
<MIXTURE> 77 1.244626e-02
<MEAN> 25
 -4.682028e-01 8.567240e+00 1.243321e+01 -1.161580e+01 -7.008675e+00 9.827546e-01 -9.282605e+00 -7.256927e+00 -3.366603e+00 -2.090183e-01 -4.616946e+00 -1.481307e+00 6.682082e-02 1.374722e-01 7.403183e-02 2.505577e-01 -1.983241e-02 7.694825e-02 -6.389020e-02 -6.060561e-02 8.237561e-02 -4.333608e-02 2.356022e-02 1.149495e-01 -9.891592e-03
<VARIANCE> 25
 1.042194e+01 2.023192e+01 2.792227e+01 4.150912e+01 3.312492e+01 3.402104e+01 3.662902e+01 3.185022e+01 3.525083e+01 3.321921e+01 3.827390e+01 3.490134e+01 2.991904e-01 7.766991e-01 6.445007e-01 1.084516e+00 1.238678e+00 9.854969e-01 1.222065e+00 1.073549e+00 1.042998e+00 1.065078e+00 9.716938e-01 9.269829e-01 5.394573e-04
<GCONST> 7.783459e+01
<MIXTURE> 78 9.702551e-03
<MEAN> 25
 -1.150105e+01 2.327222e+00 -1.512954e+00 1.987898e+00 4.946179e+00 -3.641895e+00 5.038991e+00 3.215660e+00 2.533039e+00 1.072284e+00 -1.741807e+00 3.537179e+00 2.230134e+00 -3.321090e-01 4.659898e-01 5.945013e-01 -8.624034e-02 5.825809e-02 -3.540217e-01 -1.849783e-01 -7.545821e-02 1.817179e-01 -1.333522e-01 -2.471206e-01 -5.565422e-02
<VARIANCE> 25
 4.887526e+01 3.288941e+01 2.774511e+01 3.039718e+01 3.464058e+01 3.974242e+01 3.660461e+01 3.231241e+01 2.724044e+01 2.411113e+01 3.036187e+01 1.889821e+01 4.696238e+00 2.256949e+00 3.039303e+00 2.676764e+00 2.784102e+00 3.090064e+00 2.849478e+00 2.498528e+00 2.680221e+00 2.120289e+00 2.535445e+00 2.332838e+00 4.271729e-03
<GCONST> 9.384058e+01
<MIXTURE> 79 1.156824e-02
<MEAN> 25
 2.226116e+00 1.359870e+00 8.819767e+00 -6.347756e+00 -1.154100e+01 -1.446276e+00 -2.496814e+00 -6.545783e+00 -6.498770e+00 1.522223e-02 -2.609191e+00 -3.526757e+00 1.183863e+00 -4.593922e-01 -1.290890e+00 2.285200e+00 3.627708e-01 -1.488000e+00 5.320034e-01 9.063187e-01 -6.458831e-01 -4.565601e-01 2.941858e-01 2.130946e-01 -3.619640e-02
<VARIANCE> 25
 1.459899e+01 2.344085e+01 3.885839e+01 4.826482e+01 3.700468e+01 4.321428e+01 4.521540e+01 3.496271e+01 3.894125e+01 4.027100e+01 5.316433e+01 3.053560e+01 9.080774e-01 2.264879e+00 2.420682e+00 2.031601e+00 2.362226e+00 2.746950e+00 3.060164e+00 3.367133e+00 3.096845e+00 2.684526e+00 2.279609e+00 2.095395e+00 1.200817e-03
<GCONST> 9.228537e+01
<MIXTURE> 80 7.550998e-03
<MEAN> 25
 -1.461465e+01 4.011280e+00 7.130851e-01 2.841272e+00 2.465664e+00 1.341040e+00 6.401920e+00 2.479475e+00 2.722340e+00 2.369946e+00 4.789561e+00 1.216810e+00 4.288185e+00 -3.261761e-02 1.645987e+00 -1.122818e+00 -2.890760e+00 -2.760883e+00 -2.320897e+00 -2.020942e+00 -1.981358e+00 -1.685424e+00 -1.627384e+00 -5.939799e-01 -4.415298e-02
<VARIANCE> 25
 2.087193e+01 1.988836e+01 3.439653e+01 3.462382e+01 3.005715e+01 2.988882e+01 2.814102e+01 2.846478e+01 2.659938e+01 2.866010e+01 2.743889e+01 1.816219e+01 2.347497e+00 2.705744e+00 2.669418e+00 4.126057e+00 3.380293e+00 2.738668e+00 3.011458e+00 3.187608e+00 2.740630e+00 2.701293e+00 2.862859e+00 2.150063e+00 1.506908e-03
<GCONST> 9.144872e+01
<MIXTURE> 81 8.025434e-03
<MEAN> 25
 -1.118690e+00 4.065535e+00 1.017854e+01 -1.480166e+01 -9.079191e+00 -1.421246e+00 -6.768539e+00 -8.425896e+00 -4.150841e+00 -4.177190e-01 -7.571090e+00 -2.248480e+00 1.338745e-01 -5.869586e-01 -2.150547e-03 -5.559812e-01 -4.639353e-01 3.347341e-01 3.198195e-01 1.371006e-01 -1.411845e-01 1.065930e-01 -4.694994e-01 -1.255676e-01 1.150485e-02
<VARIANCE> 25
 1.015201e+01 3.281833e+01 2.646277e+01 2.929122e+01 3.370938e+01 3.052699e+01 4.543919e+01 2.825268e+01 3.800308e+01 3.190006e+01 2.536481e+01 3.105335e+01 7.724261e-01 2.277314e+00 1.546710e+00 2.872818e+00 2.663100e+00 2.126833e+00 3.280128e+00 2.288156e+00 2.358759e+00 2.538933e+00 2.298499e+00 2.078809e+00 1.183827e-03
<GCONST> 8.869278e+01
<MIXTURE> 82 8.213053e-03
<MEAN> 25
 -9.748397e+00 -2.948357e+00 1.600444e+00 -3.094656e+00 3.563064e+00 -4.683585e-01 2.643356e+00 5.620967e-01 3.115391e+00 1.056969e+00 5.216727e-01 3.880286e+00 -1.282636e+00 -2.555673e-01 5.025727e-01 -2.330668e+00 -1.369120e+00 -9.491843e-01 -1.148787e+00 -1.056771e+00 -2.084585e-01 -5.141116e-01 -2.957291e-01 1.729675e-01 1.763460e-01
<VARIANCE> 25
 1.634116e+01 2.852734e+01 2.879850e+01 2.756457e+01 3.096293e+01 3.772056e+01 3.112644e+01 3.150840e+01 2.753601e+01 2.728736e+01 3.878827e+01 1.993151e+01 3.614558e+00 3.001337e+00 3.304800e+00 3.448624e+00 3.751673e+00 3.663206e+00 2.878603e+00 2.944528e+00 2.602217e+00 2.304541e+00 2.186867e+00 2.343611e+00 3.095069e-03
<GCONST> 9.321464e+01
<MIXTURE> 83 1.167529e-02
<MEAN> 25
 -1.970193e+01 7.041843e+00 -2.657816e+00 -1.323397e+00 7.689687e+00 -3.883808e+00 5.979939e+00 2.661666e+00 3.200528e+00 1.447196e+00 -2.888729e+00 2.442634e+00 -1.458611e-01 -5.277565e-01 3.050891e-01 -1.461419e-01 -2.267234e-01 -2.681608e-01 -1.158415e-01 -1.713419e-01 -2.568331e-01 -2.291953e-01 1.250755e-01 7.593969e-04 8.578775e-04
<VARIANCE> 25
 6.750638e+00 1.678563e+01 2.245776e+01 1.947637e+01 1.564318e+01 3.384366e+01 1.678323e+01 1.912621e+01 2.330594e+01 2.329943e+01 4.273898e+01 1.443120e+01 1.020180e+00 7.329621e-01 1.431030e+00 1.082291e+00 1.282919e+00 1.200487e+00 9.994293e-01 1.253201e+00 1.196308e+00 1.833143e+00 1.233985e+00 1.828492e+00 8.071872e-04
<GCONST> 7.680363e+01
<MIXTURE> 84 1.066614e-02
<MEAN> 25
 1.176694e+00 9.022485e+00 7.245132e+00 7.984487e+00 2.832622e+00 -9.247921e-01 -1.521649e+00 -4.469401e+00 -4.120272e+00 -2.917781e+00 -2.415001e+00 -1.601527e+00 -1.787342e+00 -1.182602e+00 -1.203662e+00 1.285765e+00 2.253577e+00 1.503534e+00 1.452298e+00 1.287372e+00 1.169470e+00 3.999771e-01 4.146313e-01 4.268096e-01 -7.163792e-02
<VARIANCE> 25
 2.348492e+01 1.823558e+01 2.160245e+01 2.413555e+01 2.919097e+01 2.832584e+01 2.806131e+01 2.666689e+01 2.528702e+01 2.530626e+01 2.362181e+01 2.465064e+01 2.101117e+00 2.547888e+00 3.854238e+00 3.310640e+00 3.272663e+00 3.375098e+00 3.289051e+00 3.411855e+00 3.488880e+00 3.260679e+00 3.589548e+00 2.806859e+00 3.530986e-03
<GCONST> 9.256628e+01
<MIXTURE> 85 7.591393e-03
<MEAN> 25
 -3.112862e+00 7.885110e+00 5.722300e+00 1.281420e+00 -3.488548e+00 -5.320017e+00 -2.983372e+00 -6.120035e+00 -3.540829e+00 -3.185813e+00 -4.728373e-01 -1.901858e+00 3.941229e+00 3.234527e-01 1.756987e+00 -2.087709e+00 -3.412522e+00 -2.581518e+00 -2.883662e+00 -2.338946e+00 -2.251021e+00 -1.263235e+00 -2.300123e+00 -6.159972e-01 9.178780e-03
<VARIANCE> 25
 4.246054e+01 2.348464e+01 3.645875e+01 3.820512e+01 3.973848e+01 4.122469e+01 3.221777e+01 2.787808e+01 2.663833e+01 2.611391e+01 2.628834e+01 2.061468e+01 2.709909e+00 4.327559e+00 4.055791e+00 5.190688e+00 4.411663e+00 3.882123e+00 3.859248e+00 3.992461e+00 3.851175e+00 4.039213e+00 3.948025e+00 3.482251e+00 5.445112e-03
<GCONST> 9.836940e+01
<MIXTURE> 86 1.273941e-02
<MEAN> 25
 -4.965423e+00 -1.175981e+00 -7.906538e-01 6.338969e+00 5.033552e+00 4.637733e+00 5.338619e+00 4.589364e+00 4.643516e+00 3.911238e+00 5.315937e+00 2.704062e+00 -6.369865e-03 -8.452620e-03 -3.781135e-02 -6.371460e-02 -1.167376e-01 -1.842469e-01 -2.665003e-01 -3.316279e-01 -3.536060e-01 -3.179287e-01 -2.296937e-01 -1.048318e-01 -5.607093e-04
<VARIANCE> 25
 7.888663e+00 5.930716e+00 9.959619e+00 1.227292e+01 1.590958e+01 1.467940e+01 1.361335e+01 1.309809e+01 1.324994e+01 1.421720e+01 1.444503e+01 1.276537e+01 9.979763e-02 1.929370e-01 3.176443e-01 4.839178e-01 6.348327e-01 7.331976e-01 7.426962e-01 7.631660e-01 8.284787e-01 8.829590e-01 9.100084e-01 9.024909e-01 5.345963e-05
<GCONST> 5.818958e+01
<MIXTURE> 87 1.100681e-02
<MEAN> 25
 -3.296926e+00 4.549140e+00 3.495324e+00 7.002836e+00 5.571912e+00 8.768349e-01 1.668279e+00 -9.396886e-01 -5.864608e-01 -8.817330e-01 -7.998765e-01 5.215639e-02 -2.144059e+00 -2.786276e+00 -2.094270e+00 -2.226408e+00 -4.715812e-02 -1.733648e-01 6.070434e-01 1.288472e+00 1.398093e+00 1.028045e+00 9.416221e-01 1.004400e+00 1.048010e-01
<VARIANCE> 25
 3.810416e+01 2.950761e+01 2.805040e+01 3.382547e+01 2.866816e+01 3.199837e+01 2.831082e+01 2.733667e+01 2.591220e+01 2.471423e+01 2.484485e+01 2.331215e+01 3.885329e+00 2.716070e+00 3.935698e+00 3.654703e+00 4.823632e+00 4.338369e+00 4.166359e+00 3.936771e+00 3.543012e+00 3.384107e+00 3.378957e+00 2.730967e+00 4.950633e-03
<GCONST> 9.638274e+01
<MIXTURE> 88 1.256585e-02
<MEAN> 25
 -4.116901e+00 -1.645904e-01 -1.389430e+00 5.651639e+00 5.253466e+00 2.738001e+00 5.402826e+00 3.830458e+00 2.987728e+00 2.283610e+00 2.257971e+00 2.738868e+00 4.610883e-02 1.517752e-01 2.938317e-01 5.233940e-01 3.810298e-01 2.327169e-01 -1.387456e-01 -2.472900e-01 -2.591003e-01 -2.073873e-01 -1.076846e-01 -8.658520e-02 -4.617652e-03
<VARIANCE> 25
 9.190595e+00 1.374085e+01 1.441424e+01 1.528511e+01 2.191578e+01 2.374042e+01 2.253875e+01 1.965861e+01 1.843779e+01 1.696599e+01 2.414132e+01 1.403079e+01 1.232300e+00 1.532340e+00 2.030531e+00 2.332281e+00 2.670839e+00 2.482162e+00 2.593199e+00 2.400789e+00 2.262954e+00 2.406887e+00 2.196066e+00 1.903971e+00 1.386690e-03
<GCONST> 8.255533e+01
<MIXTURE> 89 9.333527e-03
<MEAN> 25
 5.039031e+00 -6.978661e+00 -2.929990e+00 -2.956798e+00 -1.878078e+00 -3.854731e+00 -6.714836e+00 3.270926e+00 4.005483e+00 -2.548423e+00 -5.045125e+00 -3.950560e+00 -6.022312e-01 3.672682e-01 1.851055e+00 1.067055e+00 -1.609040e+00 -1.996482e+00 5.670006e-01 1.387470e+00 -9.921261e-01 -1.290563e+00 4.510404e-01 1.439548e+00 -8.235932e-03
<VARIANCE> 25
 1.159261e+01 2.368389e+01 2.734576e+01 2.592731e+01 3.125392e+01 4.630067e+01 5.558599e+01 3.875289e+01 3.454327e+01 3.577555e+01 3.372331e+01 2.925543e+01 3.165275e-01 9.074600e-01 1.332075e+00 1.240456e+00 1.924646e+00 2.431517e+00 2.528109e+00 1.819241e+00 2.310566e+00 1.781408e+00 1.952520e+00 1.329628e+00 3.938498e-04
<GCONST> 8.394541e+01
<MIXTURE> 90 7.114505e-03
<MEAN> 25
 2.449746e+00 -9.716573e+00 -4.756412e+00 -3.975387e+00 -3.373276e+00 -1.805618e+00 3.369692e+00 1.179070e+00 -7.528759e+00 -1.020615e+01 -3.438041e+00 -7.437478e-01 -1.635883e-01 9.091399e-01 1.167645e+00 -8.533390e-01 -1.611428e+00 -2.134009e-01 6.430568e-01 -2.084924e-01 -1.681005e-01 7.372507e-01 1.830795e-01 -5.494690e-01 -1.115544e-02
<VARIANCE> 25
 8.485765e+00 1.783513e+01 1.980340e+01 2.800010e+01 3.694627e+01 3.220693e+01 3.853295e+01 3.637376e+01 3.521567e+01 2.777505e+01 2.705927e+01 2.612933e+01 2.240223e-01 6.121844e-01 7.872777e-01 1.042494e+00 1.471162e+00 1.592191e+00 1.781796e+00 1.654736e+00 1.809592e+00 1.677207e+00 1.494020e+00 1.307930e+00 2.149201e-04
<GCONST> 7.814132e+01
<MIXTURE> 91 7.852945e-03
<MEAN> 25
 5.754827e+00 -6.612192e+00 -7.468450e+00 -5.361134e+00 3.357954e+00 2.473346e+00 -9.906441e-01 -3.091283e-01 1.174866e+00 -6.486360e-01 -5.779067e+00 -5.260007e+00 2.102437e-01 1.050133e+00 7.454742e-02 5.132421e-01 1.899568e-01 -9.513159e-01 5.098703e-02 6.993999e-02 -2.421597e-01 3.106876e-01 -2.950542e-01 1.280322e-01 -4.156729e-02
<VARIANCE> 25
 8.433785e+00 2.496350e+01 1.641251e+01 3.577828e+01 3.013960e+01 6.775163e+01 5.126839e+01 3.118760e+01 4.356039e+01 5.762467e+01 3.507408e+01 3.146091e+01 3.784745e-01 6.711128e-01 9.235075e-01 1.284485e+00 1.886063e+00 2.280532e+00 2.474903e+00 2.118639e+00 2.295185e+00 2.034441e+00 2.124318e+00 1.651231e+00 6.578281e-04
<GCONST> 8.489072e+01
<MIXTURE> 92 7.852945e-03
<MEAN> 25
 5.754827e+00 -6.612192e+00 -7.468450e+00 -5.361134e+00 3.357954e+00 2.473346e+00 -9.906441e-01 -3.091283e-01 1.174866e+00 -6.486360e-01 -5.779067e+00 -5.260007e+00 2.102437e-01 1.050133e+00 7.454742e-02 5.132421e-01 1.899568e-01 -9.513159e-01 5.098703e-02 6.993999e-02 -2.421597e-01 3.106876e-01 -2.950542e-01 1.280322e-01 -4.156729e-02
<VARIANCE> 25
 8.433785e+00 2.496350e+01 1.641251e+01 3.577828e+01 3.013960e+01 6.775163e+01 5.126839e+01 3.118760e+01 4.356039e+01 5.762467e+01 3.507408e+01 3.146091e+01 3.784745e-01 6.711128e-01 9.235075e-01 1.284485e+00 1.886063e+00 2.280532e+00 2.474903e+00 2.118639e+00 2.295185e+00 2.034441e+00 2.124318e+00 1.651231e+00 6.578281e-04
<GCONST> 8.489072e+01
<MIXTURE> 93 6.122769e-03
<MEAN> 25
 -6.823522e+00 -9.562898e-01 -2.400850e+00 5.798092e+00 5.910063e+00 3.917815e+00 6.126765e+00 3.613700e+00 4.116983e+00 2.508926e+00 1.815974e+00 3.705923e+00 -6.150730e-02 -1.542403e-01 -2.573014e-01 -3.317193e-01 -3.337466e-01 -2.844040e-01 -2.174035e-01 -1.744248e-01 -1.667212e-01 -1.509521e-01 -1.045342e-01 -3.520852e-02 -3.671123e-06
<VARIANCE> 25
 9.099895e+00 6.071427e+00 8.184767e+00 1.136336e+01 1.149398e+01 1.602865e+01 1.530297e+01 1.648333e+01 1.476689e+01 1.453650e+01 1.679100e+01 1.344373e+01 8.275662e-02 1.534040e-01 2.636628e-01 3.805604e-01 4.976765e-01 6.421662e-01 7.799010e-01 8.872232e-01 9.164898e-01 8.759311e-01 8.921864e-01 9.178376e-01 1.001507e-06
<GCONST> 5.361828e+01
<MIXTURE> 94 6.122769e-03
<MEAN> 25
 -6.823522e+00 -9.562898e-01 -2.400850e+00 5.798092e+00 5.910063e+00 3.917815e+00 6.126765e+00 3.613700e+00 4.116983e+00 2.508926e+00 1.815974e+00 3.705923e+00 -6.150730e-02 -1.542403e-01 -2.573014e-01 -3.317193e-01 -3.337466e-01 -2.844040e-01 -2.174035e-01 -1.744248e-01 -1.667212e-01 -1.509521e-01 -1.045342e-01 -3.520852e-02 -3.671123e-06
<VARIANCE> 25
 9.099895e+00 6.071427e+00 8.184767e+00 1.136336e+01 1.149398e+01 1.602865e+01 1.530297e+01 1.648333e+01 1.476689e+01 1.453650e+01 1.679100e+01 1.344373e+01 8.275662e-02 1.534040e-01 2.636628e-01 3.805604e-01 4.976765e-01 6.421662e-01 7.799010e-01 8.872232e-01 9.164898e-01 8.759311e-01 8.921864e-01 9.178376e-01 1.001507e-06
<GCONST> 5.361828e+01
<MIXTURE> 95 5.258835e-03
<MEAN> 25
 -5.785177e+00 -6.363409e-01 -1.975898e+00 4.902093e+00 4.259218e+00 2.691773e+00 4.254083e+00 1.765549e+00 2.166300e+00 8.603880e-01 1.151739e+00 2.615818e+00 1.439359e-01 1.433888e-01 8.246142e-02 -8.797034e-02 -3.760734e-01 -7.163689e-01 -1.052573e+00 -1.278670e+00 -1.251736e+00 -9.834732e-01 -6.414170e-01 -2.989433e-01 -1.922194e-04
<VARIANCE> 25
 1.029570e+01 7.334629e+00 1.214197e+01 1.267614e+01 1.396186e+01 1.933662e+01 1.832294e+01 1.767700e+01 1.560111e+01 1.529914e+01 1.997697e+01 1.426198e+01 2.078120e-01 2.913252e-01 4.509976e-01 6.268089e-01 7.969630e-01 8.929075e-01 9.148624e-01 9.277552e-01 9.769024e-01 1.078356e+00 1.163029e+00 1.116292e+00 4.209244e-05
<GCONST> 6.347916e+01
<MIXTURE> 96 7.034694e-03
<MEAN> 25
 -4.913736e+00 -4.515906e-02 -2.201253e+00 5.153339e+00 4.069409e+00 1.251227e+00 3.826969e+00 2.228965e+00 2.251059e+00 1.107624e+00 1.161031e+00 3.095700e+00 -1.588330e-02 8.526259e-02 2.061390e-01 4.345764e-01 5.141130e-01 4.803090e-01 3.025787e-01 -1.417347e-01 -4.623640e-01 -6.212994e-01 -6.756033e-01 -3.753860e-01 9.474251e-05
<VARIANCE> 25
 1.102263e+01 1.210027e+01 1.227532e+01 1.355857e+01 1.499803e+01 2.375166e+01 1.892140e+01 2.162520e+01 1.783947e+01 1.622595e+01 1.887319e+01 1.514983e+01 1.181638e-01 2.084696e-01 3.016267e-01 4.037984e-01 4.834699e-01 6.353867e-01 8.899151e-01 9.539991e-01 9.140145e-01 8.416075e-01 9.384644e-01 9.007757e-01 1.180868e-06
<GCONST> 5.793552e+01
<MIXTURE> 97 7.034694e-03
<MEAN> 25
 -4.913736e+00 -4.515906e-02 -2.201253e+00 5.153339e+00 4.069409e+00 1.251227e+00 3.826969e+00 2.228965e+00 2.251059e+00 1.107624e+00 1.161031e+00 3.095700e+00 -1.588330e-02 8.526259e-02 2.061390e-01 4.345764e-01 5.141130e-01 4.803090e-01 3.025787e-01 -1.417347e-01 -4.623640e-01 -6.212994e-01 -6.756033e-01 -3.753860e-01 9.474251e-05
<VARIANCE> 25
 1.102263e+01 1.210027e+01 1.227532e+01 1.355857e+01 1.499803e+01 2.375166e+01 1.892140e+01 2.162520e+01 1.783947e+01 1.622595e+01 1.887319e+01 1.514983e+01 1.181638e-01 2.084696e-01 3.016267e-01 4.037984e-01 4.834699e-01 6.353867e-01 8.899151e-01 9.539991e-01 9.140145e-01 8.416075e-01 9.384644e-01 9.007757e-01 1.180868e-06
<GCONST> 5.793552e+01
<MIXTURE> 98 9.917808e-03
<MEAN> 25
 -1.413628e+00 1.032342e+00 -2.551761e-01 4.544137e+00 3.766510e+00 2.496178e+00 3.272766e+00 1.757908e+00 1.554792e+00 9.878098e-01 6.778063e-01 1.012478e+00 -1.809831e+00 -1.468744e+00 -9.963446e-01 1.459369e-01 6.447555e-01 8.066759e-01 1.266413e+00 1.440664e+00 1.671850e+00 1.114419e+00 1.305937e+00 9.744505e-01 -3.457617e-02
<VARIANCE> 25
 1.459772e+01 2.010732e+01 3.191845e+01 3.252334e+01 4.259545e+01 3.762069e+01 3.281340e+01 2.918921e+01 2.743934e+01 3.037653e+01 2.666854e+01 2.370923e+01 1.365373e+00 1.531721e+00 2.373241e+00 2.441319e+00 2.841762e+00 2.885545e+00 2.860060e+00 2.757839e+00 2.610753e+00 3.064407e+00 2.765163e+00 2.143632e+00 2.366458e-03
<GCONST> 9.046974e+01
<MIXTURE> 99 6.696178e-03
<MEAN> 25
 -6.368594e+00 9.731036e+00 7.814622e+00 2.891663e+00 1.243415e+00 -5.413608e+00 -1.730267e+00 -3.420386e+00 -2.630375e+00 -5.753680e+00 -1.657153e+00 3.496486e-01 3.002059e-01 -6.307468e-01 5.154493e-01 -3.146457e-01 -1.227242e+00 -2.856464e-01 -4.644488e-01 -5.022087e-01 -8.509205e-02 -3.061386e-01 5.112089e-01 2.992024e-01 1.791408e-02
<VARIANCE> 25
 3.094445e+01 2.127490e+01 4.938826e+01 2.990143e+01 3.216694e+01 2.992437e+01 3.116090e+01 3.124216e+01 2.920423e+01 4.938240e+01 1.892085e+01 2.595213e+01 2.253711e+00 1.757934e+00 1.540070e+00 1.598018e+00 2.690759e+00 2.054775e+00 1.520646e+00 1.757666e+00 1.598817e+00 1.770629e+00 1.703235e+00 1.208232e+00 1.685556e-03
<GCONST> 8.730229e+01
<MIXTURE> 100 4.498084e-03
<MEAN> 25
 -1.598907e+00 6.343385e+00 1.027599e+01 -7.461643e+00 -1.078020e+01 -5.073492e+00 -4.942793e+00 -9.968013e+00 -4.718851e+00 -8.566530e-01 -2.730609e+00 -2.709769e+00 2.917371e+00 -1.260124e+00 1.299781e+00 -2.185108e+00 -3.418975e+00 -7.841269e-01 -1.218404e+00 -8.194981e-01 -1.476121e+00 3.467541e-01 -1.655213e+00 -2.863769e-01 2.009064e-03
<VARIANCE> 25
 1.362518e+01 2.106599e+01 2.246756e+01 2.642672e+01 2.302940e+01 2.373090e+01 2.911067e+01 2.170537e+01 2.748751e+01 2.266740e+01 2.243783e+01 2.134620e+01 1.799911e+00 3.953561e+00 2.919532e+00 4.288292e+00 4.185350e+00 4.536725e+00 4.015322e+00 4.339935e+00 4.168797e+00 3.895191e+00 3.911297e+00 3.224417e+00 1.675042e-03
<GCONST> 9.257295e+01
<MIXTURE> 101 6.007792e-03
<MEAN> 25
 7.059287e+00 -3.970955e+00 -4.901476e+00 -5.015133e+00 -6.740838e-01 -7.462548e-01 -1.181678e+01 -2.840539e+00 1.204950e+00 1.789378e+00 4.553993e-01 -4.183340e+00 6.830862e-01 6.329030e-01 -1.567022e+00 -1.619187e+00 8.653202e-01 2.630447e+00 3.362530e-01 -1.578590e+00 -1.052568e+00 1.275401e+00 1.298060e+00 -3.437441e-01 -3.626453e-03
<VARIANCE> 25
 1.272652e+01 1.446747e+01 3.557675e+01 4.633655e+01 3.696916e+01 3.339814e+01 4.191943e+01 3.348768e+01 3.386364e+01 4.102253e+01 7.012314e+01 2.633922e+01 2.498211e-01 7.026964e-01 1.205620e+00 1.431645e+00 1.611524e+00 2.269634e+00 2.076734e+00 2.081585e+00 2.224135e+00 2.176975e+00 1.489745e+00 1.714219e+00 3.331886e-04
<GCONST> 8.376820e+01
<MIXTURE> 102 6.007792e-03
<MEAN> 25
 7.059287e+00 -3.970955e+00 -4.901476e+00 -5.015133e+00 -6.740838e-01 -7.462548e-01 -1.181678e+01 -2.840539e+00 1.204950e+00 1.789378e+00 4.553993e-01 -4.183340e+00 6.830862e-01 6.329030e-01 -1.567022e+00 -1.619187e+00 8.653202e-01 2.630447e+00 3.362530e-01 -1.578590e+00 -1.052568e+00 1.275401e+00 1.298060e+00 -3.437441e-01 -3.626453e-03
<VARIANCE> 25
 1.272652e+01 1.446747e+01 3.557675e+01 4.633655e+01 3.696916e+01 3.339814e+01 4.191943e+01 3.348768e+01 3.386364e+01 4.102253e+01 7.012314e+01 2.633922e+01 2.498211e-01 7.026964e-01 1.205620e+00 1.431645e+00 1.611524e+00 2.269634e+00 2.076734e+00 2.081585e+00 2.224135e+00 2.176975e+00 1.489745e+00 1.714219e+00 3.331886e-04
<GCONST> 8.376820e+01
<MIXTURE> 103 5.694618e-03
<MEAN> 25
 3.369791e+00 -9.486141e+00 -6.115011e+00 -3.081452e+00 -1.359266e+00 -1.951708e+00 2.420515e+00 2.503329e+00 -4.589114e+00 -9.219690e+00 -5.061981e+00 3.592221e-01 -1.590143e-01 -1.487689e+00 -9.765874e-01 3.748145e-01 1.210414e+00 1.018677e+00 1.592448e-01 -2.640849e-01 -7.782228e-01 -9.463635e-01 -3.592826e-02 1.150083e-01 2.699555e-02
<VARIANCE> 25
 1.031494e+01 2.032580e+01 2.295459e+01 3.163645e+01 4.822117e+01 3.507502e+01 4.645360e+01 3.666592e+01 4.223897e+01 2.976134e+01 3.003827e+01 2.635679e+01 6.432258e-01 1.251792e+00 1.540350e+00 1.937049e+00 2.923803e+00 2.408769e+00 2.883134e+00 2.574560e+00 2.560561e+00 2.519189e+00 2.091908e+00 2.022194e+00 8.070651e-04
<GCONST> 8.758193e+01
<MIXTURE> 104 5.694618e-03
<MEAN> 25
 3.369791e+00 -9.486141e+00 -6.115011e+00 -3.081452e+00 -1.359266e+00 -1.951708e+00 2.420515e+00 2.503329e+00 -4.589114e+00 -9.219690e+00 -5.061981e+00 3.592221e-01 -1.590143e-01 -1.487689e+00 -9.765874e-01 3.748145e-01 1.210414e+00 1.018677e+00 1.592448e-01 -2.640849e-01 -7.782228e-01 -9.463635e-01 -3.592826e-02 1.150083e-01 2.699555e-02
<VARIANCE> 25
 1.031494e+01 2.032580e+01 2.295459e+01 3.163645e+01 4.822117e+01 3.507502e+01 4.645360e+01 3.666592e+01 4.223897e+01 2.976134e+01 3.003827e+01 2.635679e+01 6.432258e-01 1.251792e+00 1.540350e+00 1.937049e+00 2.923803e+00 2.408769e+00 2.883134e+00 2.574560e+00 2.560561e+00 2.519189e+00 2.091908e+00 2.022194e+00 8.070651e-04
<GCONST> 8.758193e+01
<MIXTURE> 105 4.710235e-03
<MEAN> 25
 1.977880e+00 -1.526872e+00 8.251007e+00 -3.196423e+00 -1.130467e+01 -3.517621e+00 -4.592744e+00 -1.987861e+00 -3.316309e+00 -3.417167e+00 2.617632e+00 -9.083024e-01 -4.246420e-02 5.572129e-02 6.348117e-02 -5.847749e-02 6.676571e-02 5.216284e-02 5.098075e-02 5.035123e-02 -9.497807e-03 6.139624e-02 -4.659195e-02 -8.367148e-02 -1.571513e-03
<VARIANCE> 25
 1.290064e+01 2.677360e+01 4.737775e+01 4.393393e+01 3.590327e+01 7.273161e+01 4.015314e+01 5.529338e+01 3.907047e+01 3.918045e+01 5.129399e+01 2.907454e+01 1.054291e-01 1.812014e-01 3.217132e-01 2.800970e-01 3.953211e-01 4.181820e-01 4.932828e-01 4.689093e-01 4.703340e-01 4.280773e-01 4.466033e-01 4.394884e-01 8.631591e-05
<GCONST> 6.742942e+01
<MIXTURE> 106 4.710235e-03
<MEAN> 25
 1.977880e+00 -1.526872e+00 8.251007e+00 -3.196423e+00 -1.130467e+01 -3.517621e+00 -4.592744e+00 -1.987861e+00 -3.316309e+00 -3.417167e+00 2.617632e+00 -9.083024e-01 -4.246420e-02 5.572129e-02 6.348117e-02 -5.847749e-02 6.676571e-02 5.216284e-02 5.098075e-02 5.035123e-02 -9.497807e-03 6.139624e-02 -4.659195e-02 -8.367148e-02 -1.571513e-03
<VARIANCE> 25
 1.290064e+01 2.677360e+01 4.737775e+01 4.393393e+01 3.590327e+01 7.273161e+01 4.015314e+01 5.529338e+01 3.907047e+01 3.918045e+01 5.129399e+01 2.907454e+01 1.054291e-01 1.812014e-01 3.217132e-01 2.800970e-01 3.953211e-01 4.181820e-01 4.932828e-01 4.689093e-01 4.703340e-01 4.280773e-01 4.466033e-01 4.394884e-01 8.631591e-05
<GCONST> 6.742942e+01
<MIXTURE> 107 5.452374e-03
<MEAN> 25
 7.564373e+00 -2.639271e+00 -6.910911e+00 -8.584779e+00 8.596985e-01 4.220342e+00 -8.429929e+00 -5.154618e+00 -7.329713e-01 3.292380e+00 1.859223e+00 -4.238409e+00 -6.222438e-01 -7.194437e-01 6.624466e-01 1.586680e+00 3.221002e-01 -1.968938e+00 -8.466703e-01 8.522375e-01 1.629773e+00 9.779571e-02 -1.530415e+00 -1.098994e+00 1.945870e-03
<VARIANCE> 25
 1.450675e+01 1.862411e+01 2.798740e+01 4.000658e+01 3.381584e+01 3.803251e+01 4.631409e+01 3.481025e+01 4.084905e+01 4.030658e+01 5.613028e+01 2.969388e+01 3.195025e-01 1.026378e+00 1.425148e+00 2.614236e+00 2.086437e+00 2.611159e+00 2.219742e+00 2.451744e+00 2.562032e+00 2.518986e+00 1.690035e+00 2.213625e+00 8.217179e-04
<GCONST> 8.760622e+01
<MIXTURE> 108 5.452374e-03
<MEAN> 25
 7.564373e+00 -2.639271e+00 -6.910911e+00 -8.584779e+00 8.596985e-01 4.220342e+00 -8.429929e+00 -5.154618e+00 -7.329713e-01 3.292380e+00 1.859223e+00 -4.238409e+00 -6.222438e-01 -7.194437e-01 6.624466e-01 1.586680e+00 3.221002e-01 -1.968938e+00 -8.466703e-01 8.522375e-01 1.629773e+00 9.779571e-02 -1.530415e+00 -1.098994e+00 1.945870e-03
<VARIANCE> 25
 1.450675e+01 1.862411e+01 2.798740e+01 4.000658e+01 3.381584e+01 3.803251e+01 4.631409e+01 3.481025e+01 4.084905e+01 4.030658e+01 5.613028e+01 2.969388e+01 3.195025e-01 1.026378e+00 1.425148e+00 2.614236e+00 2.086437e+00 2.611159e+00 2.219742e+00 2.451744e+00 2.562032e+00 2.518986e+00 1.690035e+00 2.213625e+00 8.217179e-04
<GCONST> 8.760622e+01
<MIXTURE> 109 6.661064e-03
<MEAN> 25
 4.005650e+00 -1.018273e+01 -8.104803e+00 -1.405268e+00 2.743697e+00 3.714617e-01 5.291382e-02 1.231585e+00 -2.409826e+00 -7.900889e+00 -5.401689e+00 -2.573711e-01 -4.756937e-02 -1.022843e-01 -2.033676e-02 2.516618e-01 2.187148e-01 7.004448e-02 -1.525805e-01 -7.250246e-02 -2.695059e-02 -1.414733e-01 2.230614e-01 5.137744e-02 -3.929674e-03
<VARIANCE> 25
 8.796928e+00 2.088674e+01 1.989638e+01 3.000894e+01 4.090110e+01 3.842126e+01 4.823004e+01 3.363163e+01 4.548660e+01 3.700419e+01 2.928029e+01 2.885910e+01 1.939775e-01 4.185075e-01 5.224726e-01 6.244614e-01 1.187667e+00 1.036726e+00 1.225157e+00 1.067120e+00 1.075555e+00 9.807719e-01 8.473152e-01 8.757839e-01 1.820405e-04
<GCONST> 7.446028e+01
<MIXTURE> 110 6.661064e-03
<MEAN> 25
 4.005650e+00 -1.018273e+01 -8.104803e+00 -1.405268e+00 2.743697e+00 3.714617e-01 5.291382e-02 1.231585e+00 -2.409826e+00 -7.900889e+00 -5.401689e+00 -2.573711e-01 -4.756937e-02 -1.022843e-01 -2.033676e-02 2.516618e-01 2.187148e-01 7.004448e-02 -1.525805e-01 -7.250246e-02 -2.695059e-02 -1.414733e-01 2.230614e-01 5.137744e-02 -3.929674e-03
<VARIANCE> 25
 8.796928e+00 2.088674e+01 1.989638e+01 3.000894e+01 4.090110e+01 3.842126e+01 4.823004e+01 3.363163e+01 4.548660e+01 3.700419e+01 2.928029e+01 2.885910e+01 1.939775e-01 4.185075e-01 5.224726e-01 6.244614e-01 1.187667e+00 1.036726e+00 1.225157e+00 1.067120e+00 1.075555e+00 9.807719e-01 8.473152e-01 8.757839e-01 1.820405e-04
<GCONST> 7.446028e+01
<MIXTURE> 111 4.337247e-03
<MEAN> 25
 -4.464222e+00 -8.550150e-01 -1.713193e+00 1.709751e+00 1.004232e+00 8.889610e-01 3.624253e-01 2.421933e-01 5.150306e-02 -5.338228e-01 -6.354185e-01 2.002480e+00 -1.968776e-02 -3.357003e-02 -7.266615e-02 -7.420266e-02 -3.714775e-02 6.353355e-03 -1.556430e-03 -6.027603e-02 -1.351698e-01 -1.982134e-01 -1.864923e-01 -1.053183e-01 -2.211541e-04
<VARIANCE> 25
 6.979034e+00 5.332049e+00 1.017269e+01 9.426362e+00 1.324805e+01 2.455825e+01 1.491662e+01 1.328542e+01 1.174970e+01 1.184448e+01 1.361475e+01 1.174122e+01 8.021113e-02 1.627248e-01 2.742814e-01 4.178869e-01 5.694346e-01 7.015566e-01 8.004353e-01 8.535677e-01 8.938070e-01 8.602334e-01 8.614116e-01 8.479692e-01 2.232728e-05
<GCONST> 5.612073e+01
<MIXTURE> 112 4.337247e-03
<MEAN> 25
 -4.464222e+00 -8.550150e-01 -1.713193e+00 1.709751e+00 1.004232e+00 8.889610e-01 3.624253e-01 2.421933e-01 5.150306e-02 -5.338228e-01 -6.354185e-01 2.002480e+00 -1.968776e-02 -3.357003e-02 -7.266615e-02 -7.420266e-02 -3.714775e-02 6.353355e-03 -1.556430e-03 -6.027603e-02 -1.351698e-01 -1.982134e-01 -1.864923e-01 -1.053183e-01 -2.211541e-04
<VARIANCE> 25
 6.979034e+00 5.332049e+00 1.017269e+01 9.426362e+00 1.324805e+01 2.455825e+01 1.491662e+01 1.328542e+01 1.174970e+01 1.184448e+01 1.361475e+01 1.174122e+01 8.021113e-02 1.627248e-01 2.742814e-01 4.178869e-01 5.694346e-01 7.015566e-01 8.004353e-01 8.535677e-01 8.938070e-01 8.602334e-01 8.614116e-01 8.479692e-01 2.232728e-05
<GCONST> 5.612073e+01
<MIXTURE> 113 5.938666e-03
<MEAN> 25
 9.955053e+00 1.751493e+00 -8.770166e+00 -1.701787e+01 -1.036161e+00 5.665690e+00 -5.273416e+00 -1.485767e+00 -5.681290e+00 -4.996922e-01 3.158769e-01 -1.957100e-01 3.618220e-03 1.470172e-02 -5.887172e-02 -1.135200e-01 1.055815e-01 1.502012e-01 6.074555e-02 3.731187e-02 -5.619000e-02 -5.040236e-02 1.787984e-01 3.554900e-02 -1.417133e-03
<VARIANCE> 25
 9.068143e+00 1.638383e+01 2.965796e+01 3.449267e+01 5.276364e+01 3.391817e+01 3.984297e+01 3.937547e+01 3.738296e+01 4.634189e+01 3.659833e+01 2.838159e+01 1.222051e-01 3.202454e-01 3.155726e-01 6.301711e-01 6.123327e-01 6.529036e-01 7.767313e-01 8.455130e-01 9.575228e-01 9.044450e-01 7.251604e-01 7.155855e-01 1.249045e-04
<GCONST> 7.114840e+01
<MIXTURE> 114 5.938666e-03
<MEAN> 25
 9.955053e+00 1.751493e+00 -8.770166e+00 -1.701787e+01 -1.036161e+00 5.665690e+00 -5.273416e+00 -1.485767e+00 -5.681290e+00 -4.996922e-01 3.158769e-01 -1.957100e-01 3.618220e-03 1.470172e-02 -5.887172e-02 -1.135200e-01 1.055815e-01 1.502012e-01 6.074555e-02 3.731187e-02 -5.619000e-02 -5.040236e-02 1.787984e-01 3.554900e-02 -1.417133e-03
<VARIANCE> 25
 9.068143e+00 1.638383e+01 2.965796e+01 3.449267e+01 5.276364e+01 3.391817e+01 3.984297e+01 3.937547e+01 3.738296e+01 4.634189e+01 3.659833e+01 2.838159e+01 1.222051e-01 3.202454e-01 3.155726e-01 6.301711e-01 6.123327e-01 6.529036e-01 7.767313e-01 8.455130e-01 9.575228e-01 9.044450e-01 7.251604e-01 7.155855e-01 1.249045e-04
<GCONST> 7.114840e+01
<MIXTURE> 115 2.935202e-03
<MEAN> 25
 -3.984361e+00 -5.689498e-01 -3.051102e+00 3.684472e+00 2.540233e+00 -5.920966e-01 2.341232e+00 5.956084e-01 1.299588e+00 -2.050304e-02 -1.814866e-02 2.720043e+00 4.000536e-02 -7.356316e-02 -2.327998e-01 -4.447175e-01 -6.202487e-01 -6.708332e-01 -5.897527e-01 -5.239727e-01 -4.634379e-01 -4.590764e-01 -3.341779e-01 -1.493760e-01 4.326174e-06
<VARIANCE> 25
 9.202259e+00 1.138926e+01 1.343738e+01 1.250799e+01 1.409131e+01 1.858399e+01 1.754292e+01 2.209104e+01 1.799252e+01 1.688996e+01 1.901981e+01 1.445670e+01 2.040282e-01 3.393102e-01 4.777272e-01 5.557858e-01 6.362274e-01 7.829522e-01 9.951560e-01 1.124378e+00 1.082972e+00 9.758312e-01 1.011889e+00 1.062462e+00 1.036407e-06
<GCONST> 6.035141e+01
<MIXTURE> 116 2.935202e-03
<MEAN> 25
 -3.984361e+00 -5.689498e-01 -3.051102e+00 3.684472e+00 2.540233e+00 -5.920966e-01 2.341232e+00 5.956084e-01 1.299588e+00 -2.050304e-02 -1.814866e-02 2.720043e+00 4.000536e-02 -7.356316e-02 -2.327998e-01 -4.447175e-01 -6.202487e-01 -6.708332e-01 -5.897527e-01 -5.239727e-01 -4.634379e-01 -4.590764e-01 -3.341779e-01 -1.493760e-01 4.326174e-06
<VARIANCE> 25
 9.202259e+00 1.138926e+01 1.343738e+01 1.250799e+01 1.409131e+01 1.858399e+01 1.754292e+01 2.209104e+01 1.799252e+01 1.688996e+01 1.901981e+01 1.445670e+01 2.040282e-01 3.393102e-01 4.777272e-01 5.557858e-01 6.362274e-01 7.829522e-01 9.951560e-01 1.124378e+00 1.082972e+00 9.758312e-01 1.011889e+00 1.062462e+00 1.036407e-06
<GCONST> 6.035141e+01
<MIXTURE> 117 6.506003e-03
<MEAN> 25
 -4.632446e+00 1.176089e+00 1.051549e+00 9.733876e+00 6.291172e+00 6.195520e+00 6.553023e+00 5.137518e+00 6.351976e+00 4.919738e+00 6.298001e+00 2.702458e+00 -7.459716e-02 -2.278408e-01 -3.536828e-01 -4.169787e-01 -3.708470e-01 -2.969618e-01 -2.717885e-01 -3.271761e-01 -3.963150e-01 -3.752235e-01 -2.682221e-01 -1.119588e-01 1.546136e-06
<VARIANCE> 25
 7.148562e+00 9.103377e+00 9.732479e+00 1.426918e+01 1.561343e+01 1.569181e+01 1.859275e+01 1.889166e+01 1.641451e+01 1.625338e+01 1.719969e+01 1.464418e+01 2.149245e-01 3.100006e-01 4.254826e-01 6.134081e-01 8.483052e-01 1.051277e+00 1.198531e+00 1.225562e+00 1.217193e+00 1.190364e+00 1.161481e+00 1.106850e+00 1.006715e-06
<GCONST> 6.056551e+01
<MIXTURE> 118 6.506003e-03
<MEAN> 25
 -4.632446e+00 1.176089e+00 1.051549e+00 9.733876e+00 6.291172e+00 6.195520e+00 6.553023e+00 5.137518e+00 6.351976e+00 4.919738e+00 6.298001e+00 2.702458e+00 -7.459716e-02 -2.278408e-01 -3.536828e-01 -4.169787e-01 -3.708470e-01 -2.969618e-01 -2.717885e-01 -3.271761e-01 -3.963150e-01 -3.752235e-01 -2.682221e-01 -1.119588e-01 1.546136e-06
<VARIANCE> 25
 7.148562e+00 9.103377e+00 9.732479e+00 1.426918e+01 1.561343e+01 1.569181e+01 1.859275e+01 1.889166e+01 1.641451e+01 1.625338e+01 1.719969e+01 1.464418e+01 2.149245e-01 3.100006e-01 4.254826e-01 6.134081e-01 8.483052e-01 1.051277e+00 1.198531e+00 1.225562e+00 1.217193e+00 1.190364e+00 1.161481e+00 1.106850e+00 1.006715e-06
<GCONST> 6.056551e+01
<MIXTURE> 119 4.297961e-03
<MEAN> 25
 -4.975086e+00 -7.633477e+00 2.231167e+00 2.016465e+00 2.239627e+00 2.074460e-01 5.274868e+00 5.939592e+00 1.165955e+00 9.676623e-01 6.612792e+00 1.569774e+00 -4.999606e-02 -7.932332e-02 3.730828e-02 -5.717874e-02 -1.260999e-01 -1.799403e-01 -6.911786e-02 -1.398411e-02 -9.181110e-02 -1.121300e-01 -5.515167e-02 -5.813657e-02 1.111506e-03
<VARIANCE> 25
 8.503322e+00 9.830850e+00 1.656415e+01 2.018299e+01 2.286823e+01 2.321375e+01 2.500592e+01 2.648680e+01 2.503767e+01 2.807132e+01 2.041016e+01 2.041583e+01 1.604200e-01 2.824691e-01 4.597152e-01 6.327951e-01 8.034697e-01 1.003857e+00 1.099954e+00 1.277741e+00 1.285782e+00 1.245859e+00 1.192375e+00 1.112395e+00 2.316016e-04
<GCONST> 6.972237e+01
<MIXTURE> 120 4.297961e-03
<MEAN> 25
 -4.975086e+00 -7.633477e+00 2.231167e+00 2.016465e+00 2.239627e+00 2.074460e-01 5.274868e+00 5.939592e+00 1.165955e+00 9.676623e-01 6.612792e+00 1.569774e+00 -4.999606e-02 -7.932332e-02 3.730828e-02 -5.717874e-02 -1.260999e-01 -1.799403e-01 -6.911786e-02 -1.398411e-02 -9.181110e-02 -1.121300e-01 -5.515167e-02 -5.813657e-02 1.111506e-03
<VARIANCE> 25
 8.503322e+00 9.830850e+00 1.656415e+01 2.018299e+01 2.286823e+01 2.321375e+01 2.500592e+01 2.648680e+01 2.503767e+01 2.807132e+01 2.041016e+01 2.041583e+01 1.604200e-01 2.824691e-01 4.597152e-01 6.327951e-01 8.034697e-01 1.003857e+00 1.099954e+00 1.277741e+00 1.285782e+00 1.245859e+00 1.192375e+00 1.112395e+00 2.316016e-04
<GCONST> 6.972237e+01
<MIXTURE> 121 4.567511e-03
<MEAN> 25
 2.093032e-01 -2.532588e+00 5.144213e+00 -1.289327e+01 -1.263763e+01 -1.649857e+00 9.881532e-01 -5.104725e+00 -4.186918e+00 -4.884565e-01 -5.501267e+00 -4.319277e+00 2.347835e-02 1.323096e-01 -4.129109e-02 8.006456e-02 1.592828e-01 7.756972e-02 -7.950652e-02 -1.832193e-01 -2.673891e-01 -2.592966e-01 -1.152563e-01 1.215590e-03 -7.418164e-03
<VARIANCE> 25
 7.726561e+00 1.564814e+01 1.731884e+01 2.041177e+01 2.445033e+01 2.940881e+01 2.959645e+01 2.456139e+01 3.536729e+01 2.831383e+01 1.976160e+01 2.118315e+01 1.551751e-01 6.425267e-01 6.228738e-01 7.045738e-01 7.702864e-01 1.150654e+00 1.117537e+00 1.119871e+00 1.217547e+00 1.194058e+00 9.413611e-01 8.710716e-01 2.108760e-04
<GCONST> 7.140877e+01
<MIXTURE> 122 4.567511e-03
<MEAN> 25
 2.093032e-01 -2.532588e+00 5.144213e+00 -1.289327e+01 -1.263763e+01 -1.649857e+00 9.881532e-01 -5.104725e+00 -4.186918e+00 -4.884565e-01 -5.501267e+00 -4.319277e+00 2.347835e-02 1.323096e-01 -4.129109e-02 8.006456e-02 1.592828e-01 7.756972e-02 -7.950652e-02 -1.832193e-01 -2.673891e-01 -2.592966e-01 -1.152563e-01 1.215590e-03 -7.418164e-03
<VARIANCE> 25
 7.726561e+00 1.564814e+01 1.731884e+01 2.041177e+01 2.445033e+01 2.940881e+01 2.959645e+01 2.456139e+01 3.536729e+01 2.831383e+01 1.976160e+01 2.118315e+01 1.551751e-01 6.425267e-01 6.228738e-01 7.045738e-01 7.702864e-01 1.150654e+00 1.117537e+00 1.119871e+00 1.217547e+00 1.194058e+00 9.413611e-01 8.710716e-01 2.108760e-04
<GCONST> 7.140877e+01
<MIXTURE> 123 4.393044e-03
<MEAN> 25
 -3.806252e+00 2.370821e+00 -9.333507e-02 5.898768e+00 5.961295e+00 1.152381e+00 4.933814e+00 2.088320e+00 -8.132350e-01 -6.373475e-01 -9.312211e-01 1.819488e+00 -3.902024e-01 -6.533192e-01 -7.382422e-01 -5.655363e-01 -1.569829e-01 8.232340e-03 2.320884e-01 4.851171e-01 6.915238e-01 6.883516e-01 7.460093e-01 5.741967e-01 -2.522273e-03
<VARIANCE> 25
 9.389993e+00 1.405521e+01 1.315727e+01 1.413327e+01 1.937159e+01 3.776841e+01 2.572708e+01 2.389903e+01 1.943318e+01 1.572399e+01 2.270237e+01 2.033203e+01 3.612995e-01 3.366322e-01 4.879284e-01 6.416140e-01 9.271494e-01 9.805605e-01 1.114321e+00 1.113889e+00 1.148007e+00 1.169250e+00 1.092823e+00 1.133267e+00 8.421882e-05
<GCONST> 6.890739e+01
<MIXTURE> 124 4.069876e-03
<MEAN> 25
 -6.487104e+00 -1.013320e+00 -2.851248e+00 5.105702e+00 5.030207e+00 3.110356e+00 5.521114e+00 2.697874e+00 3.048868e+00 1.269091e+00 1.003487e+00 3.098850e+00 -2.006779e-01 -3.213861e-01 -3.552071e-01 -2.125951e-01 1.371617e-01 5.157624e-01 7.916477e-01 8.454278e-01 6.361637e-01 3.138362e-01 6.936018e-02 -6.849074e-03 5.544535e-05
<VARIANCE> 25
 1.106737e+01 8.387310e+00 1.115458e+01 1.221837e+01 1.203180e+01 2.255475e+01 1.604018e+01 1.759611e+01 1.599252e+01 1.578831e+01 1.964916e+01 1.429727e+01 1.067085e-01 1.669425e-01 2.682452e-01 4.117100e-01 5.890548e-01 6.962333e-01 7.634315e-01 8.094425e-01 9.163820e-01 9.808788e-01 1.013126e+00 1.018422e+00 1.808001e-05
<GCONST> 5.920845e+01
<MIXTURE> 125 4.069876e-03
<MEAN> 25
 -6.487104e+00 -1.013320e+00 -2.851248e+00 5.105702e+00 5.030207e+00 3.110356e+00 5.521114e+00 2.697874e+00 3.048868e+00 1.269091e+00 1.003487e+00 3.098850e+00 -2.006779e-01 -3.213861e-01 -3.552071e-01 -2.125951e-01 1.371617e-01 5.157624e-01 7.916477e-01 8.454278e-01 6.361637e-01 3.138362e-01 6.936018e-02 -6.849074e-03 5.544535e-05
<VARIANCE> 25
 1.106737e+01 8.387310e+00 1.115458e+01 1.221837e+01 1.203180e+01 2.255475e+01 1.604018e+01 1.759611e+01 1.599252e+01 1.578831e+01 1.964916e+01 1.429727e+01 1.067085e-01 1.669425e-01 2.682452e-01 4.117100e-01 5.890548e-01 6.962333e-01 7.634315e-01 8.094425e-01 9.163820e-01 9.808788e-01 1.013126e+00 1.018422e+00 1.808001e-05
<GCONST> 5.920845e+01
<MIXTURE> 126 2.402244e-03
<MEAN> 25
 -3.760745e+00 -6.769448e+00 -5.251197e+00 2.332706e+00 4.319778e+00 -3.301464e+00 1.813495e-01 3.626369e+00 3.255470e+00 -2.682316e+00 -1.441239e+00 3.095549e+00 -3.259894e-03 -8.904113e-03 -3.673442e-02 -1.611502e-01 -3.220476e-01 -3.922918e-01 -2.838432e-01 -1.633787e-01 -1.069860e-01 -1.050021e-01 -8.951230e-02 -3.451263e-02 -1.525817e-03
<VARIANCE> 25
 7.429390e+00 1.482230e+01 1.378099e+01 1.498097e+01 2.455016e+01 2.374880e+01 2.354964e+01 2.858154e+01 3.158970e+01 2.599311e+01 2.155227e+01 1.916226e+01 1.690149e-01 3.488607e-01 4.789275e-01 5.624992e-01 7.497129e-01 9.883730e-01 1.121866e+00 1.254318e+00 1.320352e+00 1.311347e+00 1.208582e+00 1.141282e+00 2.087431e-04
<GCONST> 6.988832e+01
<MIXTURE> 127 2.402244e-03
<MEAN> 25
 -3.760745e+00 -6.769448e+00 -5.251197e+00 2.332706e+00 4.319778e+00 -3.301464e+00 1.813495e-01 3.626369e+00 3.255470e+00 -2.682316e+00 -1.441239e+00 3.095549e+00 -3.259894e-03 -8.904113e-03 -3.673442e-02 -1.611502e-01 -3.220476e-01 -3.922918e-01 -2.838432e-01 -1.633787e-01 -1.069860e-01 -1.050021e-01 -8.951230e-02 -3.451263e-02 -1.525817e-03
<VARIANCE> 25
 7.429390e+00 1.482230e+01 1.378099e+01 1.498097e+01 2.455016e+01 2.374880e+01 2.354964e+01 2.858154e+01 3.158970e+01 2.599311e+01 2.155227e+01 1.916226e+01 1.690149e-01 3.488607e-01 4.789275e-01 5.624992e-01 7.497129e-01 9.883730e-01 1.121866e+00 1.254318e+00 1.320352e+00 1.311347e+00 1.208582e+00 1.141282e+00 2.087431e-04
<GCONST> 6.988832e+01
<MIXTURE> 128 3.790457e-03
<MEAN> 25
 -3.925213e+00 1.568385e+00 -3.409233e-01 6.569383e+00 3.639853e+00 1.827604e+00 3.617111e+00 2.413707e+00 3.947927e+00 3.700431e+00 3.754078e+00 3.531916e+00 -3.940011e-01 -1.954169e-01 9.874673e-02 7.255262e-01 1.179021e+00 1.132454e+00 7.205819e-01 1.303537e-01 -4.389926e-01 -7.867159e-01 -7.043174e-01 -3.927653e-01 -2.840700e-05
<VARIANCE> 25
 1.018456e+01 1.182050e+01 1.493455e+01 1.925707e+01 2.006867e+01 2.138272e+01 2.466532e+01 2.505934e+01 2.637912e+01 2.378300e+01 2.677835e+01 1.817689e+01 8.899837e-01 1.143294e+00 1.360693e+00 1.498612e+00 1.583842e+00 1.858595e+00 2.243486e+00 2.317419e+00 2.141254e+00 1.852097e+00 1.741024e+00 1.743050e+00 1.016225e-06
<GCONST> 7.366331e+01
<TRANSP> 3
 0.000000e+00 1.000000e+00 0.000000e+00
 0.000000e+00 9.999990e-01 9.999998e-07
 0.000000e+00 0.000000e+00 0.000000e+00
<ENDHMM>
