~o
<STREAMINFO> 1 25
<VECSIZE> 25<NULLD><MFCC_E_D_N><DIAGC>
~h "jmodel"
<BEGINHMM>
<NUMSTATES> 3
<STATE> 2
<NUMMIXES> 128
<MIXTURE> 1 5.748963e-03
<MEAN> 25
 -2.571427e+00 3.200375e+00 2.281319e+00 8.732785e+00 4.390812e+00 3.408742e+00 4.074881e+00 3.963758e+00 5.834985e+00 5.249332e+00 5.875865e+00 3.096932e+00 -1.997497e+00 -1.625327e+00 -8.568543e-01 1.076897e+00 1.559183e+00 2.234813e+00 2.153556e+00 2.079489e+00 1.687728e+00 1.264938e+00 1.557400e+00 6.163187e-01 -4.676813e-02
<VARIANCE> 25
 1.005749e+01 1.178963e+01 1.509811e+01 1.871586e+01 2.316923e+01 2.244276e+01 2.184442e+01 2.206038e+01 2.097536e+01 2.246244e+01 2.089138e+01 1.712183e+01 1.792665e+00 2.123172e+00 3.026377e+00 3.197346e+00 3.724384e+00 3.349255e+00 3.307147e+00 3.373505e+00 3.517638e+00 3.716906e+00 3.523201e+00 2.825881e+00 3.113693e-03
<GCONST> 8.847173e+01
<MIXTURE> 2 4.549242e-03
<MEAN> 25
 -4.780101e+00 1.448672e+00 9.070059e-01 9.758703e+00 6.755706e+00 7.186897e+00 7.850527e+00 7.030359e+00 8.314990e+00 6.378641e+00 7.558270e+00 2.958376e+00 -6.225879e-02 4.548061e-02 1.384705e-01 2.202219e-01 2.845240e-01 2.907960e-01 2.878977e-01 3.242385e-01 3.579417e-01 3.031319e-01 2.030399e-01 1.040436e-01 1.117800e-05
<VARIANCE> 25
 7.180373e+00 9.504060e+00 1.076804e+01 1.645051e+01 1.702375e+01 1.769864e+01 1.694192e+01 1.846142e+01 1.717143e+01 1.702773e+01 1.796855e+01 1.468320e+01 1.227597e-01 2.248967e-01 3.333021e-01 4.605473e-01 6.568615e-01 8.022722e-01 9.267239e-01 9.873254e-01 1.095580e+00 1.057772e+00 1.056048e+00 1.024325e+00 1.064230e-06
<GCONST> 5.833357e+01
<MIXTURE> 3 4.549242e-03
<MEAN> 25
 -4.780101e+00 1.448672e+00 9.070059e-01 9.758703e+00 6.755706e+00 7.186897e+00 7.850527e+00 7.030359e+00 8.314990e+00 6.378641e+00 7.558270e+00 2.958376e+00 -6.225879e-02 4.548061e-02 1.384705e-01 2.202219e-01 2.845240e-01 2.907960e-01 2.878977e-01 3.242385e-01 3.579417e-01 3.031319e-01 2.030399e-01 1.040436e-01 1.117800e-05
<VARIANCE> 25
 7.180373e+00 9.504060e+00 1.076804e+01 1.645051e+01 1.702375e+01 1.769864e+01 1.694192e+01 1.846142e+01 1.717143e+01 1.702773e+01 1.796855e+01 1.468320e+01 1.227597e-01 2.248967e-01 3.333021e-01 4.605473e-01 6.568615e-01 8.022722e-01 9.267239e-01 9.873254e-01 1.095580e+00 1.057772e+00 1.056048e+00 1.024325e+00 1.064230e-06
<GCONST> 5.833357e+01
<MIXTURE> 4 1.671429e-02
<MEAN> 25
 2.924466e+00 3.335967e+00 -5.170218e+00 1.129627e+00 4.658668e+00 1.426915e-01 1.754606e+00 -1.913265e+00 -2.941540e-01 1.895448e-01 -2.136842e+00 -7.142656e-01 -2.753656e+00 1.389941e+00 1.246010e+00 2.558281e+00 6.790233e-01 -1.232954e-01 2.024139e+00 5.991707e-01 1.539058e+00 3.443997e-01 1.370347e+00 8.892078e-01 -7.234980e-02
<VARIANCE> 25
 2.061904e+01 2.594574e+01 3.717116e+01 3.232343e+01 3.617532e+01 5.974642e+01 5.866803e+01 5.730792e+01 5.900062e+01 5.868668e+01 4.100584e+01 3.123755e+01 2.214729e+00 5.280933e+00 4.710226e+00 4.740709e+00 5.140657e+00 8.520514e+00 6.597030e+00 4.983074e+00 7.686880e+00 4.948793e+00 5.904079e+00 4.356683e+00 7.192902e-03
<GCONST> 1.052132e+02
<MIXTURE> 5 3.206198e-03
<MEAN> 25
 -3.373064e+00 2.219222e+00 5.704298e-01 9.364527e+00 6.723824e+00 6.227518e+00 7.147060e+00 4.743535e+00 5.419066e+00 3.843126e+00 4.597548e+00 2.563981e+00 -3.206592e-01 7.477043e-01 1.214137e+00 1.027615e+00 3.065403e-01 -1.006204e-01 -8.613536e-02 4.037403e-02 4.629955e-01 6.774420e-01 3.949966e-01 8.860996e-02 -2.410851e-05
<VARIANCE> 25
 1.030674e+01 1.400383e+01 2.342023e+01 2.574343e+01 2.009148e+01 1.988813e+01 2.015394e+01 2.029565e+01 2.180928e+01 2.113687e+01 2.488269e+01 1.640951e+01 1.198531e+00 1.233701e+00 1.353770e+00 1.675446e+00 2.271223e+00 2.355058e+00 2.285608e+00 2.259041e+00 2.317620e+00 2.221906e+00 2.082549e+00 1.870621e+00 1.019908e-06
<GCONST> 7.520197e+01
<MIXTURE> 6 5.475854e-03
<MEAN> 25
 9.627609e+00 -8.692634e-01 -6.065057e+00 -1.026728e+01 -2.985822e+00 7.282781e+00 -5.130779e+00 -4.941152e+00 -4.070461e+00 1.715265e+00 3.901830e+00 -8.644474e-01 4.663066e-01 8.769109e-01 -4.358143e-01 -1.574811e+00 -6.484482e-01 1.277677e+00 1.268583e+00 2.225284e-01 -1.066293e+00 -1.073161e+00 4.204553e-01 1.206381e+00 -6.239102e-03
<VARIANCE> 25
 8.180151e+00 1.740175e+01 2.378116e+01 4.009146e+01 3.856961e+01 3.019697e+01 4.340661e+01 3.460506e+01 3.735971e+01 3.557320e+01 4.183667e+01 2.676254e+01 2.845889e-01 8.009949e-01 9.159215e-01 1.864702e+00 1.442042e+00 1.951144e+00 2.251354e+00 1.834849e+00 2.345447e+00 1.902823e+00 2.112082e+00 1.285278e+00 5.826332e-04
<GCONST> 8.290920e+01
<MIXTURE> 7 5.475854e-03
<MEAN> 25
 9.627609e+00 -8.692634e-01 -6.065057e+00 -1.026728e+01 -2.985822e+00 7.282781e+00 -5.130779e+00 -4.941152e+00 -4.070461e+00 1.715265e+00 3.901830e+00 -8.644474e-01 4.663066e-01 8.769109e-01 -4.358143e-01 -1.574811e+00 -6.484482e-01 1.277677e+00 1.268583e+00 2.225284e-01 -1.066293e+00 -1.073161e+00 4.204553e-01 1.206381e+00 -6.239102e-03
<VARIANCE> 25
 8.180151e+00 1.740175e+01 2.378116e+01 4.009146e+01 3.856961e+01 3.019697e+01 4.340661e+01 3.460506e+01 3.735971e+01 3.557320e+01 4.183667e+01 2.676254e+01 2.845889e-01 8.009949e-01 9.159215e-01 1.864702e+00 1.442042e+00 1.951144e+00 2.251354e+00 1.834849e+00 2.345447e+00 1.902823e+00 2.112082e+00 1.285278e+00 5.826332e-04
<GCONST> 8.290920e+01
<MIXTURE> 8 1.165917e-02
<MEAN> 25
 -4.558179e+00 1.623130e+00 1.110888e+00 9.407837e+00 6.728077e+00 5.954329e+00 6.456673e+00 5.862917e+00 6.861193e+00 5.652863e+00 6.438632e+00 3.120655e+00 -5.979926e-01 -1.490371e+00 -1.061184e+00 -1.680833e+00 -2.562880e-01 -1.050546e+00 -2.631713e-01 -4.556966e-01 -1.966159e-01 -1.441441e-01 -3.704139e-01 1.349201e-01 9.971479e-02
<VARIANCE> 25
 9.595500e+00 1.091811e+01 1.185313e+01 1.591173e+01 1.647127e+01 1.704359e+01 1.747665e+01 1.750702e+01 1.756567e+01 1.666226e+01 1.852604e+01 1.345018e+01 2.667000e+00 2.800863e+00 3.755673e+00 3.668509e+00 3.344935e+00 3.447386e+00 3.161777e+00 3.593063e+00 2.848965e+00 2.566896e+00 2.947761e+00 1.886728e+00 6.443275e-03
<GCONST> 8.656638e+01
<MIXTURE> 9 1.199672e-02
<MEAN> 25
 9.125063e+00 2.545103e+00 -5.984174e+00 -1.059229e+01 -2.435816e+00 6.119130e+00 -2.379521e+00 -2.294963e+00 -5.419070e+00 -1.132840e+00 6.871731e-01 1.008246e-01 1.331190e+00 -2.290087e-01 -5.251477e-01 -2.640436e+00 -1.626979e+00 1.052593e+00 -1.024604e+00 -1.735692e-01 -1.801712e-01 -6.184435e-01 7.125153e-01 -1.383264e-01 7.256123e-02
<VARIANCE> 25
 1.202747e+01 2.668963e+01 3.098966e+01 4.863261e+01 5.182145e+01 4.088003e+01 3.988020e+01 4.757425e+01 3.860217e+01 3.789806e+01 3.287870e+01 2.703496e+01 2.107929e+00 2.381660e+00 4.272777e+00 4.465481e+00 4.987654e+00 4.094018e+00 3.924377e+00 5.905933e+00 5.725111e+00 3.892995e+00 3.738759e+00 2.605578e+00 2.139331e-03
<GCONST> 9.827612e+01
<MIXTURE> 10 6.596976e-03
<MEAN> 25
 8.197283e-01 7.632650e+00 5.365856e+00 7.142395e+00 1.591858e+00 -2.126601e+00 -5.133088e-01 -1.674986e+00 8.732131e-01 8.569250e-01 8.381086e-01 6.561344e-01 -1.923227e+00 -6.712239e-01 -4.578289e-01 3.025380e+00 2.463203e+00 2.710961e+00 2.374792e+00 2.276159e+00 1.861168e+00 1.543592e+00 2.333285e+00 5.265166e-01 -1.380129e-01
<VARIANCE> 25
 1.952930e+01 2.066968e+01 2.238272e+01 2.907002e+01 3.829975e+01 3.502387e+01 3.513355e+01 3.393492e+01 2.758727e+01 2.903356e+01 2.693695e+01 2.499390e+01 2.235675e+00 3.427593e+00 5.531907e+00 5.171414e+00 5.546359e+00 4.475369e+00 4.696357e+00 4.841105e+00 4.384270e+00 5.018016e+00 4.444230e+00 3.190341e+00 2.709269e-03
<GCONST> 9.746595e+01
<MIXTURE> 11 1.633820e-02
<MEAN> 25
 6.727291e+00 2.059911e+00 2.563699e+00 4.672130e+00 -2.425833e+00 -2.974405e+00 -2.020381e+00 -5.069291e+00 -5.712346e+00 6.726781e-01 -3.556404e+00 -2.390793e+00 -3.526373e-01 7.641764e-01 -2.947755e-01 1.814120e-01 7.696247e-01 -2.085106e-01 5.328792e-01 -3.264345e-01 2.255038e-02 -2.908607e-01 3.913579e-03 1.476673e-01 -2.621432e-02
<VARIANCE> 25
 9.842925e+00 2.929054e+01 2.596389e+01 2.191343e+01 3.374344e+01 4.174095e+01 3.732262e+01 3.473058e+01 7.486115e+01 3.721849e+01 2.696356e+01 2.700771e+01 7.759403e-01 1.113679e+00 1.798819e+00 1.626544e+00 1.760708e+00 2.022205e+00 1.532653e+00 2.088006e+00 2.202651e+00 2.157892e+00 1.500286e+00 1.676350e+00 1.098820e-03
<GCONST> 8.592354e+01
<MIXTURE> 12 5.904134e-03
<MEAN> 25
 1.056023e+01 3.117555e+00 -4.403231e+00 -1.556201e+01 -8.572225e+00 9.135650e+00 -9.892586e-01 -1.887831e+00 -1.894650e+00 -4.745864e+00 1.759895e+00 6.708338e-01 7.729935e-02 2.954020e-01 7.498254e-02 -3.919970e-01 -3.411692e-01 1.536418e-02 3.045304e-01 4.419287e-01 1.262593e-01 -3.803279e-01 -3.783306e-01 7.659967e-02 -6.026285e-03
<VARIANCE> 25
 9.357824e+00 2.741893e+01 2.283067e+01 3.810098e+01 4.087571e+01 3.560616e+01 4.031807e+01 4.864420e+01 4.411927e+01 3.639189e+01 3.673343e+01 2.780528e+01 2.417846e-01 6.874553e-01 6.917318e-01 1.205529e+00 1.184509e+00 1.109610e+00 1.150835e+00 1.348119e+00 1.210857e+00 1.190331e+00 1.228556e+00 9.416716e-01 5.794340e-04
<GCONST> 7.923154e+01
<MIXTURE> 13 5.904134e-03
<MEAN> 25
 1.056023e+01 3.117555e+00 -4.403231e+00 -1.556201e+01 -8.572225e+00 9.135650e+00 -9.892586e-01 -1.887831e+00 -1.894650e+00 -4.745864e+00 1.759895e+00 6.708338e-01 7.729935e-02 2.954020e-01 7.498254e-02 -3.919970e-01 -3.411692e-01 1.536418e-02 3.045304e-01 4.419287e-01 1.262593e-01 -3.803279e-01 -3.783306e-01 7.659967e-02 -6.026285e-03
<VARIANCE> 25
 9.357824e+00 2.741893e+01 2.283067e+01 3.810098e+01 4.087571e+01 3.560616e+01 4.031807e+01 4.864420e+01 4.411927e+01 3.639189e+01 3.673343e+01 2.780528e+01 2.417846e-01 6.874553e-01 6.917318e-01 1.205529e+00 1.184509e+00 1.109610e+00 1.150835e+00 1.348119e+00 1.210857e+00 1.190331e+00 1.228556e+00 9.416716e-01 5.794340e-04
<GCONST> 7.923154e+01
<MIXTURE> 14 6.488954e-03
<MEAN> 25
 -3.989229e+00 3.890444e-01 -7.331098e-01 8.512015e+00 7.926706e+00 6.462309e+00 8.133696e+00 7.844408e+00 7.040875e+00 5.260995e+00 6.424206e+00 3.941489e+00 -2.432655e-01 1.325545e-01 3.483867e-01 3.590388e-01 4.617181e-02 2.706710e-02 6.819441e-02 1.109836e-01 4.343632e-01 5.140081e-01 4.025293e-01 1.211971e-01 -7.327735e-03
<VARIANCE> 25
 9.402411e+00 1.780209e+01 1.872908e+01 1.790571e+01 2.098599e+01 2.540988e+01 2.138410e+01 2.168705e+01 1.914278e+01 2.220051e+01 2.181276e+01 1.764147e+01 8.879255e-01 1.618951e+00 1.644092e+00 1.880888e+00 2.161251e+00 2.189619e+00 2.148131e+00 2.225536e+00 2.471924e+00 2.303359e+00 2.238260e+00 1.725150e+00 9.884957e-04
<GCONST> 8.208745e+01
<MIXTURE> 15 2.475190e-03
<MEAN> 25
 -5.172993e+00 -2.947654e-01 -4.253144e-01 7.088766e+00 5.742219e+00 5.400417e+00 6.312341e+00 5.270340e+00 5.078555e+00 4.226532e+00 5.300837e+00 2.424137e+00 -1.110516e-01 -1.400607e-02 7.366681e-02 2.784503e-01 5.264205e-01 7.722920e-01 1.123819e+00 1.191900e+00 1.105986e+00 7.806318e-01 4.278279e-01 8.815175e-02 1.357202e-04
<VARIANCE> 25
 7.628440e+00 7.439870e+00 9.531249e+00 1.348894e+01 1.368986e+01 1.506525e+01 1.543174e+01 1.581637e+01 1.384848e+01 1.365006e+01 1.519275e+01 1.209233e+01 1.219849e-01 1.992400e-01 3.104266e-01 5.187543e-01 7.217911e-01 7.574791e-01 8.186327e-01 7.529143e-01 9.979737e-01 1.045601e+00 1.028835e+00 1.122563e+00 2.912569e-05
<GCONST> 5.923572e+01
<MIXTURE> 16 2.475190e-03
<MEAN> 25
 -5.172993e+00 -2.947654e-01 -4.253144e-01 7.088766e+00 5.742219e+00 5.400417e+00 6.312341e+00 5.270340e+00 5.078555e+00 4.226532e+00 5.300837e+00 2.424137e+00 -1.110516e-01 -1.400607e-02 7.366681e-02 2.784503e-01 5.264205e-01 7.722920e-01 1.123819e+00 1.191900e+00 1.105986e+00 7.806318e-01 4.278279e-01 8.815175e-02 1.357202e-04
<VARIANCE> 25
 7.628440e+00 7.439870e+00 9.531249e+00 1.348894e+01 1.368986e+01 1.506525e+01 1.543174e+01 1.581637e+01 1.384848e+01 1.365006e+01 1.519275e+01 1.209233e+01 1.219849e-01 1.992400e-01 3.104266e-01 5.187543e-01 7.217911e-01 7.574791e-01 8.186327e-01 7.529143e-01 9.979737e-01 1.045601e+00 1.028835e+00 1.122563e+00 2.912569e-05
<GCONST> 5.923572e+01
<MIXTURE> 17 9.518312e-03
<MEAN> 25
 2.541003e+00 -8.823454e-01 7.101389e+00 1.556970e+00 -6.230481e+00 -6.415469e+00 -3.096384e+00 -1.894855e+00 -9.819759e-01 -4.917347e+00 7.045671e-01 3.369644e-01 -5.718261e-01 -1.594042e+00 1.401868e+00 -1.940757e+00 -2.433128e+00 4.456389e-01 -7.588690e-01 5.054845e-01 -3.186517e-01 -1.132169e-01 1.321917e+00 1.925538e-01 9.239451e-02
<VARIANCE> 25
 1.662440e+01 3.179440e+01 2.993609e+01 3.426175e+01 4.238770e+01 4.664899e+01 4.617311e+01 3.750928e+01 4.222091e+01 3.910640e+01 2.794843e+01 2.436677e+01 2.065785e+00 3.258242e+00 3.613853e+00 2.690443e+00 4.687603e+00 5.840447e+00 7.000029e+00 6.082932e+00 4.305720e+00 3.246643e+00 3.090337e+00 2.517317e+00 2.217146e-03
<GCONST> 9.794927e+01
<MIXTURE> 18 1.221018e-02
<MEAN> 25
 2.848291e+00 3.217227e+00 6.395598e+00 4.708447e+00 -4.817791e+00 -8.297067e+00 -1.429434e+00 -1.542073e+00 -4.050552e+00 -1.832502e+00 -1.011170e+00 4.611074e-01 -8.785257e-01 2.537367e+00 -9.162351e-01 1.313925e+00 2.793123e+00 1.494149e-01 1.606394e+00 -1.150099e-01 8.338568e-01 5.002665e-01 -1.170330e+00 2.797576e-01 -1.103596e-01
<VARIANCE> 25
 1.400254e+01 2.209441e+01 3.037491e+01 2.236803e+01 3.444144e+01 3.068914e+01 3.198550e+01 2.770372e+01 3.753566e+01 4.067092e+01 2.942433e+01 2.225103e+01 2.680608e+00 2.795607e+00 3.974807e+00 3.510052e+00 3.200012e+00 6.176307e+00 4.736348e+00 3.680894e+00 3.293791e+00 3.309377e+00 4.161448e+00 2.881133e+00 3.641661e-03
<GCONST> 9.551729e+01
<MIXTURE> 19 9.912824e-03
<MEAN> 25
 -9.899052e+00 2.130323e+00 1.950710e-01 7.290381e-01 4.333019e+00 1.330604e+00 3.354079e+00 1.111860e+00 1.907281e+00 1.219051e+00 1.081550e+00 1.852971e+00 1.991332e+00 1.635828e+00 2.070443e+00 7.308834e-01 -1.022441e+00 -1.006409e+00 -1.027781e+00 -1.338110e+00 -1.452674e+00 -1.155443e+00 -8.057593e-01 -8.088507e-01 9.418795e-04
<VARIANCE> 25
 5.749865e+01 3.047751e+01 4.851524e+01 5.317830e+01 3.542735e+01 3.343500e+01 3.127714e+01 2.907490e+01 2.938034e+01 2.773855e+01 2.952983e+01 1.982060e+01 2.600185e+00 2.391085e+00 2.240756e+00 2.262472e+00 2.645228e+00 2.161605e+00 2.364817e+00 2.376582e+00 2.071989e+00 1.946294e+00 2.183533e+00 1.747338e+00 2.268860e-03
<GCONST> 9.180190e+01
<MIXTURE> 20 6.308331e-03
<MEAN> 25
 -1.417698e+01 7.404424e+00 8.533131e-01 6.113506e+00 4.820689e+00 1.620602e+00 5.195778e+00 8.155780e-01 9.229921e-01 8.119774e-01 2.566726e+00 -2.797283e-01 -3.285763e+00 -8.575805e-01 -1.560221e+00 3.328224e-01 1.541862e+00 2.056576e+00 1.980492e+00 2.051717e+00 2.143897e+00 2.037754e+00 1.683534e+00 9.460725e-01 4.727668e-02
<VARIANCE> 25
 1.965538e+01 2.354021e+01 3.091609e+01 3.766717e+01 3.095971e+01 2.793604e+01 2.998168e+01 3.198954e+01 2.790670e+01 2.821871e+01 2.512055e+01 2.105420e+01 2.089885e+00 2.207646e+00 1.913378e+00 2.542996e+00 2.696232e+00 2.325644e+00 2.306791e+00 2.326997e+00 2.237059e+00 2.656263e+00 2.237906e+00 1.870790e+00 1.886301e-03
<GCONST> 8.928066e+01
<MIXTURE> 21 7.928653e-03
<MEAN> 25
 3.094457e+00 -7.032922e+00 5.956352e+00 -8.638651e-02 -1.233051e+01 -5.359772e+00 -4.090978e+00 4.665573e+00 -1.772264e+00 -1.923846e+00 1.944031e+00 5.997042e-02 -7.386419e-01 1.358990e+00 2.501512e+00 -3.174279e-02 -1.290297e+00 3.269517e-01 9.309296e-03 -1.514116e+00 -1.836811e+00 1.388670e-02 1.361357e+00 2.129899e-01 -8.330881e-03
<VARIANCE> 25
 6.903183e+00 2.021709e+01 2.780659e+01 2.158453e+01 2.499276e+01 3.345164e+01 3.921735e+01 3.191197e+01 3.249715e+01 2.569360e+01 2.913603e+01 1.599774e+01 2.979186e-01 6.862019e-01 1.330853e+00 8.993344e-01 2.026050e+00 1.415942e+00 3.037151e+00 1.703064e+00 1.684720e+00 1.849604e+00 1.664320e+00 1.654890e+00 3.205460e-04
<GCONST> 7.940894e+01
<MIXTURE> 22 8.827789e-03
<MEAN> 25
 -1.791512e+01 7.169271e+00 -4.122771e+00 7.382403e+00 4.596672e+00 2.744790e+00 8.389167e+00 1.737265e+00 5.365782e+00 3.303810e+00 5.702854e+00 1.190351e+00 -3.098733e-01 -2.057149e-01 -1.241972e-01 -1.499935e-01 -2.240026e-03 1.370896e-01 1.792366e-01 1.804944e-01 2.489416e-01 2.034038e-01 1.716431e-01 1.877872e-01 8.820286e-03
<VARIANCE> 25
 8.172628e+00 1.691516e+01 1.739315e+01 2.522040e+01 2.288122e+01 2.094265e+01 1.945236e+01 1.874001e+01 1.822588e+01 2.086872e+01 1.931510e+01 1.377753e+01 1.089139e+00 1.357636e+00 1.363400e+00 1.569491e+00 1.418676e+00 1.528053e+00 1.510855e+00 1.533778e+00 1.611800e+00 1.550085e+00 1.356083e+00 1.177628e+00 1.743158e-03
<GCONST> 7.835312e+01
<MIXTURE> 23 6.455497e-03
<MEAN> 25
 7.413308e+00 1.600688e+00 2.803308e+00 2.399384e+00 -4.695410e+00 -1.947874e+00 -3.226235e+00 -5.622552e+00 -3.713348e+00 -6.402410e-01 -4.354394e+00 -1.848027e+00 5.630590e-02 2.403970e-01 -3.037145e-02 5.248019e-02 3.818585e-02 -4.282697e-02 6.316261e-02 -2.215504e-01 3.696219e-02 5.851518e-02 5.495086e-02 -4.528179e-04 -6.038843e-03
<VARIANCE> 25
 1.228036e+01 2.735879e+01 2.326681e+01 3.527139e+01 3.870829e+01 6.262305e+01 6.568019e+01 5.312740e+01 4.321818e+01 4.212978e+01 4.443878e+01 3.570347e+01 1.232276e-01 2.874822e-01 3.658182e-01 5.462508e-01 5.426652e-01 7.421815e-01 8.832530e-01 1.182528e+00 8.299363e-01 8.210935e-01 7.626131e-01 7.080522e-01 9.844206e-05
<GCONST> 7.325878e+01
<MIXTURE> 24 6.455497e-03
<MEAN> 25
 7.413308e+00 1.600688e+00 2.803308e+00 2.399384e+00 -4.695410e+00 -1.947874e+00 -3.226235e+00 -5.622552e+00 -3.713348e+00 -6.402410e-01 -4.354394e+00 -1.848027e+00 5.630590e-02 2.403970e-01 -3.037145e-02 5.248019e-02 3.818585e-02 -4.282697e-02 6.316261e-02 -2.215504e-01 3.696219e-02 5.851518e-02 5.495086e-02 -4.528179e-04 -6.038843e-03
<VARIANCE> 25
 1.228036e+01 2.735879e+01 2.326681e+01 3.527139e+01 3.870829e+01 6.262305e+01 6.568019e+01 5.312740e+01 4.321818e+01 4.212978e+01 4.443878e+01 3.570347e+01 1.232276e-01 2.874822e-01 3.658182e-01 5.462508e-01 5.426652e-01 7.421815e-01 8.832530e-01 1.182528e+00 8.299363e-01 8.210935e-01 7.626131e-01 7.080522e-01 9.844206e-05
<GCONST> 7.325878e+01
<MIXTURE> 25 1.118642e-02
<MEAN> 25
 -1.673176e-01 3.273651e-01 1.586553e+01 -5.435283e-01 -1.238785e+01 -1.836655e-01 -8.139263e+00 -2.979806e+00 -5.758698e+00 -6.619510e+00 5.565851e+00 -1.194012e+00 -1.666770e-01 7.299166e-01 9.938549e-02 2.883303e-01 2.138474e-01 -1.641427e-01 2.682274e-01 -3.024622e-01 -5.854196e-01 1.665453e-01 -1.512822e-01 -9.566056e-02 -1.915153e-02
<VARIANCE> 25
 7.282807e+00 2.894000e+01 1.679288e+01 2.184768e+01 2.405772e+01 3.668879e+01 3.310725e+01 2.541520e+01 3.454206e+01 4.586757e+01 2.295846e+01 2.101994e+01 6.862418e-01 2.201155e+00 1.081340e+00 1.110389e+00 2.103543e+00 1.978217e+00 2.438406e+00 1.395335e+00 1.624770e+00 1.734994e+00 1.318927e+00 9.227870e-01 1.233700e-03
<GCONST> 8.204859e+01
<MIXTURE> 26 7.727677e-03
<MEAN> 25
 1.707284e+00 -2.938276e+00 -1.114619e+01 -1.965060e+00 8.478422e+00 5.028903e+00 4.497763e+00 -1.617749e+00 2.607497e+00 -2.394793e-01 -1.841778e+00 -2.114709e+00 -3.375193e-01 3.635102e-01 6.301966e-01 4.569597e-01 3.299229e-01 1.591684e-01 -4.055038e-02 6.170338e-01 2.259559e-02 7.700234e-02 2.783488e-01 4.590547e-01 -4.955455e-02
<VARIANCE> 25
 2.247096e+01 5.724187e+01 2.943916e+01 5.483279e+01 3.443890e+01 4.397209e+01 4.588033e+01 5.102141e+01 3.818421e+01 4.419110e+01 3.421124e+01 3.971130e+01 1.889182e+00 2.010633e+00 1.872011e+00 1.909575e+00 2.035890e+00 2.461806e+00 3.291224e+00 3.203090e+00 3.146857e+00 2.092105e+00 1.865564e+00 1.785952e+00 2.911171e-03
<GCONST> 9.404379e+01
<MIXTURE> 27 7.727677e-03
<MEAN> 25
 1.707284e+00 -2.938276e+00 -1.114619e+01 -1.965060e+00 8.478422e+00 5.028903e+00 4.497763e+00 -1.617749e+00 2.607497e+00 -2.394793e-01 -1.841778e+00 -2.114709e+00 -3.375193e-01 3.635102e-01 6.301966e-01 4.569597e-01 3.299229e-01 1.591684e-01 -4.055038e-02 6.170338e-01 2.259559e-02 7.700234e-02 2.783488e-01 4.590547e-01 -4.955455e-02
<VARIANCE> 25
 2.247096e+01 5.724187e+01 2.943916e+01 5.483279e+01 3.443890e+01 4.397209e+01 4.588033e+01 5.102141e+01 3.818421e+01 4.419110e+01 3.421124e+01 3.971130e+01 1.889182e+00 2.010633e+00 1.872011e+00 1.909575e+00 2.035890e+00 2.461806e+00 3.291224e+00 3.203090e+00 3.146857e+00 2.092105e+00 1.865564e+00 1.785952e+00 2.911171e-03
<GCONST> 9.404379e+01
<MIXTURE> 28 5.036674e-03
<MEAN> 25
 -5.044308e+00 4.891283e-01 -1.719963e+00 6.411094e+00 5.473746e+00 3.108051e+00 5.667415e+00 3.553684e+00 3.778021e+00 2.328568e+00 2.572057e+00 3.066794e+00 -1.245531e-01 2.487170e-01 5.047755e-01 7.239779e-01 8.265373e-01 6.894557e-01 5.020162e-01 3.999039e-01 4.124026e-01 4.968833e-01 4.291776e-01 1.742176e-01 5.323245e-05
<VARIANCE> 25
 1.151699e+01 1.037730e+01 1.166711e+01 1.433453e+01 1.445918e+01 1.841493e+01 1.833002e+01 2.004528e+01 1.732247e+01 1.656259e+01 2.036857e+01 1.464860e+01 2.416340e-01 3.325149e-01 3.908094e-01 4.923389e-01 5.949464e-01 7.976304e-01 1.036266e+00 1.085740e+00 1.112391e+00 1.020116e+00 1.092326e+00 1.122316e+00 1.087755e-06
<GCONST> 6.050000e+01
<MIXTURE> 29 5.036674e-03
<MEAN> 25
 -5.044308e+00 4.891283e-01 -1.719963e+00 6.411094e+00 5.473746e+00 3.108051e+00 5.667415e+00 3.553684e+00 3.778021e+00 2.328568e+00 2.572057e+00 3.066794e+00 -1.245531e-01 2.487170e-01 5.047755e-01 7.239779e-01 8.265373e-01 6.894557e-01 5.020162e-01 3.999039e-01 4.124026e-01 4.968833e-01 4.291776e-01 1.742176e-01 5.323245e-05
<VARIANCE> 25
 1.151699e+01 1.037730e+01 1.166711e+01 1.433453e+01 1.445918e+01 1.841493e+01 1.833002e+01 2.004528e+01 1.732247e+01 1.656259e+01 2.036857e+01 1.464860e+01 2.416340e-01 3.325149e-01 3.908094e-01 4.923389e-01 5.949464e-01 7.976304e-01 1.036266e+00 1.085740e+00 1.112391e+00 1.020116e+00 1.092326e+00 1.122316e+00 1.087755e-06
<GCONST> 6.050000e+01
<MIXTURE> 30 8.917812e-03
<MEAN> 25
 -3.531379e+00 1.992071e+00 -1.831138e-01 7.971669e+00 8.455354e+00 5.165039e+00 7.767019e+00 7.457597e+00 5.401844e+00 4.403081e+00 6.143813e+00 3.031955e+00 -2.993559e-02 7.945900e-02 9.017666e-02 9.993825e-02 1.477569e-01 9.348159e-02 3.906451e-03 4.307825e-02 -3.965237e-02 1.123772e-01 1.423875e-01 6.249408e-02 -1.159531e-04
<VARIANCE> 25
 7.377057e+00 1.849426e+01 1.042019e+01 1.490481e+01 1.404082e+01 2.513128e+01 1.601960e+01 1.686805e+01 1.670510e+01 1.590758e+01 2.010943e+01 1.325301e+01 1.062809e-01 1.701964e-01 2.938991e-01 5.463249e-01 5.299485e-01 6.386256e-01 7.395740e-01 7.057757e-01 8.919196e-01 9.134704e-01 8.562703e-01 7.974586e-01 5.326704e-05
<GCONST> 6.053977e+01
<MIXTURE> 31 4.136493e-03
<MEAN> 25
 -3.094895e+00 -4.651685e+00 -1.226360e-01 4.763685e+00 4.105832e+00 1.143030e+00 5.677722e+00 6.696604e+00 2.355020e+00 1.802844e+00 6.020975e+00 2.957924e+00 2.417600e-01 4.895439e-01 -2.031999e-01 2.813205e-01 1.366591e-01 3.754742e-01 8.442581e-02 7.059038e-02 3.985051e-01 3.573345e-01 9.754474e-02 1.062131e-01 -1.745474e-02
<VARIANCE> 25
 7.009194e+00 2.404172e+01 1.688818e+01 1.697105e+01 2.580825e+01 2.487644e+01 2.516198e+01 2.456382e+01 2.589733e+01 2.996189e+01 2.199919e+01 1.824097e+01 1.874365e-01 4.802319e-01 5.836888e-01 7.434608e-01 9.703696e-01 1.080727e+00 1.340989e+00 1.411819e+00 1.317413e+00 1.242863e+00 1.171852e+00 1.221414e+00 2.530970e-04
<GCONST> 7.228519e+01
<MIXTURE> 32 4.136493e-03
<MEAN> 25
 -3.094895e+00 -4.651685e+00 -1.226360e-01 4.763685e+00 4.105832e+00 1.143030e+00 5.677722e+00 6.696604e+00 2.355020e+00 1.802844e+00 6.020975e+00 2.957924e+00 2.417600e-01 4.895439e-01 -2.031999e-01 2.813205e-01 1.366591e-01 3.754742e-01 8.442581e-02 7.059038e-02 3.985051e-01 3.573345e-01 9.754474e-02 1.062131e-01 -1.745474e-02
<VARIANCE> 25
 7.009194e+00 2.404172e+01 1.688818e+01 1.697105e+01 2.580825e+01 2.487644e+01 2.516198e+01 2.456382e+01 2.589733e+01 2.996189e+01 2.199919e+01 1.824097e+01 1.874365e-01 4.802319e-01 5.836888e-01 7.434608e-01 9.703696e-01 1.080727e+00 1.340989e+00 1.411819e+00 1.317413e+00 1.242863e+00 1.171852e+00 1.221414e+00 2.530970e-04
<GCONST> 7.228519e+01
<MIXTURE> 33 1.508826e-02
<MEAN> 25
 6.359789e+00 -4.905809e+00 -1.972470e+00 -2.391844e+00 -2.944058e+00 -5.054624e+00 -7.178123e+00 1.793435e+00 3.257489e+00 -2.987670e-01 -4.200515e+00 -3.173290e+00 5.062763e-01 -1.006603e+00 -2.375897e+00 -1.675300e+00 1.491252e+00 1.548399e+00 -7.335743e-01 4.537534e-01 9.855649e-01 5.244724e-01 -4.091973e-01 -1.384436e+00 3.476691e-02
<VARIANCE> 25
 9.409382e+00 2.645686e+01 2.713911e+01 3.286731e+01 4.368704e+01 4.390874e+01 3.875435e+01 4.228682e+01 4.921843e+01 3.979159e+01 3.367830e+01 2.616847e+01 1.221884e+00 2.072015e+00 2.035965e+00 2.241973e+00 3.962157e+00 3.201623e+00 3.869137e+00 5.652024e+00 3.411832e+00 3.974897e+00 3.154767e+00 2.485854e+00 1.468088e-03
<GCONST> 9.379554e+01
<MIXTURE> 34 1.588179e-02
<MEAN> 25
 8.324209e+00 -2.356967e+00 1.671522e+00 7.723054e-01 -3.047189e+00 -4.265681e-01 -6.182452e+00 -4.076259e+00 -5.169015e+00 5.678689e-01 -3.785940e+00 -3.598351e+00 2.751260e-02 1.285250e+00 1.284628e+00 2.456169e+00 9.305033e-02 -9.389440e-01 4.812806e-01 -1.506237e+00 -1.037030e+00 6.775492e-01 -9.007544e-01 -9.127280e-03 -5.753775e-02
<VARIANCE> 25
 6.440241e+00 3.912394e+01 3.350216e+01 4.477301e+01 3.217923e+01 5.104485e+01 4.185413e+01 4.487295e+01 7.203005e+01 3.978638e+01 3.953652e+01 2.575561e+01 1.014027e+00 1.569704e+00 4.870210e+00 4.681170e+00 4.425896e+00 6.825036e+00 4.486544e+00 4.571432e+00 4.598182e+00 6.353653e+00 4.867323e+00 3.350021e+00 1.036980e-03
<GCONST> 9.793322e+01
<MIXTURE> 35 1.467755e-02
<MEAN> 25
 -2.925374e+00 -3.638247e+00 -9.943140e+00 -5.713614e-01 1.063168e+01 -2.427140e+00 8.977486e-01 -3.103575e-01 4.587999e+00 4.905499e+00 -3.241633e-01 1.896362e+00 2.974633e-01 -1.309128e+00 -8.941681e-01 -1.455863e+00 3.261132e-01 -2.238770e-01 -9.761280e-01 -8.794926e-01 9.408566e-02 -1.259189e-01 -3.532692e-01 -4.703589e-01 1.033139e-01
<VARIANCE> 25
 1.516291e+01 2.684998e+01 3.291487e+01 4.201006e+01 3.482753e+01 6.827407e+01 4.316154e+01 4.225115e+01 4.943787e+01 3.222908e+01 4.770575e+01 2.514230e+01 3.199176e+00 3.160904e+00 6.036557e+00 3.799763e+00 5.536025e+00 7.866650e+00 5.728998e+00 5.074515e+00 6.380956e+00 3.332536e+00 4.394059e+00 3.057808e+00 4.995881e-03
<GCONST> 1.018796e+02
<MIXTURE> 36 1.093293e-02
<MEAN> 25
 4.447441e+00 -5.995013e+00 6.616883e+00 3.236006e+00 -1.041168e+01 -6.628172e+00 -6.093188e+00 1.820065e+00 1.652563e-01 -3.111617e+00 3.428926e+00 1.085081e+00 2.443899e-01 2.679280e-01 -1.053569e+00 1.687745e-01 8.568125e-01 -4.510421e-01 1.197030e-01 2.183624e-01 2.212531e-01 4.650379e-01 -3.812754e-01 -4.846228e-01 -2.319394e-02
<VARIANCE> 25
 5.748564e+00 2.126921e+01 2.079452e+01 1.603414e+01 2.974727e+01 3.415977e+01 3.135663e+01 2.268408e+01 6.339281e+01 2.225458e+01 2.404629e+01 1.692847e+01 4.793643e-01 9.001661e-01 1.021362e+00 1.005594e+00 1.413339e+00 2.405393e+00 2.092602e+00 1.690437e+00 1.804727e+00 1.121324e+00 1.295616e+00 1.140694e+00 6.373541e-04
<GCONST> 7.872495e+01
<MIXTURE> 37 1.246826e-02
<MEAN> 25
 2.342163e-01 5.754750e+00 1.232082e+01 -4.725357e+00 -9.149566e+00 -1.071336e+00 -6.250121e+00 -7.662632e+00 -4.252260e+00 -1.727460e+00 -1.358835e+00 -1.581480e+00 2.512929e-01 8.612506e-01 -1.520854e+00 3.103576e+00 1.973987e+00 -1.002129e+00 1.772104e+00 6.770980e-01 4.446569e-01 3.319827e-01 -1.173091e-02 3.077024e-02 -1.035955e-01
<VARIANCE> 25
 1.410353e+01 3.709154e+01 2.695539e+01 4.491011e+01 3.301982e+01 3.114720e+01 4.455080e+01 3.168303e+01 3.946856e+01 3.669276e+01 5.222361e+01 2.722719e+01 2.560372e+00 3.113122e+00 2.678551e+00 4.239601e+00 3.954658e+00 4.987569e+00 5.337999e+00 3.710472e+00 3.093505e+00 4.758417e+00 4.410591e+00 2.368959e+00 3.676779e-03
<GCONST> 9.793499e+01
<MIXTURE> 38 1.154525e-02
<MEAN> 25
 -6.676019e+00 7.825175e+00 3.436221e+00 1.126481e+00 1.510857e-01 -6.075961e+00 6.177704e-01 -5.258325e+00 -2.229241e+00 -7.890839e-01 -2.231928e+00 2.071957e+00 -3.931395e+00 1.925705e+00 -6.973794e-01 6.401707e-01 2.250502e+00 1.787688e-01 2.123911e+00 3.674097e-01 1.344687e+00 7.036120e-01 6.967941e-01 1.056656e+00 3.382423e-02
<VARIANCE> 25
 3.022693e+01 3.093828e+01 3.428443e+01 4.434996e+01 3.338472e+01 3.825099e+01 3.516221e+01 4.804465e+01 2.828939e+01 2.993597e+01 3.034643e+01 2.787749e+01 1.879336e+00 3.303491e+00 3.328202e+00 4.840475e+00 3.073287e+00 7.109953e+00 5.221889e+00 4.666242e+00 3.720564e+00 3.618794e+00 3.691896e+00 3.521548e+00 2.807439e-03
<GCONST> 9.835325e+01
<MIXTURE> 39 9.501865e-03
<MEAN> 25
 1.046751e+00 2.765553e+00 1.060528e+01 -8.329253e+00 -1.067476e+01 -1.880675e+00 -2.867234e+00 -6.637278e+00 -3.833419e+00 -1.076154e+00 -3.464240e+00 -1.731313e+00 -8.318769e-01 1.494039e+00 1.490155e+00 -1.457642e+00 1.696209e-01 1.310201e+00 -1.146098e+00 -1.402577e+00 7.762550e-01 2.489347e-01 -4.636234e-01 8.473813e-02 7.687241e-03
<VARIANCE> 25
 8.561261e+00 2.844556e+01 2.953489e+01 3.928179e+01 3.620245e+01 4.306440e+01 3.947584e+01 3.387552e+01 4.027006e+01 6.007532e+01 3.301388e+01 2.895827e+01 6.819364e-01 1.541462e+00 1.504056e+00 2.628552e+00 2.229790e+00 2.835754e+00 2.837168e+00 2.665957e+00 3.206017e+00 2.544304e+00 2.133465e+00 1.892313e+00 1.422335e-03
<GCONST> 8.993375e+01
<MIXTURE> 40 1.030800e-02
<MEAN> 25
 -6.163895e+00 4.424891e+00 -1.983301e+00 6.865188e+00 5.955142e+00 2.505812e+00 6.188447e+00 5.983387e+00 3.660848e+00 3.664860e+00 4.518457e+00 1.538901e+00 -5.753553e-02 -1.151103e-01 -1.002789e-02 -1.707032e-01 -1.114081e-02 -7.148274e-02 -8.945356e-03 9.725175e-02 9.111918e-02 1.465931e-01 1.408546e-01 1.411471e-01 3.083084e-03
<VARIANCE> 25
 3.916314e+01 2.003858e+01 2.166553e+01 2.252004e+01 2.485899e+01 2.396205e+01 1.732719e+01 1.922540e+01 1.602082e+01 1.553584e+01 1.680677e+01 1.298419e+01 5.380934e-01 5.983202e-01 7.203965e-01 1.008147e+00 9.897316e-01 9.846369e-01 1.095144e+00 1.203475e+00 1.426037e+00 1.109492e+00 1.075671e+00 9.728277e-01 5.898047e-04
<GCONST> 7.376879e+01
<MIXTURE> 41 6.713375e-03
<MEAN> 25
 1.326578e+00 1.584030e+00 1.019253e+01 -6.533078e+00 -1.060280e+01 -4.239012e+00 -2.639616e+00 -4.890236e+00 -4.845480e+00 2.269237e+00 -1.767632e+00 -1.025576e+00 -7.220954e-02 -7.603182e-01 1.596573e+00 -3.538159e+00 -2.257602e+00 6.094761e-02 -5.479388e-01 -6.538861e-01 -7.332396e-01 9.710186e-01 -1.040797e+00 1.763848e-01 8.882099e-02
<VARIANCE> 25
 1.118434e+01 2.919580e+01 3.281429e+01 4.112968e+01 3.751687e+01 4.143959e+01 3.613136e+01 2.923574e+01 3.371133e+01 3.060627e+01 3.066522e+01 2.613375e+01 3.552880e+00 3.213212e+00 3.850529e+00 3.680661e+00 5.532647e+00 6.080845e+00 4.617493e+00 6.431759e+00 4.001022e+00 4.228039e+00 3.724887e+00 3.293036e+00 2.948708e-03
<GCONST> 9.838204e+01
<MIXTURE> 42 1.106211e-02
<MEAN> 25
 -3.655342e+00 4.429200e+00 3.978550e+00 2.493715e+00 1.124448e+00 -6.654086e+00 -2.780944e-01 -4.266396e+00 -5.954939e-01 -1.598598e+00 -2.647579e+00 1.880699e+00 4.247916e+00 -2.174048e+00 1.455552e+00 -8.018260e-02 -3.188496e+00 4.629217e-02 -2.757195e+00 -3.096108e-01 -6.094922e-01 -5.141540e-01 9.553602e-01 -1.031129e+00 1.992704e-02
<VARIANCE> 25
 3.547486e+01 2.362110e+01 4.837932e+01 2.200342e+01 4.165840e+01 2.564379e+01 2.824665e+01 2.592823e+01 2.896933e+01 3.098314e+01 2.658751e+01 1.557256e+01 3.337302e+00 7.183846e+00 4.754628e+00 4.742460e+00 3.240654e+00 6.486031e+00 4.825814e+00 4.963617e+00 5.184770e+00 3.734048e+00 3.080176e+00 3.462377e+00 3.911384e-03
<GCONST> 9.834443e+01
<MIXTURE> 43 7.108249e-03
<MEAN> 25
 3.306981e+00 -6.433635e+00 -2.126530e+00 -5.074636e+00 -7.470747e+00 -2.721447e+00 3.889661e+00 1.531006e+00 -5.174613e+00 -6.867184e+00 -4.283997e+00 -1.195340e+00 2.312809e-01 2.119363e+00 1.865025e+00 -6.314360e-02 -1.396653e+00 -8.569367e-01 -9.176508e-01 -7.913882e-01 7.975962e-01 1.473210e+00 2.606040e-01 2.289900e-02 -4.434875e-02
<VARIANCE> 25
 9.782231e+00 1.951176e+01 2.672867e+01 3.457405e+01 3.732443e+01 4.740602e+01 3.371987e+01 3.975444e+01 3.877329e+01 3.867780e+01 2.580225e+01 2.860273e+01 6.673573e-01 1.257655e+00 1.586939e+00 2.535842e+00 2.324213e+00 2.409994e+00 2.635910e+00 2.945313e+00 2.530262e+00 2.496350e+00 2.449107e+00 1.851687e+00 9.237901e-04
<GCONST> 8.798108e+01
<MIXTURE> 44 7.328289e-03
<MEAN> 25
 -1.588607e+01 3.723218e+00 3.750859e+00 -3.763671e+00 3.987737e+00 2.836404e-01 8.702244e-02 1.206978e+00 1.411859e+00 -1.065556e+00 1.947717e+00 2.053270e+00 -6.533540e-02 -1.095289e-01 2.937080e-01 2.782418e-01 -8.832519e-02 1.917606e-01 3.064692e-01 2.997418e-01 3.282041e-01 -1.181286e-01 4.471700e-02 -1.028754e-01 4.040780e-03
<VARIANCE> 25
 4.843856e+01 3.746604e+01 3.294786e+01 2.852470e+01 2.664147e+01 3.634405e+01 2.250731e+01 3.456720e+01 2.453284e+01 2.614195e+01 2.362333e+01 1.878799e+01 1.367677e+00 1.649459e+00 1.226580e+00 1.226548e+00 2.158916e+00 1.559342e+00 1.552423e+00 1.647217e+00 1.466215e+00 1.520413e+00 1.235220e+00 1.650448e+00 1.039889e-03
<GCONST> 8.440769e+01
<MIXTURE> 45 1.364932e-02
<MEAN> 25
 -1.306500e+01 4.661647e+00 -6.031249e-01 2.233661e+00 5.068437e+00 -1.542393e+00 5.124642e+00 1.183980e+00 2.808286e+00 2.479734e+00 1.815560e+00 3.330602e+00 -2.786893e+00 7.826341e-01 -4.606488e-01 -3.563018e-01 5.468706e-01 -1.658887e-01 4.977436e-01 2.229379e-01 -8.674565e-02 -3.018154e-01 9.035135e-02 -5.497099e-02 9.932754e-02
<VARIANCE> 25
 3.869806e+01 3.249355e+01 3.235248e+01 3.400356e+01 3.173703e+01 3.851938e+01 2.867155e+01 3.967234e+01 2.317514e+01 2.123681e+01 3.001592e+01 1.676740e+01 2.243635e+00 2.932348e+00 2.417442e+00 2.485726e+00 2.691163e+00 2.366817e+00 2.256741e+00 2.244964e+00 1.955303e+00 2.162307e+00 1.987444e+00 1.848188e+00 4.802851e-03
<GCONST> 9.120766e+01
<MIXTURE> 46 9.336259e-03
<MEAN> 25
 -9.184931e+00 2.522613e+00 1.014280e+00 7.400123e+00 6.076923e+00 3.035971e+00 7.178445e+00 4.614544e+00 5.596126e+00 4.697769e+00 4.880773e+00 2.840397e+00 1.014967e+00 -2.160436e-01 5.480894e-02 9.805756e-01 6.138394e-01 9.135347e-01 3.849223e-01 6.750079e-01 4.776107e-01 4.868038e-01 6.198676e-01 5.326483e-01 -1.015033e-01
<VARIANCE> 25
 3.547469e+01 4.363522e+01 3.844388e+01 4.938711e+01 5.036624e+01 4.214090e+01 3.728629e+01 3.680272e+01 3.311168e+01 3.027519e+01 2.839224e+01 2.141339e+01 3.846221e+00 4.042231e+00 3.767982e+00 4.041810e+00 4.092781e+00 3.726192e+00 3.335250e+00 3.067331e+00 2.938728e+00 2.781859e+00 2.281122e+00 1.771681e+00 8.061915e-03
<GCONST> 9.823956e+01
<MIXTURE> 47 7.116147e-03
<MEAN> 25
 6.927175e+00 -8.278833e+00 -6.960892e+00 -6.441684e+00 1.851685e-01 3.724429e+00 -3.558833e+00 1.243518e+00 2.289463e+00 4.700045e-01 -3.613889e+00 -5.966350e+00 -1.990644e-01 -1.241399e+00 -6.294340e-01 -3.661624e-01 3.106497e-01 9.962227e-01 6.476728e-01 3.332096e-01 3.804060e-02 -9.176445e-01 -2.650028e-01 -3.880037e-01 3.381366e-02
<VARIANCE> 25
 9.084949e+00 2.170366e+01 1.972874e+01 3.345045e+01 3.645793e+01 8.338750e+01 4.303751e+01 4.259549e+01 4.441265e+01 4.153902e+01 4.639971e+01 3.118736e+01 4.471523e-01 7.238147e-01 9.626577e-01 1.464961e+00 2.270422e+00 2.398768e+00 2.153755e+00 2.589786e+00 2.166602e+00 1.849582e+00 2.018920e+00 1.826868e+00 5.994868e-04
<GCONST> 8.595737e+01
<MIXTURE> 48 7.116147e-03
<MEAN> 25
 6.927175e+00 -8.278833e+00 -6.960892e+00 -6.441684e+00 1.851685e-01 3.724429e+00 -3.558833e+00 1.243518e+00 2.289463e+00 4.700045e-01 -3.613889e+00 -5.966350e+00 -1.990644e-01 -1.241399e+00 -6.294340e-01 -3.661624e-01 3.106497e-01 9.962227e-01 6.476728e-01 3.332096e-01 3.804060e-02 -9.176445e-01 -2.650028e-01 -3.880037e-01 3.381366e-02
<VARIANCE> 25
 9.084949e+00 2.170366e+01 1.972874e+01 3.345045e+01 3.645793e+01 8.338750e+01 4.303751e+01 4.259549e+01 4.441265e+01 4.153902e+01 4.639971e+01 3.118736e+01 4.471523e-01 7.238147e-01 9.626577e-01 1.464961e+00 2.270422e+00 2.398768e+00 2.153755e+00 2.589786e+00 2.166602e+00 1.849582e+00 2.018920e+00 1.826868e+00 5.994868e-04
<GCONST> 8.595737e+01
<MIXTURE> 49 5.548473e-03
<MEAN> 25
 -4.283628e+00 1.797982e+00 -6.048493e-01 7.572627e+00 6.817318e+00 4.140782e+00 6.162195e+00 5.239641e+00 4.533434e+00 3.245626e+00 4.325397e+00 2.670087e+00 3.270730e-01 5.849583e-01 6.751167e-01 4.220303e-01 -1.426049e-01 -5.441613e-01 -8.811615e-01 -1.035925e+00 -9.123859e-01 -7.405241e-01 -5.956692e-01 -2.303734e-01 2.407228e-04
<VARIANCE> 25
 1.049126e+01 1.630877e+01 1.463992e+01 1.726530e+01 1.569949e+01 2.335921e+01 1.649136e+01 1.876233e+01 1.736436e+01 1.670479e+01 1.908683e+01 1.248303e+01 2.517776e-01 2.532828e-01 3.323982e-01 6.082318e-01 8.021660e-01 9.380451e-01 9.375250e-01 9.699168e-01 1.054101e+00 1.099287e+00 1.189512e+00 1.244627e+00 1.583405e-05
<GCONST> 6.416026e+01
<MIXTURE> 50 6.234641e-03
<MEAN> 25
 -3.987045e+00 1.477938e+00 -2.117362e+00 5.661292e+00 5.030196e+00 1.256137e+00 4.186041e+00 2.889455e+00 2.298578e+00 1.048349e+00 1.370626e+00 1.965044e+00 4.768792e-02 1.384116e-01 8.640890e-02 -1.884485e-01 -5.231969e-01 -5.319712e-01 -3.409971e-01 1.771602e-02 4.527001e-01 8.453096e-01 6.779091e-01 1.964860e-01 -1.162479e-05
<VARIANCE> 25
 1.024543e+01 1.602407e+01 1.356528e+01 1.373664e+01 1.597351e+01 2.000135e+01 1.829364e+01 1.995440e+01 1.769351e+01 1.923089e+01 2.288703e+01 1.602943e+01 1.228179e-01 2.436420e-01 3.390101e-01 4.939039e-01 6.483962e-01 7.007522e-01 1.018743e+00 1.269576e+00 1.048688e+00 8.345689e-01 9.138458e-01 1.227892e+00 1.043950e-06
<GCONST> 6.005844e+01
<MIXTURE> 51 6.234641e-03
<MEAN> 25
 -3.987045e+00 1.477938e+00 -2.117362e+00 5.661292e+00 5.030196e+00 1.256137e+00 4.186041e+00 2.889455e+00 2.298578e+00 1.048349e+00 1.370626e+00 1.965044e+00 4.768792e-02 1.384116e-01 8.640890e-02 -1.884485e-01 -5.231969e-01 -5.319712e-01 -3.409971e-01 1.771602e-02 4.527001e-01 8.453096e-01 6.779091e-01 1.964860e-01 -1.162479e-05
<VARIANCE> 25
 1.024543e+01 1.602407e+01 1.356528e+01 1.373664e+01 1.597351e+01 2.000135e+01 1.829364e+01 1.995440e+01 1.769351e+01 1.923089e+01 2.288703e+01 1.602943e+01 1.228179e-01 2.436420e-01 3.390101e-01 4.939039e-01 6.483962e-01 7.007522e-01 1.018743e+00 1.269576e+00 1.048688e+00 8.345689e-01 9.138458e-01 1.227892e+00 1.043950e-06
<GCONST> 6.005844e+01
<MIXTURE> 52 6.367945e-03
<MEAN> 25
 9.942280e+00 1.360189e+00 -6.273304e+00 -1.390497e+01 -4.829039e+00 9.634122e+00 -2.798862e+00 -3.335922e+00 -3.971321e+00 -1.740414e+00 3.287745e+00 9.528348e-01 -4.271286e-01 -5.216820e-01 -2.091303e-01 9.101065e-01 1.258665e+00 -1.962427e-01 -6.506872e-01 -7.904996e-01 3.185144e-01 1.116700e+00 4.099931e-01 -6.381088e-01 -7.431152e-03
<VARIANCE> 25
 8.733204e+00 2.220029e+01 2.322159e+01 3.592771e+01 4.410843e+01 3.728687e+01 4.174397e+01 4.551841e+01 4.145895e+01 4.238076e+01 3.590447e+01 2.774511e+01 4.254894e-01 1.355505e+00 1.366019e+00 2.919672e+00 2.144463e+00 2.642787e+00 2.700709e+00 2.684328e+00 3.348649e+00 2.518057e+00 2.313412e+00 2.178313e+00 1.714628e-03
<GCONST> 8.920048e+01
<MIXTURE> 53 6.367945e-03
<MEAN> 25
 9.942280e+00 1.360189e+00 -6.273304e+00 -1.390497e+01 -4.829039e+00 9.634122e+00 -2.798862e+00 -3.335922e+00 -3.971321e+00 -1.740414e+00 3.287745e+00 9.528348e-01 -4.271286e-01 -5.216820e-01 -2.091303e-01 9.101065e-01 1.258665e+00 -1.962427e-01 -6.506872e-01 -7.904996e-01 3.185144e-01 1.116700e+00 4.099931e-01 -6.381088e-01 -7.431152e-03
<VARIANCE> 25
 8.733204e+00 2.220029e+01 2.322159e+01 3.592771e+01 4.410843e+01 3.728687e+01 4.174397e+01 4.551841e+01 4.145895e+01 4.238076e+01 3.590447e+01 2.774511e+01 4.254894e-01 1.355505e+00 1.366019e+00 2.919672e+00 2.144463e+00 2.642787e+00 2.700709e+00 2.684328e+00 3.348649e+00 2.518057e+00 2.313412e+00 2.178313e+00 1.714628e-03
<GCONST> 8.920048e+01
<MIXTURE> 54 7.368620e-03
<MEAN> 25
 -3.292347e+00 8.264213e-01 -1.098557e+00 7.599894e+00 6.750849e+00 3.942699e+00 4.961344e+00 5.219703e+00 3.972037e+00 3.632610e+00 4.316192e+00 2.108246e+00 1.130474e-02 1.760409e-02 2.900705e-02 5.613941e-02 1.002092e-01 7.868479e-02 -2.623898e-03 3.597467e-02 3.052297e-02 2.117275e-02 4.353939e-02 8.237032e-02 3.239786e-05
<VARIANCE> 25
 9.172813e+00 1.416907e+01 1.013789e+01 1.805847e+01 1.289235e+01 1.637347e+01 1.228205e+01 1.355053e+01 1.232302e+01 1.378809e+01 1.702938e+01 1.237924e+01 4.130576e-02 8.586696e-02 1.569494e-01 2.440029e-01 3.343555e-01 3.877997e-01 5.339938e-01 5.113214e-01 4.979140e-01 5.325780e-01 5.131279e-01 5.480047e-01 1.293058e-06
<GCONST> 4.857760e+01
<MIXTURE> 55 7.368620e-03
<MEAN> 25
 -3.292347e+00 8.264213e-01 -1.098557e+00 7.599894e+00 6.750849e+00 3.942699e+00 4.961344e+00 5.219703e+00 3.972037e+00 3.632610e+00 4.316192e+00 2.108246e+00 1.130474e-02 1.760409e-02 2.900705e-02 5.613941e-02 1.002092e-01 7.868479e-02 -2.623898e-03 3.597467e-02 3.052297e-02 2.117275e-02 4.353939e-02 8.237032e-02 3.239786e-05
<VARIANCE> 25
 9.172813e+00 1.416907e+01 1.013789e+01 1.805847e+01 1.289235e+01 1.637347e+01 1.228205e+01 1.355053e+01 1.232302e+01 1.378809e+01 1.702938e+01 1.237924e+01 4.130576e-02 8.586696e-02 1.569494e-01 2.440029e-01 3.343555e-01 3.877997e-01 5.339938e-01 5.113214e-01 4.979140e-01 5.325780e-01 5.131279e-01 5.480047e-01 1.293058e-06
<GCONST> 4.857760e+01
<MIXTURE> 56 6.132464e-03
<MEAN> 25
 6.409467e+00 -8.448043e+00 -7.113060e+00 -7.963879e+00 -4.330330e-01 1.171237e+01 -4.182835e+00 -3.226082e+00 3.596412e+00 1.129769e-02 -6.754647e-01 -6.095016e+00 -6.633369e-02 4.639802e-02 -3.865127e-02 -1.070079e-01 2.264490e-01 1.973974e-01 2.784259e-01 4.576465e-02 -1.220268e-01 -2.735114e-02 -1.016875e-01 1.348072e-01 -9.459415e-03
<VARIANCE> 25
 6.101420e+00 1.793705e+01 1.514167e+01 4.504516e+01 2.872453e+01 9.321638e+01 3.557006e+01 3.448506e+01 5.498852e+01 2.092088e+01 2.377545e+01 2.460023e+01 1.950808e-01 4.309018e-01 3.887160e-01 5.318493e-01 5.862680e-01 1.208552e+00 7.028332e-01 8.425012e-01 7.279240e-01 6.925928e-01 8.840533e-01 7.076154e-01 2.972370e-04
<GCONST> 7.139539e+01
<MIXTURE> 57 6.132464e-03
<MEAN> 25
 6.409467e+00 -8.448043e+00 -7.113060e+00 -7.963879e+00 -4.330330e-01 1.171237e+01 -4.182835e+00 -3.226082e+00 3.596412e+00 1.129769e-02 -6.754647e-01 -6.095016e+00 -6.633369e-02 4.639802e-02 -3.865127e-02 -1.070079e-01 2.264490e-01 1.973974e-01 2.784259e-01 4.576465e-02 -1.220268e-01 -2.735114e-02 -1.016875e-01 1.348072e-01 -9.459415e-03
<VARIANCE> 25
 6.101420e+00 1.793705e+01 1.514167e+01 4.504516e+01 2.872453e+01 9.321638e+01 3.557006e+01 3.448506e+01 5.498852e+01 2.092088e+01 2.377545e+01 2.460023e+01 1.950808e-01 4.309018e-01 3.887160e-01 5.318493e-01 5.862680e-01 1.208552e+00 7.028332e-01 8.425012e-01 7.279240e-01 6.925928e-01 8.840533e-01 7.076154e-01 2.972370e-04
<GCONST> 7.139539e+01
<MIXTURE> 58 6.172147e-03
<MEAN> 25
 2.622963e+00 -3.596670e+00 7.231039e+00 -4.585571e+00 -1.324605e+01 -4.919605e+00 1.067178e+00 4.475836e-01 -2.037732e+00 1.503297e+00 6.087546e-01 -4.123154e-01 -3.478176e-03 -1.133733e-01 -1.425240e-01 -1.084902e-01 -2.597296e-02 1.574071e-01 4.016263e-01 2.281117e-01 8.943501e-02 3.402050e-02 -6.760848e-02 -1.782405e-01 -3.982224e-03
<VARIANCE> 25
 7.822588e+00 1.554438e+01 2.036442e+01 2.765162e+01 2.284765e+01 5.545351e+01 3.581779e+01 3.482127e+01 3.759428e+01 2.906024e+01 2.350641e+01 1.948015e+01 2.923526e-01 7.838423e-01 7.463689e-01 1.048295e+00 8.212506e-01 1.223116e+00 1.170174e+00 1.533490e+00 1.229950e+00 9.860256e-01 8.549913e-01 8.354163e-01 6.687234e-04
<GCONST> 7.589380e+01
<MIXTURE> 59 6.172147e-03
<MEAN> 25
 2.622963e+00 -3.596670e+00 7.231039e+00 -4.585571e+00 -1.324605e+01 -4.919605e+00 1.067178e+00 4.475836e-01 -2.037732e+00 1.503297e+00 6.087546e-01 -4.123154e-01 -3.478176e-03 -1.133733e-01 -1.425240e-01 -1.084902e-01 -2.597296e-02 1.574071e-01 4.016263e-01 2.281117e-01 8.943501e-02 3.402050e-02 -6.760848e-02 -1.782405e-01 -3.982224e-03
<VARIANCE> 25
 7.822588e+00 1.554438e+01 2.036442e+01 2.765162e+01 2.284765e+01 5.545351e+01 3.581779e+01 3.482127e+01 3.759428e+01 2.906024e+01 2.350641e+01 1.948015e+01 2.923526e-01 7.838423e-01 7.463689e-01 1.048295e+00 8.212506e-01 1.223116e+00 1.170174e+00 1.533490e+00 1.229950e+00 9.860256e-01 8.549913e-01 8.354163e-01 6.687234e-04
<GCONST> 7.589380e+01
<MIXTURE> 60 4.479129e-03
<MEAN> 25
 -4.197566e+00 -6.009337e-01 -1.072676e+00 3.692306e+00 1.782938e+00 2.053466e+00 1.786744e+00 1.541327e+00 2.090877e+00 1.333672e+00 2.274656e+00 1.878151e+00 -3.253768e-02 6.081844e-02 1.035111e-01 1.239364e-01 1.261492e-01 1.273661e-01 1.817354e-01 3.168130e-01 5.374573e-01 6.680483e-01 5.561910e-01 3.042257e-01 -4.557976e-04
<VARIANCE> 25
 7.125757e+00 4.793142e+00 1.019254e+01 1.118267e+01 1.360898e+01 1.705117e+01 1.560436e+01 1.183709e+01 1.288566e+01 1.363993e+01 1.680272e+01 1.226452e+01 8.740838e-02 1.684255e-01 2.764676e-01 4.300254e-01 5.867616e-01 7.223153e-01 8.454877e-01 9.244760e-01 9.096003e-01 8.282087e-01 8.306849e-01 8.591363e-01 2.312001e-05
<GCONST> 5.662878e+01
<MIXTURE> 61 4.479129e-03
<MEAN> 25
 -4.197566e+00 -6.009337e-01 -1.072676e+00 3.692306e+00 1.782938e+00 2.053466e+00 1.786744e+00 1.541327e+00 2.090877e+00 1.333672e+00 2.274656e+00 1.878151e+00 -3.253768e-02 6.081844e-02 1.035111e-01 1.239364e-01 1.261492e-01 1.273661e-01 1.817354e-01 3.168130e-01 5.374573e-01 6.680483e-01 5.561910e-01 3.042257e-01 -4.557976e-04
<VARIANCE> 25
 7.125757e+00 4.793142e+00 1.019254e+01 1.118267e+01 1.360898e+01 1.705117e+01 1.560436e+01 1.183709e+01 1.288566e+01 1.363993e+01 1.680272e+01 1.226452e+01 8.740838e-02 1.684255e-01 2.764676e-01 4.300254e-01 5.867616e-01 7.223153e-01 8.454877e-01 9.244760e-01 9.096003e-01 8.282087e-01 8.306849e-01 8.591363e-01 2.312001e-05
<GCONST> 5.662878e+01
<MIXTURE> 62 3.278034e-03
<MEAN> 25
 -5.026944e+00 1.334696e+00 9.576792e-01 8.742686e+00 6.175146e+00 4.936813e+00 5.553374e+00 4.121409e+00 4.940482e+00 3.949492e+00 4.925457e+00 2.936713e+00 -9.915949e-01 -1.148665e+00 -9.455315e-01 -2.742000e-01 4.270460e-01 9.943184e-01 1.369943e+00 1.545290e+00 1.494841e+00 1.226084e+00 1.053213e+00 7.170411e-01 -1.280735e-03
<VARIANCE> 25
 9.988297e+00 1.038018e+01 1.330334e+01 1.683422e+01 1.729526e+01 1.811202e+01 1.965194e+01 1.940043e+01 1.896729e+01 1.862949e+01 2.143834e+01 1.469845e+01 4.052802e-01 4.503689e-01 5.501873e-01 7.729754e-01 1.025158e+00 1.185172e+00 1.256917e+00 1.270261e+00 1.379761e+00 1.369547e+00 1.397074e+00 1.365799e+00 1.636825e-05
<GCONST> 6.767963e+01
<MIXTURE> 63 4.351215e-03
<MEAN> 25
 -2.320065e+00 1.617285e+00 -4.350633e+00 3.051243e+00 5.218972e+00 -2.404557e+00 5.160844e+00 3.619226e+00 1.331450e+00 1.034977e+00 -9.808143e-01 1.360677e+00 -8.363697e-02 3.353356e-01 4.065691e-01 4.326169e-01 4.361290e-01 3.801791e-01 4.404030e-01 2.347320e-01 4.898714e-02 2.539829e-01 2.921017e-01 1.872096e-01 -2.611278e-03
<VARIANCE> 25
 7.279385e+00 2.201993e+01 1.234148e+01 1.046436e+01 1.610392e+01 2.546247e+01 2.530553e+01 2.583574e+01 2.166026e+01 2.187297e+01 2.155354e+01 1.585828e+01 2.094350e-01 3.137128e-01 4.848103e-01 7.701010e-01 8.797813e-01 1.190123e+00 1.259843e+00 1.439667e+00 1.573472e+00 1.253335e+00 1.139300e+00 1.150476e+00 1.625411e-04
<GCONST> 6.953751e+01
<MIXTURE> 64 4.351215e-03
<MEAN> 25
 -2.320065e+00 1.617285e+00 -4.350633e+00 3.051243e+00 5.218972e+00 -2.404557e+00 5.160844e+00 3.619226e+00 1.331450e+00 1.034977e+00 -9.808143e-01 1.360677e+00 -8.363697e-02 3.353356e-01 4.065691e-01 4.326169e-01 4.361290e-01 3.801791e-01 4.404030e-01 2.347320e-01 4.898714e-02 2.539829e-01 2.921017e-01 1.872096e-01 -2.611278e-03
<VARIANCE> 25
 7.279385e+00 2.201993e+01 1.234148e+01 1.046436e+01 1.610392e+01 2.546247e+01 2.530553e+01 2.583574e+01 2.166026e+01 2.187297e+01 2.155354e+01 1.585828e+01 2.094350e-01 3.137128e-01 4.848103e-01 7.701010e-01 8.797813e-01 1.190123e+00 1.259843e+00 1.439667e+00 1.573472e+00 1.253335e+00 1.139300e+00 1.150476e+00 1.625411e-04
<GCONST> 6.953751e+01
<MIXTURE> 65 1.721197e-02
<MEAN> 25
 7.530991e+00 1.409071e+00 1.463792e+00 9.928443e-01 -4.656950e+00 -3.553116e+00 -5.037246e+00 -5.894784e+00 -4.750494e+00 -1.852749e+00 -5.546335e+00 -2.002973e+00 1.106454e-01 2.565322e-01 -5.927813e-02 1.777508e-01 -1.016721e-01 2.145523e-01 1.052137e-01 -2.573691e-01 2.799378e-01 -6.410336e-02 2.751580e-02 -1.179569e-01 -7.156429e-03
<VARIANCE> 25
 1.045841e+01 2.326971e+01 2.710533e+01 3.102505e+01 4.125057e+01 6.764216e+01 5.504311e+01 5.686916e+01 5.659900e+01 5.331878e+01 4.876684e+01 4.479590e+01 5.484481e-01 9.222489e-01 1.480700e+00 1.815954e+00 1.810117e+00 2.206813e+00 2.237437e+00 2.873207e+00 2.497167e+00 2.355268e+00 2.191475e+00 1.980126e+00 4.256641e-04
<GCONST> 8.889113e+01
<MIXTURE> 66 1.191532e-02
<MEAN> 25
 6.446880e+00 -4.991707e+00 -4.884955e+00 -5.097941e+00 5.558839e-01 -3.390410e+00 -6.402992e+00 1.056142e+00 5.120507e-01 -2.034249e+00 -5.495224e+00 -3.353502e+00 3.754185e-03 1.484659e+00 2.305932e+00 2.391457e+00 -1.126178e+00 -1.495037e+00 -3.555774e-02 -4.884872e-01 -3.203507e-01 9.372379e-02 -4.641673e-01 1.062135e+00 -6.164894e-02
<VARIANCE> 25
 8.455844e+00 2.605227e+01 2.734819e+01 3.685286e+01 3.786353e+01 7.461327e+01 5.065023e+01 4.145080e+01 7.283377e+01 6.147317e+01 3.524958e+01 3.278529e+01 1.173617e+00 2.376594e+00 2.226488e+00 2.538001e+00 3.849367e+00 4.556562e+00 4.111226e+00 4.334314e+00 3.940999e+00 5.157802e+00 4.305900e+00 3.023485e+00 1.404873e-03
<GCONST> 9.682529e+01
<MIXTURE> 67 1.559142e-02
<MEAN> 25
 8.412341e+00 8.058921e-01 -6.348242e+00 -9.013554e+00 9.102898e-01 6.163245e+00 -3.791131e+00 -2.969493e+00 -2.884594e+00 4.623638e-01 -3.028668e-01 -1.777046e+00 -1.018714e+00 2.307648e+00 3.634056e-01 3.184344e+00 1.605465e+00 -1.547281e+00 1.710464e+00 3.102023e-02 -1.569045e-01 3.481289e-01 -2.031143e-01 5.235645e-01 -1.208477e-01
<VARIANCE> 25
 1.112934e+01 4.099985e+01 2.699476e+01 5.142246e+01 4.371000e+01 9.027298e+01 5.302031e+01 4.524322e+01 5.917035e+01 4.660831e+01 4.546133e+01 3.883321e+01 1.981052e+00 4.378491e+00 4.918510e+00 4.148093e+00 3.957951e+00 8.378826e+00 5.466684e+00 4.368769e+00 4.909257e+00 4.150230e+00 4.284853e+00 3.097801e+00 2.761093e-03
<GCONST> 1.023258e+02
<MIXTURE> 68 1.485092e-02
<MEAN> 25
 -2.256056e+00 -2.255929e+00 -4.319907e+00 7.377076e-01 6.345427e+00 -1.335495e+00 2.058516e+00 4.615809e-01 3.090796e+00 2.348519e+00 -2.502842e-01 1.593761e+00 2.619528e+00 1.379846e-01 2.626727e-01 -2.489913e+00 -2.451614e+00 -9.383318e-01 -2.203932e+00 -1.502701e+00 -1.824704e+00 -1.247835e+00 -1.932727e+00 -1.138217e+00 1.020633e-01
<VARIANCE> 25
 2.316798e+01 2.819853e+01 5.164904e+01 4.801898e+01 5.034991e+01 6.700125e+01 4.167868e+01 4.891842e+01 4.084600e+01 4.422288e+01 4.455656e+01 2.616616e+01 2.002614e+00 4.116586e+00 5.546461e+00 5.066147e+00 4.299321e+00 9.523193e+00 5.606939e+00 5.514615e+00 5.042441e+00 4.785831e+00 4.876470e+00 3.146230e+00 5.796739e-03
<GCONST> 1.039017e+02
<MIXTURE> 69 1.204884e-02
<MEAN> 25
 4.594151e+00 -4.327787e+00 -3.380507e+00 -3.491050e+00 -3.518490e+00 -7.758409e+00 -1.207393e+00 2.128870e+00 -3.615814e-01 -4.238215e+00 -5.668282e+00 9.661787e-01 1.624706e+00 -2.254798e+00 -1.224692e+00 -2.134032e+00 -6.160282e-01 -1.427362e-01 -4.721025e-01 5.937470e-01 -6.381602e-01 -1.418020e+00 -2.090715e+00 -1.653467e-01 6.452382e-02
<VARIANCE> 25
 8.779591e+00 2.234985e+01 2.649682e+01 2.500043e+01 4.343121e+01 3.618033e+01 4.767455e+01 3.055376e+01 3.989729e+01 4.128243e+01 2.981302e+01 2.395350e+01 3.637889e+00 2.854151e+00 3.422804e+00 3.889425e+00 5.834315e+00 5.845002e+00 6.857235e+00 6.519515e+00 5.636995e+00 5.635538e+00 4.566960e+00 3.602287e+00 2.484180e-03
<GCONST> 9.886288e+01
<MIXTURE> 70 1.329190e-02
<MEAN> 25
 6.549195e+00 -4.043715e+00 -3.297907e+00 -3.961534e+00 4.082341e-01 1.694375e+00 -7.066388e+00 -2.788681e+00 6.094370e-01 2.933047e+00 -1.317555e+00 -4.550935e+00 2.250031e+00 -2.167328e+00 -1.351702e-01 -1.937040e+00 -2.304783e+00 2.709322e+00 -1.847837e+00 1.128775e+00 -6.283191e-01 -4.159370e-01 9.011793e-01 -1.499012e+00 6.989545e-02
<VARIANCE> 25
 8.116118e+00 2.457456e+01 2.039309e+01 3.571436e+01 3.729521e+01 6.194489e+01 3.873571e+01 3.453500e+01 3.582364e+01 2.515282e+01 3.407149e+01 2.572525e+01 3.006757e+00 4.544814e+00 3.796635e+00 3.961063e+00 4.459896e+00 7.656367e+00 5.535590e+00 7.055287e+00 7.106160e+00 4.054415e+00 4.247925e+00 3.345373e+00 2.017755e-03
<GCONST> 9.868670e+01
<MIXTURE> 71 1.406903e-02
<MEAN> 25
 5.919950e+00 5.076931e+00 4.436575e+00 2.909144e+00 -3.391506e+00 -3.699239e+00 -3.076908e+00 -6.593546e+00 -4.497322e+00 -3.071417e+00 -5.072972e+00 -2.981741e+00 -1.601667e+00 -6.049010e-01 -2.011358e-01 -1.734172e+00 1.076771e+00 -3.685832e-02 6.076761e-02 1.229354e+00 5.115597e-01 -2.306371e-01 6.736254e-01 2.397959e-01 4.235451e-02
<VARIANCE> 25
 2.035163e+01 2.453648e+01 2.758208e+01 4.303236e+01 4.154316e+01 4.021228e+01 4.253938e+01 4.136634e+01 4.068746e+01 5.081288e+01 3.458357e+01 3.377618e+01 1.706186e+00 3.059013e+00 4.967910e+00 4.677759e+00 4.559101e+00 4.788325e+00 4.720304e+00 6.379064e+00 4.835665e+00 3.842734e+00 3.752579e+00 3.209415e+00 1.525540e-03
<GCONST> 9.904206e+01
<MIXTURE> 72 8.134747e-03
<MEAN> 25
 3.919934e+00 -4.194584e+00 5.620067e+00 -2.317424e+00 -1.086272e+01 -9.346481e+00 -2.526299e+00 1.819642e+00 -4.043058e+00 -2.215210e+00 -1.358980e+00 5.956941e-01 9.598681e-01 -8.478362e-01 -2.489349e+00 4.604149e-01 2.064145e+00 -5.292996e-01 -1.311188e+00 1.571859e+00 1.752149e+00 -5.450568e-01 -1.282299e+00 2.792058e-01 -6.777865e-03
<VARIANCE> 25
 1.049492e+01 2.258642e+01 3.151320e+01 3.663486e+01 3.410866e+01 3.285883e+01 3.892747e+01 3.447441e+01 5.445765e+01 3.910171e+01 4.114585e+01 2.697640e+01 4.397660e-01 1.050470e+00 2.038870e+00 1.390711e+00 2.157856e+00 2.495375e+00 2.911224e+00 2.647213e+00 2.523732e+00 2.839041e+00 1.921773e+00 2.255132e+00 5.187932e-04
<GCONST> 8.723316e+01
<MIXTURE> 73 1.213625e-02
<MEAN> 25
 -5.040936e+00 -1.446120e-01 -1.563283e+00 5.081087e+00 4.892133e+00 1.643484e+00 5.595147e+00 3.577014e+00 4.967546e+00 3.801835e+00 3.676235e+00 3.043195e+00 6.653255e-01 -1.255760e+00 -9.029174e-01 -2.509413e+00 -1.278196e+00 -2.018607e+00 -1.156605e+00 -9.203580e-01 -7.411835e-01 -5.231668e-01 -1.434333e+00 -1.965560e-01 1.536714e-01
<VARIANCE> 25
 1.444560e+01 1.574517e+01 1.403022e+01 2.040259e+01 2.443483e+01 2.663248e+01 1.844342e+01 2.174426e+01 1.914900e+01 1.904468e+01 2.582820e+01 1.396027e+01 3.762945e+00 3.103102e+00 5.461805e+00 4.379068e+00 5.642528e+00 4.716452e+00 4.382355e+00 5.331978e+00 3.883160e+00 4.020571e+00 4.539370e+00 2.510545e+00 3.874853e-03
<GCONST> 9.298267e+01
<MIXTURE> 74 1.756491e-02
<MEAN> 25
 3.658612e+00 -1.949711e+00 6.450857e+00 9.433488e-01 -8.664300e+00 -7.422164e+00 -3.633022e+00 3.098904e-01 -5.215384e+00 -2.960167e+00 1.706588e-01 -2.671239e-02 1.398214e-01 2.146467e+00 -6.940796e-01 9.068427e-01 1.388533e+00 -5.321050e-01 1.108148e+00 -8.824034e-01 3.797928e-01 2.183696e-01 -1.224620e+00 1.083172e-01 -7.811891e-02
<VARIANCE> 25
 1.011681e+01 1.681792e+01 3.672410e+01 2.504666e+01 2.828711e+01 3.756102e+01 3.468512e+01 3.418401e+01 5.052164e+01 5.810730e+01 3.841176e+01 2.691606e+01 1.557942e+00 1.590994e+00 2.727636e+00 2.104937e+00 2.648720e+00 3.334568e+00 4.537874e+00 3.611184e+00 3.074648e+00 3.507868e+00 3.459149e+00 2.057421e+00 1.818092e-03
<GCONST> 9.254102e+01
<MIXTURE> 75 9.711651e-03
<MEAN> 25
 1.745573e+00 -4.021505e+00 1.185515e+01 2.017612e-01 -1.117012e+01 -3.986129e+00 -7.696400e+00 -2.754862e+00 -1.742173e+00 -6.920668e+00 4.754851e+00 1.088845e+00 1.518721e+00 -2.147685e+00 7.206336e-01 -1.031392e-01 -2.724303e+00 5.915589e-01 -2.469265e+00 1.141012e+00 -6.612952e-01 -2.092431e-01 1.351477e+00 -5.556856e-01 4.915562e-02
<VARIANCE> 25
 1.012033e+01 2.122001e+01 2.115957e+01 2.030919e+01 2.386799e+01 3.420195e+01 3.467813e+01 2.743938e+01 3.244356e+01 4.781975e+01 2.394215e+01 1.662999e+01 1.877428e+00 2.328701e+00 2.987723e+00 1.854699e+00 2.898970e+00 4.485562e+00 4.122524e+00 2.402754e+00 3.888177e+00 2.168052e+00 2.240162e+00 1.623933e+00 1.974771e-03
<GCONST> 8.951791e+01
<MIXTURE> 76 1.052359e-02
<MEAN> 25
 -4.499137e+00 1.740690e+00 -3.255859e+00 3.104396e+00 6.142314e+00 4.513692e-02 5.382854e+00 4.386705e+00 1.717638e+00 1.031618e+00 1.314834e+00 1.934483e+00 -1.279031e-01 -3.942716e-01 -2.486112e-01 -6.765587e-01 -6.390898e-01 -6.852397e-01 -6.209830e-01 -3.655961e-01 -2.363535e-01 -4.681351e-01 -3.066543e-01 -1.318571e-01 1.154251e-02
<VARIANCE> 25
 3.005553e+01 3.244216e+01 2.146144e+01 2.400198e+01 2.835282e+01 2.816015e+01 2.591556e+01 3.413860e+01 2.374644e+01 2.231012e+01 2.328187e+01 1.607447e+01 7.460335e-01 8.857492e-01 1.288782e+00 1.095864e+00 1.454180e+00 1.267153e+00 1.344125e+00 1.418393e+00 1.824316e+00 1.681978e+00 1.567062e+00 1.414264e+00 9.319414e-04
<GCONST> 8.086528e+01
<MIXTURE> 77 1.244626e-02
<MEAN> 25
 -4.612031e-01 8.548804e+00 1.246510e+01 -1.159264e+01 -7.009414e+00 9.688450e-01 -9.291422e+00 -7.224561e+00 -3.378398e+00 -2.079624e-01 -4.649990e+00 -1.477567e+00 6.859007e-02 1.367543e-01 7.263772e-02 2.536432e-01 -2.285158e-02 7.913817e-02 -6.680840e-02 -5.924108e-02 7.954706e-02 -4.510209e-02 2.524062e-02 1.170857e-01 -9.916992e-03
<VARIANCE> 25
 1.043682e+01 2.068459e+01 2.748446e+01 4.182785e+01 3.316347e+01 3.380037e+01 3.673724e+01 3.181087e+01 3.521322e+01 3.331852e+01 3.756399e+01 3.490144e+01 2.987697e-01 7.783956e-01 6.444950e-01 1.087290e+00 1.236695e+00 9.867859e-01 1.224333e+00 1.075878e+00 1.046034e+00 1.065896e+00 9.707096e-01 9.207935e-01 5.391058e-04
<GCONST> 7.783190e+01
<MIXTURE> 78 9.702551e-03
<MEAN> 25
 -1.113211e+01 3.280789e+00 -1.271884e+00 1.633807e+00 4.975629e+00 -3.922490e+00 3.863054e+00 1.889701e+00 2.118040e+00 1.203174e+00 -8.324950e-01 2.868995e+00 1.928225e+00 -3.390428e-01 1.646910e-01 5.514064e-01 3.976829e-02 7.782883e-02 -2.148635e-01 -1.183966e-01 2.258595e-01 -8.048112e-02 -4.611630e-01 -5.624088e-01 -4.593652e-02
<VARIANCE> 25
 4.481307e+01 4.179490e+01 3.224267e+01 3.275643e+01 3.682257e+01 3.945985e+01 3.795621e+01 3.463551e+01 2.879519e+01 3.148459e+01 3.053162e+01 2.020570e+01 5.050534e+00 2.751866e+00 2.427692e+00 2.722432e+00 3.034015e+00 3.312222e+00 2.872046e+00 2.658130e+00 2.046670e+00 2.210028e+00 2.197837e+00 2.040515e+00 4.009542e-03
<GCONST> 9.449294e+01
<MIXTURE> 79 1.156824e-02
<MEAN> 25
 2.395861e+00 3.542866e-01 9.878785e+00 -5.384906e+00 -1.183291e+01 -1.221894e+00 -3.414247e+00 -6.308982e+00 -6.466034e+00 -7.259455e-01 -2.649013e+00 -2.945842e+00 1.167767e+00 -4.091951e-01 -1.459990e+00 2.208898e+00 3.898009e-01 -1.644364e+00 7.858949e-01 8.566393e-01 -6.413385e-01 -1.218899e-01 2.220406e-01 1.913093e-01 -4.059833e-02
<VARIANCE> 25
 1.365068e+01 2.795318e+01 3.975198e+01 5.047915e+01 3.259172e+01 4.096173e+01 5.086016e+01 3.569167e+01 5.053006e+01 5.538688e+01 4.983813e+01 2.856497e+01 8.537160e-01 2.199143e+00 1.696365e+00 1.963269e+00 2.230234e+00 2.626540e+00 3.273768e+00 3.138876e+00 2.460393e+00 3.655288e+00 2.273188e+00 1.892651e+00 1.280192e-03
<GCONST> 9.231955e+01
<MIXTURE> 80 7.550998e-03
<MEAN> 25
 -1.470393e+01 4.210289e+00 1.173825e+00 2.405134e+00 2.540535e+00 1.018385e+00 6.132020e+00 2.351241e+00 2.927248e+00 1.895649e+00 4.759160e+00 7.893295e-01 4.353930e+00 -2.666384e-01 1.570835e+00 -9.071226e-01 -2.900975e+00 -2.646780e+00 -2.276711e+00 -2.040894e+00 -2.007836e+00 -1.683737e+00 -1.525725e+00 -5.059834e-01 -4.257308e-02
<VARIANCE> 25
 2.004151e+01 1.951600e+01 3.613412e+01 3.616609e+01 2.860291e+01 2.992986e+01 2.853672e+01 2.729827e+01 2.589328e+01 3.072797e+01 2.569894e+01 1.961601e+01 2.309035e+00 3.516666e+00 2.591780e+00 4.703684e+00 3.219421e+00 2.818880e+00 2.898504e+00 3.058860e+00 2.663378e+00 2.553809e+00 2.874309e+00 2.217765e+00 1.468886e-03
<GCONST> 9.163271e+01
<MIXTURE> 81 8.025434e-03
<MEAN> 25
 -1.105381e+00 4.017313e+00 1.019000e+01 -1.473739e+01 -9.057482e+00 -1.405273e+00 -6.774929e+00 -8.403553e+00 -4.133630e+00 -4.473014e-01 -7.537937e+00 -2.221007e+00 1.354674e-01 -5.921883e-01 1.994458e-03 -5.517656e-01 -4.674757e-01 3.488197e-01 3.040731e-01 1.440247e-01 -1.416344e-01 1.057911e-01 -4.682907e-01 -1.266346e-01 1.165970e-02
<VARIANCE> 25
 1.015887e+01 3.329092e+01 2.652783e+01 2.984003e+01 3.373544e+01 3.053656e+01 4.548638e+01 2.824271e+01 3.802415e+01 3.224953e+01 2.541715e+01 3.099400e+01 7.733070e-01 2.272795e+00 1.541383e+00 2.868627e+00 2.654798e+00 2.162476e+00 3.329152e+00 2.297739e+00 2.356455e+00 2.527376e+00 2.301485e+00 2.069208e+00 1.187250e-03
<GCONST> 8.876292e+01
<MIXTURE> 82 8.213053e-03
<MEAN> 25
 -9.949552e+00 -3.857776e+00 1.624074e+00 -2.972998e+00 3.095600e+00 6.374583e-01 1.983878e+00 8.157910e-01 2.973633e+00 1.722167e+00 1.732010e+00 3.085693e+00 -1.321090e+00 -1.334550e-01 2.933773e-01 -2.601710e+00 -1.102596e+00 -1.251328e+00 -1.024167e+00 -8.792472e-01 -2.885911e-01 -4.726273e-01 -2.990592e-01 -7.398722e-02 1.780609e-01
<VARIANCE> 25
 1.799845e+01 2.515127e+01 3.249331e+01 3.094011e+01 3.296083e+01 3.251634e+01 3.192131e+01 3.463515e+01 3.103905e+01 2.511368e+01 3.091944e+01 1.738782e+01 3.753243e+00 3.065261e+00 3.324498e+00 3.253080e+00 3.652301e+00 3.317522e+00 2.982877e+00 3.085161e+00 2.898815e+00 2.480270e+00 2.497039e+00 1.934703e+00 3.425413e-03
<GCONST> 9.331516e+01
<MIXTURE> 83 1.167529e-02
<MEAN> 25
 -2.058613e+01 7.869834e+00 1.658983e-01 -2.245140e+00 7.523278e+00 -3.246667e+00 3.982807e+00 4.947258e-01 9.885271e-01 8.111629e-01 9.644612e-01 2.996250e+00 7.362425e-02 -2.893486e-01 1.019898e-01 -4.305070e-01 -1.656067e-01 -3.570938e-03 -4.088490e-01 1.861073e-01 1.179766e-01 -3.955997e-01 3.310866e-02 -2.697369e-01 3.896634e-03
<VARIANCE> 25
 8.773189e+00 1.979180e+01 2.792015e+01 2.630296e+01 1.622141e+01 2.477926e+01 1.954815e+01 2.839102e+01 1.750089e+01 2.006576e+01 2.321255e+01 1.147428e+01 9.425196e-01 1.214706e+00 1.113833e+00 9.149597e-01 1.479373e+00 1.580273e+00 1.406558e+00 1.692022e+00 1.206266e+00 1.424524e+00 9.454774e-01 1.523488e+00 6.312806e-04
<GCONST> 7.687335e+01
<MIXTURE> 84 1.066614e-02
<MEAN> 25
 1.105482e+00 9.027884e+00 7.145361e+00 7.941507e+00 2.840845e+00 -9.970295e-01 -1.471916e+00 -4.445185e+00 -4.126170e+00 -2.844545e+00 -2.464631e+00 -1.562142e+00 -1.774624e+00 -1.161225e+00 -1.192986e+00 1.267967e+00 2.255296e+00 1.482781e+00 1.446275e+00 1.272934e+00 1.162557e+00 3.758718e-01 3.984567e-01 4.226607e-01 -7.086775e-02
<VARIANCE> 25
 2.433905e+01 1.849782e+01 2.220493e+01 2.408912e+01 2.905040e+01 2.850092e+01 2.809242e+01 2.649592e+01 2.544142e+01 2.591566e+01 2.354947e+01 2.454301e+01 2.095456e+00 2.578741e+00 3.834163e+00 3.289115e+00 3.246953e+00 3.400126e+00 3.269145e+00 3.403123e+00 3.450478e+00 3.283327e+00 3.597825e+00 2.808140e+00 3.546223e-03
<GCONST> 9.265170e+01
<MIXTURE> 85 7.591393e-03
<MEAN> 25
 -3.181055e+00 7.862045e+00 5.754990e+00 1.252774e+00 -3.447229e+00 -5.346160e+00 -2.953103e+00 -6.099892e+00 -3.480104e+00 -3.229917e+00 -4.485790e-01 -1.900624e+00 3.958076e+00 2.748021e-01 1.746574e+00 -2.043370e+00 -3.415869e+00 -2.559528e+00 -2.881476e+00 -2.338235e+00 -2.257458e+00 -1.269804e+00 -2.270695e+00 -5.947525e-01 9.082687e-03
<VARIANCE> 25
 4.293033e+01 2.343147e+01 3.621476e+01 3.804469e+01 3.966780e+01 4.087957e+01 3.209003e+01 2.782578e+01 2.692822e+01 2.614226e+01 2.608740e+01 2.057942e+01 2.702360e+00 4.533818e+00 4.030460e+00 5.368964e+00 4.367630e+00 3.901916e+00 3.828232e+00 3.957572e+00 3.823653e+00 4.006081e+00 4.007853e+00 3.500334e+00 5.399073e-03
<GCONST> 9.839949e+01
<MIXTURE> 86 1.273941e-02
<MEAN> 25
 -4.780692e+00 -7.843749e-01 -9.810374e-01 6.161090e+00 5.264574e+00 4.266232e+00 5.464968e+00 4.800267e+00 4.463134e+00 3.844042e+00 5.133407e+00 2.668176e+00 -7.216859e-03 -9.249720e-03 -3.685410e-02 -5.724891e-02 -1.177447e-01 -1.822371e-01 -2.714270e-01 -3.349733e-01 -3.631094e-01 -3.168768e-01 -2.405178e-01 -1.319426e-01 -6.214965e-04
<VARIANCE> 25
 8.100497e+00 8.503906e+00 1.034767e+01 1.234362e+01 1.644689e+01 1.645649e+01 1.384447e+01 1.381066e+01 1.356391e+01 1.410535e+01 1.500642e+01 1.244146e+01 9.970731e-02 1.900974e-01 3.106972e-01 4.761738e-01 6.199782e-01 7.113516e-01 7.701734e-01 7.650127e-01 8.714776e-01 8.766234e-01 9.546299e-01 9.434149e-01 5.348101e-05
<GCONST> 5.893253e+01
<MIXTURE> 87 1.100681e-02
<MEAN> 25
 -3.412099e+00 5.174020e+00 2.400961e+00 6.443093e+00 5.350143e+00 3.845992e-01 3.222661e+00 -1.234501e+00 -2.451828e-02 -7.041367e-01 -2.789115e-01 2.304407e-01 -1.994360e+00 -2.744216e+00 -1.745703e+00 -2.095037e+00 -2.430733e-01 -2.779966e-01 -8.386397e-02 1.063835e+00 1.916977e+00 7.559197e-01 1.221025e+00 1.005760e+00 1.079874e-01
<VARIANCE> 25
 3.406890e+01 2.634066e+01 2.861270e+01 2.988778e+01 2.565452e+01 2.856030e+01 3.408092e+01 3.986974e+01 2.762431e+01 2.721771e+01 2.566995e+01 1.946646e+01 3.440658e+00 2.431828e+00 5.455270e+00 3.173168e+00 6.318361e+00 3.714172e+00 6.043712e+00 4.103808e+00 4.259570e+00 3.162966e+00 3.468292e+00 2.348675e+00 4.421623e-03
<GCONST> 9.676452e+01
<MIXTURE> 88 1.256585e-02
<MEAN> 25
 -3.577699e+00 3.337231e-02 -1.689013e+00 4.827836e+00 5.188518e+00 1.958361e+00 5.568831e+00 3.701163e+00 2.589252e+00 3.002443e+00 2.037965e+00 2.075917e+00 4.690938e-02 1.109568e-01 2.628299e-01 5.731055e-01 2.344457e-01 1.090631e-01 1.170957e-01 -1.996907e-01 -2.558183e-01 -1.553009e-01 -1.253136e-01 -5.355130e-02 -3.897924e-03
<VARIANCE> 25
 9.304757e+00 1.427205e+01 1.365781e+01 1.519203e+01 1.825874e+01 2.412755e+01 1.981688e+01 1.935447e+01 2.044310e+01 1.931550e+01 2.244482e+01 1.541934e+01 1.084554e+00 1.595656e+00 1.817180e+00 2.385017e+00 2.384164e+00 2.363851e+00 2.820818e+00 2.217471e+00 2.625369e+00 2.211095e+00 2.423889e+00 1.972593e+00 1.237444e-03
<GCONST> 8.223973e+01
<MIXTURE> 89 9.333527e-03
<MEAN> 25
 5.419849e+00 -7.865579e+00 -3.291801e+00 -1.810933e+00 -2.638177e+00 -4.089850e+00 -4.938547e+00 4.482057e+00 4.758876e+00 -8.545303e-01 -5.748995e+00 -2.907481e+00 -5.860887e-01 1.278985e-01 1.807388e+00 7.763194e-01 -1.580811e+00 -1.457071e+00 8.824734e-01 1.018192e+00 -7.990784e-01 -1.116110e+00 6.969511e-01 1.391918e+00 -4.376806e-03
<VARIANCE> 25
 7.505813e+00 2.897474e+01 2.358326e+01 2.626725e+01 3.300387e+01 3.587894e+01 4.721080e+01 4.086331e+01 4.552534e+01 3.782901e+01 2.693737e+01 2.914488e+01 3.701138e-01 6.716871e-01 1.250388e+00 1.194749e+00 1.947643e+00 1.801745e+00 1.891973e+00 1.778917e+00 1.877215e+00 1.751904e+00 2.482372e+00 1.653687e+00 3.804720e-04
<GCONST> 8.272375e+01
<MIXTURE> 90 7.114505e-03
<MEAN> 25
 2.614832e+00 -9.758076e+00 -4.556037e+00 -4.070079e+00 -3.532998e+00 -7.537712e-01 3.040666e+00 1.377949e+00 -7.565494e+00 -9.873032e+00 -3.165331e+00 -6.919748e-01 -1.396451e-01 8.959032e-01 1.150829e+00 -7.597442e-01 -1.598570e+00 -3.013336e-01 6.510246e-01 -1.859992e-01 -1.765482e-01 7.151214e-01 9.122814e-02 -4.956162e-01 -1.152546e-02
<VARIANCE> 25
 8.702797e+00 1.729949e+01 1.959884e+01 2.794668e+01 3.606961e+01 5.106784e+01 3.863899e+01 3.642783e+01 3.356558e+01 2.890627e+01 2.777286e+01 2.487514e+01 2.254501e-01 5.991376e-01 7.657459e-01 1.168655e+00 1.421510e+00 1.679055e+00 1.690747e+00 1.639741e+00 1.722448e+00 1.637683e+00 1.639953e+00 1.310845e+00 2.106595e-04
<GCONST> 7.856451e+01
<MIXTURE> 91 7.852945e-03
<MEAN> 25
 6.032821e+00 -7.875542e+00 -7.253906e+00 -5.153983e+00 1.917501e+00 3.382462e+00 -2.410177e+00 7.899268e-01 2.982769e-01 -2.645047e+00 -3.912762e+00 -4.662684e+00 2.315605e-01 9.413484e-01 2.731902e-01 5.518592e-01 -8.382269e-02 -8.350163e-01 -1.327034e-01 -3.433605e-02 -1.728043e-01 4.243085e-01 -3.786683e-01 2.677009e-01 -3.484241e-02
<VARIANCE> 25
 8.836720e+00 2.217316e+01 2.234542e+01 3.991232e+01 4.349384e+01 9.982759e+01 4.336747e+01 3.949390e+01 6.767578e+01 5.298512e+01 3.528511e+01 3.629029e+01 3.890655e-01 8.277749e-01 1.060039e+00 1.201685e+00 2.125495e+00 2.474850e+00 2.011096e+00 2.121130e+00 1.952459e+00 1.890079e+00 1.942667e+00 1.590849e+00 6.552901e-04
<GCONST> 8.650313e+01
<MIXTURE> 92 7.852945e-03
<MEAN> 25
 6.032821e+00 -7.875542e+00 -7.253906e+00 -5.153983e+00 1.917501e+00 3.382462e+00 -2.410177e+00 7.899268e-01 2.982769e-01 -2.645047e+00 -3.912762e+00 -4.662684e+00 2.315605e-01 9.413484e-01 2.731902e-01 5.518592e-01 -8.382269e-02 -8.350163e-01 -1.327034e-01 -3.433605e-02 -1.728043e-01 4.243085e-01 -3.786683e-01 2.677009e-01 -3.484241e-02
<VARIANCE> 25
 8.836720e+00 2.217316e+01 2.234542e+01 3.991232e+01 4.349384e+01 9.982759e+01 4.336747e+01 3.949390e+01 6.767578e+01 5.298512e+01 3.528511e+01 3.629029e+01 3.890655e-01 8.277749e-01 1.060039e+00 1.201685e+00 2.125495e+00 2.474850e+00 2.011096e+00 2.121130e+00 1.952459e+00 1.890079e+00 1.942667e+00 1.590849e+00 6.552901e-04
<GCONST> 8.650313e+01
<MIXTURE> 93 6.122769e-03
<MEAN> 25
 -6.740771e+00 -8.632282e-01 -2.452049e+00 5.739479e+00 5.917248e+00 3.780258e+00 6.120186e+00 3.710944e+00 4.140462e+00 2.557167e+00 1.767493e+00 3.627114e+00 -6.121057e-02 -1.640811e-01 -2.499434e-01 -3.309658e-01 -3.340925e-01 -2.895983e-01 -2.154138e-01 -1.745964e-01 -1.750516e-01 -1.261717e-01 -9.950936e-02 -5.291291e-02 -1.828513e-05
<VARIANCE> 25
 9.378128e+00 6.516469e+00 8.210333e+00 1.141119e+01 1.132924e+01 1.693564e+01 1.508591e+01 1.680795e+01 1.462788e+01 1.454074e+01 1.668876e+01 1.363040e+01 8.148313e-02 1.575911e-01 2.643500e-01 3.776376e-01 4.908190e-01 6.347799e-01 7.719868e-01 8.787306e-01 9.116998e-01 9.072808e-01 8.824810e-01 9.292747e-01 1.004856e-06
<GCONST> 5.376655e+01
<MIXTURE> 94 6.122769e-03
<MEAN> 25
 -6.740771e+00 -8.632282e-01 -2.452049e+00 5.739479e+00 5.917248e+00 3.780258e+00 6.120186e+00 3.710944e+00 4.140462e+00 2.557167e+00 1.767493e+00 3.627114e+00 -6.121057e-02 -1.640811e-01 -2.499434e-01 -3.309658e-01 -3.340925e-01 -2.895983e-01 -2.154138e-01 -1.745964e-01 -1.750516e-01 -1.261717e-01 -9.950936e-02 -5.291291e-02 -1.828513e-05
<VARIANCE> 25
 9.378128e+00 6.516469e+00 8.210333e+00 1.141119e+01 1.132924e+01 1.693564e+01 1.508591e+01 1.680795e+01 1.462788e+01 1.454074e+01 1.668876e+01 1.363040e+01 8.148313e-02 1.575911e-01 2.643500e-01 3.776376e-01 4.908190e-01 6.347799e-01 7.719868e-01 8.787306e-01 9.116998e-01 9.072808e-01 8.824810e-01 9.292747e-01 1.004856e-06
<GCONST> 5.376655e+01
<MIXTURE> 95 5.258835e-03
<MEAN> 25
 -4.725427e+00 9.893160e-01 -2.415372e+00 4.519897e+00 5.204879e+00 1.463233e+00 4.889681e+00 3.195989e+00 1.905919e+00 6.839842e-01 8.468616e-01 2.706190e+00 6.786281e-02 1.171833e-01 4.050306e-02 -8.310787e-02 -4.250340e-01 -6.952094e-01 -9.764937e-01 -1.260053e+00 -1.155192e+00 -9.881309e-01 -8.647204e-01 -5.012660e-01 -1.438212e-03
<VARIANCE> 25
 1.121771e+01 1.342461e+01 1.089605e+01 1.121613e+01 1.503608e+01 2.075992e+01 1.708947e+01 2.310742e+01 1.341766e+01 1.317449e+01 1.801982e+01 1.195883e+01 1.833763e-01 2.677820e-01 3.901134e-01 5.531805e-01 6.450068e-01 7.401344e-01 8.698756e-01 7.731776e-01 9.399279e-01 1.011960e+00 1.251075e+00 1.214212e+00 4.112134e-05
<GCONST> 6.262295e+01
<MIXTURE> 96 7.034694e-03
<MEAN> 25
 -3.939783e+00 1.473121e+00 -2.797342e+00 4.890762e+00 5.270891e+00 8.444720e-01 4.198205e+00 3.070309e+00 2.203782e+00 9.633068e-01 9.693340e-01 2.537003e+00 -1.564611e-02 6.364626e-02 1.590080e-01 4.829894e-01 5.571553e-01 4.180512e-01 1.853338e-01 -1.725971e-01 -4.420729e-01 -7.241719e-01 -7.103473e-01 -3.040173e-01 1.304059e-04
<VARIANCE> 25
 1.234483e+01 1.801130e+01 1.143668e+01 1.182620e+01 1.805658e+01 1.862041e+01 1.660475e+01 2.239484e+01 1.654395e+01 1.443764e+01 1.673410e+01 1.271185e+01 1.014245e-01 1.882054e-01 3.203175e-01 3.838742e-01 4.935229e-01 6.454981e-01 1.019448e+00 8.964492e-01 8.375829e-01 8.510916e-01 9.288052e-01 1.084588e+00 1.834682e-06
<GCONST> 5.800217e+01
<MIXTURE> 97 7.034694e-03
<MEAN> 25
 -3.939783e+00 1.473121e+00 -2.797342e+00 4.890762e+00 5.270891e+00 8.444720e-01 4.198205e+00 3.070309e+00 2.203782e+00 9.633068e-01 9.693340e-01 2.537003e+00 -1.564611e-02 6.364626e-02 1.590080e-01 4.829894e-01 5.571553e-01 4.180512e-01 1.853338e-01 -1.725971e-01 -4.420729e-01 -7.241719e-01 -7.103473e-01 -3.040173e-01 1.304059e-04
<VARIANCE> 25
 1.234483e+01 1.801130e+01 1.143668e+01 1.182620e+01 1.805658e+01 1.862041e+01 1.660475e+01 2.239484e+01 1.654395e+01 1.443764e+01 1.673410e+01 1.271185e+01 1.014245e-01 1.882054e-01 3.203175e-01 3.838742e-01 4.935229e-01 6.454981e-01 1.019448e+00 8.964492e-01 8.375829e-01 8.510916e-01 9.288052e-01 1.084588e+00 1.834682e-06
<GCONST> 5.800217e+01
<MIXTURE> 98 9.917808e-03
<MEAN> 25
 -1.308818e+00 1.848010e+00 -5.344027e-01 4.189523e+00 4.219137e+00 8.740362e-01 4.122880e+00 2.381886e+00 8.897957e-01 1.558137e+00 1.512952e-01 7.422387e-01 -1.545759e+00 -1.257261e+00 -8.515568e-01 1.296455e-01 7.087012e-01 8.349635e-01 1.175206e+00 1.336794e+00 1.608627e+00 8.743317e-01 1.133812e+00 1.055512e+00 -2.797254e-02
<VARIANCE> 25
 1.220478e+01 2.052647e+01 2.851562e+01 2.884899e+01 3.707427e+01 4.592022e+01 3.327673e+01 2.890905e+01 2.788299e+01 3.178881e+01 2.640769e+01 2.195677e+01 1.393224e+00 1.578426e+00 2.298043e+00 2.186834e+00 2.701615e+00 3.024811e+00 2.855737e+00 2.716683e+00 2.647957e+00 3.025025e+00 2.742206e+00 1.939231e+00 2.193645e-03
<GCONST> 8.982327e+01
<MIXTURE> 99 6.696178e-03
<MEAN> 25
 -8.770935e+00 1.144646e+01 3.427132e+00 3.062330e+00 3.069929e+00 -8.058115e+00 5.209755e-01 -3.843440e+00 -2.327422e+00 -1.869199e+00 -3.295165e+00 2.803405e+00 1.505972e-01 -6.534954e-01 4.575602e-01 -2.250503e-01 -2.839406e-01 1.902484e-01 -3.317013e-01 -6.756043e-01 -8.652013e-02 -2.031924e-01 2.353390e-01 -3.348710e-02 1.258156e-02
<VARIANCE> 25
 3.926243e+01 1.893695e+01 3.675167e+01 2.981216e+01 3.091940e+01 3.248359e+01 2.469730e+01 2.397376e+01 2.086373e+01 2.833929e+01 2.486795e+01 2.921871e+01 2.169969e+00 2.402150e+00 1.450651e+00 1.085322e+00 2.831530e+00 2.013632e+00 1.136503e+00 2.006558e+00 1.270162e+00 1.377977e+00 1.886568e+00 1.056311e+00 1.267138e-03
<GCONST> 8.507222e+01
<MIXTURE> 100 4.498084e-03
<MEAN> 25
 -1.602087e+00 6.302525e+00 1.027596e+01 -7.427596e+00 -1.074209e+01 -5.084382e+00 -4.918789e+00 -9.972865e+00 -4.700206e+00 -8.643468e-01 -2.730520e+00 -2.667257e+00 2.922601e+00 -1.282285e+00 1.305029e+00 -2.178292e+00 -3.418191e+00 -7.640371e-01 -1.238819e+00 -8.074039e-01 -1.473250e+00 3.440720e-01 -1.643197e+00 -2.900157e-01 2.248474e-03
<VARIANCE> 25
 1.356536e+01 2.132019e+01 2.235359e+01 2.654084e+01 2.322248e+01 2.363078e+01 2.908764e+01 2.161332e+01 2.741566e+01 2.257713e+01 2.230910e+01 2.156821e+01 1.796130e+00 4.031003e+00 2.911964e+00 4.280102e+00 4.164284e+00 4.598402e+00 4.076679e+00 4.352082e+00 4.149899e+00 3.879029e+00 3.921551e+00 3.214671e+00 1.677739e-03
<GCONST> 9.260854e+01
<MIXTURE> 101 6.007792e-03
<MEAN> 25
 7.910044e+00 -3.915085e+00 -6.084064e+00 -6.497072e+00 3.649226e-01 -1.000597e+00 -1.037754e+01 -2.087659e+00 2.310896e+00 2.523354e+00 -2.198266e+00 -5.295746e+00 6.271846e-01 6.726516e-01 -1.442705e+00 -1.550402e+00 1.075461e+00 2.315929e+00 2.169269e-01 -1.502869e+00 -9.968778e-01 1.005251e+00 1.282608e+00 -4.912890e-01 -4.958710e-03
<VARIANCE> 25
 9.507370e+00 1.937625e+01 2.932875e+01 4.323153e+01 3.881554e+01 3.559908e+01 3.613979e+01 3.450499e+01 4.586977e+01 4.251882e+01 5.003188e+01 2.381651e+01 3.214595e-01 6.457491e-01 1.122643e+00 1.552000e+00 1.654939e+00 2.006088e+00 2.002078e+00 1.946251e+00 2.320435e+00 2.126077e+00 1.855991e+00 1.967575e+00 3.297612e-04
<GCONST> 8.374377e+01
<MIXTURE> 102 6.007792e-03
<MEAN> 25
 7.910044e+00 -3.915085e+00 -6.084064e+00 -6.497072e+00 3.649226e-01 -1.000597e+00 -1.037754e+01 -2.087659e+00 2.310896e+00 2.523354e+00 -2.198266e+00 -5.295746e+00 6.271846e-01 6.726516e-01 -1.442705e+00 -1.550402e+00 1.075461e+00 2.315929e+00 2.169269e-01 -1.502869e+00 -9.968778e-01 1.005251e+00 1.282608e+00 -4.912890e-01 -4.958710e-03
<VARIANCE> 25
 9.507370e+00 1.937625e+01 2.932875e+01 4.323153e+01 3.881554e+01 3.559908e+01 3.613979e+01 3.450499e+01 4.586977e+01 4.251882e+01 5.003188e+01 2.381651e+01 3.214595e-01 6.457491e-01 1.122643e+00 1.552000e+00 1.654939e+00 2.006088e+00 2.002078e+00 1.946251e+00 2.320435e+00 2.126077e+00 1.855991e+00 1.967575e+00 3.297612e-04
<GCONST> 8.374377e+01
<MIXTURE> 103 5.694618e-03
<MEAN> 25
 3.359554e+00 -9.437320e+00 -6.085177e+00 -3.098414e+00 -1.307099e+00 -1.905553e+00 2.407186e+00 2.499125e+00 -4.598305e+00 -9.123117e+00 -5.050852e+00 3.429893e-01 -1.559777e-01 -1.492794e+00 -9.633850e-01 3.877484e-01 1.177710e+00 1.012764e+00 1.752691e-01 -2.496968e-01 -7.755455e-01 -9.313179e-01 -5.594116e-02 1.228305e-01 2.706395e-02
<VARIANCE> 25
 1.028540e+01 2.103233e+01 2.279892e+01 3.146987e+01 4.801046e+01 3.552142e+01 4.652574e+01 3.644172e+01 4.231224e+01 3.057311e+01 2.990135e+01 2.616788e+01 6.368510e-01 1.249526e+00 1.560890e+00 1.949125e+00 3.000234e+00 2.414221e+00 2.909071e+00 2.590853e+00 2.537496e+00 2.532663e+00 2.144221e+00 1.999991e+00 8.130438e-04
<GCONST> 8.769009e+01
<MIXTURE> 104 5.694618e-03
<MEAN> 25
 3.359554e+00 -9.437320e+00 -6.085177e+00 -3.098414e+00 -1.307099e+00 -1.905553e+00 2.407186e+00 2.499125e+00 -4.598305e+00 -9.123117e+00 -5.050852e+00 3.429893e-01 -1.559777e-01 -1.492794e+00 -9.633850e-01 3.877484e-01 1.177710e+00 1.012764e+00 1.752691e-01 -2.496968e-01 -7.755455e-01 -9.313179e-01 -5.594116e-02 1.228305e-01 2.706395e-02
<VARIANCE> 25
 1.028540e+01 2.103233e+01 2.279892e+01 3.146987e+01 4.801046e+01 3.552142e+01 4.652574e+01 3.644172e+01 4.231224e+01 3.057311e+01 2.990135e+01 2.616788e+01 6.368510e-01 1.249526e+00 1.560890e+00 1.949125e+00 3.000234e+00 2.414221e+00 2.909071e+00 2.590853e+00 2.537496e+00 2.532663e+00 2.144221e+00 1.999991e+00 8.130438e-04
<GCONST> 8.769009e+01
<MIXTURE> 105 4.710235e-03
<MEAN> 25
 2.330353e+00 -2.438878e+00 9.287702e+00 -2.462412e+00 -1.091644e+01 -3.394778e+00 -5.117710e+00 -5.966581e-01 -4.043510e+00 -3.084080e+00 1.023977e+00 -7.856149e-01 1.366958e-02 4.094329e-02 2.758944e-04 9.526212e-02 -2.207317e-03 9.087968e-02 -3.563873e-02 1.662725e-01 -1.360790e-01 -3.673655e-02 2.639136e-02 -6.531054e-02 -3.118794e-03
<VARIANCE> 25
 1.204875e+01 3.279513e+01 4.035872e+01 4.081199e+01 3.767956e+01 7.160736e+01 4.515800e+01 3.910553e+01 3.592297e+01 3.741596e+01 3.988675e+01 2.850216e+01 7.561991e-02 1.714931e-01 3.306001e-01 4.642128e-01 3.338855e-01 4.305465e-01 4.730740e-01 5.459954e-01 5.191506e-01 4.315130e-01 3.980407e-01 3.861981e-01 8.987388e-05
<GCONST> 6.675066e+01
<MIXTURE> 106 4.710235e-03
<MEAN> 25
 2.330353e+00 -2.438878e+00 9.287702e+00 -2.462412e+00 -1.091644e+01 -3.394778e+00 -5.117710e+00 -5.966581e-01 -4.043510e+00 -3.084080e+00 1.023977e+00 -7.856149e-01 1.366958e-02 4.094329e-02 2.758944e-04 9.526212e-02 -2.207317e-03 9.087968e-02 -3.563873e-02 1.662725e-01 -1.360790e-01 -3.673655e-02 2.639136e-02 -6.531054e-02 -3.118794e-03
<VARIANCE> 25
 1.204875e+01 3.279513e+01 4.035872e+01 4.081199e+01 3.767956e+01 7.160736e+01 4.515800e+01 3.910553e+01 3.592297e+01 3.741596e+01 3.988675e+01 2.850216e+01 7.561991e-02 1.714931e-01 3.306001e-01 4.642128e-01 3.338855e-01 4.305465e-01 4.730740e-01 5.459954e-01 5.191506e-01 4.315130e-01 3.980407e-01 3.861981e-01 8.987388e-05
<GCONST> 6.675066e+01
<MIXTURE> 107 5.452374e-03
<MEAN> 25
 8.547506e+00 -2.273542e+00 -8.001077e+00 -9.537070e+00 1.997996e+00 3.003582e+00 -8.514645e+00 -4.492484e+00 -9.142300e-01 3.327050e+00 8.351108e-01 -5.066806e+00 -6.046375e-01 -7.779372e-01 8.478743e-01 1.765024e+00 2.020662e-01 -2.005843e+00 -8.928531e-01 8.326107e-01 1.735329e+00 5.510552e-02 -1.660521e+00 -7.976109e-01 -1.735456e-03
<VARIANCE> 25
 9.753087e+00 2.118400e+01 2.818506e+01 4.248752e+01 3.604929e+01 3.897918e+01 5.162751e+01 3.618137e+01 4.604839e+01 4.160074e+01 5.080212e+01 3.008590e+01 3.570784e-01 9.844916e-01 1.461720e+00 2.405139e+00 2.314110e+00 2.813630e+00 2.655973e+00 2.534711e+00 2.347460e+00 3.009568e+00 1.931385e+00 2.214517e+00 6.980274e-04
<GCONST> 8.816943e+01
<MIXTURE> 108 5.452374e-03
<MEAN> 25
 8.547506e+00 -2.273542e+00 -8.001077e+00 -9.537070e+00 1.997996e+00 3.003582e+00 -8.514645e+00 -4.492484e+00 -9.142300e-01 3.327050e+00 8.351108e-01 -5.066806e+00 -6.046375e-01 -7.779372e-01 8.478743e-01 1.765024e+00 2.020662e-01 -2.005843e+00 -8.928531e-01 8.326107e-01 1.735329e+00 5.510552e-02 -1.660521e+00 -7.976109e-01 -1.735456e-03
<VARIANCE> 25
 9.753087e+00 2.118400e+01 2.818506e+01 4.248752e+01 3.604929e+01 3.897918e+01 5.162751e+01 3.618137e+01 4.604839e+01 4.160074e+01 5.080212e+01 3.008590e+01 3.570784e-01 9.844916e-01 1.461720e+00 2.405139e+00 2.314110e+00 2.813630e+00 2.655973e+00 2.534711e+00 2.347460e+00 3.009568e+00 1.931385e+00 2.214517e+00 6.980274e-04
<GCONST> 8.816943e+01
<MIXTURE> 109 6.661064e-03
<MEAN> 25
 4.208930e+00 -1.048952e+01 -7.720116e+00 -1.402357e+00 2.173127e+00 1.314494e+00 -5.588910e-01 1.439273e+00 -2.788109e+00 -7.667267e+00 -4.989534e+00 -2.107470e-01 -2.288342e-02 -8.653232e-02 -2.360710e-02 2.542309e-01 1.598128e-01 1.152664e-01 -2.054052e-02 -1.164611e-01 -7.517876e-02 -1.470325e-01 2.293389e-01 5.736972e-02 -4.122595e-03
<VARIANCE> 25
 8.514783e+00 1.928633e+01 2.125619e+01 2.965215e+01 4.164284e+01 5.769090e+01 4.621434e+01 3.320010e+01 4.624263e+01 3.709988e+01 2.984979e+01 2.733188e+01 1.818999e-01 4.166202e-01 5.131928e-01 6.391850e-01 1.210724e+00 1.011313e+00 1.255151e+00 1.224552e+00 1.056686e+00 8.969656e-01 8.654707e-01 8.637322e-01 1.944812e-04
<GCONST> 7.481413e+01
<MIXTURE> 110 6.661064e-03
<MEAN> 25
 4.208930e+00 -1.048952e+01 -7.720116e+00 -1.402357e+00 2.173127e+00 1.314494e+00 -5.588910e-01 1.439273e+00 -2.788109e+00 -7.667267e+00 -4.989534e+00 -2.107470e-01 -2.288342e-02 -8.653232e-02 -2.360710e-02 2.542309e-01 1.598128e-01 1.152664e-01 -2.054052e-02 -1.164611e-01 -7.517876e-02 -1.470325e-01 2.293389e-01 5.736972e-02 -4.122595e-03
<VARIANCE> 25
 8.514783e+00 1.928633e+01 2.125619e+01 2.965215e+01 4.164284e+01 5.769090e+01 4.621434e+01 3.320010e+01 4.624263e+01 3.709988e+01 2.984979e+01 2.733188e+01 1.818999e-01 4.166202e-01 5.131928e-01 6.391850e-01 1.210724e+00 1.011313e+00 1.255151e+00 1.224552e+00 1.056686e+00 8.969656e-01 8.654707e-01 8.637322e-01 1.944812e-04
<GCONST> 7.481413e+01
<MIXTURE> 111 4.337247e-03
<MEAN> 25
 -4.345336e+00 -8.031114e-01 -1.693138e+00 1.755432e+00 1.042210e+00 8.803421e-01 5.011249e-01 2.452523e-01 4.355109e-02 -5.099998e-01 -8.004593e-01 1.884712e+00 -2.552222e-02 -2.678120e-02 -6.586883e-02 -7.892716e-02 -3.406864e-02 1.325195e-02 -8.963061e-03 -9.735208e-02 -1.551582e-01 -1.832096e-01 -1.795909e-01 -9.465495e-02 -2.970508e-04
<VARIANCE> 25
 7.557512e+00 5.390535e+00 1.011749e+01 9.399206e+00 1.314575e+01 2.362603e+01 1.588249e+01 1.295402e+01 1.144140e+01 1.184570e+01 1.471122e+01 1.162782e+01 7.857211e-02 1.625379e-01 2.720675e-01 4.147610e-01 5.596035e-01 6.931827e-01 7.891926e-01 9.093996e-01 8.976011e-01 8.571758e-01 8.577074e-01 8.408110e-01 2.219172e-05
<GCONST> 5.619943e+01
<MIXTURE> 112 4.337247e-03
<MEAN> 25
 -4.345336e+00 -8.031114e-01 -1.693138e+00 1.755432e+00 1.042210e+00 8.803421e-01 5.011249e-01 2.452523e-01 4.355109e-02 -5.099998e-01 -8.004593e-01 1.884712e+00 -2.552222e-02 -2.678120e-02 -6.586883e-02 -7.892716e-02 -3.406864e-02 1.325195e-02 -8.963061e-03 -9.735208e-02 -1.551582e-01 -1.832096e-01 -1.795909e-01 -9.465495e-02 -2.970508e-04
<VARIANCE> 25
 7.557512e+00 5.390535e+00 1.011749e+01 9.399206e+00 1.314575e+01 2.362603e+01 1.588249e+01 1.295402e+01 1.144140e+01 1.184570e+01 1.471122e+01 1.162782e+01 7.857211e-02 1.625379e-01 2.720675e-01 4.147610e-01 5.596035e-01 6.931827e-01 7.891926e-01 9.093996e-01 8.976011e-01 8.571758e-01 8.577074e-01 8.408110e-01 2.219172e-05
<GCONST> 5.619943e+01
<MIXTURE> 113 5.938666e-03
<MEAN> 25
 9.899364e+00 1.620059e+00 -8.765454e+00 -1.695889e+01 -1.082185e+00 5.947512e+00 -5.266422e+00 -1.599467e+00 -5.534289e+00 -4.880725e-01 3.323543e-01 -2.323061e-01 2.500927e-03 8.784405e-03 -4.879773e-02 -1.241241e-01 1.062500e-01 1.646191e-01 5.565799e-02 3.751326e-02 -5.051162e-02 -6.435408e-02 1.741643e-01 2.761035e-02 -1.290999e-03
<VARIANCE> 25
 9.082207e+00 1.754306e+01 2.924810e+01 3.427755e+01 5.268970e+01 3.864096e+01 3.923804e+01 3.998584e+01 3.871096e+01 4.565324e+01 3.577556e+01 2.802178e+01 1.213390e-01 3.200883e-01 3.217973e-01 6.286732e-01 6.054759e-01 6.680326e-01 7.669021e-01 8.361725e-01 9.554074e-01 9.031295e-01 7.152879e-01 7.088299e-01 1.246918e-04
<GCONST> 7.128040e+01
<MIXTURE> 114 5.938666e-03
<MEAN> 25
 9.899364e+00 1.620059e+00 -8.765454e+00 -1.695889e+01 -1.082185e+00 5.947512e+00 -5.266422e+00 -1.599467e+00 -5.534289e+00 -4.880725e-01 3.323543e-01 -2.323061e-01 2.500927e-03 8.784405e-03 -4.879773e-02 -1.241241e-01 1.062500e-01 1.646191e-01 5.565799e-02 3.751326e-02 -5.051162e-02 -6.435408e-02 1.741643e-01 2.761035e-02 -1.290999e-03
<VARIANCE> 25
 9.082207e+00 1.754306e+01 2.924810e+01 3.427755e+01 5.268970e+01 3.864096e+01 3.923804e+01 3.998584e+01 3.871096e+01 4.565324e+01 3.577556e+01 2.802178e+01 1.213390e-01 3.200883e-01 3.217973e-01 6.286732e-01 6.054759e-01 6.680326e-01 7.669021e-01 8.361725e-01 9.554074e-01 9.031295e-01 7.152879e-01 7.088299e-01 1.246918e-04
<GCONST> 7.128040e+01
<MIXTURE> 115 2.935202e-03
<MEAN> 25
 -3.848929e+00 -2.382126e-01 -3.237541e+00 3.592750e+00 2.725718e+00 -7.014042e-01 2.443471e+00 7.850360e-01 1.360216e+00 -8.645163e-02 -1.415324e-01 2.474307e+00 3.061733e-02 -6.360707e-02 -2.112807e-01 -4.257613e-01 -6.174607e-01 -6.423479e-01 -5.954455e-01 -5.290293e-01 -4.733325e-01 -3.757080e-01 -3.214314e-01 -2.288535e-01 3.102294e-06
<VARIANCE> 25
 9.228587e+00 1.325386e+01 1.300027e+01 1.215721e+01 1.436586e+01 1.805978e+01 1.701990e+01 2.204095e+01 1.763034e+01 1.785472e+01 1.870598e+01 1.477836e+01 1.926673e-01 3.497942e-01 4.735353e-01 5.476205e-01 6.226920e-01 7.808401e-01 1.013130e+00 1.106556e+00 1.070090e+00 1.082140e+00 9.915184e-01 1.082912e+00 1.070372e-06
<GCONST> 6.049277e+01
<MIXTURE> 116 2.935202e-03
<MEAN> 25
 -3.848929e+00 -2.382126e-01 -3.237541e+00 3.592750e+00 2.725718e+00 -7.014042e-01 2.443471e+00 7.850360e-01 1.360216e+00 -8.645163e-02 -1.415324e-01 2.474307e+00 3.061733e-02 -6.360707e-02 -2.112807e-01 -4.257613e-01 -6.174607e-01 -6.423479e-01 -5.954455e-01 -5.290293e-01 -4.733325e-01 -3.757080e-01 -3.214314e-01 -2.288535e-01 3.102294e-06
<VARIANCE> 25
 9.228587e+00 1.325386e+01 1.300027e+01 1.215721e+01 1.436586e+01 1.805978e+01 1.701990e+01 2.204095e+01 1.763034e+01 1.785472e+01 1.870598e+01 1.477836e+01 1.926673e-01 3.497942e-01 4.735353e-01 5.476205e-01 6.226920e-01 7.808401e-01 1.013130e+00 1.106556e+00 1.070090e+00 1.082140e+00 9.915184e-01 1.082912e+00 1.070372e-06
<GCONST> 6.049277e+01
<MIXTURE> 117 6.506003e-03
<MEAN> 25
 -4.623844e+00 1.145905e+00 1.033742e+00 9.734466e+00 6.273629e+00 6.218236e+00 6.480795e+00 5.059986e+00 6.362262e+00 4.926820e+00 6.357444e+00 2.697049e+00 -7.486471e-02 -2.319138e-01 -3.555197e-01 -4.182465e-01 -3.630096e-01 -3.003031e-01 -2.888685e-01 -3.282928e-01 -3.902063e-01 -3.669989e-01 -2.618257e-01 -1.121804e-01 -8.590971e-06
<VARIANCE> 25
 7.244762e+00 8.886253e+00 9.867352e+00 1.437279e+01 1.559487e+01 1.559951e+01 1.780165e+01 1.796468e+01 1.654123e+01 1.633957e+01 1.674044e+01 1.474361e+01 2.157918e-01 3.082789e-01 4.265146e-01 6.165740e-01 8.560431e-01 1.052649e+00 1.176469e+00 1.232200e+00 1.222311e+00 1.193928e+00 1.167379e+00 1.118844e+00 1.007217e-06
<GCONST> 6.049428e+01
<MIXTURE> 118 6.506003e-03
<MEAN> 25
 -4.623844e+00 1.145905e+00 1.033742e+00 9.734466e+00 6.273629e+00 6.218236e+00 6.480795e+00 5.059986e+00 6.362262e+00 4.926820e+00 6.357444e+00 2.697049e+00 -7.486471e-02 -2.319138e-01 -3.555197e-01 -4.182465e-01 -3.630096e-01 -3.003031e-01 -2.888685e-01 -3.282928e-01 -3.902063e-01 -3.669989e-01 -2.618257e-01 -1.121804e-01 -8.590971e-06
<VARIANCE> 25
 7.244762e+00 8.886253e+00 9.867352e+00 1.437279e+01 1.559487e+01 1.559951e+01 1.780165e+01 1.796468e+01 1.654123e+01 1.633957e+01 1.674044e+01 1.474361e+01 2.157918e-01 3.082789e-01 4.265146e-01 6.165740e-01 8.560431e-01 1.052649e+00 1.176469e+00 1.232200e+00 1.222311e+00 1.193928e+00 1.167379e+00 1.118844e+00 1.007217e-06
<GCONST> 6.049428e+01
<MIXTURE> 119 4.297961e-03
<MEAN> 25
 -4.925795e+00 -7.757102e+00 2.290384e+00 1.859297e+00 2.062362e+00 2.291507e-01 5.095655e+00 5.572695e+00 1.333159e+00 1.184174e+00 6.449769e+00 1.706618e+00 -6.509824e-02 -6.143366e-02 9.446277e-02 -7.005181e-02 -2.108283e-01 -2.109080e-01 -9.142458e-02 6.998772e-02 -1.599482e-01 -1.371377e-01 2.679074e-02 4.394672e-02 1.380216e-03
<VARIANCE> 25
 8.177558e+00 1.038572e+01 1.591925e+01 1.982414e+01 2.290777e+01 2.228759e+01 2.540174e+01 2.823771e+01 2.488940e+01 2.783204e+01 2.019735e+01 1.990903e+01 1.583155e-01 2.784182e-01 5.148656e-01 6.087847e-01 9.411109e-01 9.784642e-01 1.069446e+00 1.367256e+00 1.336917e+00 1.206401e+00 1.278352e+00 1.294924e+00 2.231569e-04
<GCONST> 7.008147e+01
<MIXTURE> 120 4.297961e-03
<MEAN> 25
 -4.925795e+00 -7.757102e+00 2.290384e+00 1.859297e+00 2.062362e+00 2.291507e-01 5.095655e+00 5.572695e+00 1.333159e+00 1.184174e+00 6.449769e+00 1.706618e+00 -6.509824e-02 -6.143366e-02 9.446277e-02 -7.005181e-02 -2.108283e-01 -2.109080e-01 -9.142458e-02 6.998772e-02 -1.599482e-01 -1.371377e-01 2.679074e-02 4.394672e-02 1.380216e-03
<VARIANCE> 25
 8.177558e+00 1.038572e+01 1.591925e+01 1.982414e+01 2.290777e+01 2.228759e+01 2.540174e+01 2.823771e+01 2.488940e+01 2.783204e+01 2.019735e+01 1.990903e+01 1.583155e-01 2.784182e-01 5.148656e-01 6.087847e-01 9.411109e-01 9.784642e-01 1.069446e+00 1.367256e+00 1.336917e+00 1.206401e+00 1.278352e+00 1.294924e+00 2.231569e-04
<GCONST> 7.008147e+01
<MIXTURE> 121 4.567511e-03
<MEAN> 25
 2.114931e-01 -2.529838e+00 5.156716e+00 -1.288095e+01 -1.263415e+01 -1.654910e+00 9.910610e-01 -5.099256e+00 -4.201777e+00 -4.875270e-01 -5.509307e+00 -4.304140e+00 2.422159e-02 1.324755e-01 -4.186476e-02 8.078982e-02 1.584543e-01 7.852200e-02 -8.119717e-02 -1.825825e-01 -2.686933e-01 -2.572977e-01 -1.146897e-01 1.456619e-04 -7.441371e-03
<VARIANCE> 25
 7.740545e+00 1.564674e+01 1.731529e+01 2.061447e+01 2.450102e+01 2.931985e+01 2.977722e+01 2.458780e+01 3.523821e+01 2.830573e+01 1.974203e+01 2.120684e+01 1.547956e-01 6.423994e-01 6.222192e-01 7.057441e-01 7.693987e-01 1.151492e+00 1.119945e+00 1.123887e+00 1.216551e+00 1.191482e+00 9.410459e-01 8.712744e-01 2.106043e-04
<GCONST> 7.142144e+01
<MIXTURE> 122 4.567511e-03
<MEAN> 25
 2.114931e-01 -2.529838e+00 5.156716e+00 -1.288095e+01 -1.263415e+01 -1.654910e+00 9.910610e-01 -5.099256e+00 -4.201777e+00 -4.875270e-01 -5.509307e+00 -4.304140e+00 2.422159e-02 1.324755e-01 -4.186476e-02 8.078982e-02 1.584543e-01 7.852200e-02 -8.119717e-02 -1.825825e-01 -2.686933e-01 -2.572977e-01 -1.146897e-01 1.456619e-04 -7.441371e-03
<VARIANCE> 25
 7.740545e+00 1.564674e+01 1.731529e+01 2.061447e+01 2.450102e+01 2.931985e+01 2.977722e+01 2.458780e+01 3.523821e+01 2.830573e+01 1.974203e+01 2.120684e+01 1.547956e-01 6.423994e-01 6.222192e-01 7.057441e-01 7.693987e-01 1.151492e+00 1.119945e+00 1.123887e+00 1.216551e+00 1.191482e+00 9.410459e-01 8.712744e-01 2.106043e-04
<GCONST> 7.142144e+01
<MIXTURE> 123 4.393044e-03
<MEAN> 25
 -2.670316e+00 3.290566e+00 -1.307921e+00 5.214795e+00 6.471139e+00 6.102687e-01 5.649773e+00 2.497388e+00 1.528037e-01 8.677582e-01 -8.391613e-01 6.517380e-01 -4.257356e-01 -6.044098e-01 -7.433424e-01 -6.414266e-01 -2.409702e-01 7.678193e-02 3.828205e-01 5.909670e-01 7.122771e-01 8.565090e-01 6.925237e-01 3.388629e-01 -3.814660e-03
<VARIANCE> 25
 9.038480e+00 1.458813e+01 1.449941e+01 1.232702e+01 1.617620e+01 2.535635e+01 2.442931e+01 2.235731e+01 1.963270e+01 1.784508e+01 1.989883e+01 1.617881e+01 2.746916e-01 3.188946e-01 5.106454e-01 5.605644e-01 8.697270e-01 8.560160e-01 1.346854e+00 1.094284e+00 1.208621e+00 9.772266e-01 9.765030e-01 1.012984e+00 9.171876e-05
<GCONST> 6.723304e+01
<MIXTURE> 124 4.069876e-03
<MEAN> 25
 -5.952556e+00 -4.378933e-01 -2.941059e+00 4.890266e+00 5.279399e+00 2.716588e+00 5.854551e+00 2.847946e+00 2.766025e+00 1.602494e+00 8.724443e-01 2.808740e+00 -2.015966e-01 -2.981757e-01 -3.467259e-01 -2.056554e-01 1.145034e-01 4.938086e-01 8.515912e-01 8.800315e-01 6.592625e-01 3.500814e-01 1.344139e-01 -2.443622e-02 -1.628948e-04
<VARIANCE> 25
 1.270120e+01 1.155025e+01 1.106429e+01 1.155906e+01 1.233971e+01 2.192087e+01 1.782572e+01 1.780276e+01 1.635460e+01 1.682354e+01 1.905818e+01 1.395407e+01 1.020845e-01 1.762051e-01 2.668766e-01 3.942372e-01 6.183527e-01 6.760062e-01 7.555245e-01 8.534306e-01 9.386814e-01 9.462915e-01 9.965227e-01 9.589928e-01 1.843353e-05
<GCONST> 5.970124e+01
<MIXTURE> 125 4.069876e-03
<MEAN> 25
 -5.952556e+00 -4.378933e-01 -2.941059e+00 4.890266e+00 5.279399e+00 2.716588e+00 5.854551e+00 2.847946e+00 2.766025e+00 1.602494e+00 8.724443e-01 2.808740e+00 -2.015966e-01 -2.981757e-01 -3.467259e-01 -2.056554e-01 1.145034e-01 4.938086e-01 8.515912e-01 8.800315e-01 6.592625e-01 3.500814e-01 1.344139e-01 -2.443622e-02 -1.628948e-04
<VARIANCE> 25
 1.270120e+01 1.155025e+01 1.106429e+01 1.155906e+01 1.233971e+01 2.192087e+01 1.782572e+01 1.780276e+01 1.635460e+01 1.682354e+01 1.905818e+01 1.395407e+01 1.020845e-01 1.762051e-01 2.668766e-01 3.942372e-01 6.183527e-01 6.760062e-01 7.555245e-01 8.534306e-01 9.386814e-01 9.462915e-01 9.965227e-01 9.589928e-01 1.843353e-05
<GCONST> 5.970124e+01
<MIXTURE> 126 2.402244e-03
<MEAN> 25
 -3.743830e+00 -6.774794e+00 -5.257576e+00 2.329786e+00 4.309180e+00 -3.263300e+00 1.961703e-01 3.600899e+00 3.309213e+00 -2.620253e+00 -1.449517e+00 3.025647e+00 -1.647675e-03 -3.186204e-03 -3.566371e-02 -1.544337e-01 -3.202220e-01 -3.882605e-01 -2.743137e-01 -1.639049e-01 -1.205493e-01 -1.155035e-01 -9.805281e-02 -3.857519e-02 -1.548813e-03
<VARIANCE> 25
 7.481749e+00 1.449389e+01 1.382315e+01 1.500381e+01 2.471706e+01 2.346843e+01 2.362861e+01 2.857826e+01 3.112940e+01 2.634109e+01 2.188841e+01 1.908797e+01 1.697440e-01 3.511637e-01 4.831104e-01 5.671969e-01 7.481714e-01 9.866706e-01 1.119503e+00 1.262196e+00 1.335026e+00 1.301253e+00 1.212392e+00 1.154523e+00 2.094960e-04
<GCONST> 6.993576e+01
<MIXTURE> 127 2.402244e-03
<MEAN> 25
 -3.743830e+00 -6.774794e+00 -5.257576e+00 2.329786e+00 4.309180e+00 -3.263300e+00 1.961703e-01 3.600899e+00 3.309213e+00 -2.620253e+00 -1.449517e+00 3.025647e+00 -1.647675e-03 -3.186204e-03 -3.566371e-02 -1.544337e-01 -3.202220e-01 -3.882605e-01 -2.743137e-01 -1.639049e-01 -1.205493e-01 -1.155035e-01 -9.805281e-02 -3.857519e-02 -1.548813e-03
<VARIANCE> 25
 7.481749e+00 1.449389e+01 1.382315e+01 1.500381e+01 2.471706e+01 2.346843e+01 2.362861e+01 2.857826e+01 3.112940e+01 2.634109e+01 2.188841e+01 1.908797e+01 1.697440e-01 3.511637e-01 4.831104e-01 5.671969e-01 7.481714e-01 9.866706e-01 1.119503e+00 1.262196e+00 1.335026e+00 1.301253e+00 1.212392e+00 1.154523e+00 2.094960e-04
<GCONST> 6.993576e+01
<MIXTURE> 128 3.790457e-03
<MEAN> 25
 -3.789915e+00 1.735681e+00 -3.772467e-01 6.448845e+00 3.826710e+00 1.629615e+00 3.800153e+00 2.491161e+00 3.781055e+00 3.783333e+00 3.460016e+00 3.334379e+00 -3.896584e-01 -1.929296e-01 9.606215e-02 7.188537e-01 1.183581e+00 1.088526e+00 6.999904e-01 1.618042e-01 -4.294880e-01 -7.823914e-01 -7.042423e-01 -3.414288e-01 3.026381e-05
<VARIANCE> 25
 1.036413e+01 1.240284e+01 1.499224e+01 1.905377e+01 2.042863e+01 2.198096e+01 2.514587e+01 2.458058e+01 2.698148e+01 2.400412e+01 2.949990e+01 1.876020e+01 8.691607e-01 1.106192e+00 1.323376e+00 1.480839e+00 1.577173e+00 1.866635e+00 2.210083e+00 2.308192e+00 2.121800e+00 1.810559e+00 1.703837e+00 1.853699e+00 1.163810e-06
<GCONST> 7.395618e+01
<TRANSP> 3
 0.000000e+00 1.000000e+00 0.000000e+00
 0.000000e+00 9.999990e-01 9.999998e-07
 0.000000e+00 0.000000e+00 0.000000e+00
<ENDHMM>
