~o
<STREAMINFO> 1 25
<VECSIZE> 25<NULLD><MFCC_E_D_N><DIAGC>
~h "jmodel"
<BEGINHMM>
<NUMSTATES> 3
<STATE> 2
<NUMMIXES> 128
<MIXTURE> 1 5.748963e-03
<MEAN> 25
 -2.583810e+00 3.182010e+00 2.310344e+00 8.753625e+00 4.373341e+00 3.448739e+00 4.065345e+00 3.935538e+00 5.829613e+00 5.252977e+00 5.883355e+00 3.081008e+00 -2.004348e+00 -1.634654e+00 -8.645129e-01 1.075745e+00 1.560605e+00 2.232403e+00 2.154689e+00 2.085064e+00 1.693110e+00 1.269727e+00 1.567535e+00 6.137282e-01 -4.691955e-02
<VARIANCE> 25
 1.006206e+01 1.175806e+01 1.495561e+01 1.870360e+01 2.319536e+01 2.214803e+01 2.191406e+01 2.197307e+01 2.103548e+01 2.253308e+01 2.095315e+01 1.708153e+01 1.789153e+00 2.111392e+00 3.025805e+00 3.211208e+00 3.739494e+00 3.356018e+00 3.317932e+00 3.379517e+00 3.521791e+00 3.726140e+00 3.512918e+00 2.834098e+00 3.121276e-03
<GCONST> 8.846687e+01
<MIXTURE> 2 4.549242e-03
<MEAN> 25
 -4.874699e+00 1.313406e+00 9.964101e-01 9.893209e+00 6.703846e+00 7.411918e+00 7.844433e+00 6.952150e+00 8.362016e+00 6.366300e+00 7.613198e+00 3.071501e+00 -6.165791e-02 4.171812e-02 1.421104e-01 2.254462e-01 2.659363e-01 2.803032e-01 2.955410e-01 3.195525e-01 3.509527e-01 3.100086e-01 1.981615e-01 8.025257e-02 9.451687e-07
<VARIANCE> 25
 6.942263e+00 8.891819e+00 1.066650e+01 1.593700e+01 1.729853e+01 1.564590e+01 1.688908e+01 1.848462e+01 1.665958e+01 1.739774e+01 1.818242e+01 1.434166e+01 1.251687e-01 2.263719e-01 3.362399e-01 4.668821e-01 6.489069e-01 8.145061e-01 9.291413e-01 1.002866e+00 1.057506e+00 1.081173e+00 1.075970e+00 1.015561e+00 1.001032e-06
<GCONST> 5.806742e+01
<MIXTURE> 3 4.549242e-03
<MEAN> 25
 -4.874699e+00 1.313406e+00 9.964101e-01 9.893209e+00 6.703846e+00 7.411918e+00 7.844433e+00 6.952150e+00 8.362016e+00 6.366300e+00 7.613198e+00 3.071501e+00 -6.165791e-02 4.171812e-02 1.421104e-01 2.254462e-01 2.659363e-01 2.803032e-01 2.955410e-01 3.195525e-01 3.509527e-01 3.100086e-01 1.981615e-01 8.025257e-02 9.451687e-07
<VARIANCE> 25
 6.942263e+00 8.891819e+00 1.066650e+01 1.593700e+01 1.729853e+01 1.564590e+01 1.688908e+01 1.848462e+01 1.665958e+01 1.739774e+01 1.818242e+01 1.434166e+01 1.251687e-01 2.263719e-01 3.362399e-01 4.668821e-01 6.489069e-01 8.145061e-01 9.291413e-01 1.002866e+00 1.057506e+00 1.081173e+00 1.075970e+00 1.015561e+00 1.001032e-06
<GCONST> 5.806742e+01
<MIXTURE> 4 1.671429e-02
<MEAN> 25
 3.483719e+00 2.698626e+00 -3.563226e+00 1.207558e+00 4.065301e+00 -3.527321e-01 6.431805e-01 -3.090253e-01 1.246653e+00 1.515982e+00 -2.219731e+00 -2.665401e-01 -2.787529e+00 1.316602e+00 1.613864e+00 2.909897e+00 9.833437e-01 3.970957e-01 1.449268e+00 1.121758e+00 1.007332e+00 2.851800e-01 1.280159e+00 1.000664e+00 -1.010901e-01
<VARIANCE> 25
 2.018798e+01 2.836545e+01 2.953993e+01 4.337934e+01 4.476469e+01 6.644272e+01 6.751332e+01 5.314769e+01 5.464217e+01 5.970522e+01 4.935780e+01 3.977008e+01 2.431887e+00 5.083609e+00 3.986846e+00 5.349300e+00 4.820359e+00 6.159457e+00 5.894434e+00 5.411520e+00 5.813028e+00 6.627586e+00 5.982900e+00 4.537249e+00 5.920594e-03
<GCONST> 1.055598e+02
<MIXTURE> 5 3.206198e-03
<MEAN> 25
 -3.425272e+00 2.183969e+00 6.085057e-01 9.397143e+00 6.732319e+00 6.267606e+00 7.115204e+00 4.708733e+00 5.434875e+00 3.822708e+00 4.630013e+00 2.605509e+00 -3.211956e-01 7.516305e-01 1.220129e+00 1.031085e+00 3.150427e-01 -1.008865e-01 -8.323129e-02 2.954956e-02 4.561999e-01 6.814062e-01 4.086280e-01 9.266267e-02 -2.579507e-05
<VARIANCE> 25
 1.018817e+01 1.386878e+01 2.343700e+01 2.560696e+01 2.028430e+01 1.963380e+01 2.003669e+01 2.025129e+01 2.187137e+01 2.126049e+01 2.405532e+01 1.627035e+01 1.203946e+00 1.236765e+00 1.353756e+00 1.666395e+00 2.277196e+00 2.361055e+00 2.293754e+00 2.264285e+00 2.325130e+00 2.236527e+00 2.083840e+00 1.877913e+00 1.012549e-06
<GCONST> 7.515077e+01
<MIXTURE> 6 5.475854e-03
<MEAN> 25
 9.013515e+00 -9.682009e-01 -5.472423e+00 -9.853835e+00 -2.602499e+00 7.490622e+00 -5.244240e+00 -7.463965e+00 -2.295987e+00 1.496566e+00 5.522735e+00 -1.115454e+00 4.684754e-01 8.443680e-01 -2.649819e-01 -1.579867e+00 -6.790569e-01 1.403108e+00 1.773248e+00 2.193750e-01 -1.183992e+00 -1.143657e+00 1.432988e-01 1.332554e+00 -7.709280e-03
<VARIANCE> 25
 9.503983e+00 1.593339e+01 2.630969e+01 4.009549e+01 3.190496e+01 2.882202e+01 4.167974e+01 5.175049e+01 4.247713e+01 3.368501e+01 3.892196e+01 2.558860e+01 2.820657e-01 7.622356e-01 8.230391e-01 1.711641e+00 1.373128e+00 1.875094e+00 1.875825e+00 1.731725e+00 2.268960e+00 1.672576e+00 2.291525e+00 1.280100e+00 5.072213e-04
<GCONST> 8.235113e+01
<MIXTURE> 7 5.475854e-03
<MEAN> 25
 9.013515e+00 -9.682009e-01 -5.472423e+00 -9.853835e+00 -2.602499e+00 7.490622e+00 -5.244240e+00 -7.463965e+00 -2.295987e+00 1.496566e+00 5.522735e+00 -1.115454e+00 4.684754e-01 8.443680e-01 -2.649819e-01 -1.579867e+00 -6.790569e-01 1.403108e+00 1.773248e+00 2.193750e-01 -1.183992e+00 -1.143657e+00 1.432988e-01 1.332554e+00 -7.709280e-03
<VARIANCE> 25
 9.503983e+00 1.593339e+01 2.630969e+01 4.009549e+01 3.190496e+01 2.882202e+01 4.167974e+01 5.175049e+01 4.247713e+01 3.368501e+01 3.892196e+01 2.558860e+01 2.820657e-01 7.622356e-01 8.230391e-01 1.711641e+00 1.373128e+00 1.875094e+00 1.875825e+00 1.731725e+00 2.268960e+00 1.672576e+00 2.291525e+00 1.280100e+00 5.072213e-04
<GCONST> 8.235113e+01
<MIXTURE> 8 1.165917e-02
<MEAN> 25
 -4.729901e+00 1.363269e+00 1.291151e+00 9.556607e+00 6.578256e+00 6.251057e+00 6.481542e+00 5.687738e+00 6.655969e+00 5.632771e+00 6.570520e+00 3.152225e+00 -6.293414e-01 -1.425563e+00 -1.071153e+00 -1.731538e+00 -2.316842e-01 -9.451853e-01 -1.777945e-01 -2.894965e-01 -2.526216e-01 -1.741369e-01 -2.138609e-01 8.036027e-02 9.885833e-02
<VARIANCE> 25
 9.336494e+00 9.845114e+00 1.161662e+01 1.606909e+01 1.664292e+01 1.573728e+01 1.812473e+01 1.750589e+01 1.706316e+01 1.737035e+01 1.888888e+01 1.399626e+01 2.756687e+00 2.814869e+00 3.906048e+00 3.760590e+00 3.455097e+00 3.315378e+00 3.129557e+00 3.079548e+00 2.871517e+00 2.655100e+00 2.434571e+00 1.903743e+00 6.682609e-03
<GCONST> 8.629086e+01
<MIXTURE> 9 1.199672e-02
<MEAN> 25
 9.290930e+00 3.380883e+00 -6.205203e+00 -1.065883e+01 -2.206109e+00 4.962792e+00 -2.219329e+00 -2.294311e+00 -5.374602e+00 -1.247594e+00 5.617177e-01 -1.452347e-02 1.439242e+00 -1.320966e-01 -4.904875e-01 -2.699981e+00 -1.647470e+00 8.544606e-01 -9.745518e-01 -2.262803e-01 -1.816219e-01 -5.798712e-01 6.151968e-01 -1.539078e-01 7.333063e-02
<VARIANCE> 25
 1.225638e+01 2.148093e+01 3.351550e+01 5.360727e+01 5.019583e+01 3.228066e+01 4.335123e+01 5.235724e+01 4.222113e+01 4.156397e+01 3.612619e+01 2.689899e+01 2.087403e+00 2.454097e+00 4.565090e+00 4.883204e+00 5.005131e+00 4.093017e+00 4.236231e+00 6.043237e+00 5.031279e+00 4.082728e+00 4.013623e+00 2.801020e+00 2.213008e-03
<GCONST> 9.880993e+01
<MIXTURE> 10 6.596976e-03
<MEAN> 25
 8.130392e-01 7.622539e+00 5.372565e+00 7.155799e+00 1.582741e+00 -2.123025e+00 -5.126500e-01 -1.702518e+00 8.877526e-01 8.504230e-01 8.291447e-01 6.588480e-01 -1.921674e+00 -6.683593e-01 -4.612411e-01 3.021969e+00 2.463136e+00 2.704302e+00 2.371528e+00 2.277128e+00 1.856471e+00 1.544187e+00 2.331979e+00 5.230576e-01 -1.380629e-01
<VARIANCE> 25
 1.955782e+01 2.073880e+01 2.228256e+01 2.904934e+01 3.827265e+01 3.491747e+01 3.511449e+01 3.396454e+01 2.771409e+01 2.907454e+01 2.697575e+01 2.500878e+01 2.240415e+00 3.435883e+00 5.530158e+00 5.183152e+00 5.543242e+00 4.483881e+00 4.695188e+00 4.836276e+00 4.403748e+00 5.016798e+00 4.444688e+00 3.190888e+00 2.697108e-03
<GCONST> 9.747673e+01
<MIXTURE> 11 1.633820e-02
<MEAN> 25
 7.044727e+00 3.378867e+00 3.907160e+00 7.089262e+00 -3.624469e+00 -3.150909e+00 -1.494799e-01 -7.836674e+00 -4.192494e+00 1.408111e+00 -4.417187e+00 -3.716569e+00 -2.863276e-01 6.787559e-01 4.795589e-02 1.994795e-01 7.272706e-01 -3.107762e-01 4.747898e-01 -1.806140e-02 -2.492747e-01 -4.860522e-02 -2.991872e-01 2.161444e-01 -2.384395e-02
<VARIANCE> 25
 1.153170e+01 2.235647e+01 1.749921e+01 3.234209e+01 3.255676e+01 3.965870e+01 4.714655e+01 4.050431e+01 3.362553e+01 3.361809e+01 3.532744e+01 3.547343e+01 1.073391e+00 1.484348e+00 1.504909e+00 1.847580e+00 2.192228e+00 2.006212e+00 1.864461e+00 2.940759e+00 2.314514e+00 1.780308e+00 1.820504e+00 1.377731e+00 1.059168e-03
<GCONST> 8.687591e+01
<MIXTURE> 12 5.904134e-03
<MEAN> 25
 8.063080e+00 2.098114e+00 -3.991564e+00 -1.587087e+01 -1.035138e+01 1.301217e+01 3.897533e+00 -9.878625e+00 4.609872e+00 -3.686106e+00 2.187446e+00 2.096514e+00 -4.546369e-02 1.982585e-01 -1.246443e-01 -5.925911e-01 -3.471237e-01 2.352366e-01 2.651848e-01 3.031569e-01 3.162182e-01 -1.816442e-01 -3.316953e-01 6.107682e-02 -1.719917e-03
<VARIANCE> 25
 1.054644e+01 1.498322e+01 1.576880e+01 2.734725e+01 2.931581e+01 4.555650e+01 4.214436e+01 8.350918e+01 6.260793e+01 2.343681e+01 2.410082e+01 1.800856e+01 1.581651e-01 4.597179e-01 5.276458e-01 7.712368e-01 9.145145e-01 8.884951e-01 9.775993e-01 1.058791e+00 1.206112e+00 9.026982e-01 1.013395e+00 6.828294e-01 4.933389e-04
<GCONST> 7.421279e+01
<MIXTURE> 13 5.904134e-03
<MEAN> 25
 8.063080e+00 2.098114e+00 -3.991564e+00 -1.587087e+01 -1.035138e+01 1.301217e+01 3.897533e+00 -9.878625e+00 4.609872e+00 -3.686106e+00 2.187446e+00 2.096514e+00 -4.546369e-02 1.982585e-01 -1.246443e-01 -5.925911e-01 -3.471237e-01 2.352366e-01 2.651848e-01 3.031569e-01 3.162182e-01 -1.816442e-01 -3.316953e-01 6.107682e-02 -1.719917e-03
<VARIANCE> 25
 1.054644e+01 1.498322e+01 1.576880e+01 2.734725e+01 2.931581e+01 4.555650e+01 4.214436e+01 8.350918e+01 6.260793e+01 2.343681e+01 2.410082e+01 1.800856e+01 1.581651e-01 4.597179e-01 5.276458e-01 7.712368e-01 9.145145e-01 8.884951e-01 9.775993e-01 1.058791e+00 1.206112e+00 9.026982e-01 1.013395e+00 6.828294e-01 4.933389e-04
<GCONST> 7.421279e+01
<MIXTURE> 14 6.488954e-03
<MEAN> 25
 -4.309895e+00 -3.545176e-01 -3.419696e-01 8.866346e+00 7.527462e+00 7.347315e+00 7.866739e+00 7.320045e+00 7.210711e+00 5.225934e+00 6.823790e+00 4.117556e+00 -2.751282e-01 1.916728e-01 3.611422e-01 3.125938e-01 1.024377e-02 6.037607e-02 1.013208e-01 1.778665e-01 2.928422e-01 5.403959e-01 5.026469e-01 8.001921e-02 -9.349244e-03
<VARIANCE> 25
 9.264174e+00 1.390119e+01 1.878106e+01 1.817632e+01 2.084226e+01 1.970440e+01 2.163572e+01 2.054622e+01 2.037251e+01 2.381679e+01 2.162922e+01 1.599538e+01 9.583836e-01 1.633678e+00 1.770513e+00 1.936457e+00 2.239979e+00 2.248633e+00 2.255056e+00 2.235518e+00 2.282224e+00 2.497063e+00 2.191836e+00 1.814929e+00 1.026006e-03
<GCONST> 8.193764e+01
<MIXTURE> 15 2.475190e-03
<MEAN> 25
 -5.420454e+00 -6.359814e-01 -1.897640e-01 7.364871e+00 5.744520e+00 5.682299e+00 6.057685e+00 4.975341e+00 5.150598e+00 4.148548e+00 5.485904e+00 2.536676e+00 -1.203302e-01 -2.912412e-02 7.408474e-02 2.424116e-01 4.893058e-01 7.829114e-01 1.069971e+00 1.180493e+00 1.062484e+00 7.589736e-01 4.198273e-01 1.519217e-01 -8.402790e-05
<VARIANCE> 25
 6.968977e+00 5.616118e+00 9.099735e+00 1.282116e+01 1.426682e+01 1.439019e+01 1.490212e+01 1.487984e+01 1.415797e+01 1.417904e+01 1.520545e+01 1.251984e+01 1.247204e-01 2.056471e-01 3.192820e-01 5.025246e-01 6.986048e-01 7.968111e-01 7.636121e-01 7.910383e-01 9.119662e-01 1.028939e+00 1.069413e+00 1.040873e+00 2.789231e-05
<GCONST> 5.862378e+01
<MIXTURE> 16 2.475190e-03
<MEAN> 25
 -5.420454e+00 -6.359814e-01 -1.897640e-01 7.364871e+00 5.744520e+00 5.682299e+00 6.057685e+00 4.975341e+00 5.150598e+00 4.148548e+00 5.485904e+00 2.536676e+00 -1.203302e-01 -2.912412e-02 7.408474e-02 2.424116e-01 4.893058e-01 7.829114e-01 1.069971e+00 1.180493e+00 1.062484e+00 7.589736e-01 4.198273e-01 1.519217e-01 -8.402790e-05
<VARIANCE> 25
 6.968977e+00 5.616118e+00 9.099735e+00 1.282116e+01 1.426682e+01 1.439019e+01 1.490212e+01 1.487984e+01 1.415797e+01 1.417904e+01 1.520545e+01 1.251984e+01 1.247204e-01 2.056471e-01 3.192820e-01 5.025246e-01 6.986048e-01 7.968111e-01 7.636121e-01 7.910383e-01 9.119662e-01 1.028939e+00 1.069413e+00 1.040873e+00 2.789231e-05
<GCONST> 5.862378e+01
<MIXTURE> 17 9.518312e-03
<MEAN> 25
 3.421365e+00 -1.478844e+00 6.408783e+00 2.742353e+00 -4.759996e+00 -7.867577e+00 -4.362108e+00 1.398633e+00 -4.127962e+00 -2.888060e+00 -2.890348e-01 2.710791e-01 -6.179734e-01 -1.265206e+00 1.183429e+00 -1.848136e+00 -2.347042e+00 2.787359e-01 -6.057833e-01 8.319511e-01 -1.822288e-01 -5.913745e-01 1.348849e+00 4.370053e-01 7.939257e-02
<VARIANCE> 25
 1.499116e+01 3.714684e+01 3.071979e+01 3.285457e+01 4.792109e+01 4.972866e+01 4.516485e+01 3.679375e+01 3.734417e+01 2.568576e+01 2.724136e+01 2.338767e+01 1.656707e+00 2.272446e+00 3.282904e+00 2.924079e+00 3.483027e+00 5.187873e+00 6.532138e+00 4.737406e+00 3.334223e+00 3.864421e+00 2.961647e+00 2.286219e+00 1.779824e-03
<GCONST> 9.575240e+01
<MIXTURE> 18 1.221018e-02
<MEAN> 25
 3.397116e+00 3.840235e+00 6.929657e+00 5.673489e+00 -3.960349e+00 -8.717477e+00 -1.413465e+00 -7.668250e-01 -3.768819e+00 -2.578690e+00 -5.771508e-01 4.965095e-01 -6.925479e-01 2.172910e+00 -2.617131e-01 1.360419e+00 3.104708e+00 1.037722e+00 7.931681e-01 -1.361221e-01 6.390474e-01 7.269288e-01 -6.093148e-01 9.311276e-02 -1.169981e-01
<VARIANCE> 25
 1.723974e+01 2.313834e+01 2.895569e+01 2.450598e+01 3.416597e+01 2.948092e+01 3.461774e+01 4.812193e+01 5.506996e+01 3.051356e+01 3.113545e+01 2.764565e+01 2.229738e+00 2.488597e+00 4.055594e+00 4.744713e+00 3.422394e+00 4.419382e+00 3.966131e+00 3.951737e+00 4.519209e+00 3.761627e+00 4.382214e+00 3.302284e+00 3.529262e-03
<GCONST> 9.701572e+01
<MIXTURE> 19 9.912824e-03
<MEAN> 25
 -1.012682e+01 1.868433e+00 3.046686e-01 1.106474e+00 4.027729e+00 1.514149e+00 3.418821e+00 1.095725e+00 2.068182e+00 1.165540e+00 1.077618e+00 2.014601e+00 2.089856e+00 1.748205e+00 2.149968e+00 7.528684e-01 -1.052177e+00 -1.027498e+00 -1.039180e+00 -1.412097e+00 -1.516070e+00 -1.135637e+00 -8.305402e-01 -8.018838e-01 8.477120e-04
<VARIANCE> 25
 5.346124e+01 3.028703e+01 4.804659e+01 5.356966e+01 3.378755e+01 3.357307e+01 3.127373e+01 3.014755e+01 2.866576e+01 2.703394e+01 3.029578e+01 1.970760e+01 2.391998e+00 2.205859e+00 2.218537e+00 2.332605e+00 2.564521e+00 2.233963e+00 2.457282e+00 2.388863e+00 2.165173e+00 2.058635e+00 2.243511e+00 1.767960e+00 2.461298e-03
<GCONST> 9.180513e+01
<MIXTURE> 20 6.308331e-03
<MEAN> 25
 -1.420065e+01 7.512849e+00 8.919401e-01 6.125523e+00 4.919859e+00 1.543658e+00 5.211569e+00 7.490680e-01 9.843915e-01 7.782416e-01 2.480448e+00 -2.530932e-01 -3.270517e+00 -8.536516e-01 -1.550847e+00 3.262979e-01 1.537735e+00 2.056709e+00 1.947842e+00 2.019310e+00 2.144886e+00 2.044530e+00 1.657156e+00 9.179597e-01 4.773821e-02
<VARIANCE> 25
 1.956049e+01 2.402881e+01 3.081746e+01 3.681196e+01 3.097954e+01 2.831156e+01 2.962106e+01 3.208135e+01 2.808617e+01 2.795988e+01 2.552771e+01 2.087667e+01 2.092331e+00 2.175486e+00 1.907745e+00 2.518711e+00 2.674535e+00 2.289506e+00 2.370003e+00 2.411628e+00 2.213845e+00 2.627019e+00 2.281805e+00 1.914569e+00 1.881882e-03
<GCONST> 8.931146e+01
<MIXTURE> 21 7.928653e-03
<MEAN> 25
 3.841447e+00 -6.031072e+00 5.528620e+00 1.718928e-01 -9.054388e+00 -1.045500e+01 -6.786779e+00 6.561722e+00 -5.130802e+00 -3.775069e+00 2.664122e+00 3.876072e-01 -6.920494e-01 1.367040e+00 2.201068e+00 3.229024e-01 -1.042291e+00 1.048689e-01 8.324187e-01 -1.314316e+00 -2.122853e+00 -1.080221e-01 1.309277e+00 7.795165e-02 -1.214911e-02
<VARIANCE> 25
 7.151256e+00 1.922353e+01 2.380503e+01 3.075608e+01 2.677810e+01 3.316848e+01 6.775774e+01 4.346873e+01 5.485755e+01 2.556326e+01 4.055850e+01 1.735074e+01 2.887697e-01 8.640674e-01 1.680609e+00 1.527267e+00 2.417101e+00 2.112804e+00 3.369784e+00 2.144502e+00 1.834207e+00 2.418540e+00 1.853207e+00 1.757656e+00 3.621191e-04
<GCONST> 8.395566e+01
<MIXTURE> 22 8.827789e-03
<MEAN> 25
 -1.791810e+01 7.185636e+00 -4.101096e+00 7.393476e+00 4.650597e+00 2.719311e+00 8.378594e+00 1.704362e+00 5.406780e+00 3.268903e+00 5.674624e+00 1.191187e+00 -3.054063e-01 -2.128273e-01 -1.280043e-01 -1.460392e-01 -7.859493e-03 1.444065e-01 1.751772e-01 1.672518e-01 2.503038e-01 2.195197e-01 1.757331e-01 1.836476e-01 8.891686e-03
<VARIANCE> 25
 8.083553e+00 1.696440e+01 1.751324e+01 2.507037e+01 2.331828e+01 2.113076e+01 1.944544e+01 1.905855e+01 1.824400e+01 2.100866e+01 1.954490e+01 1.373484e+01 1.094315e+00 1.359051e+00 1.359280e+00 1.567581e+00 1.404062e+00 1.532529e+00 1.509179e+00 1.551939e+00 1.609364e+00 1.571572e+00 1.355261e+00 1.180185e+00 1.741209e-03
<GCONST> 7.842421e+01
<MIXTURE> 23 6.455497e-03
<MEAN> 25
 7.789288e+00 2.042205e+00 3.300570e+00 3.226266e+00 -5.315735e+00 -2.961814e+00 -3.656681e+00 -6.770932e+00 -3.524698e+00 -4.882291e-01 -4.393466e+00 -2.818639e+00 7.214967e-02 2.305816e-01 3.267925e-02 -1.393859e-02 1.934673e-02 3.350664e-03 9.433544e-02 -1.318942e-01 -1.368737e-02 1.018390e-01 -7.723751e-02 2.293205e-02 -4.708471e-03
<VARIANCE> 25
 1.007767e+01 2.220984e+01 2.430245e+01 4.719631e+01 3.652796e+01 5.022489e+01 6.034289e+01 5.823830e+01 4.457207e+01 4.572881e+01 4.573683e+01 4.257323e+01 1.296103e-01 3.000567e-01 3.660090e-01 5.079982e-01 5.705403e-01 6.920994e-01 7.710601e-01 9.289103e-01 8.262272e-01 8.627778e-01 8.414732e-01 6.988598e-01 9.624202e-05
<GCONST> 7.296548e+01
<MIXTURE> 24 6.455497e-03
<MEAN> 25
 7.789288e+00 2.042205e+00 3.300570e+00 3.226266e+00 -5.315735e+00 -2.961814e+00 -3.656681e+00 -6.770932e+00 -3.524698e+00 -4.882291e-01 -4.393466e+00 -2.818639e+00 7.214967e-02 2.305816e-01 3.267925e-02 -1.393859e-02 1.934673e-02 3.350664e-03 9.433544e-02 -1.318942e-01 -1.368737e-02 1.018390e-01 -7.723751e-02 2.293205e-02 -4.708471e-03
<VARIANCE> 25
 1.007767e+01 2.220984e+01 2.430245e+01 4.719631e+01 3.652796e+01 5.022489e+01 6.034289e+01 5.823830e+01 4.457207e+01 4.572881e+01 4.573683e+01 4.257323e+01 1.296103e-01 3.000567e-01 3.660090e-01 5.079982e-01 5.705403e-01 6.920994e-01 7.710601e-01 9.289103e-01 8.262272e-01 8.627778e-01 8.414732e-01 6.988598e-01 9.624202e-05
<GCONST> 7.296548e+01
<MIXTURE> 25 1.118642e-02
<MEAN> 25
 2.962043e-01 3.422993e+00 1.671905e+01 -1.010549e+00 -1.127979e+01 -1.765785e+00 -5.071182e+00 -2.838001e+00 -6.939195e+00 -5.441293e+00 4.155917e+00 -1.635717e+00 -1.333809e-01 4.300691e-01 1.617647e-01 1.470870e-01 2.140551e-01 1.158180e-01 1.896935e-01 -1.615826e-01 -2.359578e-01 7.289709e-02 -6.996430e-02 -1.127730e-01 -1.268277e-02
<VARIANCE> 25
 8.774384e+00 2.252084e+01 2.117605e+01 2.854581e+01 3.196146e+01 4.101846e+01 2.787921e+01 3.108058e+01 2.831843e+01 3.631887e+01 2.127926e+01 2.744534e+01 5.954641e-01 1.450498e+00 1.403702e+00 1.389178e+00 2.264665e+00 2.028442e+00 1.755864e+00 1.648937e+00 1.539010e+00 1.644664e+00 1.348026e+00 1.298099e+00 1.283658e-03
<GCONST> 8.282565e+01
<MIXTURE> 26 7.727677e-03
<MEAN> 25
 2.226875e+00 -5.066090e+00 -9.999186e+00 -1.740795e+00 7.536798e+00 4.981859e+00 4.639652e+00 3.562781e-01 2.158603e+00 -2.229945e-01 -3.223772e+00 -2.916532e-01 -6.502023e-01 5.713246e-01 2.686448e-01 8.109026e-01 3.250738e-01 2.487089e-01 2.882430e-01 4.448207e-01 3.029661e-01 1.502615e-01 3.866914e-01 5.210117e-01 -4.902466e-02
<VARIANCE> 25
 2.217141e+01 4.369008e+01 2.337079e+01 6.142498e+01 3.835942e+01 4.042183e+01 5.058883e+01 4.663487e+01 3.523429e+01 5.062764e+01 3.778406e+01 4.627129e+01 1.446552e+00 1.770125e+00 1.780243e+00 1.890674e+00 2.378774e+00 2.153353e+00 2.447955e+00 2.563427e+00 2.164412e+00 2.079767e+00 1.982937e+00 1.933235e+00 3.035985e-03
<GCONST> 9.283262e+01
<MIXTURE> 27 7.727677e-03
<MEAN> 25
 2.226875e+00 -5.066090e+00 -9.999186e+00 -1.740795e+00 7.536798e+00 4.981859e+00 4.639652e+00 3.562781e-01 2.158603e+00 -2.229945e-01 -3.223772e+00 -2.916532e-01 -6.502023e-01 5.713246e-01 2.686448e-01 8.109026e-01 3.250738e-01 2.487089e-01 2.882430e-01 4.448207e-01 3.029661e-01 1.502615e-01 3.866914e-01 5.210117e-01 -4.902466e-02
<VARIANCE> 25
 2.217141e+01 4.369008e+01 2.337079e+01 6.142498e+01 3.835942e+01 4.042183e+01 5.058883e+01 4.663487e+01 3.523429e+01 5.062764e+01 3.778406e+01 4.627129e+01 1.446552e+00 1.770125e+00 1.780243e+00 1.890674e+00 2.378774e+00 2.153353e+00 2.447955e+00 2.563427e+00 2.164412e+00 2.079767e+00 1.982937e+00 1.933235e+00 3.035985e-03
<GCONST> 9.283262e+01
<MIXTURE> 28 5.036674e-03
<MEAN> 25
 -5.357667e+00 2.898745e-01 -1.312899e+00 6.401651e+00 5.850736e+00 3.046398e+00 5.650725e+00 3.061594e+00 3.003412e+00 2.073865e+00 2.325123e+00 3.143334e+00 -7.312021e-02 2.772704e-01 5.619228e-01 8.059432e-01 8.821602e-01 6.033586e-01 4.301021e-01 3.110660e-01 4.532788e-01 4.815030e-01 4.248383e-01 2.314503e-01 -2.468328e-05
<VARIANCE> 25
 9.362836e+00 8.441754e+00 1.248209e+01 1.411197e+01 1.622919e+01 1.768917e+01 1.719256e+01 1.710783e+01 2.293812e+01 1.630793e+01 1.940200e+01 1.399950e+01 2.547909e-01 3.361747e-01 4.203725e-01 4.680317e-01 5.977257e-01 8.536007e-01 1.104084e+00 1.109303e+00 1.284304e+00 1.044124e+00 1.061824e+00 1.112346e+00 1.129083e-06
<GCONST> 6.057310e+01
<MIXTURE> 29 5.036674e-03
<MEAN> 25
 -5.357667e+00 2.898745e-01 -1.312899e+00 6.401651e+00 5.850736e+00 3.046398e+00 5.650725e+00 3.061594e+00 3.003412e+00 2.073865e+00 2.325123e+00 3.143334e+00 -7.312021e-02 2.772704e-01 5.619228e-01 8.059432e-01 8.821602e-01 6.033586e-01 4.301021e-01 3.110660e-01 4.532788e-01 4.815030e-01 4.248383e-01 2.314503e-01 -2.468328e-05
<VARIANCE> 25
 9.362836e+00 8.441754e+00 1.248209e+01 1.411197e+01 1.622919e+01 1.768917e+01 1.719256e+01 1.710783e+01 2.293812e+01 1.630793e+01 1.940200e+01 1.399950e+01 2.547909e-01 3.361747e-01 4.203725e-01 4.680317e-01 5.977257e-01 8.536007e-01 1.104084e+00 1.109303e+00 1.284304e+00 1.044124e+00 1.061824e+00 1.112346e+00 1.129083e-06
<GCONST> 6.057310e+01
<MIXTURE> 30 8.917812e-03
<MEAN> 25
 -4.498538e+00 1.232758e-01 1.839972e-01 8.694292e+00 8.324390e+00 7.166587e+00 7.964853e+00 6.733492e+00 6.077327e+00 5.073334e+00 6.297704e+00 3.554630e+00 5.392835e-03 6.353530e-02 6.247247e-02 1.033498e-01 1.115542e-01 -1.904027e-02 -2.094004e-02 -1.665469e-02 -1.484893e-02 9.525336e-02 1.806165e-02 6.386618e-02 -2.482226e-05
<VARIANCE> 25
 6.358506e+00 9.952235e+00 1.309417e+01 1.415730e+01 1.747738e+01 1.682447e+01 1.898721e+01 1.737642e+01 1.701147e+01 1.840772e+01 2.438098e+01 1.329925e+01 1.003062e-01 1.965940e-01 3.025506e-01 4.446194e-01 5.775549e-01 7.159116e-01 7.902094e-01 7.828598e-01 9.582970e-01 9.027485e-01 9.009505e-01 8.379173e-01 5.327908e-05
<GCONST> 6.076610e+01
<MIXTURE> 31 4.136493e-03
<MEAN> 25
 -3.305109e+00 -5.318984e+00 -3.477640e-03 4.742357e+00 4.098486e+00 1.596740e+00 5.419477e+00 6.520060e+00 2.414987e+00 1.186970e+00 6.355489e+00 3.252217e+00 2.608886e-01 4.874097e-01 -2.445200e-01 2.820850e-01 1.127844e-01 3.947634e-01 1.899502e-01 -2.355042e-02 3.458499e-01 3.663476e-01 5.029918e-02 1.230575e-01 -1.820776e-02
<VARIANCE> 25
 6.875266e+00 1.790472e+01 1.712231e+01 1.789437e+01 2.853776e+01 2.321275e+01 2.379272e+01 2.508543e+01 2.749355e+01 2.703503e+01 2.037097e+01 1.828976e+01 1.883385e-01 4.802947e-01 6.143668e-01 7.617378e-01 9.370699e-01 1.071343e+00 1.180593e+00 1.373938e+00 1.370819e+00 1.277882e+00 1.294672e+00 1.110530e+00 2.490361e-04
<GCONST> 7.185514e+01
<MIXTURE> 32 4.136493e-03
<MEAN> 25
 -3.305109e+00 -5.318984e+00 -3.477640e-03 4.742357e+00 4.098486e+00 1.596740e+00 5.419477e+00 6.520060e+00 2.414987e+00 1.186970e+00 6.355489e+00 3.252217e+00 2.608886e-01 4.874097e-01 -2.445200e-01 2.820850e-01 1.127844e-01 3.947634e-01 1.899502e-01 -2.355042e-02 3.458499e-01 3.663476e-01 5.029918e-02 1.230575e-01 -1.820776e-02
<VARIANCE> 25
 6.875266e+00 1.790472e+01 1.712231e+01 1.789437e+01 2.853776e+01 2.321275e+01 2.379272e+01 2.508543e+01 2.749355e+01 2.703503e+01 2.037097e+01 1.828976e+01 1.883385e-01 4.802947e-01 6.143668e-01 7.617378e-01 9.370699e-01 1.071343e+00 1.180593e+00 1.373938e+00 1.370819e+00 1.277882e+00 1.294672e+00 1.110530e+00 2.490361e-04
<GCONST> 7.185514e+01
<MIXTURE> 33 1.508826e-02
<MEAN> 25
 6.348659e+00 -4.199696e+00 -2.351621e+00 -2.475653e+00 -1.796111e+00 -5.251075e+00 -7.686882e+00 2.464548e+00 2.294734e+00 -3.012288e-01 -4.680634e+00 -3.066113e+00 6.017284e-01 -1.235483e+00 -2.276989e+00 -1.721520e+00 1.183666e+00 1.331995e+00 -8.393771e-01 8.521698e-01 8.377178e-01 3.693444e-01 -2.282740e-01 -1.258366e+00 4.128908e-02
<VARIANCE> 25
 9.914045e+00 2.003771e+01 2.742081e+01 3.493921e+01 4.068459e+01 4.609704e+01 4.534195e+01 5.230664e+01 3.934416e+01 4.166603e+01 3.279590e+01 2.644449e+01 1.144034e+00 1.857171e+00 2.348562e+00 2.342457e+00 4.846884e+00 3.284994e+00 4.166297e+00 5.697540e+00 3.903948e+00 4.687186e+00 3.328634e+00 2.514216e+00 1.541125e-03
<GCONST> 9.452822e+01
<MIXTURE> 34 1.588179e-02
<MEAN> 25
 7.915735e+00 -7.121360e-01 7.270845e-01 3.205271e+00 -3.744302e+00 -1.593331e+00 -5.165571e+00 -4.273241e+00 -1.693864e+00 -1.968160e-02 -2.110094e+00 -4.751473e+00 1.554350e-01 1.312978e+00 1.258920e+00 2.290571e+00 -5.588506e-02 -2.636091e-01 1.268584e+00 -2.010266e+00 -9.221739e-01 9.959202e-01 -1.284634e+00 9.735887e-02 -5.585313e-02
<VARIANCE> 25
 9.573912e+00 2.845082e+01 2.545189e+01 5.924973e+01 3.690311e+01 4.187015e+01 5.433865e+01 4.962092e+01 4.286958e+01 4.158408e+01 4.461525e+01 3.230290e+01 1.148770e+00 1.623953e+00 3.656827e+00 3.445169e+00 4.670887e+00 5.019309e+00 5.233634e+00 6.154831e+00 4.206304e+00 6.193437e+00 6.039017e+00 3.196828e+00 1.130370e-03
<GCONST> 9.809370e+01
<MIXTURE> 35 1.467755e-02
<MEAN> 25
 -1.797067e+00 -4.528157e+00 -8.924378e+00 -4.900955e-01 1.013510e+01 1.363880e+00 1.787555e+00 2.594548e+00 1.238394e+00 4.508379e+00 -9.327435e-01 1.416132e+00 6.697073e-01 -1.423282e+00 -1.080372e+00 -1.636297e+00 2.357904e-01 -4.799557e-01 -1.184492e+00 6.418160e-02 -5.663462e-02 1.229347e-01 -8.318092e-01 -7.740934e-01 1.076610e-01
<VARIANCE> 25
 1.756977e+01 3.132018e+01 4.163601e+01 5.735284e+01 3.650159e+01 5.135105e+01 4.897103e+01 3.693090e+01 4.357543e+01 3.348851e+01 3.540848e+01 3.001750e+01 2.959748e+00 3.439196e+00 6.250140e+00 5.123741e+00 4.472862e+00 5.103962e+00 5.207538e+00 4.414042e+00 4.549216e+00 4.023937e+00 3.577063e+00 3.551067e+00 4.469271e-03
<GCONST> 1.014145e+02
<MIXTURE> 36 1.093293e-02
<MEAN> 25
 2.863004e+00 -4.650505e+00 5.965395e+00 2.424875e+00 -8.794433e+00 -5.891197e+00 -8.951811e+00 6.412437e+00 -2.451222e+00 -4.852612e+00 5.639860e+00 -1.662543e+00 3.281315e-01 -7.173247e-02 -7.332936e-01 4.340624e-01 6.388683e-01 -2.037980e-02 1.535214e-01 -2.878421e-01 5.662767e-01 1.296277e-01 -4.106337e-01 -6.034929e-01 -1.352864e-02
<VARIANCE> 25
 9.107777e+00 1.171676e+01 2.069260e+01 1.945836e+01 1.934232e+01 3.672455e+01 3.870146e+01 4.890390e+01 3.192945e+01 2.439747e+01 2.956799e+01 2.231845e+01 3.295269e-01 5.923364e-01 1.071310e+00 1.429952e+00 1.084294e+00 1.117612e+00 1.665596e+00 2.401230e+00 1.360363e+00 1.531007e+00 1.403884e+00 1.038600e+00 6.653516e-04
<GCONST> 7.804336e+01
<MIXTURE> 37 1.246826e-02
<MEAN> 25
 5.260143e-01 7.722099e+00 1.200018e+01 -5.454562e+00 -7.991885e+00 -1.079213e+00 -5.020742e+00 -8.350058e+00 -3.632370e+00 -9.268917e-01 -3.679001e+00 -1.270488e+00 1.823975e-01 6.544852e-01 -1.357066e+00 3.558212e+00 1.988738e+00 -3.067983e-01 1.091140e+00 4.474455e-01 5.194074e-01 -3.146785e-01 5.324873e-01 -1.010396e-01 -9.486072e-02
<VARIANCE> 25
 1.600472e+01 2.620202e+01 3.115387e+01 5.249138e+01 3.393786e+01 3.215739e+01 4.428590e+01 3.493707e+01 3.940825e+01 3.591404e+01 3.756816e+01 3.089775e+01 2.940444e+00 3.407202e+00 3.000485e+00 4.159919e+00 4.590281e+00 3.747129e+00 4.179745e+00 3.804417e+00 3.462694e+00 3.612951e+00 3.848020e+00 2.780753e+00 3.905157e-03
<GCONST> 9.782804e+01
<MIXTURE> 38 1.154525e-02
<MEAN> 25
 -5.214200e+00 9.563851e+00 3.685163e+00 4.965446e+00 2.370555e+00 -6.384501e+00 1.469935e+00 -3.646138e+00 -1.280860e+00 -3.510701e+00 -2.196060e+00 -7.441417e-02 -4.485082e+00 1.821480e+00 -8.330024e-02 4.519016e-01 2.497569e+00 1.352851e+00 1.140924e+00 7.020469e-01 1.540453e+00 -9.827755e-02 8.591171e-01 8.847020e-01 5.547490e-02
<VARIANCE> 25
 3.155452e+01 2.650878e+01 2.910222e+01 2.872086e+01 4.593632e+01 2.931024e+01 3.234891e+01 2.934707e+01 3.508722e+01 2.851932e+01 1.956671e+01 2.325114e+01 1.694591e+00 3.283471e+00 3.011940e+00 4.975279e+00 3.098513e+00 3.501391e+00 4.652748e+00 3.817723e+00 4.043595e+00 4.874217e+00 3.598486e+00 3.700327e+00 2.131991e-03
<GCONST> 9.559806e+01
<MIXTURE> 39 9.501865e-03
<MEAN> 25
 1.337168e+00 2.613196e+00 1.021592e+01 -9.188960e+00 -1.124693e+01 -1.019819e+00 -2.974460e+00 -6.542884e+00 -4.541974e+00 8.670541e-01 -3.672885e+00 -2.285460e+00 -7.304507e-01 1.520468e+00 1.624802e+00 -1.392361e+00 8.084689e-02 1.220095e+00 -1.204352e+00 -1.253237e+00 4.303766e-01 4.419014e-01 -5.050000e-01 1.267091e-01 1.339050e-03
<VARIANCE> 25
 8.892034e+00 3.003908e+01 3.159739e+01 3.861106e+01 3.793069e+01 4.299044e+01 4.439612e+01 3.386127e+01 3.947904e+01 3.314207e+01 3.615530e+01 2.942409e+01 6.907734e-01 1.545623e+00 1.509252e+00 2.919903e+00 2.413979e+00 2.819029e+00 3.050614e+00 2.742245e+00 2.429984e+00 2.616963e+00 2.117115e+00 2.069208e+00 1.182063e-03
<GCONST> 8.967662e+01
<MIXTURE> 40 1.030800e-02
<MEAN> 25
 -9.117361e+00 2.260556e+00 -1.335988e+00 8.033861e+00 4.195510e+00 5.336271e+00 5.638689e+00 4.291743e+00 4.185781e+00 4.245048e+00 5.408869e+00 1.843669e+00 -7.990336e-02 -2.189025e-01 -4.175263e-02 -2.530479e-01 -9.490535e-02 -1.106191e-01 4.235108e-02 6.110047e-02 1.971819e-02 -1.574737e-04 4.151742e-02 1.357264e-02 4.095036e-03
<VARIANCE> 25
 4.168010e+01 2.025668e+01 2.968363e+01 2.728404e+01 2.828873e+01 1.917449e+01 2.146906e+01 1.782522e+01 2.034199e+01 1.807340e+01 2.015965e+01 1.448664e+01 7.329527e-01 7.141392e-01 8.694581e-01 1.124326e+00 1.113425e+00 1.222927e+00 1.305055e+00 1.243855e+00 1.225599e+00 1.193929e+00 1.154599e+00 1.064290e+00 8.312010e-04
<GCONST> 7.682684e+01
<MIXTURE> 41 6.713375e-03
<MEAN> 25
 1.308427e+00 1.785288e+00 1.047856e+01 -6.962274e+00 -1.047184e+01 -3.858956e+00 -2.486746e+00 -5.042924e+00 -4.656509e+00 2.662393e+00 -1.745197e+00 -9.516851e-01 7.792792e-02 -7.608079e-01 1.697063e+00 -3.559272e+00 -2.461298e+00 -1.128688e-01 -5.067365e-01 -3.571015e-01 -8.269552e-01 1.086702e+00 -1.045672e+00 8.311297e-02 8.629899e-02
<VARIANCE> 25
 1.169517e+01 2.965669e+01 3.259163e+01 4.004668e+01 3.870711e+01 4.017282e+01 3.714075e+01 2.988067e+01 3.309540e+01 2.877875e+01 3.186090e+01 2.719257e+01 3.178025e+00 3.311497e+00 3.824472e+00 3.795714e+00 4.904314e+00 5.875558e+00 4.716066e+00 4.558169e+00 3.975899e+00 4.220824e+00 3.834291e+00 3.223280e+00 2.929888e-03
<GCONST> 9.791402e+01
<MIXTURE> 42 1.106211e-02
<MEAN> 25
 -2.844183e+00 5.236063e+00 3.931836e+00 3.472903e+00 1.526312e+00 -5.939430e+00 -8.095980e-01 -4.448308e+00 -4.850710e-01 -6.238165e-01 -2.128434e+00 8.613202e-01 4.165785e+00 -8.091692e-01 1.107274e+00 4.569581e-02 -3.060863e+00 -8.199543e-01 -2.251576e+00 -1.074731e+00 -9.761043e-01 -4.260119e-01 8.871812e-01 -9.422202e-01 2.756736e-03
<VARIANCE> 25
 3.624202e+01 2.132095e+01 3.956266e+01 2.251364e+01 4.007199e+01 3.746891e+01 3.449139e+01 4.816257e+01 3.235266e+01 2.526451e+01 1.883531e+01 1.559180e+01 3.490262e+00 5.650546e+00 5.535901e+00 4.109802e+00 4.676401e+00 5.511522e+00 4.673503e+00 4.827867e+00 5.182879e+00 4.316810e+00 4.531796e+00 2.837862e+00 4.347023e-03
<GCONST> 9.920271e+01
<MIXTURE> 43 7.108249e-03
<MEAN> 25
 3.166846e+00 -6.300225e+00 -2.254344e+00 -5.192721e+00 -7.394500e+00 -3.403914e+00 4.144048e+00 1.311900e+00 -5.061390e+00 -7.088411e+00 -4.325116e+00 -1.246996e+00 2.368594e-01 2.163563e+00 1.912856e+00 -1.324375e-01 -1.427585e+00 -7.941158e-01 -9.696233e-01 -7.786373e-01 8.216845e-01 1.467820e+00 3.429554e-01 2.051795e-02 -4.510312e-02
<VARIANCE> 25
 9.594118e+00 1.977580e+01 2.734545e+01 3.523574e+01 3.841217e+01 3.661864e+01 3.333907e+01 3.981179e+01 3.963790e+01 3.867634e+01 2.653416e+01 2.955299e+01 6.913592e-01 1.251174e+00 1.570787e+00 2.490427e+00 2.382415e+00 2.382055e+00 2.653063e+00 3.027267e+00 2.605253e+00 2.577206e+00 2.332197e+00 1.918090e+00 9.425429e-04
<GCONST> 8.797653e+01
<MIXTURE> 44 7.328289e-03
<MEAN> 25
 -1.520129e+01 1.635595e+00 3.477258e+00 -3.347592e+00 3.350904e+00 2.008681e+00 1.076102e-01 2.407793e+00 1.585992e+00 -7.513946e-01 1.761040e+00 1.990489e+00 -1.682754e-01 3.814733e-03 1.560839e-01 3.123677e-01 -8.492186e-02 2.055014e-01 4.621044e-01 1.066267e-01 2.634730e-01 1.498499e-01 7.231939e-02 1.026462e-01 3.994791e-03
<VARIANCE> 25
 4.392741e+01 2.818209e+01 3.545622e+01 3.113949e+01 2.975982e+01 3.015386e+01 2.609816e+01 3.210143e+01 2.779354e+01 2.718267e+01 2.698001e+01 1.916718e+01 1.216636e+00 1.536532e+00 1.385370e+00 1.343165e+00 2.195659e+00 1.641338e+00 1.499731e+00 1.640283e+00 1.569080e+00 1.496573e+00 1.368582e+00 1.227955e+00 1.299096e-03
<GCONST> 8.463632e+01
<MIXTURE> 45 1.364932e-02
<MEAN> 25
 -1.265715e+01 4.760877e+00 -6.735364e-01 3.034117e+00 6.265232e+00 -5.299044e-01 4.777167e+00 1.681547e+00 3.508578e+00 1.605784e+00 1.501939e+00 2.698580e+00 -2.886168e+00 6.196836e-01 -4.284244e-01 -5.290141e-01 3.239554e-01 1.408532e-01 3.053046e-01 -7.430112e-02 1.936953e-01 6.835652e-02 1.846916e-01 3.611863e-02 1.157028e-01
<VARIANCE> 25
 3.130539e+01 4.004900e+01 3.034489e+01 3.170577e+01 3.049218e+01 2.939400e+01 2.682093e+01 3.406649e+01 2.352645e+01 2.442715e+01 3.042130e+01 1.401254e+01 2.309957e+00 2.881796e+00 2.610142e+00 2.444143e+00 2.371671e+00 2.532928e+00 2.312440e+00 2.180824e+00 2.495281e+00 2.405668e+00 1.843686e+00 1.750172e+00 3.761464e-03
<GCONST> 9.051510e+01
<MIXTURE> 46 9.336259e-03
<MEAN> 25
 -9.338913e+00 2.464390e+00 1.102316e+00 7.495229e+00 6.035872e+00 2.997523e+00 6.997179e+00 4.191617e+00 5.842819e+00 4.517484e+00 4.809827e+00 2.819982e+00 1.052459e+00 -1.853182e-01 -1.270856e-02 9.642541e-01 6.180349e-01 8.841345e-01 4.188594e-01 6.388348e-01 3.492604e-01 5.448455e-01 6.301098e-01 4.922303e-01 -1.052676e-01
<VARIANCE> 25
 3.425221e+01 4.324098e+01 3.772781e+01 4.916211e+01 4.993218e+01 4.287274e+01 3.640836e+01 3.731379e+01 3.325578e+01 3.098090e+01 2.884623e+01 2.031160e+01 3.805271e+00 4.178478e+00 3.832923e+00 4.061388e+00 4.076765e+00 3.718331e+00 3.345248e+00 3.095081e+00 3.441948e+00 2.811292e+00 2.244817e+00 1.783836e+00 7.779415e-03
<GCONST> 9.833504e+01
<MIXTURE> 47 7.116147e-03
<MEAN> 25
 6.852163e+00 -7.391121e+00 -7.427292e+00 -6.597302e+00 2.315789e+00 1.291524e+00 -2.977712e+00 2.186524e+00 2.547668e+00 6.136941e-01 -4.894409e+00 -6.539659e+00 -1.545261e-01 -1.138201e+00 -7.292351e-01 -3.344687e-01 5.130627e-01 7.124331e-01 7.005385e-01 6.084635e-01 1.193596e-02 -7.885336e-01 -4.803511e-01 -3.527955e-01 3.223090e-02
<VARIANCE> 25
 1.128109e+01 1.922499e+01 1.931228e+01 3.122951e+01 3.957430e+01 5.129322e+01 4.448524e+01 4.502143e+01 4.137405e+01 4.422963e+01 4.763327e+01 3.030948e+01 4.894848e-01 8.348370e-01 1.061134e+00 1.573456e+00 1.933633e+00 2.089540e+00 2.321743e+00 3.004199e+00 2.140352e+00 2.128539e+00 2.038258e+00 1.890044e+00 5.407727e-04
<GCONST> 8.603241e+01
<MIXTURE> 48 7.116147e-03
<MEAN> 25
 6.852163e+00 -7.391121e+00 -7.427292e+00 -6.597302e+00 2.315789e+00 1.291524e+00 -2.977712e+00 2.186524e+00 2.547668e+00 6.136941e-01 -4.894409e+00 -6.539659e+00 -1.545261e-01 -1.138201e+00 -7.292351e-01 -3.344687e-01 5.130627e-01 7.124331e-01 7.005385e-01 6.084635e-01 1.193596e-02 -7.885336e-01 -4.803511e-01 -3.527955e-01 3.223090e-02
<VARIANCE> 25
 1.128109e+01 1.922499e+01 1.931228e+01 3.122951e+01 3.957430e+01 5.129322e+01 4.448524e+01 4.502143e+01 4.137405e+01 4.422963e+01 4.763327e+01 3.030948e+01 4.894848e-01 8.348370e-01 1.061134e+00 1.573456e+00 1.933633e+00 2.089540e+00 2.321743e+00 3.004199e+00 2.140352e+00 2.128539e+00 2.038258e+00 1.890044e+00 5.407727e-04
<GCONST> 8.603241e+01
<MIXTURE> 49 5.548473e-03
<MEAN> 25
 -5.003464e+00 5.901706e-01 7.697745e-02 8.164114e+00 6.530412e+00 5.229149e+00 6.407926e+00 4.586003e+00 4.616625e+00 3.572134e+00 4.543521e+00 2.854355e+00 3.520420e-01 6.471980e-01 6.800471e-01 3.963251e-01 -1.313559e-01 -6.481521e-01 -9.179622e-01 -1.101802e+00 -9.945794e-01 -6.339051e-01 -4.281389e-01 -1.815054e-01 -6.171603e-05
<VARIANCE> 25
 8.980800e+00 1.008336e+01 1.452244e+01 1.586244e+01 1.646423e+01 1.791073e+01 1.995357e+01 1.923823e+01 1.991334e+01 1.724793e+01 2.113954e+01 1.350154e+01 2.650287e-01 2.519008e-01 3.611643e-01 6.338834e-01 8.647966e-01 9.139075e-01 1.106400e+00 9.962372e-01 1.210164e+00 1.220071e+00 1.333203e+00 1.290427e+00 1.562025e-05
<GCONST> 6.456886e+01
<MIXTURE> 50 6.234641e-03
<MEAN> 25
 -4.638180e+00 2.288380e-01 -1.142015e+00 6.186193e+00 4.809378e+00 2.061811e+00 3.813869e+00 2.096850e+00 2.597907e+00 1.427264e+00 1.999516e+00 2.748462e+00 6.913124e-02 1.724537e-01 8.695509e-02 -1.683869e-01 -4.492737e-01 -6.094034e-01 -3.881912e-01 -1.283459e-02 5.398384e-01 8.135045e-01 7.338862e-01 4.140500e-01 -2.459847e-05
<VARIANCE> 25
 9.891592e+00 1.077939e+01 1.567734e+01 1.540011e+01 1.961872e+01 1.819175e+01 1.787335e+01 1.885281e+01 1.899173e+01 1.703875e+01 2.179521e+01 1.537778e+01 1.394053e-01 2.313838e-01 3.720990e-01 4.989848e-01 6.441405e-01 6.950181e-01 9.335197e-01 1.088343e+00 1.199694e+00 1.006412e+00 8.836260e-01 9.990000e-01 1.087312e-06
<GCONST> 5.982069e+01
<MIXTURE> 51 6.234641e-03
<MEAN> 25
 -4.638180e+00 2.288380e-01 -1.142015e+00 6.186193e+00 4.809378e+00 2.061811e+00 3.813869e+00 2.096850e+00 2.597907e+00 1.427264e+00 1.999516e+00 2.748462e+00 6.913124e-02 1.724537e-01 8.695509e-02 -1.683869e-01 -4.492737e-01 -6.094034e-01 -3.881912e-01 -1.283459e-02 5.398384e-01 8.135045e-01 7.338862e-01 4.140500e-01 -2.459847e-05
<VARIANCE> 25
 9.891592e+00 1.077939e+01 1.567734e+01 1.540011e+01 1.961872e+01 1.819175e+01 1.787335e+01 1.885281e+01 1.899173e+01 1.703875e+01 2.179521e+01 1.537778e+01 1.394053e-01 2.313838e-01 3.720990e-01 4.989848e-01 6.441405e-01 6.950181e-01 9.335197e-01 1.088343e+00 1.199694e+00 1.006412e+00 8.836260e-01 9.990000e-01 1.087312e-06
<GCONST> 5.982069e+01
<MIXTURE> 52 6.367945e-03
<MEAN> 25
 9.383970e+00 1.854806e+00 -6.035849e+00 -1.473540e+01 -4.837467e+00 9.564706e+00 -1.550888e+00 -4.109880e+00 -2.897646e+00 -1.708218e+00 2.908141e+00 1.297537e+00 -3.392607e-01 -3.791730e-01 1.106546e-02 1.120171e+00 1.411158e+00 -5.368428e-01 -5.841309e-01 -3.998265e-01 -1.574908e-01 1.182906e+00 2.072551e-01 -4.969843e-01 -2.004272e-02
<VARIANCE> 25
 1.252033e+01 1.936629e+01 2.315273e+01 3.768150e+01 4.694417e+01 4.452268e+01 5.279280e+01 5.636116e+01 5.974636e+01 4.315324e+01 3.904341e+01 2.946895e+01 4.452138e-01 1.411739e+00 1.253773e+00 2.517362e+00 2.150135e+00 2.132587e+00 2.740997e+00 3.041551e+00 3.175390e+00 2.432435e+00 2.659559e+00 2.070912e+00 1.722360e-03
<GCONST> 9.047006e+01
<MIXTURE> 53 6.367945e-03
<MEAN> 25
 9.383970e+00 1.854806e+00 -6.035849e+00 -1.473540e+01 -4.837467e+00 9.564706e+00 -1.550888e+00 -4.109880e+00 -2.897646e+00 -1.708218e+00 2.908141e+00 1.297537e+00 -3.392607e-01 -3.791730e-01 1.106546e-02 1.120171e+00 1.411158e+00 -5.368428e-01 -5.841309e-01 -3.998265e-01 -1.574908e-01 1.182906e+00 2.072551e-01 -4.969843e-01 -2.004272e-02
<VARIANCE> 25
 1.252033e+01 1.936629e+01 2.315273e+01 3.768150e+01 4.694417e+01 4.452268e+01 5.279280e+01 5.636116e+01 5.974636e+01 4.315324e+01 3.904341e+01 2.946895e+01 4.452138e-01 1.411739e+00 1.253773e+00 2.517362e+00 2.150135e+00 2.132587e+00 2.740997e+00 3.041551e+00 3.175390e+00 2.432435e+00 2.659559e+00 2.070912e+00 1.722360e-03
<GCONST> 9.047006e+01
<MIXTURE> 54 7.368620e-03
<MEAN> 25
 -3.642349e+00 1.025925e-01 -7.520211e-01 7.859196e+00 6.580099e+00 4.508325e+00 4.798410e+00 4.649554e+00 4.086680e+00 3.640515e+00 4.219073e+00 2.220967e+00 -1.978886e-03 2.779920e-02 3.028005e-02 5.537620e-02 4.908097e-02 4.858334e-02 4.050455e-02 3.999933e-02 4.853513e-02 1.537267e-02 2.488559e-02 -9.732378e-04 -1.776444e-05
<VARIANCE> 25
 8.923810e+00 1.027012e+01 9.404312e+00 1.901929e+01 1.341856e+01 1.379651e+01 1.234147e+01 1.115415e+01 1.125515e+01 1.335156e+01 1.964245e+01 1.289691e+01 4.107757e-02 8.643017e-02 1.537627e-01 2.271491e-01 3.059602e-01 3.947502e-01 4.574053e-01 5.392351e-01 5.652667e-01 5.237709e-01 5.158671e-01 5.303478e-01 1.095759e-06
<GCONST> 4.759833e+01
<MIXTURE> 55 7.368620e-03
<MEAN> 25
 -3.642349e+00 1.025925e-01 -7.520211e-01 7.859196e+00 6.580099e+00 4.508325e+00 4.798410e+00 4.649554e+00 4.086680e+00 3.640515e+00 4.219073e+00 2.220967e+00 -1.978886e-03 2.779920e-02 3.028005e-02 5.537620e-02 4.908097e-02 4.858334e-02 4.050455e-02 3.999933e-02 4.853513e-02 1.537267e-02 2.488559e-02 -9.732378e-04 -1.776444e-05
<VARIANCE> 25
 8.923810e+00 1.027012e+01 9.404312e+00 1.901929e+01 1.341856e+01 1.379651e+01 1.234147e+01 1.115415e+01 1.125515e+01 1.335156e+01 1.964245e+01 1.289691e+01 4.107757e-02 8.643017e-02 1.537627e-01 2.271491e-01 3.059602e-01 3.947502e-01 4.574053e-01 5.392351e-01 5.652667e-01 5.237709e-01 5.158671e-01 5.303478e-01 1.095759e-06
<GCONST> 4.759833e+01
<MIXTURE> 56 6.132464e-03
<MEAN> 25
 7.378262e+00 -6.376182e+00 -9.109027e+00 -8.720062e+00 3.803615e+00 3.835834e+00 -1.876619e+00 -1.119906e+00 1.959758e+00 8.176338e-01 -2.692950e+00 -6.713184e+00 -3.140053e-02 4.026003e-02 -1.005908e-01 1.504249e-02 2.534620e-01 9.090272e-03 5.676338e-02 -1.062285e-01 -1.987726e-02 -3.472875e-02 -3.708265e-02 1.987149e-02 -7.362639e-03
<VARIANCE> 25
 9.660215e+00 2.633080e+01 1.917080e+01 3.995141e+01 3.359211e+01 4.953167e+01 6.614979e+01 4.095830e+01 3.751855e+01 3.656221e+01 3.962234e+01 3.376674e+01 2.136157e-01 4.232200e-01 4.497774e-01 7.702689e-01 8.029842e-01 1.156320e+00 9.493441e-01 9.473733e-01 9.331092e-01 9.150311e-01 1.047713e+00 7.587065e-01 2.392466e-04
<GCONST> 7.550156e+01
<MIXTURE> 57 6.132464e-03
<MEAN> 25
 7.378262e+00 -6.376182e+00 -9.109027e+00 -8.720062e+00 3.803615e+00 3.835834e+00 -1.876619e+00 -1.119906e+00 1.959758e+00 8.176338e-01 -2.692950e+00 -6.713184e+00 -3.140053e-02 4.026003e-02 -1.005908e-01 1.504249e-02 2.534620e-01 9.090272e-03 5.676338e-02 -1.062285e-01 -1.987726e-02 -3.472875e-02 -3.708265e-02 1.987149e-02 -7.362639e-03
<VARIANCE> 25
 9.660215e+00 2.633080e+01 1.917080e+01 3.995141e+01 3.359211e+01 4.953167e+01 6.614979e+01 4.095830e+01 3.751855e+01 3.656221e+01 3.962234e+01 3.376674e+01 2.136157e-01 4.232200e-01 4.497774e-01 7.702689e-01 8.029842e-01 1.156320e+00 9.493441e-01 9.473733e-01 9.331092e-01 9.150311e-01 1.047713e+00 7.587065e-01 2.392466e-04
<GCONST> 7.550156e+01
<MIXTURE> 58 6.172147e-03
<MEAN> 25
 2.533386e+00 -3.166341e+00 7.299169e+00 -5.161633e+00 -1.330979e+01 -5.519326e+00 1.264929e+00 1.161398e+00 -2.493468e+00 1.701820e+00 7.892943e-01 -8.676004e-01 -2.688994e-02 -1.468533e-01 -8.361924e-02 -1.495304e-01 -1.472151e-02 2.325980e-01 3.844694e-01 2.225524e-01 4.092423e-02 3.836280e-03 -7.794306e-02 -1.638519e-01 -2.568440e-03
<VARIANCE> 25
 7.315949e+00 1.495184e+01 2.060292e+01 2.709845e+01 2.366094e+01 4.633673e+01 3.820609e+01 3.815661e+01 3.189989e+01 3.140390e+01 2.511707e+01 1.984507e+01 3.036031e-01 7.946665e-01 7.422556e-01 1.018883e+00 8.770964e-01 1.185807e+00 1.143735e+00 1.302345e+00 1.075702e+00 1.054499e+00 9.159888e-01 8.831928e-01 7.153520e-04
<GCONST> 7.578008e+01
<MIXTURE> 59 6.172147e-03
<MEAN> 25
 2.533386e+00 -3.166341e+00 7.299169e+00 -5.161633e+00 -1.330979e+01 -5.519326e+00 1.264929e+00 1.161398e+00 -2.493468e+00 1.701820e+00 7.892943e-01 -8.676004e-01 -2.688994e-02 -1.468533e-01 -8.361924e-02 -1.495304e-01 -1.472151e-02 2.325980e-01 3.844694e-01 2.225524e-01 4.092423e-02 3.836280e-03 -7.794306e-02 -1.638519e-01 -2.568440e-03
<VARIANCE> 25
 7.315949e+00 1.495184e+01 2.060292e+01 2.709845e+01 2.366094e+01 4.633673e+01 3.820609e+01 3.815661e+01 3.189989e+01 3.140390e+01 2.511707e+01 1.984507e+01 3.036031e-01 7.946665e-01 7.422556e-01 1.018883e+00 8.770964e-01 1.185807e+00 1.143735e+00 1.302345e+00 1.075702e+00 1.054499e+00 9.159888e-01 8.831928e-01 7.153520e-04
<GCONST> 7.578008e+01
<MIXTURE> 60 4.479129e-03
<MEAN> 25
 -4.261249e+00 -6.235591e-01 -1.054487e+00 3.665061e+00 1.866201e+00 2.074669e+00 1.729800e+00 1.610734e+00 2.142024e+00 1.315145e+00 2.242422e+00 1.817222e+00 -2.627274e-02 5.579871e-02 9.472114e-02 1.314811e-01 1.266840e-01 1.267518e-01 1.798676e-01 3.260185e-01 5.495596e-01 6.513916e-01 5.636732e-01 3.076668e-01 -3.601679e-04
<VARIANCE> 25
 6.813331e+00 4.545454e+00 1.020536e+01 1.124773e+01 1.445610e+01 1.681649e+01 1.432055e+01 1.219375e+01 1.262258e+01 1.324400e+01 1.691130e+01 1.272332e+01 8.604660e-02 1.660192e-01 2.795141e-01 4.281809e-01 5.953287e-01 7.304583e-01 8.182383e-01 8.863478e-01 8.999845e-01 8.634923e-01 8.468043e-01 8.681664e-01 2.268566e-05
<GCONST> 5.649056e+01
<MIXTURE> 61 4.479129e-03
<MEAN> 25
 -4.261249e+00 -6.235591e-01 -1.054487e+00 3.665061e+00 1.866201e+00 2.074669e+00 1.729800e+00 1.610734e+00 2.142024e+00 1.315145e+00 2.242422e+00 1.817222e+00 -2.627274e-02 5.579871e-02 9.472114e-02 1.314811e-01 1.266840e-01 1.267518e-01 1.798676e-01 3.260185e-01 5.495596e-01 6.513916e-01 5.636732e-01 3.076668e-01 -3.601679e-04
<VARIANCE> 25
 6.813331e+00 4.545454e+00 1.020536e+01 1.124773e+01 1.445610e+01 1.681649e+01 1.432055e+01 1.219375e+01 1.262258e+01 1.324400e+01 1.691130e+01 1.272332e+01 8.604660e-02 1.660192e-01 2.795141e-01 4.281809e-01 5.953287e-01 7.304583e-01 8.182383e-01 8.863478e-01 8.999845e-01 8.634923e-01 8.468043e-01 8.681664e-01 2.268566e-05
<GCONST> 5.649056e+01
<MIXTURE> 62 3.278034e-03
<MEAN> 25
 -5.083381e+00 1.246447e+00 1.039720e+00 8.799650e+00 6.155425e+00 5.030411e+00 5.507178e+00 4.036473e+00 4.971140e+00 3.910347e+00 4.936985e+00 2.958502e+00 -9.995630e-01 -1.164275e+00 -9.540725e-01 -2.809975e-01 4.248050e-01 1.000903e+00 1.381936e+00 1.547604e+00 1.483204e+00 1.245865e+00 1.058889e+00 7.185409e-01 -1.287273e-03
<VARIANCE> 25
 9.848817e+00 9.924791e+00 1.311163e+01 1.676877e+01 1.750597e+01 1.755514e+01 1.967076e+01 1.905115e+01 1.886149e+01 1.866788e+01 2.170360e+01 1.478169e+01 4.035636e-01 4.320223e-01 5.529306e-01 7.822117e-01 1.034465e+00 1.192797e+00 1.249897e+00 1.279552e+00 1.329420e+00 1.360153e+00 1.412120e+00 1.380107e+00 1.641206e-05
<GCONST> 6.754826e+01
<MIXTURE> 63 4.351215e-03
<MEAN> 25
 -4.028325e+00 -1.031107e+00 -4.670505e+00 2.811779e+00 4.816603e+00 -1.185398e-01 4.339990e+00 1.789351e+00 1.455907e+00 -4.488862e-01 -1.370120e+00 2.563757e+00 -1.023561e-01 3.227196e-01 3.913701e-01 6.555641e-01 4.288573e-01 3.422605e-01 2.911393e-01 4.634985e-02 1.122789e-01 2.784535e-01 1.774398e-01 1.156026e-01 -3.919474e-03
<VARIANCE> 25
 7.480018e+00 1.908765e+01 1.565767e+01 1.541108e+01 2.222819e+01 2.305394e+01 2.867188e+01 2.164260e+01 2.612044e+01 2.001877e+01 1.732745e+01 1.485047e+01 2.421301e-01 3.799105e-01 5.993326e-01 7.382110e-01 8.871301e-01 1.006523e+00 1.223514e+00 1.235393e+00 1.797383e+00 1.349274e+00 1.366741e+00 1.328772e+00 1.692296e-04
<GCONST> 7.077036e+01
<MIXTURE> 64 4.351215e-03
<MEAN> 25
 -4.028325e+00 -1.031107e+00 -4.670505e+00 2.811779e+00 4.816603e+00 -1.185398e-01 4.339990e+00 1.789351e+00 1.455907e+00 -4.488862e-01 -1.370120e+00 2.563757e+00 -1.023561e-01 3.227196e-01 3.913701e-01 6.555641e-01 4.288573e-01 3.422605e-01 2.911393e-01 4.634985e-02 1.122789e-01 2.784535e-01 1.774398e-01 1.156026e-01 -3.919474e-03
<VARIANCE> 25
 7.480018e+00 1.908765e+01 1.565767e+01 1.541108e+01 2.222819e+01 2.305394e+01 2.867188e+01 2.164260e+01 2.612044e+01 2.001877e+01 1.732745e+01 1.485047e+01 2.421301e-01 3.799105e-01 5.993326e-01 7.382110e-01 8.871301e-01 1.006523e+00 1.223514e+00 1.235393e+00 1.797383e+00 1.349274e+00 1.366741e+00 1.328772e+00 1.692296e-04
<GCONST> 7.077036e+01
<MIXTURE> 65 1.721197e-02
<MEAN> 25
 7.699600e+00 1.673592e+00 2.056970e+00 1.301708e+00 -5.329644e+00 -4.418050e+00 -5.195955e+00 -6.769194e+00 -3.857976e+00 -1.715907e+00 -5.557228e+00 -2.354727e+00 2.245078e-01 1.140888e-01 7.084284e-02 1.206254e-01 -1.558441e-01 2.195749e-01 1.429957e-02 -3.077022e-01 1.030013e-01 8.788992e-02 -1.819995e-01 -1.588460e-01 -4.271443e-03
<VARIANCE> 25
 1.037198e+01 1.992254e+01 2.490767e+01 4.370784e+01 3.678987e+01 6.061670e+01 6.083234e+01 5.986156e+01 5.426879e+01 5.715661e+01 5.417925e+01 5.127351e+01 5.598450e-01 9.251332e-01 1.537900e+00 1.713006e+00 2.064992e+00 2.321038e+00 2.377294e+00 3.107016e+00 2.363962e+00 2.505850e+00 2.635452e+00 1.969095e+00 4.147555e-04
<GCONST> 8.966503e+01
<MIXTURE> 66 1.191532e-02
<MEAN> 25
 6.594965e+00 -4.037165e+00 -5.603661e+00 -4.819554e+00 1.381269e+00 -4.946355e+00 -6.973124e+00 1.428115e+00 7.613232e-01 -1.822758e+00 -6.161062e+00 -3.439212e+00 -3.389454e-02 1.638439e+00 2.212823e+00 2.281443e+00 -1.226046e+00 -1.275447e+00 5.005687e-02 -5.704278e-01 -1.385525e-01 -1.960112e-01 -1.802311e-01 1.011952e+00 -6.292254e-02
<VARIANCE> 25
 9.034690e+00 2.221590e+01 2.674629e+01 3.263094e+01 3.868313e+01 5.391610e+01 5.622689e+01 4.779230e+01 5.334723e+01 6.772014e+01 3.637146e+01 3.577745e+01 1.260901e+00 2.437878e+00 2.352934e+00 2.485335e+00 4.189221e+00 4.253973e+00 4.297387e+00 4.834216e+00 4.166096e+00 4.939747e+00 3.864033e+00 3.231362e+00 1.497021e-03
<GCONST> 9.677062e+01
<MIXTURE> 67 1.559142e-02
<MEAN> 25
 7.916378e+00 2.063258e+00 -5.209216e+00 -9.926151e+00 -8.538414e-01 5.553287e+00 -3.058386e-01 -3.996234e+00 -1.719342e+00 1.425193e+00 -6.899647e-01 -1.049523e-01 -7.375556e-01 1.725233e+00 6.961680e-01 2.873573e+00 1.428710e+00 -1.400830e+00 1.408349e+00 7.464396e-01 -3.279988e-01 3.278811e-01 -4.695929e-01 4.793339e-01 -1.204848e-01
<VARIANCE> 25
 1.202793e+01 3.148065e+01 2.634502e+01 5.756650e+01 4.996949e+01 7.030454e+01 7.571794e+01 5.376561e+01 6.377717e+01 4.575584e+01 4.568987e+01 4.549986e+01 1.999050e+00 2.738075e+00 3.088907e+00 3.665534e+00 3.545096e+00 6.003054e+00 3.846298e+00 5.091358e+00 5.007170e+00 3.791611e+00 4.102791e+00 2.986687e+00 2.663615e-03
<GCONST> 1.009826e+02
<MIXTURE> 68 1.485092e-02
<MEAN> 25
 -2.037236e+00 -1.923725e+00 -4.240794e+00 1.242594e+00 5.670767e+00 -5.459866e-01 2.466152e+00 1.858536e+00 1.771108e+00 1.913531e+00 2.274962e-01 1.903929e+00 2.695943e+00 3.485976e-01 9.065396e-02 -2.641370e+00 -2.307405e+00 -1.414978e+00 -2.423242e+00 -1.705067e+00 -1.468672e+00 -1.482614e+00 -1.954487e+00 -1.148479e+00 1.027514e-01
<VARIANCE> 25
 2.468708e+01 3.303746e+01 5.575831e+01 5.029079e+01 4.642973e+01 5.263425e+01 4.518771e+01 4.005758e+01 3.934594e+01 4.208828e+01 3.623762e+01 2.487258e+01 1.831720e+00 4.114297e+00 5.665433e+00 5.583906e+00 4.591517e+00 5.713737e+00 5.503507e+00 4.814935e+00 5.187836e+00 5.007380e+00 4.770171e+00 3.330798e+00 5.801715e-03
<GCONST> 1.029996e+02
<MIXTURE> 69 1.204884e-02
<MEAN> 25
 4.606614e+00 -4.357316e+00 -3.535201e+00 -3.409337e+00 -3.247575e+00 -7.661637e+00 -1.584064e+00 2.548607e+00 -3.388770e-01 -4.332628e+00 -5.637389e+00 7.371630e-01 1.605874e+00 -2.229855e+00 -1.264752e+00 -2.126020e+00 -6.051541e-01 -3.091806e-01 -5.868320e-01 7.272587e-01 -6.573706e-01 -1.480871e+00 -2.044964e+00 -1.781126e-01 6.366789e-02
<VARIANCE> 25
 8.555070e+00 2.110463e+01 2.581401e+01 2.659789e+01 4.327958e+01 3.978250e+01 5.266072e+01 3.343609e+01 3.990289e+01 3.908016e+01 2.971334e+01 2.435818e+01 3.471494e+00 2.788710e+00 3.259569e+00 3.830608e+00 5.658121e+00 4.802206e+00 7.078625e+00 6.036550e+00 5.627049e+00 5.725776e+00 4.682290e+00 3.575443e+00 2.375299e-03
<GCONST> 9.863551e+01
<MIXTURE> 70 1.329190e-02
<MEAN> 25
 6.201559e+00 -2.510684e+00 -3.263536e+00 -2.326638e+00 -3.071688e-01 5.098940e-02 -8.155726e+00 -5.463374e+00 2.742945e+00 2.800040e+00 4.411086e-01 -4.557735e+00 2.000360e+00 -1.624545e+00 -5.828912e-01 -1.914563e+00 -1.856992e+00 1.335939e+00 -1.482224e+00 1.602582e-01 1.475252e-01 -3.824379e-01 9.889205e-01 -1.265057e+00 5.776992e-02
<VARIANCE> 25
 1.152867e+01 1.839550e+01 2.301833e+01 4.167673e+01 3.351697e+01 3.823067e+01 4.041323e+01 8.726542e+01 4.699396e+01 2.436922e+01 4.469875e+01 2.108125e+01 3.392883e+00 3.122939e+00 3.578921e+00 4.278486e+00 4.551571e+00 5.172422e+00 5.800649e+00 6.276210e+00 4.801742e+00 4.735256e+00 5.379099e+00 3.371766e+00 2.324894e-03
<GCONST> 9.918613e+01
<MIXTURE> 71 1.406903e-02
<MEAN> 25
 6.271234e+00 5.139476e+00 4.236647e+00 3.542975e+00 -3.309337e+00 -3.605508e+00 -2.867548e+00 -6.663574e+00 -4.779662e+00 -2.163743e+00 -5.432519e+00 -3.551544e+00 -1.676467e+00 -4.953523e-01 -2.891879e-01 -1.740894e+00 1.179122e+00 -1.844157e-01 3.669205e-02 1.570909e+00 4.048184e-01 -3.167767e-01 7.664026e-01 3.254482e-01 3.679054e-02
<VARIANCE> 25
 1.840407e+01 2.465284e+01 2.322460e+01 4.596317e+01 3.943313e+01 3.974798e+01 4.689964e+01 4.031510e+01 3.736672e+01 4.448664e+01 3.571613e+01 3.595145e+01 1.932685e+00 3.723887e+00 5.080614e+00 4.678699e+00 4.533488e+00 4.552534e+00 4.665867e+00 5.186120e+00 4.280810e+00 4.261806e+00 3.645971e+00 3.558902e+00 1.694783e-03
<GCONST> 9.895535e+01
<MIXTURE> 72 8.134747e-03
<MEAN> 25
 3.755831e+00 -3.713485e+00 5.380064e+00 -2.336481e+00 -1.021147e+01 -9.770597e+00 -2.438707e+00 1.910141e+00 -5.003919e+00 -2.079317e+00 -1.929567e+00 5.562559e-01 9.303988e-01 -7.894576e-01 -2.525718e+00 4.574516e-01 2.118298e+00 -6.654422e-01 -1.287601e+00 1.490610e+00 1.769119e+00 -5.826579e-01 -1.276315e+00 4.032284e-01 -5.881046e-03
<VARIANCE> 25
 1.070779e+01 1.928239e+01 3.266511e+01 3.864390e+01 3.374828e+01 3.429365e+01 4.049918e+01 3.589355e+01 4.354920e+01 4.159187e+01 3.844599e+01 2.825261e+01 4.248602e-01 1.015265e+00 2.124447e+00 1.446060e+00 2.197056e+00 2.357941e+00 3.129990e+00 2.815770e+00 2.674466e+00 2.927296e+00 2.036725e+00 2.096751e+00 5.596182e-04
<GCONST> 8.736973e+01
<MIXTURE> 73 1.213625e-02
<MEAN> 25
 -5.499241e+00 -5.421768e-01 -1.532006e+00 4.744147e+00 4.628802e+00 2.310755e+00 5.679336e+00 3.400387e+00 4.089056e+00 3.476636e+00 3.945418e+00 3.052621e+00 8.361935e-01 -1.112502e+00 -8.425013e-01 -2.699248e+00 -1.230053e+00 -1.611346e+00 -1.021620e+00 -5.046567e-01 -8.033021e-01 -7.319660e-01 -1.123333e+00 -3.854613e-01 1.524371e-01
<VARIANCE> 25
 1.271410e+01 1.411588e+01 1.569649e+01 2.251528e+01 2.560243e+01 2.393135e+01 2.001507e+01 1.922983e+01 1.873774e+01 1.868671e+01 2.395965e+01 1.490792e+01 3.891134e+00 3.110147e+00 5.924017e+00 4.524607e+00 5.902143e+00 4.772316e+00 4.419903e+00 4.069605e+00 4.016819e+00 4.096857e+00 3.391649e+00 2.772386e+00 4.242869e-03
<GCONST> 9.270093e+01
<MIXTURE> 74 1.756491e-02
<MEAN> 25
 3.661854e+00 -2.922690e+00 5.279829e+00 2.254833e+00 -8.106538e+00 -8.685458e+00 -5.169962e+00 3.403056e+00 -6.523020e+00 -3.447415e+00 9.287275e-01 -8.228015e-01 3.643618e-01 1.789166e+00 2.693026e-01 1.228917e+00 1.250467e+00 8.589926e-02 1.085177e+00 -1.618588e+00 9.595548e-02 6.520172e-01 -1.076727e+00 -1.685046e-01 -7.637567e-02
<VARIANCE> 25
 9.173605e+00 1.985971e+01 3.121642e+01 4.257833e+01 2.775653e+01 3.338572e+01 5.207684e+01 4.955527e+01 6.075248e+01 3.926418e+01 4.128491e+01 2.774553e+01 1.464368e+00 1.859636e+00 2.746252e+00 2.623437e+00 3.222467e+00 3.632172e+00 5.249553e+00 4.203776e+00 3.692788e+00 3.463270e+00 3.546185e+00 2.234883e+00 1.350860e-03
<GCONST> 9.439462e+01
<MIXTURE> 75 9.711651e-03
<MEAN> 25
 2.214864e+00 -1.826437e+00 1.068038e+01 1.816312e+00 -1.042664e+01 -7.089622e+00 -7.391349e+00 1.225328e+00 -5.742376e+00 -4.794002e+00 4.656056e+00 5.460253e-01 1.373004e+00 -1.742361e+00 6.364299e-02 -3.192566e-01 -2.587802e+00 3.791334e-01 -1.886103e+00 1.119960e+00 1.080312e-01 -3.810258e-01 1.687408e+00 -5.243580e-01 4.647119e-02
<VARIANCE> 25
 1.008824e+01 2.151155e+01 2.764670e+01 2.224677e+01 2.665635e+01 3.084687e+01 4.131003e+01 3.189097e+01 2.773737e+01 2.611102e+01 2.272677e+01 1.636383e+01 2.018833e+00 1.427966e+00 3.342447e+00 1.846707e+00 3.361522e+00 5.055973e+00 4.032882e+00 3.081796e+00 3.061137e+00 2.985874e+00 3.263572e+00 1.971284e+00 1.344400e-03
<GCONST> 8.984207e+01
<MIXTURE> 76 1.052359e-02
<MEAN> 25
 -6.277133e+00 -6.659179e-01 -3.035672e+00 3.858221e+00 5.605424e+00 1.514639e+00 5.273444e+00 2.426528e+00 1.413413e+00 1.192832e+00 1.348247e+00 2.723924e+00 -2.918586e-02 -4.542916e-01 -3.706775e-01 -8.819126e-01 -5.791574e-01 -7.492732e-01 -5.029124e-01 -2.977332e-01 -3.320465e-01 -4.070011e-01 -3.223957e-01 -2.035376e-01 1.864501e-02
<VARIANCE> 25
 3.197022e+01 2.811913e+01 2.691542e+01 2.521064e+01 3.374369e+01 2.865059e+01 2.991005e+01 2.460368e+01 2.752896e+01 2.380198e+01 2.447451e+01 1.740316e+01 9.705020e-01 1.003610e+00 1.350694e+00 1.166294e+00 1.344543e+00 1.564803e+00 1.554987e+00 1.469975e+00 1.521757e+00 1.389825e+00 1.454549e+00 1.320614e+00 1.111631e-03
<GCONST> 8.188104e+01
<MIXTURE> 77 1.244626e-02
<MEAN> 25
 -4.666523e-01 8.587889e+00 1.246112e+01 -1.162096e+01 -7.006347e+00 9.569295e-01 -9.278091e+00 -7.237608e+00 -3.375681e+00 -1.975100e-01 -4.656885e+00 -1.485381e+00 6.797464e-02 1.375889e-01 7.351431e-02 2.509000e-01 -2.171800e-02 7.834412e-02 -6.481219e-02 -6.176319e-02 8.298653e-02 -4.477110e-02 2.600636e-02 1.181860e-01 -9.922718e-03
<VARIANCE> 25
 1.044060e+01 2.005624e+01 2.756706e+01 4.159318e+01 3.319252e+01 3.380524e+01 3.677415e+01 3.179073e+01 3.525759e+01 3.322272e+01 3.756617e+01 3.494731e+01 2.989513e-01 7.780506e-01 6.455817e-01 1.086235e+00 1.238573e+00 9.854349e-01 1.223458e+00 1.074167e+00 1.043922e+00 1.065831e+00 9.715375e-01 9.223604e-01 5.402114e-04
<GCONST> 7.780119e+01
<MIXTURE> 78 9.702551e-03
<MEAN> 25
 -1.164861e+01 2.702910e+00 -1.154754e+00 3.158232e+00 5.886353e+00 -2.949781e+00 3.780395e+00 6.004221e-01 4.255913e+00 4.642959e-01 -1.256513e+00 2.212404e+00 2.287843e+00 -3.393665e-01 -7.818601e-02 4.827878e-01 -9.146164e-02 7.494847e-02 -3.538981e-01 -3.897989e-01 -1.566511e-01 4.829755e-01 -1.323127e-01 -5.873651e-01 -5.963192e-02
<VARIANCE> 25
 4.102840e+01 3.767537e+01 2.838287e+01 3.035773e+01 4.446046e+01 3.380080e+01 2.961231e+01 4.320309e+01 3.569555e+01 2.478284e+01 2.639806e+01 2.116598e+01 4.421625e+00 3.223479e+00 2.599003e+00 2.584131e+00 2.861794e+00 3.289425e+00 3.395313e+00 3.080862e+00 3.375804e+00 2.412207e+00 2.188319e+00 1.858070e+00 4.548744e-03
<GCONST> 9.488728e+01
<MIXTURE> 79 1.156824e-02
<MEAN> 25
 2.520182e+00 1.743841e+00 8.395618e+00 -6.723480e+00 -1.151619e+01 -1.222628e+00 -9.791527e-01 -6.671852e+00 -5.959934e+00 5.415550e-01 -3.567265e+00 -2.791558e+00 1.170879e+00 -4.208800e-01 -1.395390e+00 2.336688e+00 4.297927e-01 -1.656151e+00 5.836651e-01 1.006767e+00 -5.423268e-01 -4.855184e-01 2.545706e-01 2.533539e-01 -3.906983e-02
<VARIANCE> 25
 1.364366e+01 2.337607e+01 4.304107e+01 5.629225e+01 3.620173e+01 5.387291e+01 5.163753e+01 3.728175e+01 4.206065e+01 3.793240e+01 4.156658e+01 3.201646e+01 9.151289e-01 2.288204e+00 1.822522e+00 1.956470e+00 2.396443e+00 3.176105e+00 3.069731e+00 3.617925e+00 2.567922e+00 2.623569e+00 2.284550e+00 1.917338e+00 1.262352e-03
<GCONST> 9.236912e+01
<MIXTURE> 80 7.550998e-03
<MEAN> 25
 -1.460948e+01 3.985456e+00 6.894075e-01 2.867337e+00 2.454315e+00 1.408989e+00 6.395694e+00 2.491626e+00 2.723705e+00 2.373677e+00 4.847606e+00 1.184464e+00 4.286150e+00 -1.724892e-02 1.636894e+00 -1.135167e+00 -2.889321e+00 -2.776046e+00 -2.323450e+00 -2.021936e+00 -1.974549e+00 -1.683881e+00 -1.649458e+00 -6.030316e-01 -4.421980e-02
<VARIANCE> 25
 2.094638e+01 1.985529e+01 3.443227e+01 3.469934e+01 3.023497e+01 2.920374e+01 2.828086e+01 2.861420e+01 2.678425e+01 2.880089e+01 2.691805e+01 1.811718e+01 2.356545e+00 2.669398e+00 2.674963e+00 4.118756e+00 3.393015e+00 2.710359e+00 3.024367e+00 3.203576e+00 2.748997e+00 2.705219e+00 2.786247e+00 2.145170e+00 1.512139e-03
<GCONST> 9.140874e+01
<MIXTURE> 81 8.025434e-03
<MEAN> 25
 -1.118589e+00 4.067416e+00 1.018023e+01 -1.480517e+01 -9.081034e+00 -1.422643e+00 -6.767480e+00 -8.426484e+00 -4.151590e+00 -4.161263e-01 -7.575352e+00 -2.246957e+00 1.339191e-01 -5.872864e-01 -2.680905e-03 -5.564465e-01 -4.640731e-01 3.351799e-01 3.198611e-01 1.369573e-01 -1.403951e-01 1.066275e-01 -4.695005e-01 -1.253043e-01 1.151207e-02
<VARIANCE> 25
 1.015261e+01 3.280714e+01 2.645223e+01 2.925778e+01 3.370410e+01 3.052392e+01 4.545384e+01 2.825571e+01 3.799487e+01 3.189039e+01 2.529754e+01 3.105283e+01 7.722393e-01 2.277438e+00 1.546018e+00 2.872758e+00 2.663361e+00 2.126259e+00 3.280956e+00 2.288007e+00 2.355593e+00 2.539237e+00 2.298689e+00 2.078630e+00 1.183440e-03
<GCONST> 8.868576e+01
<MIXTURE> 82 8.213053e-03
<MEAN> 25
 -9.959122e+00 -3.897099e+00 1.634050e+00 -2.969938e+00 3.122617e+00 6.729714e-01 1.999262e+00 9.387900e-01 2.972827e+00 1.731026e+00 1.737783e+00 3.084751e+00 -1.311980e+00 -1.273823e-01 2.904159e-01 -2.605219e+00 -1.105011e+00 -1.263108e+00 -1.015902e+00 -8.694556e-01 -3.151796e-01 -4.785986e-01 -3.177403e-01 -9.715711e-02 1.783844e-01
<VARIANCE> 25
 1.805671e+01 2.497747e+01 3.238847e+01 3.087884e+01 3.308850e+01 3.227282e+01 3.179476e+01 3.295948e+01 3.085040e+01 2.511642e+01 3.079407e+01 1.749589e+01 3.758256e+00 3.053963e+00 3.314977e+00 3.267119e+00 3.559546e+00 3.289931e+00 2.947434e+00 3.015392e+00 2.796172e+00 2.490028e+00 2.448685e+00 1.869265e+00 3.431720e-03
<GCONST> 9.309110e+01
<MIXTURE> 83 1.167529e-02
<MEAN> 25
 -1.998412e+01 5.682467e+00 -1.699861e+00 -2.276206e-01 7.997272e+00 -1.348710e+00 5.419275e+00 2.807899e+00 1.421263e+00 2.056287e+00 6.343241e-01 2.872134e+00 -7.938487e-03 -4.727027e-01 -1.015096e-02 -3.445188e-01 -4.926721e-01 -8.417838e-02 -1.544544e-01 -1.460844e-01 -2.918667e-02 2.528371e-02 -8.839562e-03 -7.225168e-02 4.540025e-03
<VARIANCE> 25
 8.777834e+00 1.754094e+01 2.828023e+01 2.345013e+01 2.211473e+01 2.415481e+01 2.163697e+01 2.538713e+01 2.238992e+01 2.257773e+01 2.307158e+01 1.418643e+01 1.064449e+00 9.430953e-01 1.224726e+00 1.063636e+00 1.334995e+00 1.342256e+00 1.274410e+00 1.458096e+00 1.330961e+00 1.470683e+00 1.220484e+00 1.112679e+00 8.817685e-04
<GCONST> 7.750182e+01
<MIXTURE> 84 1.066614e-02
<MEAN> 25
 1.108953e+00 8.809774e+00 7.052078e+00 8.165212e+00 2.727678e+00 -1.277552e+00 -1.351906e+00 -4.670784e+00 -4.081528e+00 -2.908644e+00 -2.550532e+00 -1.503314e+00 -1.755352e+00 -1.119918e+00 -1.177284e+00 1.249459e+00 2.238988e+00 1.447675e+00 1.404060e+00 1.310136e+00 1.176672e+00 3.571020e-01 4.130577e-01 4.162730e-01 -7.025003e-02
<VARIANCE> 25
 2.300449e+01 1.888860e+01 2.197880e+01 2.402547e+01 2.848661e+01 3.058226e+01 2.783821e+01 2.655827e+01 2.675942e+01 2.462819e+01 2.332091e+01 2.445338e+01 2.102462e+00 2.611748e+00 3.759079e+00 3.226689e+00 3.165697e+00 3.338609e+00 3.232121e+00 3.293748e+00 3.449369e+00 3.239360e+00 3.472322e+00 2.750757e+00 3.483894e-03
<GCONST> 9.243539e+01
<MIXTURE> 85 7.591393e-03
<MEAN> 25
 -3.117084e+00 7.897757e+00 5.677839e+00 1.332880e+00 -3.417817e+00 -5.371793e+00 -2.912426e+00 -6.166901e+00 -3.530114e+00 -3.170551e+00 -5.031064e-01 -1.879235e+00 3.927149e+00 3.214237e-01 1.737642e+00 -2.067828e+00 -3.394613e+00 -2.569257e+00 -2.862772e+00 -2.326739e+00 -2.268946e+00 -1.247530e+00 -2.281175e+00 -6.108766e-01 8.340699e-03
<VARIANCE> 25
 4.216429e+01 2.325011e+01 3.640456e+01 3.815579e+01 4.009835e+01 4.122762e+01 3.247454e+01 2.798706e+01 2.653055e+01 2.596351e+01 2.608292e+01 2.043792e+01 2.727326e+00 4.319880e+00 4.060860e+00 5.206008e+00 4.438035e+00 3.877491e+00 3.897014e+00 3.986366e+00 3.888153e+00 4.038513e+00 3.977814e+00 3.458835e+00 5.497769e-03
<GCONST> 9.838578e+01
<MIXTURE> 86 1.273941e-02
<MEAN> 25
 -4.935655e+00 -9.165710e-01 -8.997263e-01 6.111891e+00 5.647670e+00 4.269469e+00 5.728349e+00 4.604003e+00 4.438391e+00 4.074411e+00 4.835875e+00 2.622755e+00 3.093359e-03 1.281129e-02 -6.726392e-02 -9.170419e-02 -1.451994e-01 -2.229670e-01 -2.226762e-01 -3.312011e-01 -3.690258e-01 -2.990939e-01 -2.594768e-01 -1.412354e-01 -6.527430e-04
<VARIANCE> 25
 7.269648e+00 6.166562e+00 1.042183e+01 1.197202e+01 1.882555e+01 1.609927e+01 1.442156e+01 1.254633e+01 1.279983e+01 1.443029e+01 1.627941e+01 1.243330e+01 9.869128e-02 1.914128e-01 3.394974e-01 5.201294e-01 6.941659e-01 7.076292e-01 7.636530e-01 7.307725e-01 8.785700e-01 8.594037e-01 9.278660e-01 1.045038e+00 5.464625e-05
<GCONST> 5.889378e+01
<MIXTURE> 87 1.100681e-02
<MEAN> 25
 -3.334307e+00 4.583429e+00 3.436695e+00 7.021397e+00 5.645633e+00 8.684491e-01 1.765200e+00 -9.425590e-01 -6.592806e-01 -8.622525e-01 -8.027614e-01 8.794613e-02 -2.129587e+00 -2.756519e+00 -2.094661e+00 -2.221415e+00 -4.104511e-02 -1.611742e-01 6.159854e-01 1.295694e+00 1.387511e+00 1.025047e+00 9.483603e-01 1.007518e+00 1.038559e-01
<VARIANCE> 25
 3.804088e+01 2.964273e+01 2.818298e+01 3.332806e+01 2.881894e+01 3.164680e+01 2.917770e+01 2.734992e+01 2.656805e+01 2.454939e+01 2.460353e+01 2.313041e+01 3.867623e+00 2.759835e+00 3.890511e+00 3.624106e+00 4.743382e+00 4.291090e+00 4.167220e+00 3.894120e+00 3.523475e+00 3.372029e+00 3.353041e+00 2.722759e+00 4.960099e-03
<GCONST> 9.633626e+01
<MIXTURE> 88 1.256585e-02
<MEAN> 25
 -4.293999e+00 -5.517913e-01 -1.576150e+00 5.212172e+00 5.189240e+00 3.129117e+00 5.092900e+00 3.382178e+00 3.140945e+00 2.405636e+00 2.681906e+00 2.707162e+00 1.761707e-02 1.771835e-01 1.827643e-01 3.719398e-01 2.416050e-01 1.465450e-01 -7.721015e-03 -2.081971e-01 -2.868592e-01 -2.204403e-01 -8.085407e-02 -9.178020e-04 -6.291204e-03
<VARIANCE> 25
 8.645508e+00 1.070901e+01 1.533055e+01 1.581941e+01 2.145968e+01 2.082353e+01 2.076713e+01 1.786409e+01 1.928340e+01 1.794047e+01 2.079299e+01 1.474014e+01 1.233262e+00 1.553327e+00 2.099015e+00 2.291880e+00 2.538794e+00 2.508914e+00 2.531526e+00 2.376123e+00 2.403633e+00 2.449986e+00 2.327028e+00 2.100377e+00 1.395876e-03
<GCONST> 8.220834e+01
<MIXTURE> 89 9.333527e-03
<MEAN> 25
 4.808282e+00 -6.519550e+00 -3.379062e+00 -3.084446e+00 -9.886596e-01 -5.330050e+00 -8.539646e+00 8.307290e+00 1.945658e+00 -2.102975e+00 -4.839607e+00 -2.829630e+00 -5.780302e-01 3.455174e-02 1.618546e+00 5.568269e-01 -1.518157e+00 -1.641410e+00 6.282105e-01 1.196929e+00 -1.204013e+00 -9.849628e-01 5.136763e-01 1.336998e+00 2.799714e-03
<VARIANCE> 25
 9.675406e+00 2.260054e+01 2.332304e+01 2.303076e+01 3.450150e+01 3.231304e+01 5.478651e+01 6.930753e+01 3.899521e+01 3.537194e+01 2.995995e+01 2.498236e+01 3.454049e-01 6.563480e-01 1.307660e+00 1.380513e+00 1.985652e+00 1.575644e+00 2.157100e+00 1.812662e+00 2.341962e+00 2.458569e+00 1.814696e+00 1.335645e+00 4.263122e-04
<GCONST> 8.321295e+01
<MIXTURE> 90 7.114505e-03
<MEAN> 25
 2.411643e+00 -9.682767e+00 -4.713400e+00 -3.967490e+00 -3.373061e+00 -1.901946e+00 3.092701e+00 1.509495e+00 -7.542378e+00 -1.004230e+01 -3.393587e+00 -7.016320e-01 -1.668518e-01 8.932064e-01 1.158782e+00 -8.407740e-01 -1.612947e+00 -2.232388e-01 6.301706e-01 -2.032627e-01 -1.893210e-01 7.447056e-01 1.939885e-01 -5.345805e-01 -1.091022e-02
<VARIANCE> 25
 8.447943e+00 1.761774e+01 1.961889e+01 2.761736e+01 3.633547e+01 3.217134e+01 4.262611e+01 4.261641e+01 3.469276e+01 2.920958e+01 2.672960e+01 2.586533e+01 2.213258e-01 6.193978e-01 7.817023e-01 1.038531e+00 1.453059e+00 1.578686e+00 1.769499e+00 1.633779e+00 1.818443e+00 1.664179e+00 1.480957e+00 1.308935e+00 2.154044e-04
<GCONST> 7.829546e+01
<MIXTURE> 91 7.852945e-03
<MEAN> 25
 5.681248e+00 -6.832473e+00 -8.388963e+00 -5.202067e+00 4.491845e+00 7.286663e-01 -3.205811e+00 3.225168e+00 1.187795e+00 -1.009099e+00 -5.807025e+00 -4.553906e+00 2.341151e-01 9.677578e-01 2.312855e-01 5.026311e-01 -1.199918e-01 -6.976473e-01 -4.351716e-01 -1.915607e-01 9.162551e-02 4.563658e-01 5.525739e-02 1.999069e-01 -3.198706e-02
<VARIANCE> 25
 1.018547e+01 2.245232e+01 1.683891e+01 3.412541e+01 3.192470e+01 4.991285e+01 5.594577e+01 6.047034e+01 4.511538e+01 6.816371e+01 3.487748e+01 3.580631e+01 4.031716e-01 7.530679e-01 1.206156e+00 1.208826e+00 2.025666e+00 2.252682e+00 2.056100e+00 2.788453e+00 2.102411e+00 1.880189e+00 1.809504e+00 1.554048e+00 6.521601e-04
<GCONST> 8.591689e+01
<MIXTURE> 92 7.852945e-03
<MEAN> 25
 5.681248e+00 -6.832473e+00 -8.388963e+00 -5.202067e+00 4.491845e+00 7.286663e-01 -3.205811e+00 3.225168e+00 1.187795e+00 -1.009099e+00 -5.807025e+00 -4.553906e+00 2.341151e-01 9.677578e-01 2.312855e-01 5.026311e-01 -1.199918e-01 -6.976473e-01 -4.351716e-01 -1.915607e-01 9.162551e-02 4.563658e-01 5.525739e-02 1.999069e-01 -3.198706e-02
<VARIANCE> 25
 1.018547e+01 2.245232e+01 1.683891e+01 3.412541e+01 3.192470e+01 4.991285e+01 5.594577e+01 6.047034e+01 4.511538e+01 6.816371e+01 3.487748e+01 3.580631e+01 4.031716e-01 7.530679e-01 1.206156e+00 1.208826e+00 2.025666e+00 2.252682e+00 2.056100e+00 2.788453e+00 2.102411e+00 1.880189e+00 1.809504e+00 1.554048e+00 6.521601e-04
<GCONST> 8.591689e+01
<MIXTURE> 93 6.122769e-03
<MEAN> 25
 -6.764285e+00 -9.068300e-01 -2.411216e+00 5.636329e+00 6.052985e+00 3.852323e+00 6.205551e+00 3.684394e+00 4.168991e+00 2.604488e+00 1.608552e+00 3.500178e+00 -5.583162e-02 -1.525397e-01 -2.611250e-01 -3.215643e-01 -3.249559e-01 -2.803242e-01 -2.198998e-01 -1.361723e-01 -1.243340e-01 -1.455507e-01 -8.747355e-02 -1.917428e-02 2.523565e-05
<VARIANCE> 25
 8.992754e+00 5.995246e+00 8.078538e+00 1.207198e+01 1.202252e+01 1.578659e+01 1.519081e+01 1.628036e+01 1.471144e+01 1.455484e+01 1.799432e+01 1.469985e+01 8.231878e-02 1.501722e-01 2.583107e-01 3.756905e-01 4.954744e-01 6.317345e-01 7.677190e-01 9.333300e-01 9.772410e-01 8.664060e-01 8.912485e-01 9.163033e-01 1.041202e-06
<GCONST> 5.385077e+01
<MIXTURE> 94 6.122769e-03
<MEAN> 25
 -6.764285e+00 -9.068300e-01 -2.411216e+00 5.636329e+00 6.052985e+00 3.852323e+00 6.205551e+00 3.684394e+00 4.168991e+00 2.604488e+00 1.608552e+00 3.500178e+00 -5.583162e-02 -1.525397e-01 -2.611250e-01 -3.215643e-01 -3.249559e-01 -2.803242e-01 -2.198998e-01 -1.361723e-01 -1.243340e-01 -1.455507e-01 -8.747355e-02 -1.917428e-02 2.523565e-05
<VARIANCE> 25
 8.992754e+00 5.995246e+00 8.078538e+00 1.207198e+01 1.202252e+01 1.578659e+01 1.519081e+01 1.628036e+01 1.471144e+01 1.455484e+01 1.799432e+01 1.469985e+01 8.231878e-02 1.501722e-01 2.583107e-01 3.756905e-01 4.954744e-01 6.317345e-01 7.677190e-01 9.333300e-01 9.772410e-01 8.664060e-01 8.912485e-01 9.163033e-01 1.041202e-06
<GCONST> 5.385077e+01
<MIXTURE> 95 5.258835e-03
<MEAN> 25
 -5.567008e+00 -2.458787e-01 -1.599191e+00 4.413807e+00 5.036826e+00 1.818265e+00 4.865718e+00 1.854131e+00 1.958306e+00 8.198668e-01 4.056210e-01 1.983992e+00 1.154662e-01 1.742680e-01 6.547556e-02 -1.056656e-01 -3.955208e-01 -5.519214e-01 -9.492421e-01 -1.193916e+00 -1.299829e+00 -9.806426e-01 -7.236618e-01 -4.615200e-01 -1.276301e-03
<VARIANCE> 25
 8.890673e+00 6.754491e+00 1.128023e+01 1.206972e+01 1.549828e+01 2.055451e+01 1.730404e+01 1.483704e+01 1.476979e+01 1.362056e+01 2.015756e+01 1.523263e+01 1.858794e-01 2.637725e-01 4.447757e-01 6.205097e-01 8.258268e-01 9.579390e-01 9.394076e-01 8.128781e-01 9.037502e-01 9.357664e-01 1.070228e+00 1.268064e+00 4.413628e-05
<GCONST> 6.260174e+01
<MIXTURE> 96 7.034694e-03
<MEAN> 25
 -4.974325e+00 -8.020545e-02 -2.251108e+00 5.006496e+00 4.417494e+00 1.649849e+00 4.127378e+00 1.883790e+00 2.341840e+00 1.114150e+00 9.514948e-01 2.543468e+00 -4.596468e-02 9.757710e-02 2.278296e-01 4.428764e-01 5.391433e-01 4.923450e-01 2.369798e-01 -1.507300e-01 -4.969016e-01 -6.157844e-01 -5.501232e-01 -3.954629e-01 -4.547810e-05
<VARIANCE> 25
 1.026569e+01 1.049101e+01 1.233889e+01 1.372334e+01 1.727239e+01 1.831536e+01 2.027110e+01 1.833556e+01 1.748955e+01 1.565614e+01 1.919736e+01 1.455773e+01 1.150602e-01 2.038464e-01 3.222824e-01 4.142967e-01 4.754853e-01 6.291497e-01 8.230740e-01 9.342179e-01 9.655495e-01 8.609492e-01 9.055958e-01 9.768047e-01 1.162945e-06
<GCONST> 5.747066e+01
<MIXTURE> 97 7.034694e-03
<MEAN> 25
 -4.974325e+00 -8.020545e-02 -2.251108e+00 5.006496e+00 4.417494e+00 1.649849e+00 4.127378e+00 1.883790e+00 2.341840e+00 1.114150e+00 9.514948e-01 2.543468e+00 -4.596468e-02 9.757710e-02 2.278296e-01 4.428764e-01 5.391433e-01 4.923450e-01 2.369798e-01 -1.507300e-01 -4.969016e-01 -6.157844e-01 -5.501232e-01 -3.954629e-01 -4.547810e-05
<VARIANCE> 25
 1.026569e+01 1.049101e+01 1.233889e+01 1.372334e+01 1.727239e+01 1.831536e+01 2.027110e+01 1.833556e+01 1.748955e+01 1.565614e+01 1.919736e+01 1.455773e+01 1.150602e-01 2.038464e-01 3.222824e-01 4.142967e-01 4.754853e-01 6.291497e-01 8.230740e-01 9.342179e-01 9.655495e-01 8.609492e-01 9.055958e-01 9.768047e-01 1.162945e-06
<GCONST> 5.747066e+01
<MIXTURE> 98 9.917808e-03
<MEAN> 25
 -1.319969e+00 1.596141e+00 -8.869337e-01 3.564374e+00 3.975973e+00 2.320979e+00 4.462132e+00 1.909787e+00 1.306681e+00 1.236243e+00 4.561348e-01 1.566313e+00 -1.611461e+00 -1.299562e+00 -1.032245e+00 2.017340e-01 7.044751e-01 8.723261e-01 1.322544e+00 1.432844e+00 1.465551e+00 1.136472e+00 1.271590e+00 1.101088e+00 -3.237124e-02
<VARIANCE> 25
 1.279679e+01 1.907331e+01 3.034451e+01 4.163295e+01 4.072611e+01 3.193250e+01 3.710023e+01 2.624413e+01 3.211835e+01 2.668740e+01 2.314020e+01 2.280665e+01 1.366046e+00 1.477016e+00 2.135355e+00 2.825864e+00 2.783582e+00 2.526629e+00 2.508238e+00 2.432292e+00 2.541557e+00 2.563874e+00 2.445747e+00 1.946935e+00 2.151794e-03
<GCONST> 8.921160e+01
<MIXTURE> 99 6.696178e-03
<MEAN> 25
 -6.921281e+00 9.504438e+00 5.972620e+00 4.990142e+00 1.520018e+00 -6.157390e+00 -1.013820e+00 -6.191056e+00 -1.685061e+00 -4.167274e+00 -1.768153e+00 1.434813e+00 5.832081e-01 -1.312401e+00 4.679416e-01 -2.198652e-01 -9.394757e-01 -5.401748e-01 -5.618713e-01 -5.646730e-01 2.463324e-01 -2.236191e-01 1.450686e-01 2.425386e-01 1.438214e-02
<VARIANCE> 25
 3.078801e+01 2.875961e+01 3.357772e+01 2.315635e+01 2.938598e+01 2.869489e+01 2.218550e+01 4.139078e+01 3.561822e+01 2.056500e+01 1.442004e+01 1.980186e+01 2.163995e+00 2.832716e+00 1.046991e+00 1.514421e+00 2.064269e+00 1.752856e+00 1.589059e+00 1.344493e+00 1.766269e+00 1.326003e+00 9.683619e-01 1.009613e+00 1.564629e-03
<GCONST> 8.388742e+01
<MIXTURE> 100 4.498084e-03
<MEAN> 25
 -1.598907e+00 6.344642e+00 1.027665e+01 -7.462320e+00 -1.078157e+01 -5.075261e+00 -4.941713e+00 -9.969202e+00 -4.717787e+00 -8.550248e-01 -2.733101e+00 -2.708199e+00 2.917967e+00 -1.260571e+00 1.299601e+00 -2.185902e+00 -3.419531e+00 -7.840524e-01 -1.218831e+00 -8.198118e-01 -1.475408e+00 3.466749e-01 -1.655430e+00 -2.862303e-01 2.016330e-03
<VARIANCE> 25
 1.362634e+01 2.105932e+01 2.246435e+01 2.643135e+01 2.302399e+01 2.372106e+01 2.911071e+01 2.170979e+01 2.748695e+01 2.265230e+01 2.241187e+01 2.134066e+01 1.799257e+00 3.953982e+00 2.919971e+00 4.286209e+00 4.184422e+00 4.537189e+00 4.015460e+00 4.340256e+00 4.167879e+00 3.895934e+00 3.911324e+00 3.224899e+00 1.674800e-03
<GCONST> 9.256960e+01
<MIXTURE> 101 6.007792e-03
<MEAN> 25
 8.090934e+00 -3.490330e+00 -6.303503e+00 -6.855960e+00 8.397363e-01 -1.249989e+00 -1.058670e+01 -2.082602e+00 1.634170e+00 2.714399e+00 -2.372509e+00 -5.141284e+00 6.746830e-01 6.486392e-01 -1.454708e+00 -1.610807e+00 1.029088e+00 2.320334e+00 1.985119e-01 -1.457596e+00 -1.065626e+00 1.033942e+00 1.373782e+00 -4.147886e-01 -4.801394e-03
<VARIANCE> 25
 9.277863e+00 1.669434e+01 2.986273e+01 4.282784e+01 3.621952e+01 3.582902e+01 3.698339e+01 3.658939e+01 3.791644e+01 4.393013e+01 5.187823e+01 2.419834e+01 2.944857e-01 6.731955e-01 1.174834e+00 1.549495e+00 1.693424e+00 2.095572e+00 2.085970e+00 1.996144e+00 2.347049e+00 2.219652e+00 1.783460e+00 1.933875e+00 3.446259e-04
<GCONST> 8.366454e+01
<MIXTURE> 102 6.007792e-03
<MEAN> 25
 8.090934e+00 -3.490330e+00 -6.303503e+00 -6.855960e+00 8.397363e-01 -1.249989e+00 -1.058670e+01 -2.082602e+00 1.634170e+00 2.714399e+00 -2.372509e+00 -5.141284e+00 6.746830e-01 6.486392e-01 -1.454708e+00 -1.610807e+00 1.029088e+00 2.320334e+00 1.985119e-01 -1.457596e+00 -1.065626e+00 1.033942e+00 1.373782e+00 -4.147886e-01 -4.801394e-03
<VARIANCE> 25
 9.277863e+00 1.669434e+01 2.986273e+01 4.282784e+01 3.621952e+01 3.582902e+01 3.698339e+01 3.658939e+01 3.791644e+01 4.393013e+01 5.187823e+01 2.419834e+01 2.944857e-01 6.731955e-01 1.174834e+00 1.549495e+00 1.693424e+00 2.095572e+00 2.085970e+00 1.996144e+00 2.347049e+00 2.219652e+00 1.783460e+00 1.933875e+00 3.446259e-04
<GCONST> 8.366454e+01
<MIXTURE> 103 5.694618e-03
<MEAN> 25
 3.348416e+00 -9.452997e+00 -6.049223e+00 -2.992629e+00 -1.289500e+00 -2.163124e+00 2.323149e+00 2.578668e+00 -4.658073e+00 -9.051744e+00 -5.063615e+00 3.244199e-01 -1.471054e-01 -1.488056e+00 -9.620520e-01 3.737662e-01 1.186099e+00 1.004457e+00 1.299975e-01 -2.348552e-01 -7.809334e-01 -9.464054e-01 -2.022199e-02 1.298303e-01 2.731320e-02
<VARIANCE> 25
 1.021458e+01 2.007824e+01 2.308490e+01 3.199567e+01 4.757722e+01 3.793978e+01 4.717414e+01 3.698094e+01 4.207026e+01 3.170280e+01 2.970234e+01 2.612552e+01 6.490722e-01 1.238275e+00 1.539502e+00 1.913680e+00 2.941860e+00 2.394128e+00 2.911663e+00 2.619365e+00 2.534100e+00 2.495194e+00 2.081659e+00 1.995101e+00 8.079370e-04
<GCONST> 8.768039e+01
<MIXTURE> 104 5.694618e-03
<MEAN> 25
 3.348416e+00 -9.452997e+00 -6.049223e+00 -2.992629e+00 -1.289500e+00 -2.163124e+00 2.323149e+00 2.578668e+00 -4.658073e+00 -9.051744e+00 -5.063615e+00 3.244199e-01 -1.471054e-01 -1.488056e+00 -9.620520e-01 3.737662e-01 1.186099e+00 1.004457e+00 1.299975e-01 -2.348552e-01 -7.809334e-01 -9.464054e-01 -2.022199e-02 1.298303e-01 2.731320e-02
<VARIANCE> 25
 1.021458e+01 2.007824e+01 2.308490e+01 3.199567e+01 4.757722e+01 3.793978e+01 4.717414e+01 3.698094e+01 4.207026e+01 3.170280e+01 2.970234e+01 2.612552e+01 6.490722e-01 1.238275e+00 1.539502e+00 1.913680e+00 2.941860e+00 2.394128e+00 2.911663e+00 2.619365e+00 2.534100e+00 2.495194e+00 2.081659e+00 1.995101e+00 8.079370e-04
<GCONST> 8.768039e+01
<MIXTURE> 105 4.710235e-03
<MEAN> 25
 1.483606e+00 -2.771624e+00 6.557376e+00 -1.958160e+00 -1.055173e+01 -5.557664e+00 -6.924878e+00 4.372138e+00 -4.711081e+00 -2.712486e+00 2.890242e+00 -1.397807e+00 1.803660e-02 1.325983e-02 1.132076e-02 1.488970e-01 -1.171997e-01 -1.051794e-02 5.277952e-02 -7.412142e-02 8.846027e-02 8.340607e-04 1.408927e-01 -1.372365e-01 6.372193e-04
<VARIANCE> 25
 1.107195e+01 2.407745e+01 4.763194e+01 3.536355e+01 3.030665e+01 4.291690e+01 4.547200e+01 8.603381e+01 3.210918e+01 3.244537e+01 3.806544e+01 2.305424e+01 9.345993e-02 1.778144e-01 2.756452e-01 3.404170e-01 5.079336e-01 3.739016e-01 4.575594e-01 5.083255e-01 5.729995e-01 4.685377e-01 5.148093e-01 4.229206e-01 9.834411e-05
<GCONST> 6.648043e+01
<MIXTURE> 106 4.710235e-03
<MEAN> 25
 1.483606e+00 -2.771624e+00 6.557376e+00 -1.958160e+00 -1.055173e+01 -5.557664e+00 -6.924878e+00 4.372138e+00 -4.711081e+00 -2.712486e+00 2.890242e+00 -1.397807e+00 1.803660e-02 1.325983e-02 1.132076e-02 1.488970e-01 -1.171997e-01 -1.051794e-02 5.277952e-02 -7.412142e-02 8.846027e-02 8.340607e-04 1.408927e-01 -1.372365e-01 6.372193e-04
<VARIANCE> 25
 1.107195e+01 2.407745e+01 4.763194e+01 3.536355e+01 3.030665e+01 4.291690e+01 4.547200e+01 8.603381e+01 3.210918e+01 3.244537e+01 3.806544e+01 2.305424e+01 9.345993e-02 1.778144e-01 2.756452e-01 3.404170e-01 5.079336e-01 3.739016e-01 4.575594e-01 5.083255e-01 5.729995e-01 4.685377e-01 5.148093e-01 4.229206e-01 9.834411e-05
<GCONST> 6.648043e+01
<MIXTURE> 107 5.452374e-03
<MEAN> 25
 8.636627e+00 -2.305033e+00 -8.036664e+00 -9.561225e+00 1.969240e+00 2.953722e+00 -8.630663e+00 -4.544213e+00 -8.810332e-01 3.390908e+00 8.457624e-01 -5.068962e+00 -6.094644e-01 -7.676615e-01 8.350702e-01 1.772580e+00 2.248033e-01 -2.012078e+00 -9.219810e-01 8.486542e-01 1.765710e+00 4.566317e-02 -1.655283e+00 -8.198902e-01 -1.798347e-03
<VARIANCE> 25
 9.260015e+00 2.049015e+01 2.834930e+01 4.277111e+01 3.578798e+01 3.847891e+01 5.138355e+01 3.635285e+01 4.577273e+01 4.170363e+01 5.140162e+01 3.037948e+01 3.561386e-01 9.687622e-01 1.462186e+00 2.412544e+00 2.289093e+00 2.824784e+00 2.612676e+00 2.541823e+00 2.298853e+00 3.031653e+00 1.952188e+00 2.204940e+00 7.036787e-04
<GCONST> 8.805933e+01
<MIXTURE> 108 5.452374e-03
<MEAN> 25
 8.636627e+00 -2.305033e+00 -8.036664e+00 -9.561225e+00 1.969240e+00 2.953722e+00 -8.630663e+00 -4.544213e+00 -8.810332e-01 3.390908e+00 8.457624e-01 -5.068962e+00 -6.094644e-01 -7.676615e-01 8.350702e-01 1.772580e+00 2.248033e-01 -2.012078e+00 -9.219810e-01 8.486542e-01 1.765710e+00 4.566317e-02 -1.655283e+00 -8.198902e-01 -1.798347e-03
<VARIANCE> 25
 9.260015e+00 2.049015e+01 2.834930e+01 4.277111e+01 3.578798e+01 3.847891e+01 5.138355e+01 3.635285e+01 4.577273e+01 4.170363e+01 5.140162e+01 3.037948e+01 3.561386e-01 9.687622e-01 1.462186e+00 2.412544e+00 2.289093e+00 2.824784e+00 2.612676e+00 2.541823e+00 2.298853e+00 3.031653e+00 1.952188e+00 2.204940e+00 7.036787e-04
<GCONST> 8.805933e+01
<MIXTURE> 109 6.661064e-03
<MEAN> 25
 3.852166e+00 -1.021504e+01 -8.083125e+00 -1.475408e+00 2.604414e+00 -1.361512e-01 -8.543150e-01 2.637984e+00 -2.711842e+00 -7.613880e+00 -5.255381e+00 7.309529e-03 -4.741913e-02 -9.418292e-02 -4.363145e-02 2.731442e-01 1.206668e-01 8.840375e-02 -1.528632e-01 -1.009774e-01 1.775792e-03 -1.238607e-01 2.764174e-01 1.371397e-02 -2.924641e-03
<VARIANCE> 25
 9.302285e+00 1.869863e+01 2.005023e+01 2.998962e+01 4.126849e+01 3.755691e+01 5.271144e+01 5.089190e+01 4.531417e+01 4.124255e+01 3.085285e+01 2.651892e+01 1.854256e-01 4.252443e-01 5.247668e-01 6.075372e-01 1.307625e+00 9.537131e-01 1.293551e+00 1.092713e+00 1.182765e+00 9.531682e-01 8.696206e-01 8.573056e-01 1.803509e-04
<GCONST> 7.507455e+01
<MIXTURE> 110 6.661064e-03
<MEAN> 25
 3.852166e+00 -1.021504e+01 -8.083125e+00 -1.475408e+00 2.604414e+00 -1.361512e-01 -8.543150e-01 2.637984e+00 -2.711842e+00 -7.613880e+00 -5.255381e+00 7.309529e-03 -4.741913e-02 -9.418292e-02 -4.363145e-02 2.731442e-01 1.206668e-01 8.840375e-02 -1.528632e-01 -1.009774e-01 1.775792e-03 -1.238607e-01 2.764174e-01 1.371397e-02 -2.924641e-03
<VARIANCE> 25
 9.302285e+00 1.869863e+01 2.005023e+01 2.998962e+01 4.126849e+01 3.755691e+01 5.271144e+01 5.089190e+01 4.531417e+01 4.124255e+01 3.085285e+01 2.651892e+01 1.854256e-01 4.252443e-01 5.247668e-01 6.075372e-01 1.307625e+00 9.537131e-01 1.293551e+00 1.092713e+00 1.182765e+00 9.531682e-01 8.696206e-01 8.573056e-01 1.803509e-04
<GCONST> 7.507455e+01
<MIXTURE> 111 4.337247e-03
<MEAN> 25
 -4.468542e+00 -8.600480e-01 -1.678222e+00 1.674615e+00 1.064494e+00 8.927409e-01 4.519226e-01 2.596429e-01 8.477873e-02 -5.266368e-01 -6.932743e-01 1.871996e+00 -2.154406e-02 -2.753136e-02 -7.061535e-02 -7.363049e-02 -3.148152e-02 2.187603e-02 -1.384112e-02 -6.331098e-02 -1.530270e-01 -2.045946e-01 -2.019595e-01 -1.198848e-01 -2.906364e-04
<VARIANCE> 25
 6.891398e+00 5.028518e+00 1.017220e+01 9.278492e+00 1.353220e+01 2.389717e+01 1.558290e+01 1.314139e+01 1.146697e+01 1.179106e+01 1.366881e+01 1.196840e+01 7.808383e-02 1.639287e-01 2.765490e-01 4.164336e-01 5.766711e-01 7.157065e-01 8.062157e-01 8.512527e-01 9.090481e-01 8.624223e-01 8.678436e-01 8.548551e-01 2.254486e-05
<GCONST> 5.612159e+01
<MIXTURE> 112 4.337247e-03
<MEAN> 25
 -4.468542e+00 -8.600480e-01 -1.678222e+00 1.674615e+00 1.064494e+00 8.927409e-01 4.519226e-01 2.596429e-01 8.477873e-02 -5.266368e-01 -6.932743e-01 1.871996e+00 -2.154406e-02 -2.753136e-02 -7.061535e-02 -7.363049e-02 -3.148152e-02 2.187603e-02 -1.384112e-02 -6.331098e-02 -1.530270e-01 -2.045946e-01 -2.019595e-01 -1.198848e-01 -2.906364e-04
<VARIANCE> 25
 6.891398e+00 5.028518e+00 1.017220e+01 9.278492e+00 1.353220e+01 2.389717e+01 1.558290e+01 1.314139e+01 1.146697e+01 1.179106e+01 1.366881e+01 1.196840e+01 7.808383e-02 1.639287e-01 2.765490e-01 4.164336e-01 5.766711e-01 7.157065e-01 8.062157e-01 8.512527e-01 9.090481e-01 8.624223e-01 8.678436e-01 8.548551e-01 2.254486e-05
<GCONST> 5.612159e+01
<MIXTURE> 113 5.938666e-03
<MEAN> 25
 9.889368e+00 1.796201e+00 -8.752877e+00 -1.699126e+01 -1.123219e+00 5.645422e+00 -4.977128e+00 -1.526678e+00 -5.522558e+00 -4.453553e-01 2.282887e-01 -1.210052e-01 -5.102593e-03 1.311048e-02 -6.796187e-02 -1.258914e-01 1.081541e-01 1.263413e-01 3.988346e-02 5.311200e-02 -6.056387e-02 -5.775252e-02 1.879876e-01 3.191680e-02 -1.574281e-03
<VARIANCE> 25
 9.162927e+00 1.628054e+01 2.925389e+01 3.391066e+01 5.272687e+01 3.489710e+01 4.421492e+01 4.021978e+01 3.909630e+01 4.583587e+01 3.622071e+01 2.828801e+01 1.274162e-01 3.160059e-01 3.166600e-01 6.298537e-01 6.073047e-01 6.917420e-01 7.908250e-01 8.505676e-01 9.491681e-01 8.955554e-01 7.286573e-01 7.047676e-01 1.254757e-04
<GCONST> 7.137532e+01
<MIXTURE> 114 5.938666e-03
<MEAN> 25
 9.889368e+00 1.796201e+00 -8.752877e+00 -1.699126e+01 -1.123219e+00 5.645422e+00 -4.977128e+00 -1.526678e+00 -5.522558e+00 -4.453553e-01 2.282887e-01 -1.210052e-01 -5.102593e-03 1.311048e-02 -6.796187e-02 -1.258914e-01 1.081541e-01 1.263413e-01 3.988346e-02 5.311200e-02 -6.056387e-02 -5.775252e-02 1.879876e-01 3.191680e-02 -1.574281e-03
<VARIANCE> 25
 9.162927e+00 1.628054e+01 2.925389e+01 3.391066e+01 5.272687e+01 3.489710e+01 4.421492e+01 4.021978e+01 3.909630e+01 4.583587e+01 3.622071e+01 2.828801e+01 1.274162e-01 3.160059e-01 3.166600e-01 6.298537e-01 6.073047e-01 6.917420e-01 7.908250e-01 8.505676e-01 9.491681e-01 8.955554e-01 7.286573e-01 7.047676e-01 1.254757e-04
<GCONST> 7.137532e+01
<MIXTURE> 115 2.935202e-03
<MEAN> 25
 -4.031537e+00 -7.510355e-01 -3.107219e+00 3.656057e+00 2.416635e+00 -4.276105e-01 2.237858e+00 4.149180e-01 1.388196e+00 -1.818009e-02 3.845149e-02 2.685246e+00 3.160567e-02 -7.203939e-02 -2.307778e-01 -4.384039e-01 -6.330172e-01 -6.699666e-01 -5.917783e-01 -5.091956e-01 -4.863872e-01 -4.565451e-01 -3.432053e-01 -1.646858e-01 -2.714403e-06
<VARIANCE> 25
 9.263162e+00 9.883600e+00 1.353086e+01 1.270236e+01 1.350592e+01 1.755427e+01 1.709748e+01 2.081259e+01 1.792628e+01 1.721482e+01 1.920105e+01 1.467661e+01 2.036921e-01 3.455276e-01 4.853759e-01 5.616512e-01 6.347575e-01 7.983130e-01 1.008089e+00 1.130786e+00 1.075506e+00 9.945049e-01 1.026302e+00 1.065264e+00 1.001303e-06
<GCONST> 6.016670e+01
<MIXTURE> 116 2.935202e-03
<MEAN> 25
 -4.031537e+00 -7.510355e-01 -3.107219e+00 3.656057e+00 2.416635e+00 -4.276105e-01 2.237858e+00 4.149180e-01 1.388196e+00 -1.818009e-02 3.845149e-02 2.685246e+00 3.160567e-02 -7.203939e-02 -2.307778e-01 -4.384039e-01 -6.330172e-01 -6.699666e-01 -5.917783e-01 -5.091956e-01 -4.863872e-01 -4.565451e-01 -3.432053e-01 -1.646858e-01 -2.714403e-06
<VARIANCE> 25
 9.263162e+00 9.883600e+00 1.353086e+01 1.270236e+01 1.350592e+01 1.755427e+01 1.709748e+01 2.081259e+01 1.792628e+01 1.721482e+01 1.920105e+01 1.467661e+01 2.036921e-01 3.455276e-01 4.853759e-01 5.616512e-01 6.347575e-01 7.983130e-01 1.008089e+00 1.130786e+00 1.075506e+00 9.945049e-01 1.026302e+00 1.065264e+00 1.001303e-06
<GCONST> 6.016670e+01
<MIXTURE> 117 6.506003e-03
<MEAN> 25
 -4.644080e+00 1.121352e+00 1.053636e+00 9.749357e+00 6.274713e+00 6.241364e+00 6.463025e+00 5.039557e+00 6.373536e+00 4.922617e+00 6.356543e+00 2.705400e+00 -7.466687e-02 -2.328118e-01 -3.576096e-01 -4.186169e-01 -3.643525e-01 -3.023672e-01 -2.845714e-01 -3.319958e-01 -3.935770e-01 -3.695294e-01 -2.585929e-01 -1.121662e-01 -7.573811e-06
<VARIANCE> 25
 7.172586e+00 8.742475e+00 9.802817e+00 1.432416e+01 1.568836e+01 1.542719e+01 1.769799e+01 1.793815e+01 1.644249e+01 1.636033e+01 1.676589e+01 1.473912e+01 2.162654e-01 3.077895e-01 4.257408e-01 6.171270e-01 8.571231e-01 1.053346e+00 1.179513e+00 1.231280e+00 1.229646e+00 1.196668e+00 1.176870e+00 1.123399e+00 1.000680e-06
<GCONST> 6.045942e+01
<MIXTURE> 118 6.506003e-03
<MEAN> 25
 -4.644080e+00 1.121352e+00 1.053636e+00 9.749357e+00 6.274713e+00 6.241364e+00 6.463025e+00 5.039557e+00 6.373536e+00 4.922617e+00 6.356543e+00 2.705400e+00 -7.466687e-02 -2.328118e-01 -3.576096e-01 -4.186169e-01 -3.643525e-01 -3.023672e-01 -2.845714e-01 -3.319958e-01 -3.935770e-01 -3.695294e-01 -2.585929e-01 -1.121662e-01 -7.573811e-06
<VARIANCE> 25
 7.172586e+00 8.742475e+00 9.802817e+00 1.432416e+01 1.568836e+01 1.542719e+01 1.769799e+01 1.793815e+01 1.644249e+01 1.636033e+01 1.676589e+01 1.473912e+01 2.162654e-01 3.077895e-01 4.257408e-01 6.171270e-01 8.571231e-01 1.053346e+00 1.179513e+00 1.231280e+00 1.229646e+00 1.196668e+00 1.176870e+00 1.123399e+00 1.000680e-06
<GCONST> 6.045942e+01
<MIXTURE> 119 4.297961e-03
<MEAN> 25
 -4.922444e+00 -7.595250e+00 2.168881e+00 1.992319e+00 2.130657e+00 9.490602e-02 5.014000e+00 6.112525e+00 1.042510e+00 9.134794e-01 6.614760e+00 1.502133e+00 -5.164425e-02 -7.742002e-02 3.457415e-02 -4.827652e-02 -1.375772e-01 -1.836609e-01 -5.703299e-02 -2.113882e-02 -7.195555e-02 -1.201580e-01 -4.188894e-02 -6.994370e-02 1.309954e-03
<VARIANCE> 25
 8.552285e+00 9.793592e+00 1.660104e+01 1.991444e+01 2.352724e+01 2.369837e+01 2.917248e+01 2.807776e+01 2.573534e+01 2.791737e+01 2.014741e+01 2.040649e+01 1.589991e-01 2.790675e-01 4.548424e-01 6.327138e-01 8.075678e-01 9.898195e-01 1.094301e+00 1.263163e+00 1.294170e+00 1.233590e+00 1.192706e+00 1.106654e+00 2.318047e-04
<GCONST> 6.991839e+01
<MIXTURE> 120 4.297961e-03
<MEAN> 25
 -4.922444e+00 -7.595250e+00 2.168881e+00 1.992319e+00 2.130657e+00 9.490602e-02 5.014000e+00 6.112525e+00 1.042510e+00 9.134794e-01 6.614760e+00 1.502133e+00 -5.164425e-02 -7.742002e-02 3.457415e-02 -4.827652e-02 -1.375772e-01 -1.836609e-01 -5.703299e-02 -2.113882e-02 -7.195555e-02 -1.201580e-01 -4.188894e-02 -6.994370e-02 1.309954e-03
<VARIANCE> 25
 8.552285e+00 9.793592e+00 1.660104e+01 1.991444e+01 2.352724e+01 2.369837e+01 2.917248e+01 2.807776e+01 2.573534e+01 2.791737e+01 2.014741e+01 2.040649e+01 1.589991e-01 2.790675e-01 4.548424e-01 6.327138e-01 8.075678e-01 9.898195e-01 1.094301e+00 1.263163e+00 1.294170e+00 1.233590e+00 1.192706e+00 1.106654e+00 2.318047e-04
<GCONST> 6.991839e+01
<MIXTURE> 121 4.567511e-03
<MEAN> 25
 2.248431e-01 -2.492705e+00 5.108483e+00 -1.290209e+01 -1.262852e+01 -1.665530e+00 1.052219e+00 -5.088617e+00 -4.177622e+00 -4.801527e-01 -5.509740e+00 -4.282960e+00 2.378862e-02 1.322674e-01 -4.498638e-02 7.710767e-02 1.603323e-01 7.016303e-02 -8.250862e-02 -1.768312e-01 -2.717531e-01 -2.597210e-01 -1.169189e-01 -2.207411e-03 -7.443736e-03
<VARIANCE> 25
 7.784305e+00 1.580676e+01 1.774029e+01 2.028126e+01 2.441266e+01 2.914747e+01 3.017947e+01 2.459304e+01 3.528165e+01 2.825863e+01 1.967693e+01 2.134365e+01 1.545123e-01 6.407248e-01 6.240655e-01 7.042603e-01 7.688828e-01 1.165084e+00 1.116604e+00 1.127821e+00 1.216604e+00 1.189473e+00 9.403045e-01 8.715647e-01 2.101618e-04
<GCONST> 7.145579e+01
<MIXTURE> 122 4.567511e-03
<MEAN> 25
 2.248431e-01 -2.492705e+00 5.108483e+00 -1.290209e+01 -1.262852e+01 -1.665530e+00 1.052219e+00 -5.088617e+00 -4.177622e+00 -4.801527e-01 -5.509740e+00 -4.282960e+00 2.378862e-02 1.322674e-01 -4.498638e-02 7.710767e-02 1.603323e-01 7.016303e-02 -8.250862e-02 -1.768312e-01 -2.717531e-01 -2.597210e-01 -1.169189e-01 -2.207411e-03 -7.443736e-03
<VARIANCE> 25
 7.784305e+00 1.580676e+01 1.774029e+01 2.028126e+01 2.441266e+01 2.914747e+01 3.017947e+01 2.459304e+01 3.528165e+01 2.825863e+01 1.967693e+01 2.134365e+01 1.545123e-01 6.407248e-01 6.240655e-01 7.042603e-01 7.688828e-01 1.165084e+00 1.116604e+00 1.127821e+00 1.216604e+00 1.189473e+00 9.403045e-01 8.715647e-01 2.101618e-04
<GCONST> 7.145579e+01
<MIXTURE> 123 4.393044e-03
<MEAN> 25
 -4.022801e+00 1.798573e+00 4.136959e-03 5.735165e+00 7.400239e+00 2.175969e+00 4.693487e+00 1.359893e+00 -7.447683e-01 5.519581e-01 -9.711472e-01 1.126902e+00 -3.320465e-01 -6.501340e-01 -1.040586e+00 -7.400945e-01 -2.925401e-01 1.858311e-01 4.712568e-01 7.334687e-01 7.909754e-01 8.888240e-01 4.022312e-01 4.387884e-01 -1.732118e-03
<VARIANCE> 25
 7.648519e+00 8.730494e+00 1.583267e+01 1.472721e+01 2.422614e+01 2.269530e+01 2.458942e+01 1.667189e+01 1.921926e+01 1.475968e+01 1.934933e+01 1.903819e+01 3.022632e-01 3.311531e-01 5.068259e-01 7.544783e-01 9.001854e-01 1.050026e+00 1.062781e+00 1.118358e+00 1.592252e+00 1.020637e+00 1.409955e+00 1.458793e+00 1.176609e-04
<GCONST> 6.849508e+01
<MIXTURE> 124 4.069876e-03
<MEAN> 25
 -6.407718e+00 -9.905268e-01 -2.862329e+00 4.808231e+00 5.266229e+00 3.252310e+00 5.683148e+00 2.729041e+00 3.018854e+00 1.415789e+00 7.768967e-01 2.741924e+00 -1.978984e-01 -3.036544e-01 -3.743709e-01 -2.094724e-01 1.400251e-01 5.212037e-01 7.479711e-01 8.356134e-01 6.803035e-01 3.421042e-01 7.076985e-02 -3.593700e-02 6.144457e-05
<VARIANCE> 25
 1.069104e+01 7.372865e+00 1.152067e+01 1.312753e+01 1.307760e+01 1.919655e+01 1.702273e+01 1.696486e+01 1.610449e+01 1.574839e+01 2.032744e+01 1.597297e+01 1.038735e-01 1.666546e-01 2.602946e-01 4.043847e-01 6.091796e-01 7.062655e-01 7.725354e-01 8.177791e-01 8.871251e-01 9.868945e-01 9.921562e-01 9.841731e-01 1.753164e-05
<GCONST> 5.912434e+01
<MIXTURE> 125 4.069876e-03
<MEAN> 25
 -6.407718e+00 -9.905268e-01 -2.862329e+00 4.808231e+00 5.266229e+00 3.252310e+00 5.683148e+00 2.729041e+00 3.018854e+00 1.415789e+00 7.768967e-01 2.741924e+00 -1.978984e-01 -3.036544e-01 -3.743709e-01 -2.094724e-01 1.400251e-01 5.212037e-01 7.479711e-01 8.356134e-01 6.803035e-01 3.421042e-01 7.076985e-02 -3.593700e-02 6.144457e-05
<VARIANCE> 25
 1.069104e+01 7.372865e+00 1.152067e+01 1.312753e+01 1.307760e+01 1.919655e+01 1.702273e+01 1.696486e+01 1.610449e+01 1.574839e+01 2.032744e+01 1.597297e+01 1.038735e-01 1.666546e-01 2.602946e-01 4.043847e-01 6.091796e-01 7.062655e-01 7.725354e-01 8.177791e-01 8.871251e-01 9.868945e-01 9.921562e-01 9.841731e-01 1.753164e-05
<GCONST> 5.912434e+01
<MIXTURE> 126 2.402244e-03
<MEAN> 25
 -3.733746e+00 -6.898002e+00 -5.222410e+00 2.256100e+00 4.144402e+00 -3.309417e+00 -1.602868e-01 3.847519e+00 3.126836e+00 -2.657063e+00 -1.340584e+00 2.977065e+00 -7.077789e-03 -4.406557e-03 -3.352267e-02 -1.492371e-01 -3.301412e-01 -3.936167e-01 -2.609444e-01 -1.603632e-01 -1.075250e-01 -1.125454e-01 -8.060243e-02 -3.431485e-02 -1.270172e-03
<VARIANCE> 25
 7.451869e+00 1.260814e+01 1.376530e+01 1.509485e+01 2.564625e+01 2.360607e+01 2.566588e+01 3.236934e+01 3.299691e+01 2.590975e+01 2.214722e+01 1.921539e+01 1.702108e-01 3.468007e-01 4.785100e-01 5.641644e-01 7.580155e-01 9.816282e-01 1.117130e+00 1.244053e+00 1.351907e+00 1.307622e+00 1.215701e+00 1.139510e+00 2.106356e-04
<GCONST> 7.008356e+01
<MIXTURE> 127 2.402244e-03
<MEAN> 25
 -3.733746e+00 -6.898002e+00 -5.222410e+00 2.256100e+00 4.144402e+00 -3.309417e+00 -1.602868e-01 3.847519e+00 3.126836e+00 -2.657063e+00 -1.340584e+00 2.977065e+00 -7.077789e-03 -4.406557e-03 -3.352267e-02 -1.492371e-01 -3.301412e-01 -3.936167e-01 -2.609444e-01 -1.603632e-01 -1.075250e-01 -1.125454e-01 -8.060243e-02 -3.431485e-02 -1.270172e-03
<VARIANCE> 25
 7.451869e+00 1.260814e+01 1.376530e+01 1.509485e+01 2.564625e+01 2.360607e+01 2.566588e+01 3.236934e+01 3.299691e+01 2.590975e+01 2.214722e+01 1.921539e+01 1.702108e-01 3.468007e-01 4.785100e-01 5.641644e-01 7.580155e-01 9.816282e-01 1.117130e+00 1.244053e+00 1.351907e+00 1.307622e+00 1.215701e+00 1.139510e+00 2.106356e-04
<GCONST> 7.008356e+01
<MIXTURE> 128 3.790457e-03
<MEAN> 25
 -3.937598e+00 1.553244e+00 -3.379836e-01 6.560383e+00 3.699647e+00 1.834351e+00 3.606518e+00 2.373635e+00 3.924698e+00 3.680511e+00 3.746686e+00 3.500599e+00 -3.914745e-01 -1.907919e-01 9.869954e-02 7.237090e-01 1.186230e+00 1.125446e+00 7.197533e-01 1.230903e-01 -4.486002e-01 -7.886772e-01 -6.786784e-01 -3.727159e-01 -2.851905e-05
<VARIANCE> 25
 1.012489e+01 1.161744e+01 1.489342e+01 1.917934e+01 2.056593e+01 2.106604e+01 2.422010e+01 2.445761e+01 2.640634e+01 2.372115e+01 2.664130e+01 1.813241e+01 8.872041e-01 1.141182e+00 1.355940e+00 1.492747e+00 1.567397e+00 1.858585e+00 2.236318e+00 2.313568e+00 2.156077e+00 1.850662e+00 1.802044e+00 1.797130e+00 1.005174e-06
<GCONST> 7.362367e+01
<TRANSP> 3
 0.000000e+00 1.000000e+00 0.000000e+00
 0.000000e+00 9.999990e-01 9.999998e-07
 0.000000e+00 0.000000e+00 0.000000e+00
<ENDHMM>
