~o
<STREAMINFO> 1 25
<VECSIZE> 25<NULLD><MFCC_E_D_N><DIAGC>
~h "jmodel"
<BEGINHMM>
<NUMSTATES> 3
<STATE> 2
<NUMMIXES> 128
<MIXTURE> 1 5.748963e-03
<MEAN> 25
 -2.584132e+00 3.181576e+00 2.312403e+00 8.754925e+00 4.372076e+00 3.449299e+00 4.063069e+00 3.935952e+00 5.831979e+00 5.252942e+00 5.884584e+00 3.080335e+00 -2.004658e+00 -1.634835e+00 -8.643675e-01 1.076065e+00 1.560933e+00 2.232565e+00 2.154730e+00 2.085162e+00 1.693530e+00 1.269770e+00 1.567491e+00 6.132562e-01 -4.692877e-02
<VARIANCE> 25
 1.006300e+01 1.175968e+01 1.494498e+01 1.868470e+01 2.319029e+01 2.215053e+01 2.189422e+01 2.197617e+01 2.099930e+01 2.254039e+01 2.095004e+01 1.708166e+01 1.788993e+00 2.111696e+00 3.026064e+00 3.209953e+00 3.739283e+00 3.356503e+00 3.318528e+00 3.380057e+00 3.521549e+00 3.726920e+00 3.513710e+00 2.834332e+00 3.121302e-03
<GCONST> 8.846360e+01
<MIXTURE> 2 4.549242e-03
<MEAN> 25
 -4.875671e+00 1.311720e+00 9.943511e-01 9.899809e+00 6.692275e+00 7.424650e+00 7.847087e+00 6.958091e+00 8.373269e+00 6.373019e+00 7.624402e+00 3.074697e+00 -6.200235e-02 4.161923e-02 1.425301e-01 2.258583e-01 2.652900e-01 2.813653e-01 2.954302e-01 3.195550e-01 3.497573e-01 3.089160e-01 1.971766e-01 8.006547e-02 1.228299e-06
<VARIANCE> 25
 6.952293e+00 8.901894e+00 1.065126e+01 1.591096e+01 1.723581e+01 1.556308e+01 1.689898e+01 1.848562e+01 1.658668e+01 1.738619e+01 1.811029e+01 1.434002e+01 1.252503e-01 2.266278e-01 3.364712e-01 4.671271e-01 6.492781e-01 8.148874e-01 9.298787e-01 1.003176e+00 1.051662e+00 1.077774e+00 1.075658e+00 1.013934e+00 1.000000e-06
<GCONST> 5.804302e+01
<MIXTURE> 3 4.549242e-03
<MEAN> 25
 -4.875671e+00 1.311720e+00 9.943511e-01 9.899809e+00 6.692275e+00 7.424650e+00 7.847087e+00 6.958091e+00 8.373269e+00 6.373019e+00 7.624402e+00 3.074697e+00 -6.200235e-02 4.161923e-02 1.425301e-01 2.258583e-01 2.652900e-01 2.813653e-01 2.954302e-01 3.195550e-01 3.497573e-01 3.089160e-01 1.971766e-01 8.006547e-02 1.228299e-06
<VARIANCE> 25
 6.952293e+00 8.901894e+00 1.065126e+01 1.591096e+01 1.723581e+01 1.556308e+01 1.689898e+01 1.848562e+01 1.658668e+01 1.738619e+01 1.811029e+01 1.434002e+01 1.252503e-01 2.266278e-01 3.364712e-01 4.671271e-01 6.492781e-01 8.148874e-01 9.298787e-01 1.003176e+00 1.051662e+00 1.077774e+00 1.075658e+00 1.013934e+00 1.000000e-06
<GCONST> 5.804302e+01
<MIXTURE> 4 1.671429e-02
<MEAN> 25
 2.442978e+00 3.014526e+00 -3.969329e+00 9.146697e-01 5.512493e+00 -1.030967e+00 -7.036952e-02 -1.756653e-01 1.016836e+00 3.263261e+00 -1.978284e+00 -9.857087e-02 -2.892713e+00 1.531877e+00 1.493949e+00 2.441486e+00 1.202164e+00 -7.496724e-01 1.504341e+00 1.566746e+00 6.584202e-01 4.186151e-01 -2.995311e-02 1.052985e+00 -8.562418e-02
<VARIANCE> 25
 2.041165e+01 2.680068e+01 2.566439e+01 3.242010e+01 3.967981e+01 6.327610e+01 5.288885e+01 4.857495e+01 4.382992e+01 5.707098e+01 4.642187e+01 3.129924e+01 2.078777e+00 4.292697e+00 3.635120e+00 5.108716e+00 4.344128e+00 1.012404e+01 4.791558e+00 5.537770e+00 4.828518e+00 5.564519e+00 9.045555e+00 3.728705e+00 5.600480e-03
<GCONST> 1.035578e+02
<MIXTURE> 5 3.206198e-03
<MEAN> 25
 -3.413119e+00 2.183752e+00 6.118790e-01 9.425694e+00 6.709520e+00 6.288393e+00 7.115997e+00 4.732773e+00 5.477385e+00 3.846565e+00 4.640434e+00 2.599176e+00 -3.233066e-01 7.532291e-01 1.222637e+00 1.030419e+00 3.074926e-01 -1.030336e-01 -8.464724e-02 3.258443e-02 4.504243e-01 6.858492e-01 4.025367e-01 8.954555e-02 -2.466655e-05
<VARIANCE> 25
 1.024020e+01 1.392036e+01 2.344408e+01 2.557482e+01 2.026674e+01 1.980181e+01 2.008361e+01 2.036883e+01 2.156669e+01 2.124531e+01 2.423106e+01 1.635950e+01 1.208810e+00 1.242129e+00 1.357226e+00 1.673134e+00 2.280616e+00 2.376318e+00 2.297678e+00 2.271644e+00 2.342198e+00 2.236423e+00 2.082705e+00 1.871733e+00 1.003558e-06
<GCONST> 7.519478e+01
<MIXTURE> 6 5.475854e-03
<MEAN> 25
 8.598340e+00 -1.370736e+00 -7.041623e+00 -9.730887e+00 -3.891910e+00 8.544505e+00 -6.233012e+00 -5.924022e+00 -3.790217e+00 6.472492e-01 6.072698e+00 -1.506913e+00 3.811505e-01 6.855961e-01 -9.062785e-02 -1.624875e+00 -6.842896e-01 1.406427e+00 1.583408e+00 1.115158e-01 -1.216793e+00 -1.136060e+00 2.056766e-01 1.174959e+00 -2.545444e-03
<VARIANCE> 25
 1.193224e+01 1.597938e+01 2.205568e+01 3.782774e+01 3.791081e+01 3.425519e+01 3.649670e+01 3.127755e+01 3.293589e+01 3.591540e+01 4.022130e+01 2.538610e+01 3.238363e-01 9.002265e-01 9.777127e-01 1.773524e+00 1.422331e+00 1.937173e+00 1.640502e+00 1.738182e+00 2.277656e+00 1.697521e+00 1.902862e+00 1.208028e+00 5.926880e-04
<GCONST> 8.227060e+01
<MIXTURE> 7 5.475854e-03
<MEAN> 25
 8.598340e+00 -1.370736e+00 -7.041623e+00 -9.730887e+00 -3.891910e+00 8.544505e+00 -6.233012e+00 -5.924022e+00 -3.790217e+00 6.472492e-01 6.072698e+00 -1.506913e+00 3.811505e-01 6.855961e-01 -9.062785e-02 -1.624875e+00 -6.842896e-01 1.406427e+00 1.583408e+00 1.115158e-01 -1.216793e+00 -1.136060e+00 2.056766e-01 1.174959e+00 -2.545444e-03
<VARIANCE> 25
 1.193224e+01 1.597938e+01 2.205568e+01 3.782774e+01 3.791081e+01 3.425519e+01 3.649670e+01 3.127755e+01 3.293589e+01 3.591540e+01 4.022130e+01 2.538610e+01 3.238363e-01 9.002265e-01 9.777127e-01 1.773524e+00 1.422331e+00 1.937173e+00 1.640502e+00 1.738182e+00 2.277656e+00 1.697521e+00 1.902862e+00 1.208028e+00 5.926880e-04
<GCONST> 8.227060e+01
<MIXTURE> 8 1.165917e-02
<MEAN> 25
 -4.729798e+00 1.362451e+00 1.292884e+00 9.557010e+00 6.575242e+00 6.253670e+00 6.482631e+00 5.689378e+00 6.657935e+00 5.632450e+00 6.570116e+00 3.152810e+00 -6.293595e-01 -1.425819e+00 -1.071139e+00 -1.730732e+00 -2.315069e-01 -9.454877e-01 -1.780230e-01 -2.900844e-01 -2.527880e-01 -1.738515e-01 -2.132974e-01 8.145940e-02 9.887536e-02
<VARIANCE> 25
 9.338614e+00 9.845786e+00 1.161407e+01 1.607319e+01 1.663136e+01 1.571149e+01 1.814703e+01 1.751077e+01 1.704300e+01 1.737866e+01 1.890729e+01 1.400021e+01 2.757177e+00 2.816619e+00 3.906068e+00 3.761779e+00 3.456900e+00 3.315722e+00 3.128659e+00 3.082522e+00 2.872060e+00 2.655787e+00 2.434620e+00 1.901901e+00 6.683460e-03
<GCONST> 8.629296e+01
<MIXTURE> 9 1.199672e-02
<MEAN> 25
 8.899981e+00 2.741310e+00 -5.792135e+00 -9.536535e+00 -2.478084e+00 5.548941e+00 -2.990401e+00 -3.279493e+00 -5.635298e+00 -9.672684e-01 2.822925e+00 4.574365e-01 1.431314e+00 -3.957281e-01 -1.915375e-01 -2.415797e+00 -2.280754e+00 1.385741e+00 -7.841075e-01 -3.851717e-01 -1.583367e-01 -9.109946e-01 9.305742e-01 -1.636916e-01 7.337026e-02
<VARIANCE> 25
 1.117822e+01 2.061676e+01 2.899039e+01 5.041919e+01 4.855090e+01 3.272002e+01 3.912868e+01 4.837972e+01 3.563303e+01 3.696367e+01 5.439008e+01 2.348542e+01 1.754780e+00 2.410182e+00 4.514548e+00 4.561826e+00 6.421741e+00 4.728745e+00 3.993602e+00 5.229481e+00 4.303490e+00 3.970291e+00 4.263281e+00 2.355387e+00 1.919678e-03
<GCONST> 9.773547e+01
<MIXTURE> 10 6.596976e-03
<MEAN> 25
 8.201182e-01 7.634508e+00 5.373702e+00 7.148460e+00 1.589418e+00 -2.116828e+00 -5.195795e-01 -1.683980e+00 8.734275e-01 8.621483e-01 8.365647e-01 6.574399e-01 -1.925044e+00 -6.720182e-01 -4.589715e-01 3.027308e+00 2.463027e+00 2.709345e+00 2.373705e+00 2.277519e+00 1.861144e+00 1.545212e+00 2.334290e+00 5.252390e-01 -1.381157e-01
<VARIANCE> 25
 1.953963e+01 2.068349e+01 2.231626e+01 2.905422e+01 3.831671e+01 3.494019e+01 3.514256e+01 3.383847e+01 2.760991e+01 2.905933e+01 2.697442e+01 2.500964e+01 2.234250e+00 3.431299e+00 5.534569e+00 5.170865e+00 5.550949e+00 4.472650e+00 4.698662e+00 4.842686e+00 4.388210e+00 5.019857e+00 4.449558e+00 3.190645e+00 2.698564e-03
<GCONST> 9.746330e+01
<MIXTURE> 11 1.633820e-02
<MEAN> 25
 7.488239e+00 4.222388e+00 3.484132e+00 5.226237e+00 -2.858991e+00 -2.373717e+00 -1.815242e+00 -6.050887e+00 -3.505587e+00 5.931875e-01 -2.876848e+00 -2.284988e+00 -2.119019e-01 6.036536e-01 1.411368e-01 2.668554e-01 5.121174e-01 -7.177120e-02 1.757108e-01 -1.931656e-01 -2.070807e-01 -5.970883e-02 -2.206845e-01 1.910858e-01 -1.549104e-02
<VARIANCE> 25
 1.253808e+01 2.391565e+01 2.015487e+01 2.997699e+01 4.138765e+01 3.861485e+01 5.659865e+01 4.520711e+01 4.166005e+01 3.785243e+01 3.624589e+01 2.801057e+01 9.766049e-01 1.266172e+00 1.661556e+00 2.133880e+00 2.047338e+00 2.117694e+00 2.180292e+00 2.677465e+00 2.108212e+00 2.082942e+00 1.870388e+00 1.583191e+00 1.002513e-03
<GCONST> 8.793329e+01
<MIXTURE> 12 5.904134e-03
<MEAN> 25
 1.034806e+01 1.950868e+00 -3.939964e+00 -1.494931e+01 -9.548853e+00 1.054928e+01 -3.949163e-01 -3.545817e+00 -1.795010e+00 -4.748408e+00 3.672033e+00 1.297075e+00 4.287986e-02 3.432870e-01 1.001338e-01 -4.544467e-01 -1.746522e-01 9.542489e-02 4.139937e-01 3.488590e-01 3.001134e-01 -3.172382e-01 -4.983197e-01 6.203786e-02 -6.782396e-03
<VARIANCE> 25
 9.048330e+00 2.465752e+01 1.993193e+01 3.093927e+01 3.484160e+01 3.420627e+01 3.589146e+01 4.483817e+01 3.605932e+01 2.945439e+01 3.911023e+01 2.350276e+01 2.091475e-01 6.382647e-01 5.486771e-01 1.129938e+00 1.076030e+00 9.548602e-01 1.385138e+00 1.222645e+00 1.331492e+00 9.977236e-01 1.126420e+00 7.870670e-01 4.852437e-04
<GCONST> 7.663210e+01
<MIXTURE> 13 5.904134e-03
<MEAN> 25
 1.034806e+01 1.950868e+00 -3.939964e+00 -1.494931e+01 -9.548853e+00 1.054928e+01 -3.949163e-01 -3.545817e+00 -1.795010e+00 -4.748408e+00 3.672033e+00 1.297075e+00 4.287986e-02 3.432870e-01 1.001338e-01 -4.544467e-01 -1.746522e-01 9.542489e-02 4.139937e-01 3.488590e-01 3.001134e-01 -3.172382e-01 -4.983197e-01 6.203786e-02 -6.782396e-03
<VARIANCE> 25
 9.048330e+00 2.465752e+01 1.993193e+01 3.093927e+01 3.484160e+01 3.420627e+01 3.589146e+01 4.483817e+01 3.605932e+01 2.945439e+01 3.911023e+01 2.350276e+01 2.091475e-01 6.382647e-01 5.486771e-01 1.129938e+00 1.076030e+00 9.548602e-01 1.385138e+00 1.222645e+00 1.331492e+00 9.977236e-01 1.126420e+00 7.870670e-01 4.852437e-04
<GCONST> 7.663210e+01
<MIXTURE> 14 6.488954e-03
<MEAN> 25
 -4.298941e+00 -3.613963e-01 -2.958583e-01 8.849607e+00 7.516591e+00 7.327290e+00 7.893204e+00 7.369819e+00 7.221904e+00 5.205796e+00 6.752925e+00 4.058401e+00 -2.705520e-01 1.945582e-01 3.590436e-01 3.149289e-01 1.708788e-02 4.682776e-02 9.970769e-02 1.804451e-01 2.824963e-01 5.391378e-01 4.971505e-01 7.075181e-02 -9.328628e-03
<VARIANCE> 25
 9.235908e+00 1.376566e+01 1.854547e+01 1.809777e+01 2.079157e+01 1.978606e+01 2.169823e+01 2.070251e+01 2.003893e+01 2.377764e+01 2.245114e+01 1.607935e+01 9.551551e-01 1.628624e+00 1.764227e+00 1.924469e+00 2.241176e+00 2.260385e+00 2.248753e+00 2.227645e+00 2.305211e+00 2.491028e+00 2.191984e+00 1.806737e+00 1.020637e-03
<GCONST> 8.192548e+01
<MIXTURE> 15 2.475190e-03
<MEAN> 25
 -5.309327e+00 -6.019919e-01 -1.474124e-01 7.187196e+00 5.677561e+00 5.687673e+00 6.277958e+00 5.178951e+00 5.129927e+00 4.100361e+00 5.226568e+00 2.519388e+00 -1.190073e-01 -2.711667e-02 5.747804e-02 2.577013e-01 5.117759e-01 7.607045e-01 1.095792e+00 1.175420e+00 1.018853e+00 7.554086e-01 3.842922e-01 1.260069e-01 -2.939035e-04
<VARIANCE> 25
 7.102661e+00 5.484773e+00 8.900881e+00 1.328865e+01 1.367577e+01 1.434409e+01 1.583504e+01 1.565198e+01 1.376363e+01 1.393573e+01 1.675154e+01 1.231116e+01 1.275369e-01 2.144198e-01 3.216601e-01 5.396236e-01 7.090899e-01 8.023908e-01 7.673031e-01 7.684791e-01 9.296528e-01 1.025040e+00 1.072227e+00 1.027842e+00 2.828808e-05
<GCONST> 5.889316e+01
<MIXTURE> 16 2.475190e-03
<MEAN> 25
 -5.309327e+00 -6.019919e-01 -1.474124e-01 7.187196e+00 5.677561e+00 5.687673e+00 6.277958e+00 5.178951e+00 5.129927e+00 4.100361e+00 5.226568e+00 2.519388e+00 -1.190073e-01 -2.711667e-02 5.747804e-02 2.577013e-01 5.117759e-01 7.607045e-01 1.095792e+00 1.175420e+00 1.018853e+00 7.554086e-01 3.842922e-01 1.260069e-01 -2.939035e-04
<VARIANCE> 25
 7.102661e+00 5.484773e+00 8.900881e+00 1.328865e+01 1.367577e+01 1.434409e+01 1.583504e+01 1.565198e+01 1.376363e+01 1.393573e+01 1.675154e+01 1.231116e+01 1.275369e-01 2.144198e-01 3.216601e-01 5.396236e-01 7.090899e-01 8.023908e-01 7.673031e-01 7.684791e-01 9.296528e-01 1.025040e+00 1.072227e+00 1.027842e+00 2.828808e-05
<GCONST> 5.889316e+01
<MIXTURE> 17 9.518312e-03
<MEAN> 25
 4.076804e+00 8.628333e-01 7.459991e+00 1.972389e+00 -3.802695e+00 -5.494773e+00 -3.460568e+00 7.241589e-01 -3.598578e+00 -4.412683e+00 -1.945719e+00 2.218395e-01 -8.332289e-01 -1.570857e+00 1.837269e+00 -2.251208e+00 -2.390991e+00 1.095142e+00 -6.409645e-01 2.395207e-01 -9.872865e-03 -4.364248e-01 1.006227e+00 2.607181e-01 8.508280e-02
<VARIANCE> 25
 1.458884e+01 3.291788e+01 3.389713e+01 4.118970e+01 4.681860e+01 6.573217e+01 4.582077e+01 2.899241e+01 2.995513e+01 2.289521e+01 3.102400e+01 2.422121e+01 1.492783e+00 2.539732e+00 3.760728e+00 3.230913e+00 3.291404e+00 8.920734e+00 6.061418e+00 4.098478e+00 3.443829e+00 3.318973e+00 2.761397e+00 2.571800e+00 1.615385e-03
<GCONST> 9.612971e+01
<MIXTURE> 18 1.221018e-02
<MEAN> 25
 3.470524e+00 4.112282e+00 6.520973e+00 4.826649e+00 -3.909858e+00 -7.700356e+00 -2.333772e+00 -1.245749e+00 -2.835043e+00 -1.543592e+00 -1.151682e+00 8.607589e-01 -9.383088e-01 2.450887e+00 -4.702665e-01 1.516162e+00 3.199383e+00 5.698459e-01 1.062673e+00 -1.012961e-01 4.138101e-01 9.288765e-01 -9.018701e-01 2.798085e-01 -1.086833e-01
<VARIANCE> 25
 1.437613e+01 2.286837e+01 3.113463e+01 2.201255e+01 4.694591e+01 3.232852e+01 3.505666e+01 2.995523e+01 3.341961e+01 3.304626e+01 3.083771e+01 2.663687e+01 2.302445e+00 2.868336e+00 4.197572e+00 4.470549e+00 3.990687e+00 8.371904e+00 4.528930e+00 3.762898e+00 3.840846e+00 4.153048e+00 5.094126e+00 3.390675e+00 4.206440e-03
<GCONST> 9.758365e+01
<MIXTURE> 19 9.912824e-03
<MEAN> 25
 -9.112116e+00 2.315900e+00 3.126209e-01 1.370368e+00 4.267617e+00 8.281865e-01 4.137975e+00 1.480839e+00 1.532163e+00 1.801407e+00 2.794767e-01 1.786709e+00 2.078275e+00 1.708766e+00 1.988485e+00 7.524388e-01 -9.401010e-01 -1.037713e+00 -1.198170e+00 -1.264497e+00 -1.448304e+00 -1.304593e+00 -7.505808e-01 -6.528350e-01 5.782777e-03
<VARIANCE> 25
 5.915590e+01 3.081024e+01 4.428901e+01 4.978110e+01 3.220445e+01 3.515617e+01 3.548706e+01 2.873016e+01 2.895841e+01 2.893811e+01 3.444216e+01 1.900999e+01 2.216146e+00 2.087129e+00 2.289195e+00 2.171864e+00 2.510721e+00 2.093596e+00 2.514446e+00 2.494845e+00 1.975684e+00 2.305665e+00 2.144144e+00 1.915179e+00 2.402799e-03
<GCONST> 9.185640e+01
<MIXTURE> 20 6.308331e-03
<MEAN> 25
 -1.427338e+01 7.547435e+00 8.982183e-01 5.927305e+00 5.054363e+00 1.452430e+00 5.187466e+00 8.047992e-01 8.477142e-01 9.771544e-01 2.246915e+00 -2.103180e-01 -3.228471e+00 -8.374973e-01 -1.566301e+00 3.722267e-01 1.503943e+00 2.071735e+00 1.974640e+00 2.003253e+00 2.114186e+00 2.025934e+00 1.708448e+00 9.657176e-01 4.572320e-02
<VARIANCE> 25
 1.973204e+01 2.382517e+01 3.050208e+01 3.891586e+01 3.243031e+01 2.898244e+01 2.937595e+01 3.100503e+01 2.773898e+01 2.921276e+01 2.975773e+01 2.091886e+01 2.209991e+00 2.182656e+00 1.875009e+00 2.570628e+00 2.717607e+00 2.272253e+00 2.265772e+00 2.410820e+00 2.235549e+00 2.609732e+00 2.227960e+00 1.851143e+00 1.972810e-03
<GCONST> 8.958745e+01
<MIXTURE> 21 7.928653e-03
<MEAN> 25
 3.670768e+00 -5.988745e+00 5.434981e+00 -1.674734e-02 -1.194119e+01 -6.128558e+00 -1.851145e+00 3.098113e+00 5.718815e-01 -3.598789e+00 1.348912e+00 1.825722e-02 -5.765057e-01 1.258162e+00 2.410691e+00 -7.738088e-02 -1.355221e+00 3.320475e-01 1.592263e-01 -1.099986e+00 -1.968606e+00 1.685604e-01 1.456160e+00 4.179963e-01 -1.148140e-02
<VARIANCE> 25
 6.783018e+00 1.853331e+01 2.560329e+01 2.647916e+01 2.513342e+01 4.046268e+01 4.174774e+01 3.189766e+01 5.643507e+01 3.349446e+01 3.280477e+01 1.766578e+01 3.255997e-01 7.514900e-01 1.446903e+00 9.609780e-01 1.788310e+00 1.613327e+00 3.120008e+00 2.230009e+00 1.704010e+00 2.163235e+00 1.821878e+00 1.780932e+00 3.641587e-04
<GCONST> 8.181033e+01
<MIXTURE> 22 8.827789e-03
<MEAN> 25
 -1.792356e+01 7.168494e+00 -4.122891e+00 7.372882e+00 4.614241e+00 2.747572e+00 8.398173e+00 1.747822e+00 5.374211e+00 3.314667e+00 5.693583e+00 1.194240e+00 -3.083182e-01 -2.061913e-01 -1.282643e-01 -1.460542e-01 -9.212115e-03 1.392085e-01 1.821140e-01 1.792391e-01 2.483562e-01 2.078194e-01 1.743269e-01 1.935415e-01 8.771206e-03
<VARIANCE> 25
 8.109326e+00 1.690654e+01 1.740124e+01 2.534498e+01 2.293533e+01 2.091207e+01 1.940828e+01 1.867980e+01 1.812667e+01 2.094807e+01 1.950241e+01 1.381321e+01 1.090935e+00 1.356476e+00 1.366418e+00 1.575613e+00 1.409422e+00 1.528966e+00 1.508444e+00 1.532768e+00 1.612044e+00 1.543469e+00 1.359231e+00 1.167717e+00 1.747457e-03
<GCONST> 7.834711e+01
<MIXTURE> 23 6.455497e-03
<MEAN> 25
 7.797929e+00 2.501847e+00 3.012758e+00 2.485579e+00 -4.662896e+00 -3.198481e+00 -3.923715e+00 -6.339005e+00 -3.434631e+00 -7.889454e-01 -4.147785e+00 -2.197763e+00 4.446186e-02 1.870332e-01 1.290203e-02 5.036569e-02 -2.593758e-02 4.394494e-02 2.240611e-02 -8.104060e-02 2.273661e-02 5.308625e-02 -1.833138e-02 3.422113e-02 -3.942594e-03
<VARIANCE> 25
 1.137335e+01 2.243209e+01 2.420230e+01 4.024024e+01 4.018834e+01 5.318898e+01 6.453773e+01 5.527116e+01 4.719998e+01 5.040673e+01 4.808339e+01 3.969254e+01 1.213835e-01 2.930810e-01 3.737702e-01 4.802676e-01 6.237243e-01 6.980834e-01 7.606634e-01 9.102397e-01 8.747091e-01 8.641081e-01 8.290642e-01 7.447281e-01 9.521413e-05
<GCONST> 7.327135e+01
<MIXTURE> 24 6.455497e-03
<MEAN> 25
 7.797929e+00 2.501847e+00 3.012758e+00 2.485579e+00 -4.662896e+00 -3.198481e+00 -3.923715e+00 -6.339005e+00 -3.434631e+00 -7.889454e-01 -4.147785e+00 -2.197763e+00 4.446186e-02 1.870332e-01 1.290203e-02 5.036569e-02 -2.593758e-02 4.394494e-02 2.240611e-02 -8.104060e-02 2.273661e-02 5.308625e-02 -1.833138e-02 3.422113e-02 -3.942594e-03
<VARIANCE> 25
 1.137335e+01 2.243209e+01 2.420230e+01 4.024024e+01 4.018834e+01 5.318898e+01 6.453773e+01 5.527116e+01 4.719998e+01 5.040673e+01 4.808339e+01 3.969254e+01 1.213835e-01 2.930810e-01 3.737702e-01 4.802676e-01 6.237243e-01 6.980834e-01 7.606634e-01 9.102397e-01 8.747091e-01 8.641081e-01 8.290642e-01 7.447281e-01 9.521413e-05
<GCONST> 7.327135e+01
<MIXTURE> 25 1.118642e-02
<MEAN> 25
 7.679726e-01 2.046957e+00 1.565101e+01 2.777441e-01 -1.194432e+01 -1.202733e+00 -5.359076e+00 -2.749590e+00 -5.952571e+00 -5.693251e+00 4.710283e+00 -1.084266e+00 -1.532086e-01 5.829777e-01 2.024701e-01 1.735033e-01 4.290639e-01 -6.173398e-02 1.249362e-01 -2.743092e-01 -4.602095e-01 2.895003e-01 -2.290430e-01 -1.306256e-03 -1.534289e-02
<VARIANCE> 25
 7.834206e+00 2.741613e+01 2.096104e+01 2.927682e+01 2.696795e+01 3.631829e+01 2.512465e+01 2.480467e+01 2.863153e+01 3.560707e+01 2.035400e+01 2.383880e+01 4.954600e-01 1.292538e+00 1.250992e+00 1.201273e+00 2.380292e+00 2.364239e+00 1.675159e+00 1.399205e+00 1.568522e+00 1.681497e+00 1.452409e+00 1.122351e+00 1.144383e-03
<GCONST> 8.139625e+01
<MIXTURE> 26 7.727677e-03
<MEAN> 25
 2.200466e+00 -5.976200e+00 -1.089732e+01 -1.157818e+00 8.610468e+00 4.856981e+00 3.628982e+00 -9.487962e-01 1.807161e+00 -1.287845e-02 -2.663038e+00 -5.761475e-01 -6.180416e-01 6.897383e-01 4.041589e-01 7.180488e-01 1.513235e-01 2.420050e-01 2.782665e-01 2.572759e-01 3.905171e-01 9.379738e-02 5.318741e-01 4.698907e-01 -4.804461e-02
<VARIANCE> 25
 2.330122e+01 3.464212e+01 2.780970e+01 6.032655e+01 4.357859e+01 4.530483e+01 4.536019e+01 4.642131e+01 4.203022e+01 6.082115e+01 3.849971e+01 4.690880e+01 1.562279e+00 1.865585e+00 2.026261e+00 1.906082e+00 2.624947e+00 2.259305e+00 2.370484e+00 2.728403e+00 2.338789e+00 2.538039e+00 2.355168e+00 1.882899e+00 3.305472e-03
<GCONST> 9.427737e+01
<MIXTURE> 27 7.727677e-03
<MEAN> 25
 2.200466e+00 -5.976200e+00 -1.089732e+01 -1.157818e+00 8.610468e+00 4.856981e+00 3.628982e+00 -9.487962e-01 1.807161e+00 -1.287845e-02 -2.663038e+00 -5.761475e-01 -6.180416e-01 6.897383e-01 4.041589e-01 7.180488e-01 1.513235e-01 2.420050e-01 2.782665e-01 2.572759e-01 3.905171e-01 9.379738e-02 5.318741e-01 4.698907e-01 -4.804461e-02
<VARIANCE> 25
 2.330122e+01 3.464212e+01 2.780970e+01 6.032655e+01 4.357859e+01 4.530483e+01 4.536019e+01 4.642131e+01 4.203022e+01 6.082115e+01 3.849971e+01 4.690880e+01 1.562279e+00 1.865585e+00 2.026261e+00 1.906082e+00 2.624947e+00 2.259305e+00 2.370484e+00 2.728403e+00 2.338789e+00 2.538039e+00 2.355168e+00 1.882899e+00 3.305472e-03
<GCONST> 9.427737e+01
<MIXTURE> 28 5.036674e-03
<MEAN> 25
 -5.451370e+00 1.195708e-02 -1.569139e+00 6.616362e+00 5.233032e+00 3.517389e+00 5.416661e+00 3.130600e+00 3.922352e+00 2.394239e+00 2.637844e+00 3.220146e+00 -1.152024e-01 2.232683e-01 5.287297e-01 7.848306e-01 8.221251e-01 7.028019e-01 5.231287e-01 3.919471e-01 4.445883e-01 4.825099e-01 3.709829e-01 1.896823e-01 -1.231760e-05
<VARIANCE> 25
 1.043424e+01 8.352634e+00 1.216000e+01 1.484278e+01 1.471444e+01 1.774055e+01 1.804003e+01 1.901709e+01 1.718823e+01 1.673046e+01 2.061147e+01 1.500408e+01 2.565394e-01 3.365630e-01 4.068233e-01 4.641879e-01 6.216154e-01 8.473535e-01 1.056486e+00 1.144776e+00 1.103601e+00 1.029959e+00 1.036707e+00 1.066760e+00 1.000116e-06
<GCONST> 6.025469e+01
<MIXTURE> 29 5.036674e-03
<MEAN> 25
 -5.451370e+00 1.195708e-02 -1.569139e+00 6.616362e+00 5.233032e+00 3.517389e+00 5.416661e+00 3.130600e+00 3.922352e+00 2.394239e+00 2.637844e+00 3.220146e+00 -1.152024e-01 2.232683e-01 5.287297e-01 7.848306e-01 8.221251e-01 7.028019e-01 5.231287e-01 3.919471e-01 4.445883e-01 4.825099e-01 3.709829e-01 1.896823e-01 -1.231760e-05
<VARIANCE> 25
 1.043424e+01 8.352634e+00 1.216000e+01 1.484278e+01 1.471444e+01 1.774055e+01 1.804003e+01 1.901709e+01 1.718823e+01 1.673046e+01 2.061147e+01 1.500408e+01 2.565394e-01 3.365630e-01 4.068233e-01 4.641879e-01 6.216154e-01 8.473535e-01 1.056486e+00 1.144776e+00 1.103601e+00 1.029959e+00 1.036707e+00 1.066760e+00 1.000116e-06
<GCONST> 6.025469e+01
<MIXTURE> 30 8.917812e-03
<MEAN> 25
 -4.325142e+00 -4.594034e-02 6.113503e-01 8.541644e+00 7.837018e+00 7.364129e+00 7.867459e+00 7.098341e+00 6.448275e+00 4.865878e+00 6.433939e+00 3.311391e+00 -1.970041e-02 2.193939e-02 5.694250e-03 1.108272e-01 1.226773e-01 1.873069e-02 6.546172e-02 4.556000e-04 2.333443e-02 1.193945e-01 5.973002e-02 4.486847e-02 -9.580334e-04
<VARIANCE> 25
 7.088257e+00 9.840394e+00 1.003079e+01 1.859966e+01 1.548687e+01 1.626703e+01 1.956504e+01 1.815981e+01 1.573835e+01 1.766447e+01 2.591399e+01 1.438479e+01 9.567182e-02 2.024378e-01 3.622400e-01 4.863158e-01 6.334830e-01 7.207381e-01 8.057970e-01 7.946774e-01 8.598926e-01 9.895921e-01 8.914387e-01 8.482875e-01 5.138807e-05
<GCONST> 6.114415e+01
<MIXTURE> 31 4.136493e-03
<MEAN> 25
 -3.200706e+00 -5.182677e+00 2.275365e-01 4.608636e+00 3.697526e+00 1.680354e+00 5.436230e+00 6.679555e+00 2.679290e+00 1.122531e+00 5.910684e+00 3.089602e+00 2.499116e-01 4.605028e-01 -2.679488e-01 2.885760e-01 1.508224e-01 3.918181e-01 2.198910e-01 7.943604e-02 3.596568e-01 3.968318e-01 1.161045e-01 1.097981e-01 -1.827711e-02
<VARIANCE> 25
 6.839007e+00 1.774475e+01 1.705897e+01 1.799374e+01 2.442459e+01 2.315295e+01 2.371318e+01 2.429158e+01 2.496320e+01 2.716783e+01 2.433702e+01 1.783287e+01 1.801534e-01 4.716399e-01 6.198142e-01 7.416863e-01 9.658125e-01 1.082660e+00 1.259537e+00 1.441246e+00 1.291580e+00 1.314341e+00 1.204391e+00 1.109975e+00 2.508158e-04
<GCONST> 7.168568e+01
<MIXTURE> 32 4.136493e-03
<MEAN> 25
 -3.200706e+00 -5.182677e+00 2.275365e-01 4.608636e+00 3.697526e+00 1.680354e+00 5.436230e+00 6.679555e+00 2.679290e+00 1.122531e+00 5.910684e+00 3.089602e+00 2.499116e-01 4.605028e-01 -2.679488e-01 2.885760e-01 1.508224e-01 3.918181e-01 2.198910e-01 7.943604e-02 3.596568e-01 3.968318e-01 1.161045e-01 1.097981e-01 -1.827711e-02
<VARIANCE> 25
 6.839007e+00 1.774475e+01 1.705897e+01 1.799374e+01 2.442459e+01 2.315295e+01 2.371318e+01 2.429158e+01 2.496320e+01 2.716783e+01 2.433702e+01 1.783287e+01 1.801534e-01 4.716399e-01 6.198142e-01 7.416863e-01 9.658125e-01 1.082660e+00 1.259537e+00 1.441246e+00 1.291580e+00 1.314341e+00 1.204391e+00 1.109975e+00 2.508158e-04
<GCONST> 7.168568e+01
<MIXTURE> 33 1.508826e-02
<MEAN> 25
 6.298708e+00 -3.944643e+00 -3.020584e+00 -2.041073e+00 -1.687406e+00 -5.111569e+00 -7.484823e+00 1.908348e+00 1.595649e+00 -8.365320e-01 -3.981323e+00 -2.977653e+00 5.534904e-01 -1.044989e+00 -2.501558e+00 -1.703862e+00 1.705400e+00 1.343983e+00 -7.065686e-01 1.813584e-01 9.693227e-01 8.591514e-01 -4.376450e-01 -1.259453e+00 3.575642e-02
<VARIANCE> 25
 9.205023e+00 2.242340e+01 2.808561e+01 3.756419e+01 4.726825e+01 4.024800e+01 4.942964e+01 4.052706e+01 5.453004e+01 4.302765e+01 3.819400e+01 2.486483e+01 1.177119e+00 1.993974e+00 2.129067e+00 2.060823e+00 4.378748e+00 3.124884e+00 3.712588e+00 6.408300e+00 3.486249e+00 4.744163e+00 3.040638e+00 3.003453e+00 1.469738e-03
<GCONST> 9.462061e+01
<MIXTURE> 34 1.588179e-02
<MEAN> 25
 8.866519e+00 6.114103e-02 4.366081e-02 1.186612e+00 -2.893119e+00 -1.422475e+00 -6.120660e+00 -4.642121e+00 -1.901737e+00 1.432978e-01 -2.483023e+00 -3.631548e+00 -1.779058e-02 1.340185e+00 1.435521e+00 2.372987e+00 1.043166e-02 -2.114872e-01 7.858657e-01 -1.601682e+00 -8.839299e-01 2.938643e-01 -5.779907e-01 2.502742e-01 -6.258024e-02
<VARIANCE> 25
 7.839466e+00 3.058710e+01 3.050575e+01 4.953490e+01 4.262028e+01 5.004063e+01 5.425610e+01 5.632264e+01 5.298632e+01 4.277321e+01 4.955528e+01 3.139048e+01 1.267686e+00 1.975123e+00 4.302220e+00 4.061123e+00 5.738954e+00 5.987692e+00 5.452067e+00 6.185945e+00 5.160297e+00 4.998587e+00 4.990710e+00 3.842523e+00 1.150410e-03
<GCONST> 9.978266e+01
<MIXTURE> 35 1.467755e-02
<MEAN> 25
 -1.815865e+00 -4.087852e+00 -9.891325e+00 -7.161542e-01 1.068074e+01 -5.816503e-02 2.101018e+00 1.718286e+00 6.215145e-01 5.864893e+00 -9.660650e-01 1.892934e+00 5.192497e-01 -1.338553e+00 -1.337244e+00 -1.287149e+00 2.251655e-01 -4.563640e-01 -6.110561e-01 -8.175972e-01 1.359509e-01 5.237774e-01 -4.603995e-01 -1.792980e-01 1.039207e-01
<VARIANCE> 25
 1.864599e+01 3.623228e+01 4.189542e+01 5.971170e+01 4.337320e+01 4.967451e+01 5.375813e+01 5.407504e+01 4.757954e+01 3.886105e+01 3.465179e+01 2.968349e+01 3.455848e+00 4.358513e+00 6.205105e+00 4.710609e+00 7.181317e+00 5.222718e+00 4.243959e+00 5.982106e+00 4.526261e+00 4.565554e+00 3.795228e+00 4.002489e+00 4.832123e-03
<GCONST> 1.037585e+02
<MIXTURE> 36 1.093293e-02
<MEAN> 25
 3.887830e+00 -6.060187e+00 7.448706e+00 5.241944e+00 -1.085808e+01 -5.840818e+00 -8.451982e+00 1.681692e+00 -2.521194e+00 -8.972809e+00 6.192912e+00 -6.991615e-01 1.745030e-01 2.275258e-01 -1.267184e+00 2.386618e-01 6.351189e-01 -1.082763e-02 -8.315018e-01 2.792830e-01 5.263878e-01 5.662963e-01 -4.261555e-01 -1.396197e-01 -1.312607e-02
<VARIANCE> 25
 6.274904e+00 1.503543e+01 2.108746e+01 2.008585e+01 2.780458e+01 2.515974e+01 4.281208e+01 2.414619e+01 3.048168e+01 4.252985e+01 2.665213e+01 1.542768e+01 3.268003e-01 7.036819e-01 2.786773e+00 8.900999e-01 1.301073e+00 1.231732e+00 1.424019e+00 1.686016e+00 2.691399e+00 1.928201e+00 1.070570e+00 1.084820e+00 4.840869e-04
<GCONST> 7.816944e+01
<MIXTURE> 37 1.246826e-02
<MEAN> 25
 5.566871e-01 7.733737e+00 1.205606e+01 -5.512180e+00 -8.043382e+00 -1.032779e+00 -5.084326e+00 -8.297971e+00 -3.706581e+00 -9.168330e-01 -3.636132e+00 -1.278512e+00 1.792099e-01 6.507113e-01 -1.350749e+00 3.564873e+00 1.993237e+00 -3.215551e-01 1.099434e+00 4.319230e-01 5.225558e-01 -3.122226e-01 5.258841e-01 -9.216426e-02 -9.462222e-02
<VARIANCE> 25
 1.587856e+01 2.622140e+01 3.081259e+01 5.118741e+01 3.382716e+01 3.202539e+01 4.377939e+01 3.502584e+01 3.848643e+01 3.586324e+01 3.784423e+01 3.080697e+01 2.947387e+00 3.423099e+00 3.006840e+00 4.161141e+00 4.637418e+00 3.833674e+00 4.204483e+00 3.799728e+00 3.439823e+00 3.643928e+00 3.920604e+00 2.790403e+00 3.936851e-03
<GCONST> 9.782690e+01
<MIXTURE> 38 1.154525e-02
<MEAN> 25
 -4.780886e+00 9.247020e+00 4.943350e+00 2.214696e+00 2.223435e+00 -7.792023e+00 1.243512e+00 -1.581680e+00 -2.576360e+00 -5.510778e-01 -3.495363e+00 1.547310e+00 -4.517062e+00 1.642823e+00 -3.032335e-01 6.478178e-01 2.837524e+00 4.836798e-01 2.231556e+00 1.202234e+00 4.763213e-01 4.947689e-01 -1.565614e-01 4.847536e-01 4.530604e-02
<VARIANCE> 25
 3.235941e+01 2.587041e+01 3.435460e+01 2.807738e+01 4.530033e+01 4.611017e+01 4.091674e+01 3.731655e+01 2.697233e+01 3.877214e+01 2.941469e+01 3.417419e+01 2.081686e+00 3.539010e+00 3.105936e+00 5.331160e+00 4.215601e+00 7.305862e+00 4.392981e+00 3.752949e+00 3.592893e+00 4.459320e+00 6.423686e+00 3.210762e+00 1.973405e-03
<GCONST> 9.899583e+01
<MIXTURE> 39 9.501865e-03
<MEAN> 25
 1.341914e+00 2.598826e+00 1.021728e+01 -9.206206e+00 -1.129810e+01 -9.848996e-01 -2.967315e+00 -6.570677e+00 -4.516851e+00 8.672304e-01 -3.671197e+00 -2.292497e+00 -7.280484e-01 1.523171e+00 1.625382e+00 -1.389277e+00 8.057534e-02 1.219946e+00 -1.199608e+00 -1.252527e+00 4.273682e-01 4.460740e-01 -5.064092e-01 1.242823e-01 1.285664e-03
<VARIANCE> 25
 8.899069e+00 3.011405e+01 3.159822e+01 3.840517e+01 3.717704e+01 4.268638e+01 4.440675e+01 3.347319e+01 3.947575e+01 3.320792e+01 3.627729e+01 2.943084e+01 6.915003e-01 1.545162e+00 1.512124e+00 2.923979e+00 2.420834e+00 2.831987e+00 3.053397e+00 2.746169e+00 2.437723e+00 2.617857e+00 2.122865e+00 2.068661e+00 1.184817e-03
<GCONST> 8.966375e+01
<MIXTURE> 40 1.030800e-02
<MEAN> 25
 -9.183347e+00 2.144818e+00 -1.004421e+00 8.040741e+00 3.875542e+00 5.428404e+00 5.465631e+00 4.367819e+00 4.540754e+00 4.193327e+00 5.442305e+00 1.664127e+00 -8.739875e-02 -2.323119e-01 -5.731101e-02 -2.082602e-01 -9.962336e-02 -1.385560e-01 5.144723e-02 6.191187e-02 4.989581e-03 7.968270e-03 7.703327e-02 3.802075e-02 3.413314e-03
<VARIANCE> 25
 4.248426e+01 2.031958e+01 2.952050e+01 2.791471e+01 2.607454e+01 1.924927e+01 2.030139e+01 1.842608e+01 1.723960e+01 1.861789e+01 2.120802e+01 1.452365e+01 7.315732e-01 7.252391e-01 8.856403e-01 1.109159e+00 1.119328e+00 1.262151e+00 1.342961e+00 1.284143e+00 1.222696e+00 1.227132e+00 1.169978e+00 1.080854e+00 8.501766e-04
<GCONST> 7.687553e+01
<MIXTURE> 41 6.713375e-03
<MEAN> 25
 1.334655e+00 1.856362e+00 1.056697e+01 -6.893592e+00 -1.013922e+01 -3.679894e+00 -2.656980e+00 -4.890639e+00 -4.647921e+00 2.388640e+00 -1.923397e+00 -8.546564e-01 4.483066e-02 -8.253528e-01 1.755715e+00 -3.549605e+00 -2.474664e+00 5.443679e-02 -5.910483e-01 -3.909765e-01 -7.720486e-01 1.048094e+00 -9.809861e-01 6.090049e-02 8.675760e-02
<VARIANCE> 25
 1.142392e+01 2.935304e+01 3.223869e+01 3.928506e+01 4.223526e+01 4.113416e+01 3.773981e+01 2.995981e+01 3.235098e+01 3.079999e+01 3.251690e+01 2.728588e+01 3.142350e+00 3.386720e+00 3.860814e+00 3.753465e+00 4.799902e+00 6.807474e+00 4.922928e+00 4.485763e+00 3.995212e+00 4.168840e+00 3.902632e+00 3.180985e+00 2.864087e-03
<GCONST> 9.818487e+01
<MIXTURE> 42 1.106211e-02
<MEAN> 25
 -7.516223e-01 5.039612e+00 3.117821e+00 2.618954e+00 3.477703e+00 -7.015781e+00 -5.116862e-02 -1.436342e+00 -1.266642e+00 9.389328e-01 -3.017240e+00 1.273332e+00 3.783646e+00 -7.843246e-01 1.311036e+00 6.285454e-01 -2.967616e+00 -7.553012e-01 -2.264258e+00 -6.680517e-01 -5.972112e-01 -1.106734e+00 7.447844e-01 -1.022990e+00 2.317960e-02
<VARIANCE> 25
 3.443321e+01 2.206815e+01 3.937725e+01 2.332288e+01 4.602619e+01 3.005157e+01 2.981598e+01 2.617716e+01 2.897147e+01 3.949995e+01 2.236644e+01 1.326951e+01 3.219144e+00 5.312051e+00 5.118128e+00 3.937778e+00 4.993651e+00 5.670962e+00 3.788637e+00 4.192999e+00 4.141655e+00 4.979510e+00 3.392762e+00 2.655190e+00 3.780162e-03
<GCONST> 9.762844e+01
<MIXTURE> 43 7.108249e-03
<MEAN> 25
 3.165904e+00 -6.311017e+00 -2.244586e+00 -5.179331e+00 -7.408911e+00 -3.396409e+00 4.137158e+00 1.309738e+00 -5.048309e+00 -7.087572e+00 -4.313253e+00 -1.247902e+00 2.372653e-01 2.163836e+00 1.913840e+00 -1.336403e-01 -1.428978e+00 -7.937337e-01 -9.701296e-01 -7.780381e-01 8.186020e-01 1.465715e+00 3.439618e-01 2.178778e-02 -4.507218e-02
<VARIANCE> 25
 9.589146e+00 1.968711e+01 2.738174e+01 3.524635e+01 3.847200e+01 3.665428e+01 3.327169e+01 3.976157e+01 3.985858e+01 3.864048e+01 2.661017e+01 2.951896e+01 6.899190e-01 1.249027e+00 1.568654e+00 2.487830e+00 2.374446e+00 2.380923e+00 2.650760e+00 3.024393e+00 2.611904e+00 2.580587e+00 2.332982e+00 1.918201e+00 9.431933e-04
<GCONST> 8.797180e+01
<MIXTURE> 44 7.328289e-03
<MEAN> 25
 -1.541762e+01 3.034615e+00 3.355294e+00 -3.824181e+00 4.844802e+00 5.520747e-01 -7.902505e-02 2.299027e+00 1.218314e+00 -2.995198e-01 2.703738e-01 1.989282e+00 -1.920969e-01 -5.311473e-02 1.961156e-01 2.864501e-01 -2.119357e-02 3.721279e-01 6.170200e-01 1.302283e-01 3.106026e-01 2.145546e-01 2.303348e-01 1.838106e-02 2.476382e-03
<VARIANCE> 25
 3.692305e+01 3.432477e+01 3.067511e+01 3.093242e+01 3.518683e+01 3.719101e+01 2.355154e+01 2.804423e+01 2.465170e+01 2.732562e+01 3.892708e+01 1.799886e+01 1.181079e+00 1.403341e+00 1.433548e+00 1.269134e+00 1.964863e+00 1.607066e+00 1.968173e+00 1.729009e+00 1.361637e+00 1.468110e+00 1.390637e+00 1.345931e+00 1.179179e-03
<GCONST> 8.473611e+01
<MIXTURE> 45 1.364932e-02
<MEAN> 25
 -1.215381e+01 5.470367e+00 -6.814791e-01 1.629555e+00 7.222457e+00 -3.068044e+00 4.157191e+00 3.476246e+00 2.430183e+00 2.914054e+00 -1.357309e+00 3.352925e+00 -3.035149e+00 7.545766e-01 -1.270355e-01 -8.370683e-01 4.234480e-01 -3.611826e-03 2.863054e-01 3.007261e-02 4.516726e-02 -5.029674e-01 -1.390733e-01 2.165825e-01 9.858774e-02
<VARIANCE> 25
 2.984444e+01 3.145662e+01 2.969406e+01 3.274900e+01 2.730204e+01 4.086534e+01 2.964445e+01 2.074200e+01 1.999397e+01 1.993797e+01 5.127820e+01 1.905173e+01 2.219497e+00 2.656567e+00 2.441646e+00 2.326060e+00 2.066948e+00 2.442235e+00 2.692874e+00 2.096482e+00 1.628205e+00 2.370681e+00 2.205964e+00 2.163198e+00 4.102277e-03
<GCONST> 9.026071e+01
<MIXTURE> 46 9.336259e-03
<MEAN> 25
 -9.420407e+00 3.263891e+00 8.301315e-01 7.021518e+00 6.527162e+00 2.207623e+00 7.103762e+00 4.973032e+00 5.293232e+00 4.827944e+00 4.141626e+00 2.838484e+00 1.103837e+00 -3.419217e-01 5.346906e-03 9.589802e-01 5.461624e-01 9.210117e-01 4.376554e-01 6.278540e-01 4.775289e-01 4.868390e-01 6.829425e-01 4.754664e-01 -1.001555e-01
<VARIANCE> 25
 3.399172e+01 4.994371e+01 3.795980e+01 5.008901e+01 5.050640e+01 5.121997e+01 3.447086e+01 3.755913e+01 3.256809e+01 2.927394e+01 3.525067e+01 1.944327e+01 3.778017e+00 4.128602e+00 3.605531e+00 3.944039e+00 4.031272e+00 3.922980e+00 3.207173e+00 3.175770e+00 2.759227e+00 2.772264e+00 2.279404e+00 1.776410e+00 7.936231e-03
<GCONST> 9.842903e+01
<MIXTURE> 47 7.116147e-03
<MEAN> 25
 7.029418e+00 -7.723166e+00 -7.679670e+00 -5.431415e+00 8.540214e-01 1.832086e+00 -1.345757e+00 6.275925e-01 4.534422e+00 9.338519e-01 -4.593976e+00 -6.811490e+00 -2.304925e-01 -1.209883e+00 -6.510323e-01 -3.859857e-01 5.136074e-01 9.982982e-01 8.094389e-01 1.826553e-01 2.524343e-01 -1.049566e+00 -3.577842e-01 -4.924612e-01 2.871479e-02
<VARIANCE> 25
 9.448560e+00 2.187652e+01 1.766490e+01 3.276564e+01 3.509423e+01 5.707455e+01 4.149140e+01 3.846700e+01 5.225972e+01 4.211014e+01 4.182373e+01 2.878473e+01 5.200493e-01 7.466705e-01 9.770265e-01 1.498468e+00 2.508091e+00 2.224082e+00 2.025502e+00 2.446186e+00 2.004920e+00 2.774909e+00 2.352163e+00 1.944142e+00 5.219905e-04
<GCONST> 8.583964e+01
<MIXTURE> 48 7.116147e-03
<MEAN> 25
 7.029418e+00 -7.723166e+00 -7.679670e+00 -5.431415e+00 8.540214e-01 1.832086e+00 -1.345757e+00 6.275925e-01 4.534422e+00 9.338519e-01 -4.593976e+00 -6.811490e+00 -2.304925e-01 -1.209883e+00 -6.510323e-01 -3.859857e-01 5.136074e-01 9.982982e-01 8.094389e-01 1.826553e-01 2.524343e-01 -1.049566e+00 -3.577842e-01 -4.924612e-01 2.871479e-02
<VARIANCE> 25
 9.448560e+00 2.187652e+01 1.766490e+01 3.276564e+01 3.509423e+01 5.707455e+01 4.149140e+01 3.846700e+01 5.225972e+01 4.211014e+01 4.182373e+01 2.878473e+01 5.200493e-01 7.466705e-01 9.770265e-01 1.498468e+00 2.508091e+00 2.224082e+00 2.025502e+00 2.446186e+00 2.004920e+00 2.774909e+00 2.352163e+00 1.944142e+00 5.219905e-04
<GCONST> 8.583964e+01
<MIXTURE> 49 5.548473e-03
<MEAN> 25
 -4.812518e+00 5.427490e-01 2.483739e-01 8.141723e+00 6.657033e+00 4.881971e+00 7.044315e+00 5.532986e+00 4.798741e+00 3.712819e+00 3.845913e+00 2.369103e+00 3.647669e-01 6.918306e-01 6.488605e-01 3.492423e-01 -5.416695e-02 -7.954974e-01 -8.805680e-01 -9.683648e-01 -1.192260e+00 -4.905174e-01 -5.448561e-01 -3.029991e-01 -2.552079e-04
<VARIANCE> 25
 9.187433e+00 9.279745e+00 1.280846e+01 1.500729e+01 1.624265e+01 2.088534e+01 2.524224e+01 2.600549e+01 1.915409e+01 1.618901e+01 2.717642e+01 1.462934e+01 2.502377e-01 2.458718e-01 3.459000e-01 5.557345e-01 9.878252e-01 9.886446e-01 1.022925e+00 1.155872e+00 1.441237e+00 1.380615e+00 1.185905e+00 1.140279e+00 1.462815e-05
<GCONST> 6.525071e+01
<MIXTURE> 50 6.234641e-03
<MEAN> 25
 -4.604756e+00 1.554126e-01 -1.399905e+00 6.229341e+00 4.389071e+00 2.076270e+00 3.801250e+00 2.128659e+00 2.644965e+00 1.434139e+00 2.023757e+00 2.769294e+00 6.257839e-02 1.897343e-01 9.428576e-02 -1.773858e-01 -4.987831e-01 -6.339625e-01 -4.289554e-01 -5.933131e-02 3.665271e-01 7.932633e-01 7.197506e-01 4.537138e-01 1.747371e-05
<VARIANCE> 25
 1.055122e+01 1.116167e+01 1.422443e+01 1.517960e+01 1.655220e+01 2.034921e+01 1.871558e+01 2.018383e+01 1.916697e+01 1.721498e+01 2.219644e+01 1.524255e+01 1.442058e-01 2.450877e-01 3.716839e-01 5.079183e-01 5.967624e-01 7.398599e-01 9.396032e-01 1.101125e+00 1.333608e+00 9.123795e-01 9.210814e-01 9.751981e-01 1.030681e-06
<GCONST> 5.997764e+01
<MIXTURE> 51 6.234641e-03
<MEAN> 25
 -4.604756e+00 1.554126e-01 -1.399905e+00 6.229341e+00 4.389071e+00 2.076270e+00 3.801250e+00 2.128659e+00 2.644965e+00 1.434139e+00 2.023757e+00 2.769294e+00 6.257839e-02 1.897343e-01 9.428576e-02 -1.773858e-01 -4.987831e-01 -6.339625e-01 -4.289554e-01 -5.933131e-02 3.665271e-01 7.932633e-01 7.197506e-01 4.537138e-01 1.747371e-05
<VARIANCE> 25
 1.055122e+01 1.116167e+01 1.422443e+01 1.517960e+01 1.655220e+01 2.034921e+01 1.871558e+01 2.018383e+01 1.916697e+01 1.721498e+01 2.219644e+01 1.524255e+01 1.442058e-01 2.450877e-01 3.716839e-01 5.079183e-01 5.967624e-01 7.398599e-01 9.396032e-01 1.101125e+00 1.333608e+00 9.123795e-01 9.210814e-01 9.751981e-01 1.030681e-06
<GCONST> 5.997764e+01
<MIXTURE> 52 6.367945e-03
<MEAN> 25
 9.734792e+00 1.534583e+00 -5.891246e+00 -1.359449e+01 -4.571750e+00 9.486738e+00 -2.470062e+00 -4.167677e+00 -3.861667e+00 -2.324956e+00 4.317054e+00 7.971382e-01 -4.284591e-01 -3.148066e-01 -2.206817e-01 1.200492e+00 1.610693e+00 -5.812995e-01 -6.354045e-01 -5.328130e-01 -2.024589e-02 1.324942e+00 4.018094e-01 -6.963108e-01 -1.684708e-02
<VARIANCE> 25
 1.017512e+01 1.901180e+01 2.368743e+01 3.670151e+01 4.285896e+01 3.358029e+01 4.224536e+01 5.059044e+01 4.431595e+01 4.077121e+01 3.961528e+01 2.616211e+01 5.037965e-01 1.452938e+00 1.331642e+00 2.512923e+00 2.636018e+00 2.134510e+00 2.648558e+00 2.674580e+00 2.798102e+00 2.543510e+00 2.394714e+00 2.258716e+00 1.504939e-03
<GCONST> 8.909438e+01
<MIXTURE> 53 6.367945e-03
<MEAN> 25
 9.734792e+00 1.534583e+00 -5.891246e+00 -1.359449e+01 -4.571750e+00 9.486738e+00 -2.470062e+00 -4.167677e+00 -3.861667e+00 -2.324956e+00 4.317054e+00 7.971382e-01 -4.284591e-01 -3.148066e-01 -2.206817e-01 1.200492e+00 1.610693e+00 -5.812995e-01 -6.354045e-01 -5.328130e-01 -2.024589e-02 1.324942e+00 4.018094e-01 -6.963108e-01 -1.684708e-02
<VARIANCE> 25
 1.017512e+01 1.901180e+01 2.368743e+01 3.670151e+01 4.285896e+01 3.358029e+01 4.224536e+01 5.059044e+01 4.431595e+01 4.077121e+01 3.961528e+01 2.616211e+01 5.037965e-01 1.452938e+00 1.331642e+00 2.512923e+00 2.636018e+00 2.134510e+00 2.648558e+00 2.674580e+00 2.798102e+00 2.543510e+00 2.394714e+00 2.258716e+00 1.504939e-03
<GCONST> 8.909438e+01
<MIXTURE> 54 7.368620e-03
<MEAN> 25
 -3.633801e+00 4.931954e-02 -6.831419e-01 8.036570e+00 6.484003e+00 4.625407e+00 4.675332e+00 4.601055e+00 4.053099e+00 3.593801e+00 4.457477e+00 2.326298e+00 -2.133210e-03 2.653849e-02 3.415401e-02 4.748240e-02 5.136495e-02 4.707923e-02 3.888674e-02 2.892036e-02 3.080963e-02 2.506088e-02 1.452187e-02 1.778039e-03 -1.219590e-05
<VARIANCE> 25
 9.137465e+00 1.036359e+01 9.295803e+00 1.818508e+01 1.332127e+01 1.353345e+01 1.197145e+01 1.128198e+01 1.134292e+01 1.354989e+01 1.780268e+01 1.253449e+01 4.087522e-02 8.734614e-02 1.540843e-01 2.265825e-01 3.079380e-01 3.969485e-01 4.608482e-01 5.215847e-01 5.420835e-01 5.211474e-01 5.144392e-01 5.164422e-01 1.000000e-06
<GCONST> 4.724841e+01
<MIXTURE> 55 7.368620e-03
<MEAN> 25
 -3.633801e+00 4.931954e-02 -6.831419e-01 8.036570e+00 6.484003e+00 4.625407e+00 4.675332e+00 4.601055e+00 4.053099e+00 3.593801e+00 4.457477e+00 2.326298e+00 -2.133210e-03 2.653849e-02 3.415401e-02 4.748240e-02 5.136495e-02 4.707923e-02 3.888674e-02 2.892036e-02 3.080963e-02 2.506088e-02 1.452187e-02 1.778039e-03 -1.219590e-05
<VARIANCE> 25
 9.137465e+00 1.036359e+01 9.295803e+00 1.818508e+01 1.332127e+01 1.353345e+01 1.197145e+01 1.128198e+01 1.134292e+01 1.354989e+01 1.780268e+01 1.253449e+01 4.087522e-02 8.734614e-02 1.540843e-01 2.265825e-01 3.079380e-01 3.969485e-01 4.608482e-01 5.215847e-01 5.420835e-01 5.211474e-01 5.144392e-01 5.164422e-01 1.000000e-06
<GCONST> 4.724841e+01
<MIXTURE> 56 6.132464e-03
<MEAN> 25
 6.821832e+00 -7.560314e+00 -9.354565e+00 -7.446347e+00 2.775134e+00 6.698727e+00 -1.062294e+00 -2.786095e+00 4.257367e+00 9.330711e-01 -2.740252e+00 -7.393338e+00 -7.933225e-02 -1.121769e-01 -9.594434e-02 -2.285513e-01 2.093112e-01 4.510304e-01 -8.128819e-03 -2.238064e-01 -7.800154e-02 1.012725e-01 -8.741781e-03 1.030839e-01 -4.224166e-03
<VARIANCE> 25
 9.222198e+00 2.152298e+01 1.619334e+01 3.933139e+01 3.097857e+01 6.771616e+01 5.338706e+01 3.480609e+01 4.851624e+01 3.142570e+01 3.281026e+01 2.543045e+01 1.942631e-01 4.939287e-01 3.989147e-01 8.883755e-01 6.793026e-01 1.469319e+00 7.827996e-01 9.252155e-01 7.558098e-01 9.810830e-01 9.501130e-01 6.592495e-01 2.259927e-04
<GCONST> 7.405879e+01
<MIXTURE> 57 6.132464e-03
<MEAN> 25
 6.821832e+00 -7.560314e+00 -9.354565e+00 -7.446347e+00 2.775134e+00 6.698727e+00 -1.062294e+00 -2.786095e+00 4.257367e+00 9.330711e-01 -2.740252e+00 -7.393338e+00 -7.933225e-02 -1.121769e-01 -9.594434e-02 -2.285513e-01 2.093112e-01 4.510304e-01 -8.128819e-03 -2.238064e-01 -7.800154e-02 1.012725e-01 -8.741781e-03 1.030839e-01 -4.224166e-03
<VARIANCE> 25
 9.222198e+00 2.152298e+01 1.619334e+01 3.933139e+01 3.097857e+01 6.771616e+01 5.338706e+01 3.480609e+01 4.851624e+01 3.142570e+01 3.281026e+01 2.543045e+01 1.942631e-01 4.939287e-01 3.989147e-01 8.883755e-01 6.793026e-01 1.469319e+00 7.827996e-01 9.252155e-01 7.558098e-01 9.810830e-01 9.501130e-01 6.592495e-01 2.259927e-04
<GCONST> 7.405879e+01
<MIXTURE> 58 6.172147e-03
<MEAN> 25
 2.589160e+00 -3.357529e+00 7.485275e+00 -4.337976e+00 -1.385806e+01 -4.632145e+00 1.263053e+00 6.889792e-01 -1.325595e+00 1.180198e+00 1.158760e+00 -5.538222e-01 -2.195037e-02 5.093940e-02 7.027073e-02 -1.332075e-01 9.583707e-03 2.255120e-01 1.898935e-01 1.456549e-01 -1.665320e-01 -3.204037e-02 -5.819345e-02 -7.742529e-02 -5.643192e-03
<VARIANCE> 25
 6.506106e+00 1.405211e+01 1.806233e+01 2.978002e+01 2.138209e+01 4.728783e+01 3.031260e+01 3.080378e+01 3.686386e+01 3.052299e+01 2.267873e+01 1.840448e+01 2.716366e-01 9.377246e-01 8.047591e-01 9.176415e-01 8.063699e-01 1.070849e+00 1.248823e+00 1.193266e+00 1.261434e+00 9.893396e-01 8.517948e-01 8.020369e-01 6.892948e-04
<GCONST> 7.470992e+01
<MIXTURE> 59 6.172147e-03
<MEAN> 25
 2.589160e+00 -3.357529e+00 7.485275e+00 -4.337976e+00 -1.385806e+01 -4.632145e+00 1.263053e+00 6.889792e-01 -1.325595e+00 1.180198e+00 1.158760e+00 -5.538222e-01 -2.195037e-02 5.093940e-02 7.027073e-02 -1.332075e-01 9.583707e-03 2.255120e-01 1.898935e-01 1.456549e-01 -1.665320e-01 -3.204037e-02 -5.819345e-02 -7.742529e-02 -5.643192e-03
<VARIANCE> 25
 6.506106e+00 1.405211e+01 1.806233e+01 2.978002e+01 2.138209e+01 4.728783e+01 3.031260e+01 3.080378e+01 3.686386e+01 3.052299e+01 2.267873e+01 1.840448e+01 2.716366e-01 9.377246e-01 8.047591e-01 9.176415e-01 8.063699e-01 1.070849e+00 1.248823e+00 1.193266e+00 1.261434e+00 9.893396e-01 8.517948e-01 8.020369e-01 6.892948e-04
<GCONST> 7.470992e+01
<MIXTURE> 60 4.479129e-03
<MEAN> 25
 -4.262059e+00 -6.635062e-01 -1.083349e+00 3.695358e+00 1.734651e+00 2.118174e+00 1.646861e+00 1.538236e+00 2.161424e+00 1.267599e+00 2.382001e+00 1.917937e+00 -2.889758e-02 5.583487e-02 1.006823e-01 1.317300e-01 1.297399e-01 1.283606e-01 1.795491e-01 3.231594e-01 5.449988e-01 6.638147e-01 5.554811e-01 3.027292e-01 -3.993976e-04
<VARIANCE> 25
 6.931597e+00 4.524404e+00 1.026922e+01 1.130268e+01 1.357832e+01 1.698964e+01 1.406927e+01 1.189610e+01 1.272815e+01 1.319759e+01 1.594245e+01 1.228875e+01 8.710892e-02 1.687597e-01 2.795289e-01 4.345452e-01 5.862165e-01 7.285591e-01 8.283367e-01 8.990686e-01 9.018523e-01 8.361826e-01 8.389509e-01 8.623155e-01 2.301344e-05
<GCONST> 5.635063e+01
<MIXTURE> 61 4.479129e-03
<MEAN> 25
 -4.262059e+00 -6.635062e-01 -1.083349e+00 3.695358e+00 1.734651e+00 2.118174e+00 1.646861e+00 1.538236e+00 2.161424e+00 1.267599e+00 2.382001e+00 1.917937e+00 -2.889758e-02 5.583487e-02 1.006823e-01 1.317300e-01 1.297399e-01 1.283606e-01 1.795491e-01 3.231594e-01 5.449988e-01 6.638147e-01 5.554811e-01 3.027292e-01 -3.993976e-04
<VARIANCE> 25
 6.931597e+00 4.524404e+00 1.026922e+01 1.130268e+01 1.357832e+01 1.698964e+01 1.406927e+01 1.189610e+01 1.272815e+01 1.319759e+01 1.594245e+01 1.228875e+01 8.710892e-02 1.687597e-01 2.795289e-01 4.345452e-01 5.862165e-01 7.285591e-01 8.283367e-01 8.990686e-01 9.018523e-01 8.361826e-01 8.389509e-01 8.623155e-01 2.301344e-05
<GCONST> 5.635063e+01
<MIXTURE> 62 3.278034e-03
<MEAN> 25
 -5.088174e+00 1.241548e+00 1.025290e+00 8.811514e+00 6.131675e+00 5.049709e+00 5.504799e+00 4.038794e+00 4.986444e+00 3.918386e+00 4.960212e+00 2.949978e+00 -1.002625e+00 -1.166019e+00 -9.529924e-01 -2.757725e-01 4.278087e-01 1.004003e+00 1.384458e+00 1.551386e+00 1.477782e+00 1.243123e+00 1.066205e+00 7.255096e-01 -1.270363e-03
<VARIANCE> 25
 9.875353e+00 9.953691e+00 1.310828e+01 1.679108e+01 1.741072e+01 1.751932e+01 1.972133e+01 1.912995e+01 1.884648e+01 1.871498e+01 2.159571e+01 1.479194e+01 4.021165e-01 4.324768e-01 5.540104e-01 7.807159e-01 1.034523e+00 1.193197e+00 1.251734e+00 1.279426e+00 1.329892e+00 1.363790e+00 1.400185e+00 1.371041e+00 1.634904e-05
<GCONST> 6.753494e+01
<MIXTURE> 63 4.351215e-03
<MEAN> 25
 -3.924634e+00 -1.955503e+00 -4.250446e+00 2.866202e+00 3.841408e+00 -3.855253e-01 3.779715e+00 2.257946e+00 2.035635e+00 -4.979016e-01 -1.503917e+00 2.414660e+00 -8.184074e-02 3.311252e-01 3.335516e-01 5.067739e-01 4.014937e-01 2.934174e-01 4.157550e-01 1.735882e-01 1.194009e-01 3.372288e-01 1.819330e-01 3.680419e-02 -4.428997e-03
<VARIANCE> 25
 8.417133e+00 1.522379e+01 1.710418e+01 1.502047e+01 1.893581e+01 2.527982e+01 2.812807e+01 2.660761e+01 2.663616e+01 2.227455e+01 1.939942e+01 1.541844e+01 2.523871e-01 4.212407e-01 6.463181e-01 7.284724e-01 1.019765e+00 1.254464e+00 1.186073e+00 1.454258e+00 1.328254e+00 1.443063e+00 1.235909e+00 1.240945e+00 1.879611e-04
<GCONST> 7.152020e+01
<MIXTURE> 64 4.351215e-03
<MEAN> 25
 -3.924634e+00 -1.955503e+00 -4.250446e+00 2.866202e+00 3.841408e+00 -3.855253e-01 3.779715e+00 2.257946e+00 2.035635e+00 -4.979016e-01 -1.503917e+00 2.414660e+00 -8.184074e-02 3.311252e-01 3.335516e-01 5.067739e-01 4.014937e-01 2.934174e-01 4.157550e-01 1.735882e-01 1.194009e-01 3.372288e-01 1.819330e-01 3.680419e-02 -4.428997e-03
<VARIANCE> 25
 8.417133e+00 1.522379e+01 1.710418e+01 1.502047e+01 1.893581e+01 2.527982e+01 2.812807e+01 2.660761e+01 2.663616e+01 2.227455e+01 1.939942e+01 1.541844e+01 2.523871e-01 4.212407e-01 6.463181e-01 7.284724e-01 1.019765e+00 1.254464e+00 1.186073e+00 1.454258e+00 1.328254e+00 1.443063e+00 1.235909e+00 1.240945e+00 1.879611e-04
<GCONST> 7.152020e+01
<MIXTURE> 65 1.721197e-02
<MEAN> 25
 7.913880e+00 2.097184e+00 1.936358e+00 7.063224e-01 -5.249923e+00 -4.392099e+00 -5.630911e+00 -6.646488e+00 -3.832863e+00 -2.158868e+00 -5.543046e+00 -1.932630e+00 1.870556e-01 1.378362e-01 1.453673e-02 1.323152e-01 -1.718625e-01 2.572902e-01 -1.246698e-01 -1.850733e-01 1.788384e-01 2.748299e-03 -6.330030e-02 -1.458022e-01 -4.320154e-03
<VARIANCE> 25
 1.069000e+01 1.929694e+01 2.585146e+01 3.623851e+01 3.968911e+01 5.773920e+01 6.232979e+01 5.975646e+01 5.508115e+01 5.998056e+01 5.656310e+01 5.069522e+01 5.623696e-01 9.690505e-01 1.600353e+00 1.802109e+00 2.005445e+00 2.188004e+00 2.305110e+00 2.963704e+00 2.436188e+00 2.506839e+00 2.407476e+00 2.128220e+00 4.339305e-04
<GCONST> 8.969568e+01
<MIXTURE> 66 1.191532e-02
<MEAN> 25
 6.570357e+00 -3.987437e+00 -5.883685e+00 -4.891069e+00 1.657567e+00 -5.094012e+00 -6.779268e+00 1.006666e+00 5.863533e-01 -1.798551e+00 -6.021962e+00 -3.297077e+00 -3.336949e-02 1.670259e+00 2.257646e+00 2.308674e+00 -1.293151e+00 -1.219609e+00 3.636351e-02 -5.057449e-01 -1.293343e-01 -2.343516e-01 -1.305631e-01 1.030640e+00 -6.257036e-02
<VARIANCE> 25
 9.306376e+00 2.232984e+01 2.957920e+01 3.258397e+01 4.459256e+01 5.237419e+01 5.567352e+01 4.613268e+01 5.340776e+01 6.818215e+01 3.689089e+01 3.702129e+01 1.264084e+00 2.399765e+00 2.342146e+00 2.435780e+00 4.248913e+00 4.283713e+00 4.293441e+00 4.809917e+00 4.167994e+00 4.975457e+00 4.107679e+00 3.201972e+00 1.510656e-03
<GCONST> 9.707471e+01
<MIXTURE> 67 1.559142e-02
<MEAN> 25
 7.717068e+00 1.592150e+00 -6.575899e+00 -7.206154e+00 2.449712e-01 5.585737e+00 -3.554545e+00 -2.917632e+00 -5.387196e+00 1.503083e-01 3.067471e+00 -1.842968e+00 -7.444372e-01 1.552322e+00 4.743111e-01 2.856948e+00 2.126878e+00 -1.662567e+00 1.003493e+00 7.571418e-01 -3.036407e-02 9.681734e-01 -6.813796e-01 4.106278e-01 -1.184649e-01
<VARIANCE> 25
 1.130443e+01 2.785535e+01 2.293147e+01 4.533030e+01 4.668851e+01 5.519202e+01 4.423595e+01 4.397709e+01 6.846777e+01 4.929322e+01 5.571368e+01 3.523900e+01 2.665787e+00 2.609386e+00 2.998267e+00 3.384200e+00 4.258026e+00 5.659699e+00 3.544968e+00 4.546536e+00 4.218379e+00 4.447896e+00 4.291265e+00 3.026396e+00 2.639038e-03
<GCONST> 9.955703e+01
<MIXTURE> 68 1.485092e-02
<MEAN> 25
 -2.026833e+00 -1.828848e+00 -3.975216e+00 9.426785e-01 5.409300e+00 -1.207330e+00 2.955349e+00 1.558594e+00 1.840779e+00 2.594929e+00 -4.457681e-04 2.398107e+00 2.777204e+00 1.462706e-01 -1.935876e-02 -2.348488e+00 -2.541217e+00 -1.302939e+00 -2.357625e+00 -1.879923e+00 -1.269821e+00 -1.323939e+00 -1.849008e+00 -1.072519e+00 1.048568e-01
<VARIANCE> 25
 2.434383e+01 3.279809e+01 5.343936e+01 4.939485e+01 4.340644e+01 5.166362e+01 4.782442e+01 4.069048e+01 3.773207e+01 4.606293e+01 3.711465e+01 2.781273e+01 1.750025e+00 5.398928e+00 5.430002e+00 5.760159e+00 4.885876e+00 5.854474e+00 5.286559e+00 5.014990e+00 5.902409e+00 5.385924e+00 4.931517e+00 3.321338e+00 5.840310e-03
<GCONST> 1.036290e+02
<MIXTURE> 69 1.204884e-02
<MEAN> 25
 4.679265e+00 -4.195229e+00 -3.595288e+00 -3.602084e+00 -3.415064e+00 -7.837865e+00 -1.111378e+00 2.197160e+00 -3.851014e-01 -4.650641e+00 -5.667724e+00 9.182326e-01 1.664032e+00 -2.231518e+00 -1.339490e+00 -2.218697e+00 -5.087684e-01 -3.355286e-01 -4.781117e-01 5.830047e-01 -6.280134e-01 -1.433864e+00 -2.189787e+00 -1.759844e-01 6.251760e-02
<VARIANCE> 25
 8.792377e+00 2.194570e+01 2.670905e+01 2.584185e+01 4.321799e+01 3.545199e+01 4.855848e+01 3.145292e+01 4.086177e+01 3.864723e+01 3.086507e+01 2.452710e+01 3.556998e+00 2.919472e+00 3.318544e+00 3.728435e+00 5.924646e+00 4.981096e+00 7.056070e+00 6.165123e+00 5.898046e+00 5.945692e+00 4.339244e+00 3.720271e+00 2.431484e-03
<GCONST> 9.873907e+01
<MIXTURE> 70 1.329190e-02
<MEAN> 25
 6.948335e+00 -3.039424e+00 -4.029840e+00 -2.288449e+00 -8.694801e-01 -3.332593e-01 -5.594835e+00 -4.411207e+00 2.631047e+00 5.162435e+00 -9.598590e-01 -4.176411e+00 2.116727e+00 -1.846110e+00 -5.622178e-01 -1.323254e+00 -2.518728e+00 1.747063e+00 -1.282217e+00 -1.143312e-01 9.128959e-01 -8.002988e-01 7.361789e-01 -1.915893e+00 6.700446e-02
<VARIANCE> 25
 7.597903e+00 2.346236e+01 2.052380e+01 3.641402e+01 2.942431e+01 3.652120e+01 4.619025e+01 3.233152e+01 6.024955e+01 3.680267e+01 5.593753e+01 2.516602e+01 2.804869e+00 3.820384e+00 4.170300e+00 4.731360e+00 6.520656e+00 5.326101e+00 5.502473e+00 5.531649e+00 5.636501e+00 4.905574e+00 5.863996e+00 4.480497e+00 1.961199e-03
<GCONST> 9.966025e+01
<MIXTURE> 71 1.406903e-02
<MEAN> 25
 6.453403e+00 5.343749e+00 4.264542e+00 3.336902e+00 -3.052500e+00 -3.956429e+00 -3.070382e+00 -5.987427e+00 -4.877923e+00 -2.673323e+00 -5.370427e+00 -3.057593e+00 -1.556105e+00 -7.136658e-01 -1.022331e-01 -1.826668e+00 1.022758e+00 -5.914066e-03 -8.482567e-02 1.410546e+00 3.101822e-01 -2.621759e-01 6.131891e-01 2.433375e-01 4.289400e-02
<VARIANCE> 25
 1.816779e+01 2.481971e+01 2.335127e+01 4.405969e+01 4.158001e+01 4.354058e+01 4.290362e+01 4.687516e+01 3.791200e+01 4.298474e+01 3.495509e+01 3.384274e+01 1.719504e+00 2.992108e+00 5.507423e+00 4.778069e+00 4.863605e+00 5.433860e+00 5.190389e+00 5.420391e+00 4.141805e+00 4.121765e+00 3.594718e+00 3.194253e+00 1.442712e-03
<GCONST> 9.883065e+01
<MIXTURE> 72 8.134747e-03
<MEAN> 25
 3.588639e+00 -4.243415e+00 5.543085e+00 -1.424464e+00 -1.082368e+01 -8.909089e+00 -3.680936e+00 1.790882e+00 -4.883924e+00 -3.357483e+00 -6.778171e-01 5.638826e-01 8.813089e-01 -7.304080e-01 -2.693175e+00 4.774559e-01 2.005661e+00 -5.914854e-01 -1.330106e+00 1.612949e+00 1.899994e+00 -4.428639e-01 -1.253102e+00 3.694466e-01 -6.976652e-03
<VARIANCE> 25
 1.029551e+01 2.076873e+01 3.109297e+01 4.562449e+01 3.158145e+01 3.542305e+01 5.363871e+01 3.407769e+01 4.063398e+01 5.083629e+01 4.948746e+01 2.630496e+01 4.231918e-01 9.873449e-01 2.022062e+00 1.368242e+00 2.218309e+00 2.227092e+00 2.803577e+00 2.627605e+00 2.507324e+00 3.098282e+00 1.908993e+00 2.004873e+00 5.036312e-04
<GCONST> 8.744299e+01
<MIXTURE> 73 1.213625e-02
<MEAN> 25
 -5.604107e+00 -8.949398e-01 -1.470274e+00 4.464932e+00 4.361505e+00 2.092251e+00 6.341765e+00 3.512251e+00 4.180203e+00 4.023744e+00 3.802017e+00 3.438937e+00 8.888459e-01 -1.317679e+00 -8.707641e-01 -2.552547e+00 -1.488896e+00 -1.514271e+00 -9.208692e-01 -8.250627e-01 -6.810617e-01 -5.086824e-01 -1.115937e+00 -2.442947e-01 1.556654e-01
<VARIANCE> 25
 1.201574e+01 1.265252e+01 1.445897e+01 2.366739e+01 2.191845e+01 2.408985e+01 2.792712e+01 1.943567e+01 1.693346e+01 2.191462e+01 2.381437e+01 1.665241e+01 3.909081e+00 3.918200e+00 5.622274e+00 4.451499e+00 6.366580e+00 4.962294e+00 4.057382e+00 5.231406e+00 4.324219e+00 4.403804e+00 3.310454e+00 2.605533e+00 4.021660e-03
<GCONST> 9.331393e+01
<MIXTURE> 74 1.756491e-02
<MEAN> 25
 4.397287e+00 -1.528583e+00 5.374999e+00 -8.412725e-01 -8.607525e+00 -7.899400e+00 -2.900389e+00 6.329541e-01 -3.963137e+00 -2.724524e+00 -1.495425e+00 3.182646e-01 2.643294e-01 2.043398e+00 -1.224823e-02 1.616455e+00 1.323339e+00 1.987432e-01 5.848029e-02 -1.285616e+00 1.268325e-01 2.967007e-01 -3.772572e-01 -4.419376e-02 -7.674125e-02
<VARIANCE> 25
 1.138376e+01 2.113899e+01 3.739307e+01 3.862270e+01 3.942500e+01 4.204233e+01 4.978870e+01 4.484499e+01 4.651175e+01 4.300412e+01 4.082758e+01 3.283647e+01 2.055846e+00 2.019240e+00 3.819439e+00 2.699100e+00 3.956314e+00 4.431086e+00 4.977736e+00 4.138171e+00 4.021969e+00 4.087729e+00 3.820621e+00 3.132117e+00 1.745982e-03
<GCONST> 9.720861e+01
<MIXTURE> 75 9.711651e-03
<MEAN> 25
 2.773387e+00 -2.240731e+00 1.221798e+01 1.354128e+00 -1.088940e+01 -4.970050e+00 -4.889101e+00 -4.910383e-01 -4.703054e+00 -5.602712e+00 2.986473e+00 -5.550887e-01 1.463544e+00 -1.875091e+00 2.935249e-02 3.498793e-01 -2.294700e+00 -7.432717e-01 -8.322980e-01 7.359517e-01 -3.153841e-01 -5.721310e-01 1.532006e+00 -7.311265e-01 3.866277e-02
<VARIANCE> 25
 8.851359e+00 1.819310e+01 3.139020e+01 2.564994e+01 2.738434e+01 5.321357e+01 2.914749e+01 2.522377e+01 2.890717e+01 3.196380e+01 2.215291e+01 1.910458e+01 2.177516e+00 1.734497e+00 3.881916e+00 3.167658e+00 3.441113e+00 4.341507e+00 5.127575e+00 3.007905e+00 3.248915e+00 2.981781e+00 3.426074e+00 2.130051e+00 1.344095e-03
<GCONST> 9.140511e+01
<MIXTURE> 76 1.052359e-02
<MEAN> 25
 -5.684523e+00 -4.851369e-01 -1.635088e+00 3.885990e+00 4.916102e+00 8.556039e-01 5.833007e+00 3.115835e+00 1.613075e+00 1.874508e+00 -1.850376e-02 1.527404e+00 4.209056e-02 -3.572168e-01 -3.006557e-01 -6.251557e-01 -5.798839e-01 -8.645623e-01 -6.465840e-01 -5.476142e-01 -3.397009e-01 -3.085075e-01 -2.047638e-01 -1.092341e-01 1.764162e-02
<VARIANCE> 25
 3.300529e+01 2.685884e+01 2.971943e+01 2.310094e+01 2.750809e+01 3.577396e+01 3.270551e+01 2.719655e+01 2.352655e+01 2.934673e+01 3.171066e+01 2.005948e+01 9.605961e-01 1.087128e+00 1.253282e+00 1.154566e+00 1.279318e+00 1.455000e+00 1.639237e+00 1.685416e+00 1.593048e+00 1.716917e+00 1.468022e+00 1.497732e+00 1.148385e-03
<GCONST> 8.301592e+01
<MIXTURE> 77 1.244626e-02
<MEAN> 25
 -4.661976e-01 8.586809e+00 1.246416e+01 -1.161933e+01 -7.009193e+00 9.587218e-01 -9.280797e+00 -7.238139e+00 -3.376614e+00 -1.982223e-01 -4.656039e+00 -1.485800e+00 6.810810e-02 1.377113e-01 7.369598e-02 2.508358e-01 -2.199255e-02 7.811263e-02 -6.499875e-02 -6.200177e-02 8.225514e-02 -4.476660e-02 2.568237e-02 1.181815e-01 -9.921024e-03
<VARIANCE> 25
 1.044155e+01 2.007373e+01 2.750865e+01 4.161084e+01 3.320255e+01 3.380094e+01 3.671437e+01 3.177688e+01 3.524514e+01 3.322550e+01 3.758152e+01 3.494775e+01 2.988212e-01 7.783254e-01 6.454635e-01 1.086051e+00 1.238056e+00 9.855000e-01 1.223524e+00 1.074022e+00 1.044412e+00 1.065903e+00 9.713359e-01 9.222155e-01 5.401603e-04
<GCONST> 7.779792e+01
<MIXTURE> 78 9.702551e-03
<MEAN> 25
 -1.110807e+01 7.069504e+00 -1.510416e+00 1.101117e+00 8.323449e+00 -5.766241e+00 5.071689e+00 5.133250e+00 1.626772e+00 3.820084e+00 -3.886016e+00 3.161028e+00 2.208958e+00 -6.613954e-01 -9.217008e-02 6.473975e-01 -4.975298e-02 -1.570435e-01 -5.753522e-02 1.515802e-01 3.079588e-01 7.734651e-02 2.512764e-01 -5.129374e-01 -5.553222e-02
<VARIANCE> 25
 3.634518e+01 4.102069e+01 2.365847e+01 2.781855e+01 3.123001e+01 3.089282e+01 2.555814e+01 3.567445e+01 1.888251e+01 2.384373e+01 3.157084e+01 1.460597e+01 3.991102e+00 2.411041e+00 1.688071e+00 2.442426e+00 2.550156e+00 3.674777e+00 2.399223e+00 3.682434e+00 1.528377e+00 2.157771e+00 2.054274e+00 1.632519e+00 3.992737e-03
<GCONST> 9.065133e+01
<MIXTURE> 79 1.156824e-02
<MEAN> 25
 2.520611e+00 6.753163e-01 9.807685e+00 -5.804265e+00 -1.182122e+01 -1.083010e+00 -2.081212e+00 -5.982907e+00 -6.730783e+00 -8.568618e-01 -2.602283e+00 -3.358393e+00 1.119071e+00 -6.218442e-01 -1.432078e+00 2.414186e+00 2.583366e-01 -1.633629e+00 6.800641e-01 8.312007e-01 -4.981087e-01 -6.698851e-01 6.700073e-01 1.791206e-01 -3.094627e-02
<VARIANCE> 25
 1.282107e+01 2.838882e+01 4.240576e+01 5.108337e+01 3.047995e+01 4.492136e+01 3.929402e+01 3.502172e+01 3.540036e+01 4.709073e+01 4.792764e+01 2.774171e+01 9.315105e-01 2.233261e+00 1.758271e+00 1.926882e+00 2.529618e+00 2.737201e+00 3.205196e+00 3.259166e+00 2.326668e+00 2.683469e+00 3.026078e+00 1.916377e+00 1.491575e-03
<GCONST> 9.190054e+01
<MIXTURE> 80 7.550998e-03
<MEAN> 25
 -1.460255e+01 3.987269e+00 6.919165e-01 2.854598e+00 2.462843e+00 1.401627e+00 6.392473e+00 2.498328e+00 2.719507e+00 2.371697e+00 4.844308e+00 1.190610e+00 4.287042e+00 -1.981511e-02 1.636322e+00 -1.131530e+00 -2.888937e+00 -2.775263e+00 -2.322787e+00 -2.019713e+00 -1.972091e+00 -1.683042e+00 -1.647807e+00 -6.026570e-01 -4.421692e-02
<VARIANCE> 25
 2.096135e+01 1.983818e+01 3.441038e+01 3.477191e+01 3.029337e+01 2.923459e+01 2.827710e+01 2.853273e+01 2.671594e+01 2.878004e+01 2.688240e+01 1.809717e+01 2.355031e+00 2.674869e+00 2.671990e+00 4.128073e+00 3.390577e+00 2.706199e+00 3.023039e+00 3.202832e+00 2.753057e+00 2.702225e+00 2.786268e+00 2.143447e+00 1.510597e-03
<GCONST> 9.140253e+01
<MIXTURE> 81 8.025434e-03
<MEAN> 25
 -1.115716e+00 4.062574e+00 1.018658e+01 -1.479836e+01 -9.078773e+00 -1.414343e+00 -6.771179e+00 -8.421098e+00 -4.151431e+00 -4.216990e-01 -7.572542e+00 -2.246315e+00 1.340676e-01 -5.893440e-01 -1.830436e-03 -5.550154e-01 -4.662515e-01 3.354088e-01 3.207898e-01 1.364235e-01 -1.409733e-01 1.060699e-01 -4.667685e-01 -1.266484e-01 1.155488e-02
<VARIANCE> 25
 1.015792e+01 3.281922e+01 2.648394e+01 2.930715e+01 3.369068e+01 3.060333e+01 4.543686e+01 2.827948e+01 3.797008e+01 3.191306e+01 2.529248e+01 3.103257e+01 7.717459e-01 2.282074e+00 1.546480e+00 2.874236e+00 2.668541e+00 2.126426e+00 3.280636e+00 2.286840e+00 2.354535e+00 2.538057e+00 2.307992e+00 2.080007e+00 1.185370e-03
<GCONST> 8.870042e+01
<MIXTURE> 82 8.213053e-03
<MEAN> 25
 -9.962511e+00 -3.843035e+00 1.620449e+00 -2.973140e+00 3.156319e+00 6.156686e-01 2.006633e+00 9.651160e-01 2.958592e+00 1.749908e+00 1.693276e+00 3.079334e+00 -1.325980e+00 -1.180960e-01 2.950008e-01 -2.601442e+00 -1.099794e+00 -1.262698e+00 -1.018830e+00 -8.685414e-01 -3.106846e-01 -4.876265e-01 -3.196504e-01 -8.375793e-02 1.778783e-01
<VARIANCE> 25
 1.797731e+01 2.548828e+01 3.225491e+01 3.072313e+01 3.314593e+01 3.267182e+01 3.186681e+01 3.293622e+01 3.074647e+01 2.511773e+01 3.104951e+01 1.758335e+01 3.788847e+00 3.079604e+00 3.305007e+00 3.251125e+00 3.566634e+00 3.280032e+00 2.932919e+00 3.029801e+00 2.788231e+00 2.509420e+00 2.439004e+00 1.888846e+00 3.470520e-03
<GCONST> 9.315322e+01
<MIXTURE> 83 1.167529e-02
<MEAN> 25
 -1.925580e+01 8.462031e+00 6.536334e-01 -3.127117e+00 9.465527e+00 -4.321940e+00 5.598453e+00 2.918190e+00 9.171284e-01 3.313031e+00 -4.269741e+00 3.043943e+00 -8.391478e-02 -2.157238e-01 -3.154974e-01 -1.562887e-01 -2.579445e-01 4.098547e-01 -1.587988e-01 -5.424090e-02 2.001213e-01 3.006575e-01 3.225327e-01 -1.310723e-01 -2.270798e-03
<VARIANCE> 25
 6.815726e+00 1.879942e+01 2.738746e+01 2.404264e+01 1.623948e+01 2.851119e+01 2.562257e+01 1.702422e+01 1.690638e+01 2.372151e+01 5.136467e+01 1.270630e+01 9.982733e-01 7.484934e-01 1.389200e+00 1.583734e+00 1.376477e+00 1.141830e+00 2.004719e+00 1.539363e+00 9.605411e-01 1.385284e+00 1.456952e+00 1.606363e+00 9.026809e-04
<GCONST> 7.818282e+01
<MIXTURE> 84 1.066614e-02
<MEAN> 25
 1.160725e+00 9.022119e+00 7.208400e+00 7.979603e+00 2.861742e+00 -9.472702e-01 -1.539784e+00 -4.449760e+00 -4.111709e+00 -2.865902e+00 -2.439668e+00 -1.584379e+00 -1.789397e+00 -1.166804e+00 -1.207365e+00 1.283343e+00 2.252037e+00 1.494021e+00 1.454406e+00 1.287493e+00 1.165311e+00 4.085040e-01 4.038918e-01 4.303718e-01 -7.159122e-02
<VARIANCE> 25
 2.351779e+01 1.823094e+01 2.188444e+01 2.405619e+01 2.927753e+01 2.839725e+01 2.789930e+01 2.668821e+01 2.523681e+01 2.565648e+01 2.371110e+01 2.457705e+01 2.094597e+00 2.626964e+00 3.839564e+00 3.297204e+00 3.263714e+00 3.391659e+00 3.278929e+00 3.398706e+00 3.474540e+00 3.248266e+00 3.620338e+00 2.801502e+00 3.517797e-03
<GCONST> 9.259988e+01
<MIXTURE> 85 7.591393e-03
<MEAN> 25
 -3.090853e+00 7.895984e+00 5.718304e+00 1.298680e+00 -3.473305e+00 -5.337659e+00 -2.970186e+00 -6.102490e+00 -3.550718e+00 -3.180343e+00 -4.939830e-01 -1.896788e+00 3.939642e+00 3.238699e-01 1.754722e+00 -2.085216e+00 -3.410248e+00 -2.582330e+00 -2.885188e+00 -2.336293e+00 -2.247507e+00 -1.269604e+00 -2.298040e+00 -6.148605e-01 9.367070e-03
<VARIANCE> 25
 4.260730e+01 2.340178e+01 3.643148e+01 3.823967e+01 3.990156e+01 4.119274e+01 3.216251e+01 2.803456e+01 2.664477e+01 2.608397e+01 2.629419e+01 2.053441e+01 2.707403e+00 4.319510e+00 4.052072e+00 5.194204e+00 4.410697e+00 3.874262e+00 3.846792e+00 3.994540e+00 3.843736e+00 4.049458e+00 3.946689e+00 3.479166e+00 5.449750e-03
<GCONST> 9.836432e+01
<MIXTURE> 86 1.273941e-02
<MEAN> 25
 -4.895650e+00 -1.150564e+00 -7.799845e-01 6.221924e+00 5.022840e+00 4.589612e+00 5.455450e+00 4.655102e+00 4.650460e+00 3.915977e+00 5.160120e+00 2.716899e+00 -1.641857e-02 -2.379787e-02 -4.674796e-02 -2.422678e-02 -1.081291e-01 -2.074569e-01 -2.461303e-01 -3.101044e-01 -3.374158e-01 -3.149820e-01 -2.269050e-01 -1.058818e-01 -7.663357e-04
<VARIANCE> 25
 7.949481e+00 5.719370e+00 9.783569e+00 1.262488e+01 1.564492e+01 1.433855e+01 1.400938e+01 1.305875e+01 1.316094e+01 1.402555e+01 1.531660e+01 1.260369e+01 1.031773e-01 1.995427e-01 3.204188e-01 5.498717e-01 6.282869e-01 7.451866e-01 7.500092e-01 7.885149e-01 8.241572e-01 8.779999e-01 8.919671e-01 8.887631e-01 5.423104e-05
<GCONST> 5.840221e+01
<MIXTURE> 87 1.100681e-02
<MEAN> 25
 -3.300984e+00 5.086702e+00 2.967155e+00 6.918239e+00 6.278328e+00 4.477935e-01 2.106247e+00 6.030949e-02 -4.548100e-01 -4.853517e-01 -9.617905e-01 -2.136490e-01 -2.004418e+00 -2.899519e+00 -1.940650e+00 -2.209731e+00 -1.832933e-01 1.091679e-02 6.618690e-01 9.425814e-01 1.351360e+00 1.096761e+00 9.062305e-01 1.092861e+00 1.049872e-01
<VARIANCE> 25
 3.585488e+01 3.163696e+01 3.029354e+01 3.180296e+01 3.363690e+01 3.265520e+01 2.942087e+01 3.994261e+01 2.460637e+01 2.538731e+01 2.394111e+01 2.287771e+01 3.927137e+00 2.761976e+00 4.022852e+00 3.431769e+00 4.807690e+00 4.563528e+00 3.928945e+00 5.426580e+00 3.348958e+00 3.239338e+00 3.190428e+00 2.720166e+00 4.702806e-03
<GCONST> 9.700722e+01
<MIXTURE> 88 1.256585e-02
<MEAN> 25
 -3.950543e+00 -5.536234e-01 -6.710773e-01 4.937706e+00 4.795093e+00 3.159470e+00 5.487600e+00 3.837235e+00 3.238395e+00 2.193007e+00 1.801922e+00 2.285460e+00 6.376132e-02 1.747358e-01 7.894108e-02 4.130861e-01 2.673235e-01 -6.195796e-02 -2.113374e-01 -1.708321e-01 -2.565062e-01 -2.473904e-01 8.222856e-03 4.467111e-02 -7.987516e-03
<VARIANCE> 25
 8.766980e+00 9.532133e+00 1.797183e+01 1.540041e+01 1.832878e+01 2.114899e+01 2.303162e+01 1.835063e+01 1.651271e+01 1.748156e+01 2.523715e+01 1.434037e+01 1.171150e+00 1.474853e+00 2.004488e+00 2.055420e+00 2.399204e+00 2.654680e+00 2.697570e+00 2.346141e+00 2.197225e+00 2.374740e+00 2.190118e+00 2.017004e+00 1.326230e-03
<GCONST> 8.173031e+01
<MIXTURE> 89 9.333527e-03
<MEAN> 25
 5.531320e+00 -7.948050e+00 -3.216330e+00 -1.683522e+00 -3.543827e+00 -4.125994e+00 -3.735976e+00 3.020134e+00 6.335349e+00 -1.995041e+00 -5.944604e+00 -3.413325e+00 -5.658891e-01 1.831865e-01 1.791570e+00 7.374750e-01 -1.891519e+00 -1.210721e+00 6.994660e-01 1.237554e+00 -8.171585e-01 -1.476828e+00 6.422614e-01 1.405389e+00 -2.179216e-03
<VARIANCE> 25
 8.026915e+00 2.478595e+01 2.498432e+01 3.035863e+01 4.092573e+01 3.932990e+01 6.385851e+01 3.675388e+01 5.506569e+01 3.584536e+01 2.935073e+01 2.575695e+01 2.832492e-01 6.898175e-01 1.306407e+00 1.122442e+00 1.530468e+00 2.238606e+00 2.242387e+00 1.620003e+00 2.031795e+00 1.935997e+00 2.237843e+00 1.211223e+00 3.190954e-04
<GCONST> 8.281984e+01
<MIXTURE> 90 7.114505e-03
<MEAN> 25
 2.448472e+00 -9.720202e+00 -4.749639e+00 -3.970532e+00 -3.401135e+00 -1.797361e+00 3.360026e+00 1.175189e+00 -7.506513e+00 -1.020325e+01 -3.416480e+00 -7.396979e-01 -1.638259e-01 9.093105e-01 1.168813e+00 -8.526155e-01 -1.611521e+00 -2.116961e-01 6.423494e-01 -2.083280e-01 -1.726992e-01 7.346078e-01 1.856779e-01 -5.474958e-01 -1.115447e-02
<VARIANCE> 25
 8.477269e+00 1.779491e+01 1.982870e+01 2.805864e+01 3.696376e+01 3.236196e+01 3.852253e+01 3.638667e+01 3.572273e+01 2.777331e+01 2.710877e+01 2.609105e+01 2.233600e-01 6.120875e-01 7.866012e-01 1.041742e+00 1.470873e+00 1.589314e+00 1.780582e+00 1.653242e+00 1.815417e+00 1.679323e+00 1.500172e+00 1.310116e+00 2.153430e-04
<GCONST> 7.816531e+01
<MIXTURE> 91 7.852945e-03
<MEAN> 25
 6.347486e+00 -7.187412e+00 -8.614377e+00 -5.052182e+00 3.834049e+00 -1.484003e-01 -2.266482e+00 7.141783e-01 3.343458e-01 -2.655302e+00 -4.415118e+00 -4.845191e+00 2.304191e-01 9.570721e-01 1.944010e-01 3.849249e-01 -1.811373e-02 -6.127586e-01 -3.328219e-01 -5.011075e-02 -5.521836e-02 4.331583e-01 -2.029238e-01 1.833529e-01 -3.597952e-02
<VARIANCE> 25
 9.727439e+00 2.498618e+01 1.923664e+01 3.916695e+01 3.454657e+01 5.505662e+01 5.211413e+01 3.839127e+01 5.429319e+01 6.258485e+01 4.088593e+01 4.126181e+01 4.404851e-01 8.894805e-01 1.094869e+00 1.404352e+00 2.151281e+00 2.416871e+00 2.304615e+00 2.337433e+00 2.263082e+00 2.265793e+00 2.089078e+00 1.780679e+00 5.936998e-04
<GCONST> 8.712339e+01
<MIXTURE> 92 7.852945e-03
<MEAN> 25
 6.347486e+00 -7.187412e+00 -8.614377e+00 -5.052182e+00 3.834049e+00 -1.484003e-01 -2.266482e+00 7.141783e-01 3.343458e-01 -2.655302e+00 -4.415118e+00 -4.845191e+00 2.304191e-01 9.570721e-01 1.944010e-01 3.849249e-01 -1.811373e-02 -6.127586e-01 -3.328219e-01 -5.011075e-02 -5.521836e-02 4.331583e-01 -2.029238e-01 1.833529e-01 -3.597952e-02
<VARIANCE> 25
 9.727439e+00 2.498618e+01 1.923664e+01 3.916695e+01 3.454657e+01 5.505662e+01 5.211413e+01 3.839127e+01 5.429319e+01 6.258485e+01 4.088593e+01 4.126181e+01 4.404851e-01 8.894805e-01 1.094869e+00 1.404352e+00 2.151281e+00 2.416871e+00 2.304615e+00 2.337433e+00 2.263082e+00 2.265793e+00 2.089078e+00 1.780679e+00 5.936998e-04
<GCONST> 8.712339e+01
<MIXTURE> 93 6.122769e-03
<MEAN> 25
 -6.825685e+00 -9.610979e-01 -2.402140e+00 5.798167e+00 5.908474e+00 3.922494e+00 6.123561e+00 3.609187e+00 4.119404e+00 2.509362e+00 1.818214e+00 3.705787e+00 -6.162893e-02 -1.543611e-01 -2.573800e-01 -3.317030e-01 -3.337458e-01 -2.845058e-01 -2.177952e-01 -1.742857e-01 -1.668038e-01 -1.505973e-01 -1.044204e-01 -3.552656e-02 -3.797825e-06
<VARIANCE> 25
 9.094430e+00 6.028115e+00 8.185256e+00 1.136863e+01 1.149366e+01 1.598591e+01 1.527623e+01 1.644432e+01 1.475921e+01 1.454136e+01 1.678800e+01 1.344896e+01 8.272684e-02 1.533940e-01 2.637119e-01 3.805556e-01 4.977578e-01 6.423627e-01 7.793565e-01 8.872936e-01 9.168909e-01 8.761975e-01 8.923267e-01 9.178915e-01 1.000042e-06
<GCONST> 5.360332e+01
<MIXTURE> 94 6.122769e-03
<MEAN> 25
 -6.825685e+00 -9.610979e-01 -2.402140e+00 5.798167e+00 5.908474e+00 3.922494e+00 6.123561e+00 3.609187e+00 4.119404e+00 2.509362e+00 1.818214e+00 3.705787e+00 -6.162893e-02 -1.543611e-01 -2.573800e-01 -3.317030e-01 -3.337458e-01 -2.845058e-01 -2.177952e-01 -1.742857e-01 -1.668038e-01 -1.505973e-01 -1.044204e-01 -3.552656e-02 -3.797825e-06
<VARIANCE> 25
 9.094430e+00 6.028115e+00 8.185256e+00 1.136863e+01 1.149366e+01 1.598591e+01 1.527623e+01 1.644432e+01 1.475921e+01 1.454136e+01 1.678800e+01 1.344896e+01 8.272684e-02 1.533940e-01 2.637119e-01 3.805556e-01 4.977578e-01 6.423627e-01 7.793565e-01 8.872936e-01 9.168909e-01 8.761975e-01 8.923267e-01 9.178915e-01 1.000042e-06
<GCONST> 5.360332e+01
<MIXTURE> 95 5.258835e-03
<MEAN> 25
 -5.606015e+00 -5.470618e-01 -1.902898e+00 4.847112e+00 4.462551e+00 2.478486e+00 4.604439e+00 2.058606e+00 1.903074e+00 1.090389e+00 8.534176e-01 2.501532e+00 1.521521e-01 1.612824e-01 6.406051e-02 -7.550127e-02 -3.758632e-01 -7.604054e-01 -1.018951e+00 -1.266564e+00 -1.292647e+00 -8.723042e-01 -6.224762e-01 -2.877371e-01 -3.571840e-05
<VARIANCE> 25
 1.069376e+01 6.885915e+00 1.187419e+01 1.241980e+01 1.464935e+01 2.003255e+01 2.080436e+01 1.927601e+01 1.685249e+01 1.600746e+01 2.135072e+01 1.388070e+01 2.035103e-01 2.965091e-01 4.461108e-01 6.151997e-01 7.701980e-01 8.917732e-01 8.957372e-01 8.888425e-01 1.000505e+00 1.335722e+00 1.120245e+00 1.079172e+00 4.277503e-05
<GCONST> 6.392051e+01
<MIXTURE> 96 7.034694e-03
<MEAN> 25
 -5.095462e+00 -4.535823e-01 -2.242672e+00 5.164298e+00 3.869041e+00 1.788205e+00 3.543273e+00 1.806960e+00 2.451142e+00 9.506378e-01 1.145354e+00 2.835755e+00 -2.954961e-02 8.808392e-02 2.133805e-01 4.055849e-01 5.388080e-01 4.992541e-01 2.459427e-01 -1.267042e-01 -4.644762e-01 -6.509816e-01 -6.084119e-01 -3.670130e-01 -1.529224e-05
<VARIANCE> 25
 1.101321e+01 9.727745e+00 1.288808e+01 1.428128e+01 1.504560e+01 1.954941e+01 1.808002e+01 1.931535e+01 1.801597e+01 1.660524e+01 1.977415e+01 1.453616e+01 1.204655e-01 2.183174e-01 3.165921e-01 3.977471e-01 4.945116e-01 6.618564e-01 8.673952e-01 9.961108e-01 9.596850e-01 8.657897e-01 8.864184e-01 9.409026e-01 1.000563e-06
<GCONST> 5.758297e+01
<MIXTURE> 97 7.034694e-03
<MEAN> 25
 -5.095462e+00 -4.535823e-01 -2.242672e+00 5.164298e+00 3.869041e+00 1.788205e+00 3.543273e+00 1.806960e+00 2.451142e+00 9.506378e-01 1.145354e+00 2.835755e+00 -2.954961e-02 8.808392e-02 2.133805e-01 4.055849e-01 5.388080e-01 4.992541e-01 2.459427e-01 -1.267042e-01 -4.644762e-01 -6.509816e-01 -6.084119e-01 -3.670130e-01 -1.529224e-05
<VARIANCE> 25
 1.101321e+01 9.727745e+00 1.288808e+01 1.428128e+01 1.504560e+01 1.954941e+01 1.808002e+01 1.931535e+01 1.801597e+01 1.660524e+01 1.977415e+01 1.453616e+01 1.204655e-01 2.183174e-01 3.165921e-01 3.977471e-01 4.945116e-01 6.618564e-01 8.673952e-01 9.961108e-01 9.596850e-01 8.657897e-01 8.864184e-01 9.409026e-01 1.000563e-06
<GCONST> 5.758297e+01
<MIXTURE> 98 9.917808e-03
<MEAN> 25
 -1.534537e+00 1.084187e+00 -1.738914e-01 4.570004e+00 3.784505e+00 2.528337e+00 3.212071e+00 1.799839e+00 1.598421e+00 9.627755e-01 6.126790e-01 1.027492e+00 -1.792387e+00 -1.487113e+00 -1.012970e+00 1.431704e-01 6.376088e-01 8.181124e-01 1.268492e+00 1.421682e+00 1.677037e+00 1.138985e+00 1.305743e+00 9.593745e-01 -3.464342e-02
<VARIANCE> 25
 1.436290e+01 2.097229e+01 3.175189e+01 3.237433e+01 4.330529e+01 3.778276e+01 3.235337e+01 2.944697e+01 2.728273e+01 3.017635e+01 2.773481e+01 2.351302e+01 1.382184e+00 1.539758e+00 2.349425e+00 2.420298e+00 2.861820e+00 2.930147e+00 2.868315e+00 2.817488e+00 2.591050e+00 2.982668e+00 2.772618e+00 2.126775e+00 2.370194e-03
<GCONST> 9.052701e+01
<MIXTURE> 99 6.696178e-03
<MEAN> 25
 -6.519452e+00 1.005057e+01 6.450189e+00 3.489951e+00 1.631458e+00 -5.547993e+00 -1.487876e+00 -3.721115e+00 -3.384206e+00 -3.259818e+00 -2.156082e+00 5.132145e-01 5.135275e-01 -7.254654e-01 3.456956e-01 -4.006559e-01 -1.042649e+00 -4.573850e-01 -2.766161e-01 -3.020913e-01 -6.044773e-02 -4.504317e-02 2.413598e-01 1.545515e-01 1.095971e-02
<VARIANCE> 25
 3.652943e+01 2.448587e+01 4.713830e+01 3.170426e+01 4.282262e+01 3.444864e+01 2.844103e+01 3.153129e+01 2.617360e+01 3.122238e+01 2.521988e+01 2.844281e+01 2.242035e+00 1.843256e+00 1.405108e+00 1.731814e+00 2.782471e+00 2.094468e+00 1.732063e+00 1.667120e+00 1.545903e+00 1.650554e+00 1.278056e+00 1.264473e+00 1.532639e-03
<GCONST> 8.749664e+01
<MIXTURE> 100 4.498084e-03
<MEAN> 25
 -1.598878e+00 6.344827e+00 1.027700e+01 -7.462759e+00 -1.078206e+01 -5.075294e+00 -4.941668e+00 -9.968847e+00 -4.718240e+00 -8.551691e-01 -2.733300e+00 -2.708267e+00 2.917895e+00 -1.260455e+00 1.299659e+00 -2.185945e+00 -3.419489e+00 -7.841161e-01 -1.218778e+00 -8.197802e-01 -1.475479e+00 3.466953e-01 -1.655620e+00 -2.862392e-01 2.015521e-03
<VARIANCE> 25
 1.362666e+01 2.105913e+01 2.246177e+01 2.642710e+01 2.301848e+01 2.372172e+01 2.911146e+01 2.170685e+01 2.748231e+01 2.265230e+01 2.241141e+01 2.134114e+01 1.799129e+00 3.953767e+00 2.919965e+00 4.286306e+00 4.184435e+00 4.537227e+00 4.015484e+00 4.340374e+00 4.167888e+00 3.896067e+00 3.910382e+00 3.225015e+00 1.674840e-03
<GCONST> 9.256865e+01
<MIXTURE> 101 6.007792e-03
<MEAN> 25
 7.502784e+00 -3.815444e+00 -6.851321e+00 -5.200379e+00 -2.774282e-01 -6.952726e-01 -1.150241e+01 -2.058489e+00 2.005043e+00 1.890651e+00 -9.746820e-01 -5.429702e+00 6.135917e-01 6.814431e-01 -1.492672e+00 -1.684060e+00 1.001335e+00 2.390131e+00 4.520466e-01 -1.623963e+00 -1.074780e+00 1.072377e+00 1.261080e+00 -4.586084e-01 -4.580297e-03
<VARIANCE> 25
 9.998143e+00 1.514767e+01 2.764176e+01 5.300378e+01 3.862277e+01 3.418291e+01 3.766016e+01 3.229958e+01 3.378579e+01 4.216754e+01 5.606495e+01 2.149357e+01 2.819560e-01 6.040809e-01 1.126789e+00 1.385022e+00 1.586341e+00 1.935323e+00 2.231599e+00 1.886715e+00 2.193854e+00 2.009519e+00 1.646839e+00 1.839894e+00 3.141238e-04
<GCONST> 8.266273e+01
<MIXTURE> 102 6.007792e-03
<MEAN> 25
 7.502784e+00 -3.815444e+00 -6.851321e+00 -5.200379e+00 -2.774282e-01 -6.952726e-01 -1.150241e+01 -2.058489e+00 2.005043e+00 1.890651e+00 -9.746820e-01 -5.429702e+00 6.135917e-01 6.814431e-01 -1.492672e+00 -1.684060e+00 1.001335e+00 2.390131e+00 4.520466e-01 -1.623963e+00 -1.074780e+00 1.072377e+00 1.261080e+00 -4.586084e-01 -4.580297e-03
<VARIANCE> 25
 9.998143e+00 1.514767e+01 2.764176e+01 5.300378e+01 3.862277e+01 3.418291e+01 3.766016e+01 3.229958e+01 3.378579e+01 4.216754e+01 5.606495e+01 2.149357e+01 2.819560e-01 6.040809e-01 1.126789e+00 1.385022e+00 1.586341e+00 1.935323e+00 2.231599e+00 1.886715e+00 2.193854e+00 2.009519e+00 1.646839e+00 1.839894e+00 3.141238e-04
<GCONST> 8.266273e+01
<MIXTURE> 103 5.694618e-03
<MEAN> 25
 3.385787e+00 -9.391058e+00 -6.152723e+00 -3.093188e+00 -1.258983e+00 -1.990383e+00 2.397719e+00 2.517037e+00 -4.657972e+00 -9.190903e+00 -5.047089e+00 3.414722e-01 -1.631599e-01 -1.484554e+00 -9.906138e-01 3.657309e-01 1.239460e+00 1.015282e+00 1.530920e-01 -2.962934e-01 -7.780952e-01 -9.163634e-01 -4.520129e-02 1.263988e-01 2.710974e-02
<VARIANCE> 25
 1.028860e+01 2.112697e+01 2.276627e+01 3.142575e+01 4.831681e+01 3.481583e+01 4.627134e+01 3.642934e+01 4.243967e+01 2.965450e+01 2.984475e+01 2.624587e+01 6.422800e-01 1.244137e+00 1.546145e+00 1.935490e+00 2.988686e+00 2.394932e+00 2.872211e+00 2.670713e+00 2.543628e+00 2.623941e+00 2.105156e+00 2.013304e+00 8.073746e-04
<GCONST> 8.765857e+01
<MIXTURE> 104 5.694618e-03
<MEAN> 25
 3.385787e+00 -9.391058e+00 -6.152723e+00 -3.093188e+00 -1.258983e+00 -1.990383e+00 2.397719e+00 2.517037e+00 -4.657972e+00 -9.190903e+00 -5.047089e+00 3.414722e-01 -1.631599e-01 -1.484554e+00 -9.906138e-01 3.657309e-01 1.239460e+00 1.015282e+00 1.530920e-01 -2.962934e-01 -7.780952e-01 -9.163634e-01 -4.520129e-02 1.263988e-01 2.710974e-02
<VARIANCE> 25
 1.028860e+01 2.112697e+01 2.276627e+01 3.142575e+01 4.831681e+01 3.481583e+01 4.627134e+01 3.642934e+01 4.243967e+01 2.965450e+01 2.984475e+01 2.624587e+01 6.422800e-01 1.244137e+00 1.546145e+00 1.935490e+00 2.988686e+00 2.394932e+00 2.872211e+00 2.670713e+00 2.543628e+00 2.623941e+00 2.105156e+00 2.013304e+00 8.073746e-04
<GCONST> 8.765857e+01
<MIXTURE> 105 4.710235e-03
<MEAN> 25
 2.400139e+00 -3.590558e+00 8.860435e+00 -8.860158e-02 -1.128653e+01 -4.918341e+00 -6.071288e+00 -7.372801e-01 -3.844604e+00 -6.495188e+00 3.684972e+00 -1.376760e+00 -1.781859e-02 1.235653e-02 4.176493e-02 -5.206941e-02 -1.421276e-01 2.818055e-03 -2.140376e-01 -1.058313e-01 2.226538e-02 -3.503250e-02 1.436863e-01 3.604972e-02 -1.077156e-03
<VARIANCE> 25
 1.011744e+01 3.064191e+01 3.262584e+01 4.764787e+01 2.920548e+01 4.054345e+01 3.885155e+01 3.438961e+01 3.196582e+01 5.638596e+01 4.143079e+01 2.303698e+01 9.398548e-02 1.678425e-01 4.342547e-01 2.414541e-01 3.505335e-01 4.607038e-01 5.193393e-01 4.959944e-01 4.887987e-01 4.639844e-01 4.256721e-01 3.185111e-01 9.620213e-05
<GCONST> 6.534956e+01
<MIXTURE> 106 4.710235e-03
<MEAN> 25
 2.400139e+00 -3.590558e+00 8.860435e+00 -8.860158e-02 -1.128653e+01 -4.918341e+00 -6.071288e+00 -7.372801e-01 -3.844604e+00 -6.495188e+00 3.684972e+00 -1.376760e+00 -1.781859e-02 1.235653e-02 4.176493e-02 -5.206941e-02 -1.421276e-01 2.818055e-03 -2.140376e-01 -1.058313e-01 2.226538e-02 -3.503250e-02 1.436863e-01 3.604972e-02 -1.077156e-03
<VARIANCE> 25
 1.011744e+01 3.064191e+01 3.262584e+01 4.764787e+01 2.920548e+01 4.054345e+01 3.885155e+01 3.438961e+01 3.196582e+01 5.638596e+01 4.143079e+01 2.303698e+01 9.398548e-02 1.678425e-01 4.342547e-01 2.414541e-01 3.505335e-01 4.607038e-01 5.193393e-01 4.959944e-01 4.887987e-01 4.639844e-01 4.256721e-01 3.185111e-01 9.620213e-05
<GCONST> 6.534956e+01
<MIXTURE> 107 5.452374e-03
<MEAN> 25
 8.460652e+00 -2.020615e+00 -8.286181e+00 -9.071953e+00 1.986892e+00 2.594481e+00 -8.386616e+00 -4.252814e+00 -1.634409e+00 3.362555e+00 1.148605e+00 -4.525529e+00 -5.902795e-01 -7.121601e-01 8.144805e-01 1.525069e+00 2.186529e-01 -2.002086e+00 -7.863221e-01 8.647566e-01 1.767855e+00 9.668488e-02 -1.701275e+00 -7.902223e-01 -6.031755e-03
<VARIANCE> 25
 8.944413e+00 1.983899e+01 2.709554e+01 4.274274e+01 3.327461e+01 3.742948e+01 4.827914e+01 3.498396e+01 4.901765e+01 3.866387e+01 4.857164e+01 3.146446e+01 3.376479e-01 9.329571e-01 1.380370e+00 2.942526e+00 2.167909e+00 2.671724e+00 2.643311e+00 2.362777e+00 2.161884e+00 2.929209e+00 1.839697e+00 2.099663e+00 8.560161e-04
<GCONST> 8.758701e+01
<MIXTURE> 108 5.452374e-03
<MEAN> 25
 8.460652e+00 -2.020615e+00 -8.286181e+00 -9.071953e+00 1.986892e+00 2.594481e+00 -8.386616e+00 -4.252814e+00 -1.634409e+00 3.362555e+00 1.148605e+00 -4.525529e+00 -5.902795e-01 -7.121601e-01 8.144805e-01 1.525069e+00 2.186529e-01 -2.002086e+00 -7.863221e-01 8.647566e-01 1.767855e+00 9.668488e-02 -1.701275e+00 -7.902223e-01 -6.031755e-03
<VARIANCE> 25
 8.944413e+00 1.983899e+01 2.709554e+01 4.274274e+01 3.327461e+01 3.742948e+01 4.827914e+01 3.498396e+01 4.901765e+01 3.866387e+01 4.857164e+01 3.146446e+01 3.376479e-01 9.329571e-01 1.380370e+00 2.942526e+00 2.167909e+00 2.671724e+00 2.643311e+00 2.362777e+00 2.161884e+00 2.929209e+00 1.839697e+00 2.099663e+00 8.560161e-04
<GCONST> 8.758701e+01
<MIXTURE> 109 6.661064e-03
<MEAN> 25
 4.079662e+00 -1.054900e+01 -8.301136e+00 -1.339605e+00 2.698416e+00 2.375134e-02 -3.349310e-02 1.407525e+00 -2.437650e+00 -8.310821e+00 -5.375923e+00 6.354824e-03 -3.722856e-02 -1.298530e-01 -3.305485e-02 2.470578e-01 1.909129e-01 1.317417e-01 -1.251517e-01 -1.108922e-01 -4.157067e-02 -1.395108e-01 2.262015e-01 1.517637e-02 -3.463944e-03
<VARIANCE> 25
 9.024847e+00 1.808331e+01 1.997642e+01 3.129100e+01 4.105732e+01 3.735503e+01 4.649819e+01 3.451320e+01 4.812874e+01 3.557311e+01 2.945726e+01 2.845394e+01 1.943268e-01 4.216624e-01 5.385524e-01 6.330163e-01 1.232648e+00 1.019025e+00 1.250639e+00 1.105424e+00 1.111510e+00 9.685351e-01 8.811156e-01 8.809754e-01 1.813423e-04
<GCONST> 7.455201e+01
<MIXTURE> 110 6.661064e-03
<MEAN> 25
 4.079662e+00 -1.054900e+01 -8.301136e+00 -1.339605e+00 2.698416e+00 2.375134e-02 -3.349310e-02 1.407525e+00 -2.437650e+00 -8.310821e+00 -5.375923e+00 6.354824e-03 -3.722856e-02 -1.298530e-01 -3.305485e-02 2.470578e-01 1.909129e-01 1.317417e-01 -1.251517e-01 -1.108922e-01 -4.157067e-02 -1.395108e-01 2.262015e-01 1.517637e-02 -3.463944e-03
<VARIANCE> 25
 9.024847e+00 1.808331e+01 1.997642e+01 3.129100e+01 4.105732e+01 3.735503e+01 4.649819e+01 3.451320e+01 4.812874e+01 3.557311e+01 2.945726e+01 2.845394e+01 1.943268e-01 4.216624e-01 5.385524e-01 6.330163e-01 1.232648e+00 1.019025e+00 1.250639e+00 1.105424e+00 1.111510e+00 9.685351e-01 8.811156e-01 8.809754e-01 1.813423e-04
<GCONST> 7.455201e+01
<MIXTURE> 111 4.337247e-03
<MEAN> 25
 -4.472653e+00 -9.048219e-01 -1.719866e+00 1.687824e+00 9.663121e-01 9.646787e-01 3.184773e-01 2.132466e-01 8.866353e-02 -5.408742e-01 -6.311682e-01 1.964506e+00 -2.115270e-02 -3.266757e-02 -7.262689e-02 -7.309949e-02 -3.723380e-02 5.735254e-03 -1.144507e-03 -5.948919e-02 -1.403660e-01 -2.029661e-01 -1.900677e-01 -1.062619e-01 -2.186427e-04
<VARIANCE> 25
 7.003240e+00 4.982228e+00 1.021339e+01 9.404356e+00 1.311187e+01 2.383504e+01 1.471222e+01 1.317688e+01 1.159892e+01 1.190952e+01 1.362825e+01 1.158488e+01 7.917749e-02 1.636444e-01 2.754406e-01 4.210045e-01 5.692964e-01 7.065350e-01 8.004028e-01 8.582512e-01 8.925462e-01 8.557221e-01 8.618579e-01 8.476996e-01 2.235746e-05
<GCONST> 5.598738e+01
<MIXTURE> 112 4.337247e-03
<MEAN> 25
 -4.472653e+00 -9.048219e-01 -1.719866e+00 1.687824e+00 9.663121e-01 9.646787e-01 3.184773e-01 2.132466e-01 8.866353e-02 -5.408742e-01 -6.311682e-01 1.964506e+00 -2.115270e-02 -3.266757e-02 -7.262689e-02 -7.309949e-02 -3.723380e-02 5.735254e-03 -1.144507e-03 -5.948919e-02 -1.403660e-01 -2.029661e-01 -1.900677e-01 -1.062619e-01 -2.186427e-04
<VARIANCE> 25
 7.003240e+00 4.982228e+00 1.021339e+01 9.404356e+00 1.311187e+01 2.383504e+01 1.471222e+01 1.317688e+01 1.159892e+01 1.190952e+01 1.362825e+01 1.158488e+01 7.917749e-02 1.636444e-01 2.754406e-01 4.210045e-01 5.692964e-01 7.065350e-01 8.004028e-01 8.582512e-01 8.925462e-01 8.557221e-01 8.618579e-01 8.476996e-01 2.235746e-05
<GCONST> 5.598738e+01
<MIXTURE> 113 5.938666e-03
<MEAN> 25
 9.826382e+00 1.569346e+00 -8.643458e+00 -1.685820e+01 -1.384716e+00 6.072834e+00 -5.141885e+00 -1.719406e+00 -5.631128e+00 -6.563731e-01 6.278399e-01 -1.400867e-01 -8.626564e-03 4.218489e-02 -5.332940e-02 -1.121246e-01 1.188513e-01 1.421717e-01 4.958817e-02 1.618879e-02 -7.355002e-02 -7.289105e-02 1.837858e-01 5.738087e-02 -1.551298e-03
<VARIANCE> 25
 9.677913e+00 1.684279e+01 2.956015e+01 3.415207e+01 5.439569e+01 3.747141e+01 3.936403e+01 3.959552e+01 3.679938e+01 4.569306e+01 3.817323e+01 2.777046e+01 1.243812e-01 3.334638e-01 3.084167e-01 6.184062e-01 6.057041e-01 6.396636e-01 7.628175e-01 8.352166e-01 1.013320e+00 9.059862e-01 7.147079e-01 7.256519e-01 1.225754e-04
<GCONST> 7.133556e+01
<MIXTURE> 114 5.938666e-03
<MEAN> 25
 9.826382e+00 1.569346e+00 -8.643458e+00 -1.685820e+01 -1.384716e+00 6.072834e+00 -5.141885e+00 -1.719406e+00 -5.631128e+00 -6.563731e-01 6.278399e-01 -1.400867e-01 -8.626564e-03 4.218489e-02 -5.332940e-02 -1.121246e-01 1.188513e-01 1.421717e-01 4.958817e-02 1.618879e-02 -7.355002e-02 -7.289105e-02 1.837858e-01 5.738087e-02 -1.551298e-03
<VARIANCE> 25
 9.677913e+00 1.684279e+01 2.956015e+01 3.415207e+01 5.439569e+01 3.747141e+01 3.936403e+01 3.959552e+01 3.679938e+01 4.569306e+01 3.817323e+01 2.777046e+01 1.243812e-01 3.334638e-01 3.084167e-01 6.184062e-01 6.057041e-01 6.396636e-01 7.628175e-01 8.352166e-01 1.013320e+00 9.059862e-01 7.147079e-01 7.256519e-01 1.225754e-04
<GCONST> 7.133556e+01
<MIXTURE> 115 2.935202e-03
<MEAN> 25
 -4.023950e+00 -7.407144e-01 -3.096135e+00 3.668103e+00 2.443415e+00 -4.501444e-01 2.253274e+00 4.380628e-01 1.371987e+00 -1.159978e-02 2.633611e-02 2.676639e+00 3.261345e-02 -6.939371e-02 -2.300599e-01 -4.380048e-01 -6.311789e-01 -6.729950e-01 -5.920449e-01 -5.094677e-01 -4.952370e-01 -4.504754e-01 -3.436640e-01 -1.620259e-01 1.331582e-06
<VARIANCE> 25
 9.262970e+00 9.906110e+00 1.354929e+01 1.271541e+01 1.377818e+01 1.769671e+01 1.715973e+01 2.098446e+01 1.797878e+01 1.719142e+01 1.921633e+01 1.467100e+01 2.035735e-01 3.474160e-01 4.843757e-01 5.602564e-01 6.343225e-01 7.983518e-01 1.005293e+00 1.127774e+00 1.098997e+00 1.005670e+00 1.022772e+00 1.065042e+00 1.004699e-06
<GCONST> 6.023996e+01
<MIXTURE> 116 2.935202e-03
<MEAN> 25
 -4.023950e+00 -7.407144e-01 -3.096135e+00 3.668103e+00 2.443415e+00 -4.501444e-01 2.253274e+00 4.380628e-01 1.371987e+00 -1.159978e-02 2.633611e-02 2.676639e+00 3.261345e-02 -6.939371e-02 -2.300599e-01 -4.380048e-01 -6.311789e-01 -6.729950e-01 -5.920449e-01 -5.094677e-01 -4.952370e-01 -4.504754e-01 -3.436640e-01 -1.620259e-01 1.331582e-06
<VARIANCE> 25
 9.262970e+00 9.906110e+00 1.354929e+01 1.271541e+01 1.377818e+01 1.769671e+01 1.715973e+01 2.098446e+01 1.797878e+01 1.719142e+01 1.921633e+01 1.467100e+01 2.035735e-01 3.474160e-01 4.843757e-01 5.602564e-01 6.343225e-01 7.983518e-01 1.005293e+00 1.127774e+00 1.098997e+00 1.005670e+00 1.022772e+00 1.065042e+00 1.004699e-06
<GCONST> 6.023996e+01
<MIXTURE> 117 6.506003e-03
<MEAN> 25
 -4.644316e+00 1.117988e+00 1.054525e+00 9.758285e+00 6.260702e+00 6.255265e+00 6.463284e+00 5.044876e+00 6.384782e+00 4.929017e+00 6.366272e+00 2.709596e+00 -7.499160e-02 -2.340390e-01 -3.583155e-01 -4.199404e-01 -3.674724e-01 -3.028283e-01 -2.873489e-01 -3.314725e-01 -3.920466e-01 -3.687959e-01 -2.631123e-01 -1.158949e-01 -8.917907e-06
<VARIANCE> 25
 7.187612e+00 8.752853e+00 9.808637e+00 1.430739e+01 1.562069e+01 1.536617e+01 1.772544e+01 1.796139e+01 1.641107e+01 1.637049e+01 1.675018e+01 1.475349e+01 2.166092e-01 3.075893e-01 4.261129e-01 6.170729e-01 8.536255e-01 1.055423e+00 1.177472e+00 1.232813e+00 1.224730e+00 1.195147e+00 1.167118e+00 1.113678e+00 1.000143e-06
<GCONST> 6.043172e+01
<MIXTURE> 118 6.506003e-03
<MEAN> 25
 -4.644316e+00 1.117988e+00 1.054525e+00 9.758285e+00 6.260702e+00 6.255265e+00 6.463284e+00 5.044876e+00 6.384782e+00 4.929017e+00 6.366272e+00 2.709596e+00 -7.499160e-02 -2.340390e-01 -3.583155e-01 -4.199404e-01 -3.674724e-01 -3.028283e-01 -2.873489e-01 -3.314725e-01 -3.920466e-01 -3.687959e-01 -2.631123e-01 -1.158949e-01 -8.917907e-06
<VARIANCE> 25
 7.187612e+00 8.752853e+00 9.808637e+00 1.430739e+01 1.562069e+01 1.536617e+01 1.772544e+01 1.796139e+01 1.641107e+01 1.637049e+01 1.675018e+01 1.475349e+01 2.166092e-01 3.075893e-01 4.261129e-01 6.170729e-01 8.536255e-01 1.055423e+00 1.177472e+00 1.232813e+00 1.224730e+00 1.195147e+00 1.167118e+00 1.113678e+00 1.000143e-06
<GCONST> 6.043172e+01
<MIXTURE> 119 4.297961e-03
<MEAN> 25
 -4.969307e+00 -7.615945e+00 2.230333e+00 2.016573e+00 2.245274e+00 2.080508e-01 5.284819e+00 5.942670e+00 1.166096e+00 9.701182e-01 6.593884e+00 1.570720e+00 -4.967576e-02 -7.906209e-02 3.588326e-02 -5.601161e-02 -1.256784e-01 -1.812143e-01 -6.896360e-02 -1.334899e-02 -9.192305e-02 -1.114364e-01 -5.444601e-02 -5.786965e-02 1.086680e-03
<VARIANCE> 25
 8.505785e+00 9.973835e+00 1.655016e+01 2.015046e+01 2.285928e+01 2.319191e+01 2.502498e+01 2.645269e+01 2.502696e+01 2.805683e+01 2.057855e+01 2.038557e+01 1.604332e-01 2.824775e-01 4.607033e-01 6.337628e-01 8.031884e-01 1.004148e+00 1.100227e+00 1.278871e+00 1.285080e+00 1.246180e+00 1.191530e+00 1.112116e+00 2.320105e-04
<GCONST> 6.974395e+01
<MIXTURE> 120 4.297961e-03
<MEAN> 25
 -4.969307e+00 -7.615945e+00 2.230333e+00 2.016573e+00 2.245274e+00 2.080508e-01 5.284819e+00 5.942670e+00 1.166096e+00 9.701182e-01 6.593884e+00 1.570720e+00 -4.967576e-02 -7.906209e-02 3.588326e-02 -5.601161e-02 -1.256784e-01 -1.812143e-01 -6.896360e-02 -1.334899e-02 -9.192305e-02 -1.114364e-01 -5.444601e-02 -5.786965e-02 1.086680e-03
<VARIANCE> 25
 8.505785e+00 9.973835e+00 1.655016e+01 2.015046e+01 2.285928e+01 2.319191e+01 2.502498e+01 2.645269e+01 2.502696e+01 2.805683e+01 2.057855e+01 2.038557e+01 1.604332e-01 2.824775e-01 4.607033e-01 6.337628e-01 8.031884e-01 1.004148e+00 1.100227e+00 1.278871e+00 1.285080e+00 1.246180e+00 1.191530e+00 1.112116e+00 2.320105e-04
<GCONST> 6.974395e+01
<MIXTURE> 121 4.567511e-03
<MEAN> 25
 2.084841e-01 -2.524759e+00 5.154515e+00 -1.289747e+01 -1.264845e+01 -1.663133e+00 9.977573e-01 -5.106235e+00 -4.195706e+00 -4.912948e-01 -5.503670e+00 -4.310918e+00 2.409523e-02 1.328653e-01 -4.107255e-02 7.969669e-02 1.585717e-01 7.852317e-02 -7.981598e-02 -1.832189e-01 -2.692748e-01 -2.576316e-01 -1.145225e-01 1.045435e-03 -7.441487e-03
<VARIANCE> 25
 7.731974e+00 1.560167e+01 1.727606e+01 2.043430e+01 2.440711e+01 2.925282e+01 2.953130e+01 2.457463e+01 3.531155e+01 2.833237e+01 1.978656e+01 2.118634e+01 1.549402e-01 6.434634e-01 6.232837e-01 7.046081e-01 7.703283e-01 1.149515e+00 1.118064e+00 1.120462e+00 1.218586e+00 1.192259e+00 9.413515e-01 8.716121e-01 2.108895e-04
<GCONST> 7.139757e+01
<MIXTURE> 122 4.567511e-03
<MEAN> 25
 2.084841e-01 -2.524759e+00 5.154515e+00 -1.289747e+01 -1.264845e+01 -1.663133e+00 9.977573e-01 -5.106235e+00 -4.195706e+00 -4.912948e-01 -5.503670e+00 -4.310918e+00 2.409523e-02 1.328653e-01 -4.107255e-02 7.969669e-02 1.585717e-01 7.852317e-02 -7.981598e-02 -1.832189e-01 -2.692748e-01 -2.576316e-01 -1.145225e-01 1.045435e-03 -7.441487e-03
<VARIANCE> 25
 7.731974e+00 1.560167e+01 1.727606e+01 2.043430e+01 2.440711e+01 2.925282e+01 2.953130e+01 2.457463e+01 3.531155e+01 2.833237e+01 1.978656e+01 2.118634e+01 1.549402e-01 6.434634e-01 6.232837e-01 7.046081e-01 7.703283e-01 1.149515e+00 1.118064e+00 1.120462e+00 1.218586e+00 1.192259e+00 9.413515e-01 8.716121e-01 2.108895e-04
<GCONST> 7.139757e+01
<MIXTURE> 123 4.393044e-03
<MEAN> 25
 -3.957443e+00 1.170728e+00 3.390871e-01 5.522779e+00 5.253990e+00 3.346226e+00 3.965556e+00 1.128255e+00 3.980263e-01 -4.489545e-01 -3.594652e-01 8.806854e-01 -4.336316e-01 -7.146189e-01 -8.955641e-01 -5.171448e-01 -1.713341e-01 -1.875495e-02 3.939176e-01 6.113713e-01 7.502230e-01 7.506981e-01 6.602362e-01 4.992427e-01 -4.157943e-03
<VARIANCE> 25
 1.021836e+01 9.702974e+00 1.499113e+01 1.927330e+01 2.110065e+01 2.516244e+01 2.456779e+01 2.099713e+01 1.815189e+01 1.690383e+01 2.133358e+01 1.801172e+01 3.578769e-01 3.742484e-01 4.734701e-01 7.995030e-01 9.800578e-01 1.247617e+00 1.205765e+00 1.269341e+00 1.070227e+00 1.159355e+00 1.140361e+00 1.142195e+00 1.045961e-04
<GCONST> 6.936732e+01
<MIXTURE> 124 4.069876e-03
<MEAN> 25
 -6.477759e+00 -1.167587e+00 -2.856916e+00 5.031052e+00 4.987180e+00 3.414497e+00 5.516854e+00 2.712449e+00 3.220370e+00 1.319210e+00 1.056866e+00 3.018113e+00 -2.026134e-01 -3.192935e-01 -3.656771e-01 -1.987326e-01 1.430925e-01 5.068215e-01 8.222866e-01 8.577269e-01 6.439301e-01 3.361251e-01 6.430752e-02 -3.066724e-02 -8.868906e-05
<VARIANCE> 25
 1.120993e+01 6.993927e+00 1.122704e+01 1.261021e+01 1.204559e+01 1.972215e+01 1.613012e+01 1.796127e+01 1.525433e+01 1.595030e+01 1.917362e+01 1.433734e+01 1.063278e-01 1.727734e-01 2.699356e-01 4.487463e-01 6.034613e-01 7.110976e-01 7.516754e-01 8.068345e-01 9.022636e-01 9.861888e-01 9.977570e-01 9.829019e-01 1.861676e-05
<GCONST> 5.903002e+01
<MIXTURE> 125 4.069876e-03
<MEAN> 25
 -6.477759e+00 -1.167587e+00 -2.856916e+00 5.031052e+00 4.987180e+00 3.414497e+00 5.516854e+00 2.712449e+00 3.220370e+00 1.319210e+00 1.056866e+00 3.018113e+00 -2.026134e-01 -3.192935e-01 -3.656771e-01 -1.987326e-01 1.430925e-01 5.068215e-01 8.222866e-01 8.577269e-01 6.439301e-01 3.361251e-01 6.430752e-02 -3.066724e-02 -8.868906e-05
<VARIANCE> 25
 1.120993e+01 6.993927e+00 1.122704e+01 1.261021e+01 1.204559e+01 1.972215e+01 1.613012e+01 1.796127e+01 1.525433e+01 1.595030e+01 1.917362e+01 1.433734e+01 1.063278e-01 1.727734e-01 2.699356e-01 4.487463e-01 6.034613e-01 7.110976e-01 7.516754e-01 8.068345e-01 9.022636e-01 9.861888e-01 9.977570e-01 9.829019e-01 1.861676e-05
<GCONST> 5.903002e+01
<MIXTURE> 126 2.402244e-03
<MEAN> 25
 -3.776759e+00 -6.886325e+00 -5.257185e+00 2.328049e+00 4.302017e+00 -3.247774e+00 1.327452e-01 3.585205e+00 3.296304e+00 -2.654946e+00 -1.451140e+00 3.047254e+00 -5.052852e-04 -3.434743e-03 -3.682039e-02 -1.578086e-01 -3.197690e-01 -3.918792e-01 -2.717054e-01 -1.611385e-01 -1.183233e-01 -1.059209e-01 -9.753790e-02 -3.222681e-02 -1.438733e-03
<VARIANCE> 25
 7.422294e+00 1.307628e+01 1.389827e+01 1.507623e+01 2.471511e+01 2.361381e+01 2.343037e+01 2.847231e+01 3.157606e+01 2.650340e+01 2.176354e+01 1.911611e+01 1.704259e-01 3.523445e-01 4.818970e-01 5.648136e-01 7.522194e-01 9.954462e-01 1.118905e+00 1.263260e+00 1.338691e+00 1.325822e+00 1.208096e+00 1.145159e+00 2.109644e-04
<GCONST> 6.987713e+01
<MIXTURE> 127 2.402244e-03
<MEAN> 25
 -3.776759e+00 -6.886325e+00 -5.257185e+00 2.328049e+00 4.302017e+00 -3.247774e+00 1.327452e-01 3.585205e+00 3.296304e+00 -2.654946e+00 -1.451140e+00 3.047254e+00 -5.052852e-04 -3.434743e-03 -3.682039e-02 -1.578086e-01 -3.197690e-01 -3.918792e-01 -2.717054e-01 -1.611385e-01 -1.183233e-01 -1.059209e-01 -9.753790e-02 -3.222681e-02 -1.438733e-03
<VARIANCE> 25
 7.422294e+00 1.307628e+01 1.389827e+01 1.507623e+01 2.471511e+01 2.361381e+01 2.343037e+01 2.847231e+01 3.157606e+01 2.650340e+01 2.176354e+01 1.911611e+01 1.704259e-01 3.523445e-01 4.818970e-01 5.648136e-01 7.522194e-01 9.954462e-01 1.118905e+00 1.263260e+00 1.338691e+00 1.325822e+00 1.208096e+00 1.145159e+00 2.109644e-04
<GCONST> 6.987713e+01
<MIXTURE> 128 3.790457e-03
<MEAN> 25
 -3.926506e+00 1.546156e+00 -3.362625e-01 6.577140e+00 3.641192e+00 1.836572e+00 3.589292e+00 2.386693e+00 3.945268e+00 3.699020e+00 3.752441e+00 3.515418e+00 -3.943186e-01 -1.948220e-01 9.840208e-02 7.248161e-01 1.182684e+00 1.129876e+00 7.152615e-01 1.298088e-01 -4.458606e-01 -7.826719e-01 -7.016540e-01 -3.910556e-01 -3.280353e-05
<VARIANCE> 25
 1.020560e+01 1.168189e+01 1.496406e+01 1.927870e+01 2.020216e+01 2.136417e+01 2.431606e+01 2.473223e+01 2.651061e+01 2.382441e+01 2.690870e+01 1.821546e+01 8.919891e-01 1.146769e+00 1.363094e+00 1.501292e+00 1.579187e+00 1.874900e+00 2.247687e+00 2.321348e+00 2.164549e+00 1.867688e+00 1.740914e+00 1.748351e+00 1.003848e-06
<GCONST> 7.367683e+01
<TRANSP> 3
 0.000000e+00 1.000000e+00 0.000000e+00
 0.000000e+00 9.999990e-01 9.999998e-07
 0.000000e+00 0.000000e+00 0.000000e+00
<ENDHMM>
