~o
<STREAMINFO> 1 25
<VECSIZE> 25<NULLD><MFCC_E_D_N><DIAGC>
~h "jmodel"
<BEGINHMM>
<NUMSTATES> 3
<STATE> 2
<NUMMIXES> 128
<MIXTURE> 1 5.748963e-03
<MEAN> 25
 -2.577257e+00 3.179279e+00 2.304748e+00 8.745748e+00 4.367508e+00 3.423841e+00 4.067327e+00 3.938264e+00 5.823665e+00 5.248701e+00 5.873220e+00 3.076609e+00 -2.005177e+00 -1.629754e+00 -8.659022e-01 1.072116e+00 1.561164e+00 2.229643e+00 2.152660e+00 2.077326e+00 1.691830e+00 1.269114e+00 1.560096e+00 6.156760e-01 -4.678811e-02
<VARIANCE> 25
 1.007623e+01 1.175454e+01 1.495034e+01 1.868799e+01 2.321605e+01 2.239004e+01 2.195756e+01 2.198983e+01 2.100630e+01 2.254032e+01 2.103679e+01 1.706005e+01 1.789117e+00 2.119267e+00 3.023031e+00 3.210340e+00 3.736333e+00 3.357739e+00 3.315315e+00 3.400875e+00 3.518766e+00 3.723212e+00 3.535870e+00 2.830868e+00 3.127208e-03
<GCONST> 8.849627e+01
<MIXTURE> 2 4.549242e-03
<MEAN> 25
 -4.843480e+00 1.339479e+00 9.801213e-01 9.858121e+00 6.713061e+00 7.356176e+00 7.869891e+00 6.987494e+00 8.336119e+00 6.419166e+00 7.524979e+00 3.086756e+00 -6.288087e-02 3.911395e-02 1.451949e-01 2.232439e-01 2.568732e-01 2.747898e-01 2.973055e-01 3.145095e-01 3.505674e-01 3.121562e-01 1.959724e-01 7.295935e-02 1.157356e-05
<VARIANCE> 25
 7.037090e+00 8.945042e+00 1.066558e+01 1.599594e+01 1.722532e+01 1.605754e+01 1.683394e+01 1.846297e+01 1.665272e+01 1.752161e+01 1.917424e+01 1.430093e+01 1.244395e-01 2.260043e-01 3.351525e-01 4.652549e-01 6.568409e-01 8.153249e-01 9.239939e-01 9.990637e-01 1.049137e+00 1.072751e+00 1.068483e+00 1.017539e+00 1.012099e-06
<GCONST> 5.814461e+01
<MIXTURE> 3 4.549242e-03
<MEAN> 25
 -4.843480e+00 1.339479e+00 9.801213e-01 9.858121e+00 6.713061e+00 7.356176e+00 7.869891e+00 6.987494e+00 8.336119e+00 6.419166e+00 7.524979e+00 3.086756e+00 -6.288087e-02 3.911395e-02 1.451949e-01 2.232439e-01 2.568732e-01 2.747898e-01 2.973055e-01 3.145095e-01 3.505674e-01 3.121562e-01 1.959724e-01 7.295935e-02 1.157356e-05
<VARIANCE> 25
 7.037090e+00 8.945042e+00 1.066558e+01 1.599594e+01 1.722532e+01 1.605754e+01 1.683394e+01 1.846297e+01 1.665272e+01 1.752161e+01 1.917424e+01 1.430093e+01 1.244395e-01 2.260043e-01 3.351525e-01 4.652549e-01 6.568409e-01 8.153249e-01 9.239939e-01 9.990637e-01 1.049137e+00 1.072751e+00 1.068483e+00 1.017539e+00 1.012099e-06
<GCONST> 5.814461e+01
<MIXTURE> 4 1.671429e-02
<MEAN> 25
 3.557350e+00 3.109067e+00 -3.464416e+00 9.079360e-01 5.290595e+00 -1.083147e+00 9.654564e-01 1.009305e+00 5.424426e-01 3.011738e+00 -2.166138e+00 -3.904722e-01 -2.666989e+00 1.171392e+00 1.401779e+00 2.395977e+00 1.081903e+00 -2.719506e-02 1.459636e+00 6.528665e-01 9.072165e-01 5.158451e-01 6.315451e-01 8.323075e-01 -7.477294e-02
<VARIANCE> 25
 1.731944e+01 2.324167e+01 2.406220e+01 4.204076e+01 4.368677e+01 6.647144e+01 6.257831e+01 6.817281e+01 4.885255e+01 5.921233e+01 5.538335e+01 3.135051e+01 2.627877e+00 4.278728e+00 3.287139e+00 4.885639e+00 4.515595e+00 6.650475e+00 5.168461e+00 6.581654e+00 5.111420e+00 6.276242e+00 5.957880e+00 3.689156e+00 7.413174e-03
<GCONST> 1.044048e+02
<MIXTURE> 5 3.206198e-03
<MEAN> 25
 -3.335346e+00 2.283495e+00 4.946662e-01 9.315783e+00 6.842478e+00 6.070390e+00 7.172715e+00 4.907563e+00 5.354593e+00 3.956836e+00 4.392041e+00 2.567672e+00 -3.189244e-01 7.326931e-01 1.209432e+00 1.020120e+00 2.952134e-01 -1.119532e-01 -9.000974e-02 3.810596e-02 4.372760e-01 6.586173e-01 3.821677e-01 5.805985e-02 -3.081509e-05
<VARIANCE> 25
 1.034481e+01 1.417311e+01 2.357029e+01 2.556317e+01 2.070536e+01 2.143413e+01 1.991818e+01 2.140923e+01 2.182786e+01 2.144248e+01 2.646175e+01 1.644807e+01 1.183075e+00 1.233027e+00 1.338762e+00 1.652189e+00 2.256080e+00 2.351034e+00 2.261831e+00 2.231444e+00 2.315540e+00 2.238655e+00 2.083778e+00 1.914054e+00 1.003272e-06
<GCONST> 7.538664e+01
<MIXTURE> 6 5.475854e-03
<MEAN> 25
 8.839596e+00 -1.908981e+00 -5.544951e+00 -1.129488e+01 -3.650515e+00 8.462923e+00 -5.822643e+00 -7.845487e+00 -3.909110e+00 6.439393e-01 7.341472e+00 -1.451721e+00 3.944911e-01 6.118554e-01 -2.064629e-01 -1.661636e+00 -6.955388e-01 1.517236e+00 1.373442e+00 9.379778e-02 -7.936521e-01 -1.158466e+00 3.803044e-01 1.076986e+00 -9.050629e-04
<VARIANCE> 25
 9.195497e+00 2.120367e+01 2.148761e+01 3.279801e+01 3.193571e+01 2.985812e+01 4.149750e+01 4.219989e+01 3.148399e+01 4.577538e+01 6.918848e+01 2.261473e+01 2.490161e-01 8.559937e-01 8.849352e-01 1.727969e+00 1.550439e+00 1.942754e+00 1.774313e+00 1.888162e+00 2.211583e+00 1.634494e+00 2.202250e+00 1.121745e+00 7.476946e-04
<GCONST> 8.291607e+01
<MIXTURE> 7 5.475854e-03
<MEAN> 25
 8.839596e+00 -1.908981e+00 -5.544951e+00 -1.129488e+01 -3.650515e+00 8.462923e+00 -5.822643e+00 -7.845487e+00 -3.909110e+00 6.439393e-01 7.341472e+00 -1.451721e+00 3.944911e-01 6.118554e-01 -2.064629e-01 -1.661636e+00 -6.955388e-01 1.517236e+00 1.373442e+00 9.379778e-02 -7.936521e-01 -1.158466e+00 3.803044e-01 1.076986e+00 -9.050629e-04
<VARIANCE> 25
 9.195497e+00 2.120367e+01 2.148761e+01 3.279801e+01 3.193571e+01 2.985812e+01 4.149750e+01 4.219989e+01 3.148399e+01 4.577538e+01 6.918848e+01 2.261473e+01 2.490161e-01 8.559937e-01 8.849352e-01 1.727969e+00 1.550439e+00 1.942754e+00 1.774313e+00 1.888162e+00 2.211583e+00 1.634494e+00 2.202250e+00 1.121745e+00 7.476946e-04
<GCONST> 8.291607e+01
<MIXTURE> 8 1.165917e-02
<MEAN> 25
 -4.721235e+00 1.368864e+00 1.287328e+00 9.530909e+00 6.584169e+00 6.239907e+00 6.487999e+00 5.674518e+00 6.654865e+00 5.630909e+00 6.541897e+00 3.146809e+00 -6.335453e-01 -1.424488e+00 -1.064545e+00 -1.726668e+00 -2.362083e-01 -9.430406e-01 -1.794129e-01 -2.939034e-01 -2.438424e-01 -1.793387e-01 -2.086859e-01 8.665743e-02 9.878951e-02
<VARIANCE> 25
 9.366077e+00 9.838346e+00 1.160378e+01 1.630584e+01 1.664877e+01 1.577820e+01 1.812185e+01 1.757386e+01 1.702834e+01 1.735340e+01 1.916068e+01 1.398177e+01 2.756276e+00 2.809283e+00 3.917248e+00 3.760233e+00 3.464196e+00 3.314816e+00 3.124728e+00 3.082169e+00 2.900657e+00 2.665948e+00 2.442813e+00 1.913478e+00 6.667669e-03
<GCONST> 8.634657e+01
<MIXTURE> 9 1.199672e-02
<MEAN> 25
 8.095545e+00 2.239846e+00 -5.035661e+00 -1.102817e+01 -1.704178e+00 6.552099e+00 -3.512797e+00 -5.567895e+00 -5.477571e+00 -6.078612e-01 4.227485e+00 3.650350e-02 1.543517e+00 -5.558568e-01 6.084713e-02 -1.968268e+00 -2.305182e+00 1.494546e+00 -1.331024e+00 -8.246680e-01 -2.083257e-01 -9.605259e-01 1.429716e+00 -2.267764e-01 6.961481e-02
<VARIANCE> 25
 1.317592e+01 2.166488e+01 3.222775e+01 4.468325e+01 5.317360e+01 3.662052e+01 3.942260e+01 6.266718e+01 2.967020e+01 3.732854e+01 5.546039e+01 2.513461e+01 4.021398e+00 2.179144e+00 4.119396e+00 5.093333e+00 5.361677e+00 4.058985e+00 3.506771e+00 5.017852e+00 3.594332e+00 3.586689e+00 4.604825e+00 2.280243e+00 1.689842e-03
<GCONST> 9.819656e+01
<MIXTURE> 10 6.596976e-03
<MEAN> 25
 8.247199e-01 7.568792e+00 5.408261e+00 7.110457e+00 1.582258e+00 -2.172879e+00 -5.410173e-01 -1.557822e+00 8.668211e-01 7.959931e-01 8.597251e-01 6.068206e-01 -1.892598e+00 -6.660059e-01 -4.744139e-01 3.013338e+00 2.480508e+00 2.653149e+00 2.364239e+00 2.300793e+00 1.846825e+00 1.569798e+00 2.289215e+00 5.379152e-01 -1.381332e-01
<VARIANCE> 25
 1.939321e+01 2.090217e+01 2.249000e+01 2.893111e+01 3.801657e+01 3.491666e+01 3.491756e+01 3.520043e+01 2.735945e+01 2.953422e+01 2.676954e+01 2.508349e+01 2.316568e+00 3.401797e+00 5.506596e+00 5.135197e+00 5.543472e+00 4.718330e+00 4.671746e+00 4.878211e+00 4.364407e+00 5.025616e+00 4.589979e+00 3.172118e+00 2.687745e-03
<GCONST> 9.758290e+01
<MIXTURE> 11 1.633820e-02
<MEAN> 25
 7.346542e+00 1.103882e+00 2.989279e+00 5.465259e+00 -2.530665e+00 -4.310491e+00 -1.082139e+00 -2.983774e+00 -4.421775e+00 1.696734e+00 -3.935087e+00 -1.379694e+00 -3.359886e-01 4.761354e-01 5.052077e-02 1.422288e-01 4.730020e-01 -2.331392e-01 3.327842e-01 -1.898941e-02 -2.912290e-01 -1.184281e-01 -3.454281e-01 5.752695e-01 -1.656326e-02
<VARIANCE> 25
 8.888867e+00 2.979901e+01 2.046652e+01 2.258498e+01 3.819300e+01 4.419871e+01 4.345074e+01 5.117687e+01 3.985460e+01 3.503376e+01 4.911224e+01 2.718205e+01 8.158810e-01 9.452760e-01 1.380017e+00 1.695709e+00 1.459031e+00 1.924463e+00 2.284924e+00 2.893060e+00 2.660211e+00 2.430467e+00 1.570727e+00 1.705990e+00 7.928589e-04
<GCONST> 8.646258e+01
<MIXTURE> 12 5.904134e-03
<MEAN> 25
 9.929759e+00 1.167768e+00 -2.790698e+00 -1.562609e+01 -1.052367e+01 1.226234e+01 -4.452471e-02 -6.327503e+00 -2.321082e+00 -5.344420e+00 4.686089e+00 1.570190e+00 2.408737e-02 2.874597e-01 9.588183e-02 -3.588785e-01 -4.170231e-01 2.849373e-01 5.650698e-01 4.977715e-01 3.389540e-01 -3.807022e-01 -5.806818e-01 5.138337e-02 -5.965511e-03
<VARIANCE> 25
 8.010316e+00 2.334417e+01 2.089937e+01 2.782567e+01 3.212359e+01 3.535656e+01 3.375113e+01 6.146595e+01 2.863963e+01 3.004577e+01 4.883441e+01 2.059724e+01 1.869978e-01 5.681766e-01 4.833896e-01 7.514445e-01 1.222877e+00 8.269392e-01 1.082153e+00 9.898912e-01 1.106946e+00 1.163630e+00 1.405888e+00 8.297700e-01 3.947420e-04
<GCONST> 7.528259e+01
<MIXTURE> 13 5.904134e-03
<MEAN> 25
 9.929759e+00 1.167768e+00 -2.790698e+00 -1.562609e+01 -1.052367e+01 1.226234e+01 -4.452471e-02 -6.327503e+00 -2.321082e+00 -5.344420e+00 4.686089e+00 1.570190e+00 2.408737e-02 2.874597e-01 9.588183e-02 -3.588785e-01 -4.170231e-01 2.849373e-01 5.650698e-01 4.977715e-01 3.389540e-01 -3.807022e-01 -5.806818e-01 5.138337e-02 -5.965511e-03
<VARIANCE> 25
 8.010316e+00 2.334417e+01 2.089937e+01 2.782567e+01 3.212359e+01 3.535656e+01 3.375113e+01 6.146595e+01 2.863963e+01 3.004577e+01 4.883441e+01 2.059724e+01 1.869978e-01 5.681766e-01 4.833896e-01 7.514445e-01 1.222877e+00 8.269392e-01 1.082153e+00 9.898912e-01 1.106946e+00 1.163630e+00 1.405888e+00 8.297700e-01 3.947420e-04
<GCONST> 7.528259e+01
<MIXTURE> 14 6.488954e-03
<MEAN> 25
 -4.291389e+00 -2.927568e-01 -3.770007e-01 8.826920e+00 7.581398e+00 7.167427e+00 7.923572e+00 7.374134e+00 7.104250e+00 5.313191e+00 6.615198e+00 4.133240e+00 -2.632647e-01 1.933483e-01 3.562491e-01 3.071319e-01 1.819276e-02 5.540589e-02 8.745681e-02 1.832674e-01 2.876118e-01 5.245303e-01 5.079162e-01 7.062574e-02 -9.359820e-03
<VARIANCE> 25
 9.387094e+00 1.421613e+01 1.854923e+01 1.800620e+01 2.080484e+01 2.164889e+01 2.161015e+01 2.108503e+01 2.095837e+01 2.400131e+01 2.433083e+01 1.608858e+01 9.579399e-01 1.616793e+00 1.757531e+00 1.911378e+00 2.227825e+00 2.245366e+00 2.232598e+00 2.219578e+00 2.273010e+00 2.520125e+00 2.173791e+00 1.808563e+00 1.020565e-03
<GCONST> 8.216077e+01
<MIXTURE> 15 2.475190e-03
<MEAN> 25
 -5.422402e+00 -6.424991e-01 -2.025898e-01 7.366441e+00 5.722125e+00 5.698179e+00 6.061541e+00 4.982537e+00 5.163634e+00 4.156574e+00 5.497964e+00 2.540397e+00 -1.212645e-01 -2.913603e-02 7.508357e-02 2.436746e-01 4.893424e-01 7.863072e-01 1.072205e+00 1.181969e+00 1.059297e+00 7.562751e-01 4.196147e-01 1.532961e-01 -8.232173e-05
<VARIANCE> 25
 6.990200e+00 5.618341e+00 9.040081e+00 1.281803e+01 1.409074e+01 1.432538e+01 1.491870e+01 1.491557e+01 1.410508e+01 1.419288e+01 1.514976e+01 1.251162e+01 1.247230e-01 2.061821e-01 3.197116e-01 5.029703e-01 6.997615e-01 7.937751e-01 7.631446e-01 7.916591e-01 9.088605e-01 1.023923e+00 1.071185e+00 1.041248e+00 2.795720e-05
<GCONST> 5.859879e+01
<MIXTURE> 16 2.475190e-03
<MEAN> 25
 -5.422402e+00 -6.424991e-01 -2.025898e-01 7.366441e+00 5.722125e+00 5.698179e+00 6.061541e+00 4.982537e+00 5.163634e+00 4.156574e+00 5.497964e+00 2.540397e+00 -1.212645e-01 -2.913603e-02 7.508357e-02 2.436746e-01 4.893424e-01 7.863072e-01 1.072205e+00 1.181969e+00 1.059297e+00 7.562751e-01 4.196147e-01 1.532961e-01 -8.232173e-05
<VARIANCE> 25
 6.990200e+00 5.618341e+00 9.040081e+00 1.281803e+01 1.409074e+01 1.432538e+01 1.491870e+01 1.491557e+01 1.410508e+01 1.419288e+01 1.514976e+01 1.251162e+01 1.247230e-01 2.061821e-01 3.197116e-01 5.029703e-01 6.997615e-01 7.937751e-01 7.631446e-01 7.916591e-01 9.088605e-01 1.023923e+00 1.071185e+00 1.041248e+00 2.795720e-05
<GCONST> 5.859879e+01
<MIXTURE> 17 9.518312e-03
<MEAN> 25
 3.320375e+00 -3.633827e+00 6.166747e+00 3.020661e+00 -5.242424e+00 -3.604670e+00 -3.389987e+00 -1.891060e+00 -2.266212e+00 -4.155404e+00 -8.320143e-01 -4.140927e-01 -9.331351e-01 -1.100439e+00 1.285681e+00 -1.505283e+00 -2.430228e+00 1.201713e+00 -1.100947e+00 -8.659542e-02 1.068611e+00 -1.288930e+00 1.508675e+00 5.808920e-02 8.436269e-02
<VARIANCE> 25
 1.681241e+01 3.468605e+01 3.395144e+01 2.945785e+01 3.685917e+01 5.293596e+01 3.574160e+01 4.886717e+01 4.220562e+01 2.741237e+01 2.314960e+01 2.780686e+01 1.113351e+00 2.149526e+00 2.245801e+00 2.290219e+00 3.423526e+00 4.525458e+00 4.393358e+00 4.155620e+00 3.448817e+00 3.841006e+00 2.101065e+00 2.141912e+00 2.051123e-03
<GCONST> 9.383951e+01
<MIXTURE> 18 1.221018e-02
<MEAN> 25
 2.707097e+00 2.817177e+00 6.645759e+00 4.621655e+00 -4.619928e+00 -7.280852e+00 -2.427282e+00 1.133610e+00 -1.152362e+00 -4.225689e+00 4.234765e-01 -9.212843e-01 -4.639683e-01 1.796458e+00 -8.719901e-01 1.329641e+00 3.234255e+00 -5.735844e-01 1.635661e+00 6.942096e-01 -1.536205e-01 1.758461e+00 -1.392572e+00 6.127108e-01 -1.151936e-01
<VARIANCE> 25
 1.113929e+01 1.871818e+01 2.673770e+01 1.775441e+01 3.493333e+01 2.978908e+01 3.819744e+01 4.291872e+01 3.220827e+01 3.390059e+01 3.295695e+01 2.237465e+01 2.451233e+00 2.488299e+00 3.080132e+00 2.761312e+00 2.655982e+00 5.440531e+00 4.096476e+00 5.476232e+00 4.158962e+00 3.743785e+00 3.663080e+00 2.664127e+00 3.287845e-03
<GCONST> 9.443416e+01
<MIXTURE> 19 9.912824e-03
<MEAN> 25
 -9.587836e+00 2.261904e+00 1.446439e-01 1.058718e+00 4.525898e+00 9.534872e-01 3.687477e+00 1.574480e+00 1.626812e+00 1.583668e+00 3.056301e-01 2.224496e+00 1.962098e+00 1.545661e+00 1.990502e+00 7.127820e-01 -1.018344e+00 -9.828334e-01 -9.774982e-01 -1.416059e+00 -1.480317e+00 -1.127895e+00 -8.277668e-01 -8.199828e-01 -3.499787e-05
<VARIANCE> 25
 5.496885e+01 2.968902e+01 4.478053e+01 5.106522e+01 3.510694e+01 3.410408e+01 3.203496e+01 3.368193e+01 2.878738e+01 2.849479e+01 3.668502e+01 1.909980e+01 2.493611e+00 2.421460e+00 2.284890e+00 2.226647e+00 2.448391e+00 2.164711e+00 2.328434e+00 2.330696e+00 1.977295e+00 2.019455e+00 2.113874e+00 1.678465e+00 2.284137e-03
<GCONST> 9.176586e+01
<MIXTURE> 20 6.308331e-03
<MEAN> 25
 -1.402025e+01 7.457072e+00 9.313210e-01 5.774511e+00 4.949837e+00 1.445369e+00 5.095378e+00 7.338818e-01 1.021814e+00 5.572243e-01 2.616796e+00 -2.210097e-01 -3.306528e+00 -7.529444e-01 -1.502440e+00 2.865121e-01 1.552827e+00 1.990743e+00 1.929176e+00 2.032394e+00 2.116332e+00 1.962003e+00 1.548232e+00 9.162765e-01 4.676944e-02
<VARIANCE> 25
 1.946028e+01 2.240151e+01 3.026942e+01 4.093468e+01 2.951210e+01 2.757121e+01 2.912051e+01 3.178021e+01 2.802081e+01 2.876706e+01 2.466470e+01 2.011397e+01 2.036418e+00 2.307056e+00 1.887957e+00 2.458249e+00 2.641392e+00 2.565458e+00 2.262319e+00 2.285255e+00 2.151412e+00 2.672573e+00 2.528464e+00 1.807279e+00 1.808831e-03
<GCONST> 8.916931e+01
<MIXTURE> 21 7.928653e-03
<MEAN> 25
 3.107313e+00 -5.903380e+00 5.535915e+00 4.934004e-02 -1.326575e+01 -4.940970e+00 -4.935166e+00 3.089862e+00 -7.327082e-01 -4.854077e+00 3.186038e+00 -5.619777e-01 -6.873481e-01 1.318985e+00 2.653882e+00 -4.008868e-02 -1.548017e+00 2.361259e-01 1.403087e-01 -1.406241e+00 -1.709085e+00 -2.162552e-01 1.363608e+00 5.701159e-01 -5.592353e-03
<VARIANCE> 25
 8.128497e+00 1.825180e+01 2.355072e+01 2.522506e+01 4.116354e+01 5.797685e+01 4.345987e+01 3.643692e+01 3.977952e+01 3.010429e+01 4.300349e+01 2.259488e+01 3.218548e-01 7.384231e-01 1.527811e+00 9.961309e-01 2.094171e+00 1.736882e+00 3.976571e+00 2.258168e+00 2.066203e+00 2.716538e+00 1.817025e+00 2.610705e+00 4.424646e-04
<GCONST> 8.447363e+01
<MIXTURE> 22 8.827789e-03
<MEAN> 25
 -1.679123e+01 7.714437e+00 -4.527532e+00 5.641798e+00 5.047777e+00 2.543216e+00 7.820349e+00 1.214869e+00 5.606736e+00 3.693645e+00 2.223057e+00 3.021647e+00 -2.100553e-01 7.444791e-02 -5.813164e-02 5.176237e-02 1.486381e-01 7.936525e-02 4.406567e-02 2.470094e-01 2.289500e-01 2.516801e-01 -2.970463e-03 2.005353e-01 2.986060e-03
<VARIANCE> 25
 6.256161e+00 1.130587e+01 1.174728e+01 1.981326e+01 1.639253e+01 1.525372e+01 1.631364e+01 1.655800e+01 1.254383e+01 1.414830e+01 2.388723e+01 1.325311e+01 7.717496e-01 1.249975e+00 1.113908e+00 1.237735e+00 1.245862e+00 1.471549e+00 1.440528e+00 1.301437e+00 1.263382e+00 1.166230e+00 1.299968e+00 9.700134e-01 1.186296e-03
<GCONST> 7.311506e+01
<MIXTURE> 23 6.455497e-03
<MEAN> 25
 7.312577e+00 2.146293e+00 1.894408e+00 2.954487e+00 -3.090802e+00 -3.939626e+00 -2.311545e+00 -3.632102e+00 -3.457712e+00 2.901991e-01 -5.412623e+00 -1.158147e+00 -4.264870e-02 2.529243e-01 -9.906260e-02 3.163470e-02 2.827513e-03 1.490658e-02 -2.187062e-02 -4.958274e-02 5.367078e-02 -2.176514e-02 3.335788e-02 1.273033e-01 -6.226587e-03
<VARIANCE> 25
 1.173171e+01 2.690169e+01 2.626280e+01 3.705412e+01 5.113663e+01 4.845249e+01 5.572543e+01 7.252502e+01 4.170767e+01 4.474030e+01 5.131506e+01 3.627554e+01 1.120294e-01 3.403777e-01 3.687469e-01 4.948885e-01 5.591694e-01 7.910540e-01 7.146196e-01 7.203299e-01 9.576623e-01 9.179796e-01 8.568712e-01 8.037410e-01 9.540176e-05
<GCONST> 7.355537e+01
<MIXTURE> 24 6.455497e-03
<MEAN> 25
 7.312577e+00 2.146293e+00 1.894408e+00 2.954487e+00 -3.090802e+00 -3.939626e+00 -2.311545e+00 -3.632102e+00 -3.457712e+00 2.901991e-01 -5.412623e+00 -1.158147e+00 -4.264870e-02 2.529243e-01 -9.906260e-02 3.163470e-02 2.827513e-03 1.490658e-02 -2.187062e-02 -4.958274e-02 5.367078e-02 -2.176514e-02 3.335788e-02 1.273033e-01 -6.226587e-03
<VARIANCE> 25
 1.173171e+01 2.690169e+01 2.626280e+01 3.705412e+01 5.113663e+01 4.845249e+01 5.572543e+01 7.252502e+01 4.170767e+01 4.474030e+01 5.131506e+01 3.627554e+01 1.120294e-01 3.403777e-01 3.687469e-01 4.948885e-01 5.591694e-01 7.910540e-01 7.146196e-01 7.203299e-01 9.576623e-01 9.179796e-01 8.568712e-01 8.037410e-01 9.540176e-05
<GCONST> 7.355537e+01
<MIXTURE> 25 1.118642e-02
<MEAN> 25
 -9.935899e-01 7.387699e-01 1.458038e+01 -1.196653e+00 -1.217927e+01 2.250441e+00 -1.041289e+01 -4.879446e+00 -2.722685e+00 -1.148191e+01 6.074594e+00 -2.626108e+00 -1.508944e-01 6.388327e-01 4.169320e-02 1.855389e-01 2.243490e-01 -1.249315e-01 4.294562e-01 1.181712e-01 9.119549e-02 -8.920572e-02 -1.383776e-01 -3.611169e-01 -1.652459e-02
<VARIANCE> 25
 6.712410e+00 1.733337e+01 1.581149e+01 2.133929e+01 2.757198e+01 3.754839e+01 3.497305e+01 2.098606e+01 3.076509e+01 4.624389e+01 2.165711e+01 1.697062e+01 4.844269e-01 1.488485e+00 1.309214e+00 1.087710e+00 1.840680e+00 1.451171e+00 1.672166e+00 1.551229e+00 1.786216e+00 2.293385e+00 1.358278e+00 1.205774e+00 1.276650e-03
<GCONST> 8.043491e+01
<MIXTURE> 26 7.727677e-03
<MEAN> 25
 1.542054e+00 -4.796123e+00 -9.475016e+00 -2.151458e-01 8.406578e+00 3.816508e+00 5.018995e+00 1.148015e+00 1.354279e+00 7.305750e-01 -3.953615e+00 -1.563515e-02 -5.354750e-01 5.825882e-01 3.068812e-01 6.204740e-01 2.851363e-01 1.091804e-01 2.760338e-01 2.682253e-01 2.904814e-01 6.967009e-02 3.304041e-01 4.154370e-01 -4.449905e-02
<VARIANCE> 25
 2.501225e+01 4.005978e+01 2.654026e+01 5.428295e+01 3.465552e+01 4.742519e+01 4.859501e+01 5.143627e+01 3.634316e+01 5.717443e+01 4.365810e+01 4.528269e+01 1.517045e+00 1.718730e+00 1.722163e+00 1.808197e+00 2.258551e+00 2.591108e+00 2.304027e+00 2.508887e+00 2.182352e+00 2.437109e+00 2.069479e+00 1.851698e+00 3.074780e-03
<GCONST> 9.343210e+01
<MIXTURE> 27 7.727677e-03
<MEAN> 25
 1.542054e+00 -4.796123e+00 -9.475016e+00 -2.151458e-01 8.406578e+00 3.816508e+00 5.018995e+00 1.148015e+00 1.354279e+00 7.305750e-01 -3.953615e+00 -1.563515e-02 -5.354750e-01 5.825882e-01 3.068812e-01 6.204740e-01 2.851363e-01 1.091804e-01 2.760338e-01 2.682253e-01 2.904814e-01 6.967009e-02 3.304041e-01 4.154370e-01 -4.449905e-02
<VARIANCE> 25
 2.501225e+01 4.005978e+01 2.654026e+01 5.428295e+01 3.465552e+01 4.742519e+01 4.859501e+01 5.143627e+01 3.634316e+01 5.717443e+01 4.365810e+01 4.528269e+01 1.517045e+00 1.718730e+00 1.722163e+00 1.808197e+00 2.258551e+00 2.591108e+00 2.304027e+00 2.508887e+00 2.182352e+00 2.437109e+00 2.069479e+00 1.851698e+00 3.074780e-03
<GCONST> 9.343210e+01
<MIXTURE> 28 5.036674e-03
<MEAN> 25
 -4.794030e+00 7.003481e-01 -2.168295e+00 6.473950e+00 6.017334e+00 2.434397e+00 5.902395e+00 4.160241e+00 3.270345e+00 2.926228e+00 1.662934e+00 3.090509e+00 -1.112786e-01 2.240615e-01 5.045326e-01 7.628208e-01 7.783468e-01 7.159460e-01 5.634173e-01 4.043902e-01 4.952836e-01 5.065114e-01 3.582466e-01 2.281719e-01 -1.425756e-05
<VARIANCE> 25
 1.251701e+01 1.108343e+01 1.369103e+01 1.430210e+01 1.802329e+01 2.485616e+01 1.856067e+01 2.533240e+01 1.960856e+01 1.774229e+01 2.636845e+01 1.518071e+01 2.299651e-01 3.174846e-01 3.781917e-01 4.586653e-01 5.936494e-01 8.117501e-01 1.023353e+00 1.071189e+00 1.125626e+00 9.864154e-01 1.023132e+00 1.002064e+00 9.777375e-07
<GCONST> 6.154309e+01
<MIXTURE> 29 5.036674e-03
<MEAN> 25
 -4.794030e+00 7.003481e-01 -2.168295e+00 6.473950e+00 6.017334e+00 2.434397e+00 5.902395e+00 4.160241e+00 3.270345e+00 2.926228e+00 1.662934e+00 3.090509e+00 -1.112786e-01 2.240615e-01 5.045326e-01 7.628208e-01 7.783468e-01 7.159460e-01 5.634173e-01 4.043902e-01 4.952836e-01 5.065114e-01 3.582466e-01 2.281719e-01 -1.425756e-05
<VARIANCE> 25
 1.251701e+01 1.108343e+01 1.369103e+01 1.430210e+01 1.802329e+01 2.485616e+01 1.856067e+01 2.533240e+01 1.960856e+01 1.774229e+01 2.636845e+01 1.518071e+01 2.299651e-01 3.174846e-01 3.781917e-01 4.586653e-01 5.936494e-01 8.117501e-01 1.023353e+00 1.071189e+00 1.125626e+00 9.864154e-01 1.023132e+00 1.002064e+00 9.777375e-07
<GCONST> 6.154309e+01
<MIXTURE> 30 8.917812e-03
<MEAN> 25
 -4.292308e+00 8.430663e-02 5.116439e-01 8.743634e+00 7.990652e+00 6.925344e+00 7.780587e+00 7.264678e+00 6.308760e+00 5.234529e+00 6.118518e+00 3.589443e+00 -2.413838e-02 1.742056e-02 6.487422e-02 7.823237e-02 5.707554e-02 4.103111e-02 1.378828e-02 4.496620e-03 1.567772e-02 7.747966e-02 6.563669e-02 -1.596957e-02 -6.497445e-04
<VARIANCE> 25
 7.298895e+00 1.140958e+01 1.050051e+01 1.508730e+01 1.622690e+01 2.062314e+01 1.868025e+01 1.960932e+01 1.647868e+01 1.943804e+01 3.082380e+01 1.457142e+01 9.600744e-02 1.965185e-01 3.184839e-01 4.648969e-01 6.289879e-01 7.269827e-01 7.556709e-01 7.913299e-01 9.048133e-01 1.034032e+00 9.048113e-01 8.713032e-01 4.994596e-05
<GCONST> 6.164151e+01
<MIXTURE> 31 4.136493e-03
<MEAN> 25
 -3.232000e+00 -4.819939e+00 -1.635859e-01 4.612903e+00 4.377943e+00 1.142177e+00 6.044298e+00 7.003888e+00 2.176312e+00 2.330799e+00 4.794667e+00 3.622243e+00 2.701777e-01 4.726999e-01 -2.576958e-01 3.260020e-01 1.825571e-01 3.706697e-01 1.346941e-01 2.011030e-02 3.063253e-01 3.602112e-01 1.047791e-01 1.054250e-01 -1.847053e-02
<VARIANCE> 25
 6.929797e+00 2.042778e+01 1.641810e+01 1.801226e+01 2.586871e+01 2.475125e+01 2.619564e+01 2.504418e+01 2.643644e+01 3.265556e+01 3.861238e+01 1.916094e+01 1.858099e-01 4.577706e-01 5.650211e-01 7.106534e-01 9.608517e-01 1.053209e+00 1.181176e+00 1.520759e+00 1.344138e+00 1.447441e+00 1.146335e+00 1.205953e+00 2.397120e-04
<GCONST> 7.277851e+01
<MIXTURE> 32 4.136493e-03
<MEAN> 25
 -3.232000e+00 -4.819939e+00 -1.635859e-01 4.612903e+00 4.377943e+00 1.142177e+00 6.044298e+00 7.003888e+00 2.176312e+00 2.330799e+00 4.794667e+00 3.622243e+00 2.701777e-01 4.726999e-01 -2.576958e-01 3.260020e-01 1.825571e-01 3.706697e-01 1.346941e-01 2.011030e-02 3.063253e-01 3.602112e-01 1.047791e-01 1.054250e-01 -1.847053e-02
<VARIANCE> 25
 6.929797e+00 2.042778e+01 1.641810e+01 1.801226e+01 2.586871e+01 2.475125e+01 2.619564e+01 2.504418e+01 2.643644e+01 3.265556e+01 3.861238e+01 1.916094e+01 1.858099e-01 4.577706e-01 5.650211e-01 7.106534e-01 9.608517e-01 1.053209e+00 1.181176e+00 1.520759e+00 1.344138e+00 1.447441e+00 1.146335e+00 1.205953e+00 2.397120e-04
<GCONST> 7.277851e+01
<MIXTURE> 33 1.508826e-02
<MEAN> 25
 6.506126e+00 -5.027142e+00 -1.974037e+00 -1.995335e+00 -2.586390e+00 -4.260934e+00 -6.119131e+00 9.147196e-01 2.823575e+00 4.687875e-01 -4.090935e+00 -3.433429e+00 6.239275e-01 -1.317462e+00 -2.164512e+00 -1.811335e+00 1.031750e+00 1.689310e+00 -7.540219e-01 6.866294e-01 1.091676e+00 2.941580e-01 -1.468125e-01 -1.356807e+00 3.876409e-02
<VARIANCE> 25
 9.492688e+00 2.757336e+01 2.792298e+01 3.444724e+01 4.374485e+01 5.026538e+01 4.852922e+01 4.830323e+01 4.952948e+01 4.617133e+01 3.343367e+01 2.790267e+01 1.190812e+00 1.965234e+00 2.347370e+00 2.130090e+00 4.647431e+00 3.525062e+00 3.988016e+00 5.333406e+00 3.691618e+00 4.278824e+00 3.279690e+00 2.563928e+00 1.392601e-03
<GCONST> 9.503739e+01
<MIXTURE> 34 1.588179e-02
<MEAN> 25
 8.083494e+00 -5.075085e+00 2.073610e-01 2.118892e+00 -4.293861e+00 5.703439e-01 -3.447268e+00 -5.104284e+00 -1.611733e+00 2.412507e+00 -1.160360e+00 -5.300346e+00 3.140483e-01 1.547240e+00 1.373152e+00 2.305926e+00 3.853854e-01 -1.815443e+00 1.393500e+00 -7.095457e-01 -2.418189e+00 8.887202e-01 -1.486477e+00 9.132339e-01 -5.901611e-02
<VARIANCE> 25
 7.050587e+00 3.741301e+01 1.824384e+01 3.462013e+01 2.920791e+01 5.227530e+01 4.518044e+01 5.674370e+01 6.267922e+01 3.910664e+01 6.305929e+01 2.334606e+01 8.175902e-01 1.350377e+00 2.458825e+00 2.533433e+00 3.547733e+00 5.171359e+00 3.100271e+00 5.665692e+00 5.329357e+00 3.432207e+00 3.996541e+00 2.949987e+00 1.062530e-03
<GCONST> 9.447948e+01
<MIXTURE> 35 1.467755e-02
<MEAN> 25
 -1.652788e+00 -1.950901e+00 -9.193182e+00 -6.870875e-01 1.007618e+01 -1.640333e+00 2.201041e+00 1.392787e+00 2.530640e-01 5.260067e+00 -4.504957e-01 1.069208e+00 3.574114e-02 -9.794579e-01 -1.013962e+00 -1.777197e+00 -7.206783e-02 4.230001e-01 -6.076236e-01 -1.245874e+00 4.335367e-02 -2.371762e-02 -1.735545e-01 -1.007501e+00 9.908458e-02
<VARIANCE> 25
 1.768163e+01 2.841596e+01 4.215145e+01 6.286805e+01 3.091049e+01 4.460244e+01 5.748182e+01 6.883807e+01 3.529395e+01 2.774360e+01 3.260088e+01 2.738238e+01 3.945632e+00 2.685616e+00 5.388027e+00 5.342391e+00 4.243740e+00 5.144469e+00 3.525420e+00 5.415347e+00 4.523269e+00 3.476086e+00 3.458744e+00 3.173968e+00 3.517395e-03
<GCONST> 1.004958e+02
<MIXTURE> 36 1.093293e-02
<MEAN> 25
 3.395103e+00 -3.726229e+00 6.128849e+00 4.158370e+00 -8.223249e+00 -7.260034e+00 -7.919733e+00 1.466818e+00 -9.740016e-01 -6.863427e+00 5.057788e+00 4.689753e-02 1.292280e-01 3.037319e-01 -8.315434e-01 -3.423941e-02 9.476085e-01 -2.728917e-01 -1.319572e-01 2.129768e-01 2.014720e-01 5.239028e-01 -4.530700e-01 3.423057e-02 -2.018898e-02
<VARIANCE> 25
 1.034361e+01 1.358940e+01 1.627764e+01 1.680413e+01 3.895905e+01 2.919082e+01 6.642307e+01 3.825790e+01 3.318001e+01 4.590972e+01 4.478122e+01 1.991254e+01 3.761635e-01 5.409405e-01 1.099481e+00 8.785356e-01 1.175804e+00 1.396101e+00 1.956977e+00 2.137139e+00 2.029253e+00 2.259150e+00 1.112635e+00 1.695537e+00 9.182369e-04
<GCONST> 8.096651e+01
<MIXTURE> 37 1.246826e-02
<MEAN> 25
 6.822032e-02 5.123137e+00 1.243253e+01 -3.991058e+00 -8.895470e+00 8.319587e-02 -7.848830e+00 -7.162247e+00 -1.958420e+00 -5.432992e+00 -8.706495e-01 -2.514073e+00 4.931574e-01 7.591959e-01 -1.183638e+00 2.785047e+00 2.078772e+00 -1.386588e+00 1.912187e+00 1.197620e+00 -2.738634e-02 8.528455e-01 -4.495978e-01 -1.138412e-01 -1.100557e-01
<VARIANCE> 25
 1.136282e+01 2.919445e+01 2.165067e+01 3.829014e+01 3.014886e+01 2.799621e+01 4.450024e+01 3.834597e+01 4.387320e+01 5.700606e+01 3.744254e+01 2.436851e+01 2.212163e+00 2.412481e+00 2.202713e+00 3.716056e+00 3.948097e+00 4.459155e+00 3.791905e+00 4.255528e+00 3.315877e+00 4.395240e+00 4.012206e+00 2.028853e+00 3.131441e-03
<GCONST> 9.572845e+01
<MIXTURE> 38 1.154525e-02
<MEAN> 25
 -4.452723e+00 8.156077e+00 3.824054e+00 2.775738e+00 1.726040e+00 -6.258488e+00 -5.852373e-01 -1.615535e+00 -1.380945e+00 -2.914866e+00 -5.656323e-01 2.665823e-01 -4.320177e+00 1.575143e+00 -2.862917e-01 6.311026e-01 2.311566e+00 9.992400e-01 1.680540e+00 5.269731e-01 9.573784e-01 5.011587e-01 3.383300e-01 4.266995e-01 4.381418e-02
<VARIANCE> 25
 2.926808e+01 2.355598e+01 3.258878e+01 3.457445e+01 4.094799e+01 3.730334e+01 3.255771e+01 3.856335e+01 3.202479e+01 2.992444e+01 2.691091e+01 2.255572e+01 1.939669e+00 3.118143e+00 2.966978e+00 4.740638e+00 3.671112e+00 5.618037e+00 4.902267e+00 4.534681e+00 3.420430e+00 3.940573e+00 3.925203e+00 2.620245e+00 2.064815e-03
<GCONST> 9.657076e+01
<MIXTURE> 39 9.501865e-03
<MEAN> 25
 1.069583e+00 -2.151614e-01 1.087896e+01 -6.691963e+00 -1.273867e+01 1.861733e+00 -6.642482e+00 -5.747146e+00 -2.304054e+00 -2.689271e+00 -1.998355e+00 -1.335794e+00 -8.174557e-01 1.709656e+00 1.532382e+00 -1.780592e+00 3.813452e-01 1.167156e+00 -1.629284e+00 -1.289753e+00 7.703006e-01 -4.651781e-01 -4.864307e-01 1.806915e-01 7.784051e-03
<VARIANCE> 25
 6.526389e+00 3.277455e+01 2.400963e+01 3.806543e+01 4.236669e+01 4.176434e+01 5.276859e+01 2.599757e+01 3.913987e+01 4.219086e+01 4.158702e+01 2.223388e+01 5.979503e-01 1.149416e+00 1.607436e+00 2.492819e+00 2.447311e+00 2.739622e+00 2.996581e+00 2.144546e+00 2.219164e+00 3.105070e+00 1.920455e+00 1.625509e+00 1.011460e-03
<GCONST> 8.801974e+01
<MIXTURE> 40 1.030800e-02
<MEAN> 25
 -9.275189e+00 3.140821e+00 -1.794066e+00 7.336274e+00 4.642044e+00 4.325461e+00 5.885657e+00 4.131313e+00 4.323451e+00 4.589284e+00 3.889541e+00 2.361487e+00 -5.541399e-02 -1.930051e-01 -6.150687e-02 -1.728632e-01 -3.135626e-02 -6.235733e-02 5.261987e-02 4.902491e-02 -2.736218e-02 -2.192864e-02 8.060160e-02 -1.067836e-03 2.578949e-03
<VARIANCE> 25
 4.229429e+01 2.173740e+01 2.597293e+01 2.690252e+01 2.607312e+01 2.424767e+01 2.146488e+01 2.344610e+01 1.701623e+01 1.854356e+01 2.966084e+01 1.568426e+01 6.625271e-01 6.837175e-01 8.068736e-01 9.879521e-01 1.076474e+00 1.211316e+00 1.276265e+00 1.215131e+00 1.234987e+00 1.130189e+00 1.321084e+00 1.015101e+00 7.729219e-04
<GCONST> 7.703412e+01
<MIXTURE> 41 6.713375e-03
<MEAN> 25
 1.047824e+00 1.880801e+00 1.046992e+01 -6.874876e+00 -9.785002e+00 -3.683308e+00 -2.337535e+00 -5.429859e+00 -4.618999e+00 2.264444e+00 -1.805913e+00 -7.287827e-01 5.535932e-02 -8.300620e-01 1.668649e+00 -3.440373e+00 -2.463530e+00 9.873054e-02 -6.112149e-01 -4.596571e-01 -7.672044e-01 9.133661e-01 -8.703138e-01 7.216039e-02 8.943683e-02
<VARIANCE> 25
 1.229462e+01 2.914897e+01 3.339452e+01 3.880178e+01 4.424514e+01 3.913253e+01 3.634279e+01 3.092710e+01 3.164107e+01 3.000719e+01 3.109659e+01 2.671704e+01 3.270167e+00 3.257630e+00 3.625733e+00 3.851793e+00 4.717619e+00 6.256791e+00 4.703178e+00 4.730638e+00 4.058911e+00 4.598866e+00 4.153502e+00 3.113789e+00 2.958299e-03
<GCONST> 9.820807e+01
<MIXTURE> 42 1.106211e-02
<MEAN> 25
 -4.119242e+00 5.208916e+00 2.788090e+00 9.877998e-01 8.269411e-01 -5.270232e+00 -7.792573e-01 -3.558309e+00 -9.589826e-02 -6.518769e-01 -1.803286e+00 -2.174574e-01 3.974714e+00 -1.718154e+00 8.432754e-01 3.102880e-01 -2.924845e+00 -1.155149e-01 -2.367784e+00 -1.526751e+00 -5.606793e-01 -6.584600e-01 1.184997e+00 -1.522737e+00 2.887107e-02
<VARIANCE> 25
 3.890439e+01 1.522688e+01 3.665075e+01 2.655069e+01 2.884818e+01 2.804045e+01 2.390922e+01 1.991391e+01 2.682544e+01 2.301201e+01 1.564520e+01 1.686246e+01 3.636635e+00 4.312481e+00 4.597120e+00 3.679169e+00 3.970338e+00 5.494871e+00 4.565960e+00 4.887677e+00 4.670028e+00 5.383050e+00 3.425212e+00 3.567233e+00 4.399086e-03
<GCONST> 9.614329e+01
<MIXTURE> 43 7.108249e-03
<MEAN> 25
 3.191250e+00 -6.435733e+00 -2.177979e+00 -5.088745e+00 -7.503472e+00 -3.230386e+00 4.051518e+00 1.410800e+00 -4.889799e+00 -7.012032e+00 -4.260048e+00 -1.352301e+00 2.315740e-01 2.147976e+00 1.894358e+00 -1.118396e-01 -1.419048e+00 -7.953086e-01 -9.599323e-01 -7.699541e-01 7.946650e-01 1.449415e+00 3.458636e-01 4.705148e-02 -4.484593e-02
<VARIANCE> 25
 9.547950e+00 2.041403e+01 2.739701e+01 3.521875e+01 3.898934e+01 3.794780e+01 3.347614e+01 3.965942e+01 4.090688e+01 3.847821e+01 2.650073e+01 3.026734e+01 6.821672e-01 1.249216e+00 1.588246e+00 2.473980e+00 2.433988e+00 2.364730e+00 2.654971e+00 3.017054e+00 2.638836e+00 2.568936e+00 2.343507e+00 1.930411e+00 9.694451e-04
<GCONST> 8.815460e+01
<MIXTURE> 44 7.328289e-03
<MEAN> 25
 -1.459435e+01 5.498362e+00 2.389228e+00 -3.850843e+00 4.030484e+00 1.420471e+00 -1.682791e+00 3.689716e-01 2.648205e+00 -2.105006e+00 1.615580e+00 2.339319e+00 -1.233355e-01 -1.100986e-01 -3.874985e-02 1.454320e-01 -2.234644e-01 1.126816e-01 3.475099e-01 -4.158643e-02 2.026352e-01 2.905011e-01 -1.168602e-01 -6.468666e-02 1.893052e-03
<VARIANCE> 25
 2.704779e+01 2.564666e+01 2.718128e+01 3.652844e+01 2.348156e+01 3.009892e+01 2.403181e+01 2.665798e+01 2.287241e+01 4.347713e+01 2.157028e+01 1.235403e+01 1.282762e+00 1.262026e+00 9.281796e-01 1.410001e+00 1.518318e+00 1.520470e+00 1.576361e+00 1.535864e+00 1.870159e+00 2.207695e+00 1.165785e+00 1.004508e+00 1.041730e-03
<GCONST> 8.208083e+01
<MIXTURE> 45 1.364932e-02
<MEAN> 25
 -9.805454e+00 4.905449e+00 -9.476740e-01 1.748574e+00 5.684846e+00 -3.566321e+00 4.868720e+00 2.041488e+00 2.690403e+00 2.473568e+00 6.435716e-02 3.350527e+00 -3.122503e+00 8.198603e-01 -3.466516e-01 -1.086944e+00 5.905969e-02 9.604282e-01 1.320837e-01 -7.201201e-01 4.133562e-01 -1.338232e-01 -3.033520e-02 1.940151e-01 9.682350e-02
<VARIANCE> 25
 3.722009e+01 1.975877e+01 2.005101e+01 2.941796e+01 2.581190e+01 3.805428e+01 5.209136e+01 3.103668e+01 2.271650e+01 3.637384e+01 2.483996e+01 1.024107e+01 2.189034e+00 1.929019e+00 1.837379e+00 1.960016e+00 2.548654e+00 3.670595e+00 1.630548e+00 3.284911e+00 1.645596e+00 1.957825e+00 2.057417e+00 1.281924e+00 3.323584e-03
<GCONST> 8.853006e+01
<MIXTURE> 46 9.336259e-03
<MEAN> 25
 -9.114839e+00 2.690517e+00 6.344046e-01 7.027830e+00 6.061021e+00 2.292022e+00 7.568063e+00 4.702147e+00 5.170670e+00 5.342510e+00 3.892933e+00 3.283281e+00 1.022371e+00 -2.339216e-01 1.209048e-01 8.844188e-01 6.132532e-01 7.273094e-01 4.105405e-01 7.010211e-01 3.340536e-01 6.452616e-01 5.771317e-01 4.991028e-01 -9.680858e-02
<VARIANCE> 25
 3.428204e+01 4.034481e+01 3.642017e+01 4.600117e+01 4.634745e+01 4.380096e+01 3.845872e+01 3.731816e+01 3.198575e+01 3.535329e+01 3.442057e+01 2.039731e+01 3.590714e+00 3.682351e+00 3.715896e+00 3.780595e+00 3.775588e+00 3.836034e+00 3.102149e+00 2.894594e+00 2.868090e+00 3.059190e+00 2.111887e+00 1.657437e+00 7.541923e-03
<GCONST> 9.770213e+01
<MIXTURE> 47 7.116147e-03
<MEAN> 25
 7.076730e+00 -9.228862e+00 -6.645035e+00 -4.985413e+00 -8.965386e-01 2.840158e+00 -2.976773e+00 2.849728e-01 4.517146e+00 1.290669e+00 -3.136084e+00 -7.828382e+00 -2.600923e-02 -1.242802e+00 -4.307757e-01 -4.447929e-01 5.452944e-01 1.010853e+00 7.140477e-01 6.218727e-01 -9.325893e-02 -9.129799e-01 -5.947311e-01 -4.864626e-01 2.655752e-02
<VARIANCE> 25
 8.482059e+00 2.830706e+01 1.830994e+01 3.043688e+01 4.694320e+01 5.656643e+01 4.597245e+01 3.841664e+01 4.794231e+01 4.157960e+01 4.224728e+01 3.076566e+01 5.323085e-01 7.772719e-01 1.028041e+00 1.378574e+00 2.212980e+00 2.494591e+00 2.296595e+00 2.790597e+00 2.095435e+00 2.252804e+00 2.102138e+00 1.860433e+00 7.477127e-04
<GCONST> 8.662908e+01
<MIXTURE> 48 7.116147e-03
<MEAN> 25
 7.076730e+00 -9.228862e+00 -6.645035e+00 -4.985413e+00 -8.965386e-01 2.840158e+00 -2.976773e+00 2.849728e-01 4.517146e+00 1.290669e+00 -3.136084e+00 -7.828382e+00 -2.600923e-02 -1.242802e+00 -4.307757e-01 -4.447929e-01 5.452944e-01 1.010853e+00 7.140477e-01 6.218727e-01 -9.325893e-02 -9.129799e-01 -5.947311e-01 -4.864626e-01 2.655752e-02
<VARIANCE> 25
 8.482059e+00 2.830706e+01 1.830994e+01 3.043688e+01 4.694320e+01 5.656643e+01 4.597245e+01 3.841664e+01 4.794231e+01 4.157960e+01 4.224728e+01 3.076566e+01 5.323085e-01 7.772719e-01 1.028041e+00 1.378574e+00 2.212980e+00 2.494591e+00 2.296595e+00 2.790597e+00 2.095435e+00 2.252804e+00 2.102138e+00 1.860433e+00 7.477127e-04
<GCONST> 8.662908e+01
<MIXTURE> 49 5.548473e-03
<MEAN> 25
 -4.597943e+00 9.197778e-01 -1.976710e-01 8.206423e+00 7.035696e+00 4.808018e+00 6.366809e+00 5.506148e+00 4.554349e+00 3.931383e+00 3.991532e+00 2.802516e+00 3.619744e-01 6.112571e-01 6.937749e-01 3.414324e-01 -2.389457e-01 -6.892013e-01 -9.883419e-01 -1.029626e+00 -9.432693e-01 -7.251401e-01 -5.689000e-01 -3.422884e-01 2.308125e-04
<VARIANCE> 25
 1.101807e+01 1.210978e+01 1.439445e+01 1.522645e+01 2.273322e+01 2.171148e+01 1.867053e+01 2.840093e+01 1.901054e+01 1.731090e+01 2.706157e+01 1.401091e+01 2.631520e-01 2.660352e-01 3.373282e-01 5.812052e-01 8.203998e-01 9.113780e-01 9.210096e-01 1.067359e+00 1.071688e+00 1.186572e+00 1.239571e+00 1.239166e+00 1.568571e-05
<GCONST> 6.545007e+01
<MIXTURE> 50 6.234641e-03
<MEAN> 25
 -4.043350e+00 1.241295e+00 -2.083116e+00 5.614484e+00 5.170238e+00 1.139453e+00 4.617332e+00 3.577843e+00 2.019080e+00 2.439656e+00 1.183924e+00 2.940210e+00 3.475131e-02 1.519065e-01 6.892746e-02 -1.421934e-01 -3.914396e-01 -5.486970e-01 -3.701915e-01 -8.301290e-02 5.069650e-01 7.589541e-01 7.352338e-01 3.882560e-01 -3.386283e-05
<VARIANCE> 25
 1.224101e+01 1.533479e+01 1.472246e+01 1.556109e+01 1.851455e+01 2.261479e+01 2.047599e+01 2.777218e+01 2.015765e+01 2.084359e+01 2.428616e+01 1.454979e+01 1.279252e-01 2.173607e-01 3.434514e-01 5.168357e-01 6.236031e-01 7.444311e-01 8.887853e-01 1.007125e+00 1.055415e+00 8.464352e-01 8.847029e-01 9.540247e-01 1.108632e-06
<GCONST> 6.072038e+01
<MIXTURE> 51 6.234641e-03
<MEAN> 25
 -4.043350e+00 1.241295e+00 -2.083116e+00 5.614484e+00 5.170238e+00 1.139453e+00 4.617332e+00 3.577843e+00 2.019080e+00 2.439656e+00 1.183924e+00 2.940210e+00 3.475131e-02 1.519065e-01 6.892746e-02 -1.421934e-01 -3.914396e-01 -5.486970e-01 -3.701915e-01 -8.301290e-02 5.069650e-01 7.589541e-01 7.352338e-01 3.882560e-01 -3.386283e-05
<VARIANCE> 25
 1.224101e+01 1.533479e+01 1.472246e+01 1.556109e+01 1.851455e+01 2.261479e+01 2.047599e+01 2.777218e+01 2.015765e+01 2.084359e+01 2.428616e+01 1.454979e+01 1.279252e-01 2.173607e-01 3.434514e-01 5.168357e-01 6.236031e-01 7.444311e-01 8.887853e-01 1.007125e+00 1.055415e+00 8.464352e-01 8.847029e-01 9.540247e-01 1.108632e-06
<GCONST> 6.072038e+01
<MIXTURE> 52 6.367945e-03
<MEAN> 25
 9.452305e+00 3.936403e-01 -4.823293e+00 -1.388542e+01 -5.603329e+00 1.142916e+01 -1.674666e+00 -5.477123e+00 -3.720397e+00 -1.679781e+00 5.616853e+00 9.910631e-01 -3.951485e-01 -1.421942e-01 -1.542707e-01 1.012787e+00 1.728240e+00 -6.440721e-01 -9.565291e-01 -3.995237e-01 9.652324e-02 1.406110e+00 6.309099e-01 -5.126285e-01 -2.074279e-02
<VARIANCE> 25
 8.696027e+00 2.005939e+01 2.181622e+01 3.437931e+01 3.966028e+01 4.001701e+01 4.150645e+01 4.785567e+01 3.126323e+01 3.847200e+01 4.137059e+01 2.401913e+01 4.502423e-01 1.323410e+00 1.039622e+00 2.017706e+00 2.208085e+00 1.906807e+00 2.709622e+00 2.990633e+00 2.175764e+00 2.026312e+00 2.338181e+00 1.816374e+00 1.392254e-03
<GCONST> 8.679198e+01
<MIXTURE> 53 6.367945e-03
<MEAN> 25
 9.452305e+00 3.936403e-01 -4.823293e+00 -1.388542e+01 -5.603329e+00 1.142916e+01 -1.674666e+00 -5.477123e+00 -3.720397e+00 -1.679781e+00 5.616853e+00 9.910631e-01 -3.951485e-01 -1.421942e-01 -1.542707e-01 1.012787e+00 1.728240e+00 -6.440721e-01 -9.565291e-01 -3.995237e-01 9.652324e-02 1.406110e+00 6.309099e-01 -5.126285e-01 -2.074279e-02
<VARIANCE> 25
 8.696027e+00 2.005939e+01 2.181622e+01 3.437931e+01 3.966028e+01 4.001701e+01 4.150645e+01 4.785567e+01 3.126323e+01 3.847200e+01 4.137059e+01 2.401913e+01 4.502423e-01 1.323410e+00 1.039622e+00 2.017706e+00 2.208085e+00 1.906807e+00 2.709622e+00 2.990633e+00 2.175764e+00 2.026312e+00 2.338181e+00 1.816374e+00 1.392254e-03
<GCONST> 8.679198e+01
<MIXTURE> 54 7.368620e-03
<MEAN> 25
 -2.974178e+00 1.063466e+00 -1.409383e+00 7.379251e+00 7.466968e+00 3.352092e+00 5.317958e+00 5.799467e+00 3.601335e+00 4.370731e+00 3.286221e+00 2.760964e+00 -1.512517e-02 3.524147e-02 7.606411e-02 6.972601e-02 8.690578e-02 -1.266350e-03 2.177812e-02 -1.083343e-02 -1.867791e-02 3.881477e-02 1.891979e-02 -5.201091e-02 4.158790e-05
<VARIANCE> 25
 9.934412e+00 1.380641e+01 1.091726e+01 1.809387e+01 1.685346e+01 2.017162e+01 1.242847e+01 1.683866e+01 1.198839e+01 1.535060e+01 2.223018e+01 1.236916e+01 3.920402e-02 7.976858e-02 1.591098e-01 2.576652e-01 3.044593e-01 4.073842e-01 4.468866e-01 4.913014e-01 6.048396e-01 4.797477e-01 4.660141e-01 5.227641e-01 9.551828e-07
<GCONST> 4.908220e+01
<MIXTURE> 55 7.368620e-03
<MEAN> 25
 -2.974178e+00 1.063466e+00 -1.409383e+00 7.379251e+00 7.466968e+00 3.352092e+00 5.317958e+00 5.799467e+00 3.601335e+00 4.370731e+00 3.286221e+00 2.760964e+00 -1.512517e-02 3.524147e-02 7.606411e-02 6.972601e-02 8.690578e-02 -1.266350e-03 2.177812e-02 -1.083343e-02 -1.867791e-02 3.881477e-02 1.891979e-02 -5.201091e-02 4.158790e-05
<VARIANCE> 25
 9.934412e+00 1.380641e+01 1.091726e+01 1.809387e+01 1.685346e+01 2.017162e+01 1.242847e+01 1.683866e+01 1.198839e+01 1.535060e+01 2.223018e+01 1.236916e+01 3.920402e-02 7.976858e-02 1.591098e-01 2.576652e-01 3.044593e-01 4.073842e-01 4.468866e-01 4.913014e-01 6.048396e-01 4.797477e-01 4.660141e-01 5.227641e-01 9.551828e-07
<GCONST> 4.908220e+01
<MIXTURE> 56 6.132464e-03
<MEAN> 25
 7.156678e+00 -6.418498e+00 -8.444821e+00 -7.314994e+00 3.578543e+00 3.667584e+00 -1.877931e+00 -5.180978e-01 1.670416e+00 1.756441e+00 -2.478532e+00 -6.551017e+00 -3.477389e-02 1.115635e-02 -6.436888e-02 6.503376e-02 2.394237e-01 4.724337e-02 2.466448e-01 -3.323644e-02 -1.767349e-01 -8.673804e-02 -7.775258e-02 1.289022e-01 -7.608232e-03
<VARIANCE> 25
 8.613358e+00 3.696070e+01 1.873438e+01 4.117339e+01 3.717201e+01 5.419835e+01 5.350343e+01 3.811491e+01 3.827556e+01 4.328300e+01 3.674216e+01 3.624281e+01 1.839505e-01 3.969265e-01 4.523015e-01 7.579882e-01 7.797478e-01 1.347504e+00 1.003647e+00 8.777534e-01 9.450325e-01 8.567832e-01 1.090037e+00 7.855201e-01 2.541878e-04
<GCONST> 7.578495e+01
<MIXTURE> 57 6.132464e-03
<MEAN> 25
 7.156678e+00 -6.418498e+00 -8.444821e+00 -7.314994e+00 3.578543e+00 3.667584e+00 -1.877931e+00 -5.180978e-01 1.670416e+00 1.756441e+00 -2.478532e+00 -6.551017e+00 -3.477389e-02 1.115635e-02 -6.436888e-02 6.503376e-02 2.394237e-01 4.724337e-02 2.466448e-01 -3.323644e-02 -1.767349e-01 -8.673804e-02 -7.775258e-02 1.289022e-01 -7.608232e-03
<VARIANCE> 25
 8.613358e+00 3.696070e+01 1.873438e+01 4.117339e+01 3.717201e+01 5.419835e+01 5.350343e+01 3.811491e+01 3.827556e+01 4.328300e+01 3.674216e+01 3.624281e+01 1.839505e-01 3.969265e-01 4.523015e-01 7.579882e-01 7.797478e-01 1.347504e+00 1.003647e+00 8.777534e-01 9.450325e-01 8.567832e-01 1.090037e+00 7.855201e-01 2.541878e-04
<GCONST> 7.578495e+01
<MIXTURE> 58 6.172147e-03
<MEAN> 25
 3.249103e+00 -5.105517e+00 7.796168e+00 -3.678259e+00 -1.280021e+01 -3.652447e+00 2.039534e+00 1.432338e+00 -7.777573e-01 3.211040e-01 8.176892e-01 -1.130204e+00 -1.050439e-01 -1.126332e-01 -3.041465e-02 -2.574719e-01 -7.254492e-02 1.437517e-01 3.841136e-01 3.454687e-01 1.440696e-01 7.036712e-03 -2.418514e-02 5.276159e-03 -4.629975e-03
<VARIANCE> 25
 6.746549e+00 1.982475e+01 1.512261e+01 2.641421e+01 1.880709e+01 4.150889e+01 2.671944e+01 2.629437e+01 2.947415e+01 2.690638e+01 2.034124e+01 1.509443e+01 2.936795e-01 8.405421e-01 6.292150e-01 8.483556e-01 7.233428e-01 9.587602e-01 1.087344e+00 1.114611e+00 1.114928e+00 1.063886e+00 1.159963e+00 8.080978e-01 6.639781e-04
<GCONST> 7.303905e+01
<MIXTURE> 59 6.172147e-03
<MEAN> 25
 3.249103e+00 -5.105517e+00 7.796168e+00 -3.678259e+00 -1.280021e+01 -3.652447e+00 2.039534e+00 1.432338e+00 -7.777573e-01 3.211040e-01 8.176892e-01 -1.130204e+00 -1.050439e-01 -1.126332e-01 -3.041465e-02 -2.574719e-01 -7.254492e-02 1.437517e-01 3.841136e-01 3.454687e-01 1.440696e-01 7.036712e-03 -2.418514e-02 5.276159e-03 -4.629975e-03
<VARIANCE> 25
 6.746549e+00 1.982475e+01 1.512261e+01 2.641421e+01 1.880709e+01 4.150889e+01 2.671944e+01 2.629437e+01 2.947415e+01 2.690638e+01 2.034124e+01 1.509443e+01 2.936795e-01 8.405421e-01 6.292150e-01 8.483556e-01 7.233428e-01 9.587602e-01 1.087344e+00 1.114611e+00 1.114928e+00 1.063886e+00 1.159963e+00 8.080978e-01 6.639781e-04
<GCONST> 7.303905e+01
<MIXTURE> 60 4.479129e-03
<MEAN> 25
 -4.265733e+00 -6.235515e-01 -1.080561e+00 3.704057e+00 1.744675e+00 2.027083e+00 1.644946e+00 1.553852e+00 2.157979e+00 1.276292e+00 2.365353e+00 1.944258e+00 -2.970737e-02 5.716342e-02 1.000668e-01 1.283198e-01 1.300436e-01 1.218249e-01 1.739683e-01 3.200156e-01 5.482358e-01 6.621342e-01 5.610854e-01 2.986556e-01 -3.973322e-04
<VARIANCE> 25
 6.894298e+00 4.820592e+00 1.022311e+01 1.125245e+01 1.355505e+01 1.817660e+01 1.395395e+01 1.192591e+01 1.273259e+01 1.328720e+01 1.601842e+01 1.239817e+01 8.682796e-02 1.673163e-01 2.792551e-01 4.303186e-01 5.831193e-01 7.333956e-01 8.269838e-01 8.944119e-01 8.991377e-01 8.320535e-01 8.431332e-01 8.606362e-01 2.288979e-05
<GCONST> 5.644211e+01
<MIXTURE> 61 4.479129e-03
<MEAN> 25
 -4.265733e+00 -6.235515e-01 -1.080561e+00 3.704057e+00 1.744675e+00 2.027083e+00 1.644946e+00 1.553852e+00 2.157979e+00 1.276292e+00 2.365353e+00 1.944258e+00 -2.970737e-02 5.716342e-02 1.000668e-01 1.283198e-01 1.300436e-01 1.218249e-01 1.739683e-01 3.200156e-01 5.482358e-01 6.621342e-01 5.610854e-01 2.986556e-01 -3.973322e-04
<VARIANCE> 25
 6.894298e+00 4.820592e+00 1.022311e+01 1.125245e+01 1.355505e+01 1.817660e+01 1.395395e+01 1.192591e+01 1.273259e+01 1.328720e+01 1.601842e+01 1.239817e+01 8.682796e-02 1.673163e-01 2.792551e-01 4.303186e-01 5.831193e-01 7.333956e-01 8.269838e-01 8.944119e-01 8.991377e-01 8.320535e-01 8.431332e-01 8.606362e-01 2.288979e-05
<GCONST> 5.644211e+01
<MIXTURE> 62 3.278034e-03
<MEAN> 25
 -5.086917e+00 1.248945e+00 1.018628e+00 8.812895e+00 6.136880e+00 5.038386e+00 5.503072e+00 4.044248e+00 4.982030e+00 3.924917e+00 4.951872e+00 2.948376e+00 -1.002333e+00 -1.165584e+00 -9.523113e-01 -2.768107e-01 4.276254e-01 1.005179e+00 1.383795e+00 1.551278e+00 1.477483e+00 1.242415e+00 1.067167e+00 7.252513e-01 -1.267036e-03
<VARIANCE> 25
 9.889954e+00 1.000745e+01 1.315465e+01 1.674375e+01 1.743666e+01 1.763682e+01 1.970267e+01 1.918328e+01 1.887822e+01 1.876878e+01 2.172717e+01 1.478988e+01 4.020895e-01 4.326355e-01 5.543969e-01 7.787210e-01 1.034036e+00 1.191096e+00 1.251733e+00 1.279001e+00 1.330493e+00 1.364011e+00 1.398916e+00 1.372025e+00 1.633060e-05
<GCONST> 6.755820e+01
<MIXTURE> 63 4.351215e-03
<MEAN> 25
 -2.374817e+00 1.609421e+00 -4.934379e+00 2.972689e+00 7.661365e+00 -3.991262e+00 6.277021e+00 6.727361e+00 2.178704e-01 2.683439e+00 -5.415998e+00 3.521690e+00 -1.121257e-01 2.158738e-01 2.152874e-01 3.944797e-01 4.940673e-01 3.043269e-01 3.701095e-01 1.673930e-01 2.821814e-01 3.635165e-01 3.061046e-01 1.094331e-01 -3.761342e-03
<VARIANCE> 25
 9.032922e+00 1.759604e+01 1.282460e+01 9.524760e+00 1.845234e+01 2.262259e+01 1.832434e+01 2.903042e+01 1.734129e+01 2.432662e+01 2.235768e+01 1.576628e+01 2.080839e-01 3.040738e-01 5.353743e-01 5.947562e-01 8.040210e-01 1.085763e+00 1.012385e+00 1.322439e+00 1.112208e+00 1.725362e+00 1.120654e+00 9.938405e-01 1.961340e-04
<GCONST> 6.851522e+01
<MIXTURE> 64 4.351215e-03
<MEAN> 25
 -2.374817e+00 1.609421e+00 -4.934379e+00 2.972689e+00 7.661365e+00 -3.991262e+00 6.277021e+00 6.727361e+00 2.178704e-01 2.683439e+00 -5.415998e+00 3.521690e+00 -1.121257e-01 2.158738e-01 2.152874e-01 3.944797e-01 4.940673e-01 3.043269e-01 3.701095e-01 1.673930e-01 2.821814e-01 3.635165e-01 3.061046e-01 1.094331e-01 -3.761342e-03
<VARIANCE> 25
 9.032922e+00 1.759604e+01 1.282460e+01 9.524760e+00 1.845234e+01 2.262259e+01 1.832434e+01 2.903042e+01 1.734129e+01 2.432662e+01 2.235768e+01 1.576628e+01 2.080839e-01 3.040738e-01 5.353743e-01 5.947562e-01 8.040210e-01 1.085763e+00 1.012385e+00 1.322439e+00 1.112208e+00 1.725362e+00 1.120654e+00 9.938405e-01 1.961340e-04
<GCONST> 6.851522e+01
<MIXTURE> 65 1.721197e-02
<MEAN> 25
 7.468906e+00 -8.872473e-01 2.330482e+00 2.857980e+00 -4.726294e+00 -3.969206e+00 -3.163893e+00 -3.906964e+00 -4.389047e+00 8.913659e-02 -5.757143e+00 -8.511158e-01 4.944914e-03 1.014114e-01 -8.822791e-02 -1.021409e-01 -7.680965e-02 3.701398e-01 -6.897430e-02 1.406301e-01 2.329228e-01 -2.034546e-01 -6.615749e-02 1.728799e-01 -7.662086e-03
<VARIANCE> 25
 8.731927e+00 2.355914e+01 2.264367e+01 2.853736e+01 3.376725e+01 6.003199e+01 5.635691e+01 5.362303e+01 5.056266e+01 5.697290e+01 6.001324e+01 4.186150e+01 4.326479e-01 6.962535e-01 1.175311e+00 1.625563e+00 1.576695e+00 2.217984e+00 2.147003e+00 2.513809e+00 2.649383e+00 2.638298e+00 2.128424e+00 2.587326e+00 4.231304e-04
<GCONST> 8.743524e+01
<MIXTURE> 66 1.191532e-02
<MEAN> 25
 6.776680e+00 -5.133854e+00 -4.742412e+00 -3.917165e+00 5.973684e-01 -3.441491e+00 -5.531314e+00 1.181211e+00 -2.884353e-01 -5.104326e-01 -5.408256e+00 -3.928571e+00 6.299207e-02 1.614612e+00 2.129546e+00 2.401243e+00 -1.069174e+00 -1.690401e+00 2.162945e-01 -5.028354e-01 -7.672952e-01 -1.210468e-01 -2.600853e-01 1.228350e+00 -5.926165e-02
<VARIANCE> 25
 7.861499e+00 2.821449e+01 2.575934e+01 3.251070e+01 3.782955e+01 5.820182e+01 5.496024e+01 3.974580e+01 6.066864e+01 6.530309e+01 3.403231e+01 3.437391e+01 1.109590e+00 2.067344e+00 2.093159e+00 2.200383e+00 3.757883e+00 4.489032e+00 3.737366e+00 4.518128e+00 5.615558e+00 4.906264e+00 3.563787e+00 2.876391e+00 1.380724e-03
<GCONST> 9.588210e+01
<MIXTURE> 67 1.559142e-02
<MEAN> 25
 7.058130e+00 6.669877e-01 -3.797624e+00 -8.112453e+00 9.013454e-01 6.022449e+00 -4.630747e+00 -5.166770e+00 -2.993509e+00 1.332575e+00 5.346852e+00 -2.335355e+00 -4.608811e-01 1.927747e+00 2.617396e-01 2.417845e+00 2.445410e+00 -2.253773e+00 1.415204e+00 1.846240e+00 -4.051975e-01 1.095288e+00 -1.578602e+00 5.619365e-01 -1.193767e-01
<VARIANCE> 25
 9.242486e+00 2.503336e+01 1.724107e+01 5.561051e+01 3.367208e+01 5.739763e+01 4.492104e+01 5.287524e+01 3.483235e+01 4.010740e+01 5.953034e+01 2.761878e+01 2.897654e+00 2.056318e+00 1.920035e+00 2.666176e+00 2.863439e+00 3.813105e+00 3.056833e+00 4.188486e+00 3.113643e+00 3.605482e+00 3.297555e+00 2.251098e+00 2.168505e-03
<GCONST> 9.489035e+01
<MIXTURE> 68 1.485092e-02
<MEAN> 25
 -2.056586e+00 -1.356566e+00 -4.074944e+00 -1.216818e-01 5.265296e+00 -3.620935e-01 2.306648e+00 5.499850e-01 1.772797e+00 2.036835e+00 3.437379e-01 1.750010e+00 2.741287e+00 1.257718e-01 1.483961e-01 -2.387986e+00 -2.539055e+00 -7.844880e-01 -2.206430e+00 -1.906048e+00 -1.516653e+00 -1.181290e+00 -1.356211e+00 -1.192295e+00 1.044292e-01
<VARIANCE> 25
 2.370038e+01 3.435415e+01 5.285961e+01 5.475430e+01 4.491658e+01 4.908960e+01 4.288462e+01 4.576477e+01 3.635590e+01 4.101903e+01 3.450866e+01 2.616543e+01 2.111488e+00 4.094903e+00 5.239331e+00 5.680119e+00 4.173389e+00 7.202409e+00 4.966504e+00 5.841058e+00 5.903541e+00 5.192725e+00 6.322438e+00 3.369392e+00 5.747340e-03
<GCONST> 1.036569e+02
<MIXTURE> 69 1.204884e-02
<MEAN> 25
 4.592938e+00 -4.192738e+00 -3.515013e+00 -3.450927e+00 -3.329255e+00 -7.683693e+00 -8.998773e-01 2.140068e+00 -2.369572e-01 -4.490607e+00 -5.561162e+00 8.052879e-01 1.634655e+00 -2.223252e+00 -1.309582e+00 -2.208314e+00 -5.947774e-01 -2.609197e-01 -4.970075e-01 5.914297e-01 -5.580184e-01 -1.426435e+00 -2.088459e+00 -2.380376e-01 6.358231e-02
<VARIANCE> 25
 9.013181e+00 2.229647e+01 2.629416e+01 2.616454e+01 4.308979e+01 3.796499e+01 4.994915e+01 3.200256e+01 4.049539e+01 3.889329e+01 3.066966e+01 2.540149e+01 3.607846e+00 2.951357e+00 3.294997e+00 3.672688e+00 5.807758e+00 5.117588e+00 7.002743e+00 6.098930e+00 6.050587e+00 5.756885e+00 4.566982e+00 3.799957e+00 2.480004e-03
<GCONST> 9.899055e+01
<MIXTURE> 70 1.329190e-02
<MEAN> 25
 5.019473e+00 -4.506755e+00 -3.537488e+00 -3.305720e+00 -2.880946e+00 2.786233e+00 -6.404498e+00 -7.075535e+00 2.473122e+00 3.189817e+00 3.461665e+00 -6.338449e+00 2.068154e+00 -2.441628e+00 -2.893911e-01 -9.958115e-01 -2.402608e+00 2.059129e+00 -1.887636e+00 -3.498271e-01 6.538782e-01 -2.924777e-01 1.430496e+00 -1.754163e+00 7.156657e-02
<VARIANCE> 25
 9.408689e+00 2.886759e+01 1.513594e+01 3.721534e+01 3.791123e+01 4.314493e+01 4.973987e+01 3.881739e+01 5.005194e+01 3.589793e+01 5.606457e+01 1.909491e+01 3.264591e+00 2.946427e+00 2.475204e+00 3.335677e+00 3.093064e+00 3.204606e+00 3.990510e+00 6.070321e+00 4.672541e+00 4.445743e+00 4.626815e+00 3.103663e+00 1.481721e-03
<GCONST> 9.635960e+01
<MIXTURE> 71 1.406903e-02
<MEAN> 25
 6.083076e+00 3.898396e+00 3.731201e+00 3.586556e+00 -2.519145e+00 -3.977843e+00 -3.137991e+00 -5.274067e+00 -4.675518e+00 -2.211632e+00 -5.570314e+00 -1.571316e+00 -1.676962e+00 -4.644181e-01 2.013192e-01 -1.843651e+00 8.449376e-01 5.174863e-01 -2.650838e-01 7.757660e-01 8.819837e-01 -6.278337e-01 9.683385e-01 -3.606661e-02 4.220705e-02
<VARIANCE> 25
 1.561271e+01 2.590207e+01 2.498704e+01 4.016798e+01 3.891819e+01 4.712908e+01 3.892229e+01 3.916020e+01 4.097214e+01 4.646145e+01 3.414552e+01 3.515403e+01 1.608922e+00 2.474136e+00 4.347835e+00 3.696858e+00 3.716956e+00 5.267333e+00 5.912548e+00 5.779839e+00 4.480630e+00 3.879044e+00 3.811786e+00 3.211112e+00 1.223846e-03
<GCONST> 9.766504e+01
<MIXTURE> 72 8.134747e-03
<MEAN> 25
 3.865254e+00 -3.654849e+00 5.292683e+00 -2.175548e+00 -1.009252e+01 -9.610273e+00 -2.308885e+00 1.961979e+00 -5.090446e+00 -2.210007e+00 -2.023827e+00 7.664863e-01 8.869563e-01 -7.522269e-01 -2.506477e+00 4.320800e-01 2.086076e+00 -6.202585e-01 -1.294628e+00 1.515088e+00 1.814481e+00 -5.945631e-01 -1.278276e+00 4.076323e-01 -6.517154e-03
<VARIANCE> 25
 1.068192e+01 1.954443e+01 3.257339e+01 3.926585e+01 3.380901e+01 3.302853e+01 4.031236e+01 3.535312e+01 4.356568e+01 4.029174e+01 3.823021e+01 2.849158e+01 4.700758e-01 1.024848e+00 2.101632e+00 1.468940e+00 2.189347e+00 2.318694e+00 3.011336e+00 2.701286e+00 2.564561e+00 2.931742e+00 1.961088e+00 2.087374e+00 5.473983e-04
<GCONST> 8.721994e+01
<MIXTURE> 73 1.213625e-02
<MEAN> 25
 -5.462398e+00 -4.984303e-01 -1.508567e+00 4.247206e+00 4.191236e+00 2.328655e+00 5.411045e+00 2.980487e+00 4.337622e+00 3.229601e+00 4.067404e+00 3.061618e+00 7.186475e-01 -1.070302e+00 -7.941972e-01 -2.574059e+00 -1.366723e+00 -1.387130e+00 -9.506422e-01 -7.973310e-01 -6.630865e-01 -6.761156e-01 -9.843907e-01 -4.254017e-01 1.527589e-01
<VARIANCE> 25
 1.307293e+01 1.420509e+01 1.472528e+01 2.567340e+01 2.303921e+01 2.484016e+01 2.042431e+01 2.199052e+01 1.770186e+01 1.949238e+01 2.240796e+01 1.468745e+01 4.195940e+00 2.911199e+00 5.807929e+00 4.379336e+00 5.971807e+00 5.436750e+00 4.109384e+00 5.355832e+00 4.663731e+00 4.067461e+00 3.482978e+00 2.921639e+00 4.306830e-03
<GCONST> 9.332902e+01
<MIXTURE> 74 1.756491e-02
<MEAN> 25
 3.335115e+00 -2.220822e+00 6.118758e+00 9.972411e-01 -7.632114e+00 -5.403792e+00 -2.922125e+00 3.337229e+00 -4.466542e-01 -4.946393e+00 1.836788e-01 -4.343426e-01 2.507244e-01 1.846715e+00 -7.054369e-01 1.133433e+00 2.004502e+00 -1.254534e+00 1.354714e+00 1.186960e-01 -7.292196e-01 1.047264e+00 -1.071594e+00 4.322679e-01 -9.068622e-02
<VARIANCE> 25
 8.469071e+00 2.342545e+01 2.190196e+01 2.319630e+01 3.509366e+01 4.091608e+01 6.409654e+01 4.880132e+01 3.585266e+01 4.550747e+01 4.841579e+01 2.378888e+01 1.226852e+00 1.931051e+00 2.190568e+00 1.546968e+00 2.247497e+00 3.649188e+00 3.875377e+00 3.914139e+00 3.688945e+00 3.442071e+00 2.990524e+00 2.247804e+00 1.409125e-03
<GCONST> 9.202034e+01
<MIXTURE> 75 9.711651e-03
<MEAN> 25
 1.513380e+00 -2.552684e+00 1.049236e+01 1.910434e+00 -1.110792e+01 -4.041569e+00 -7.069654e+00 -2.520770e+00 -2.755827e+00 -7.247513e+00 5.530768e+00 -8.507264e-01 1.344041e+00 -1.887670e+00 2.914371e-01 2.138346e-01 -2.936036e+00 5.499746e-01 -2.259983e+00 9.299298e-01 6.068388e-01 -1.608933e+00 2.109876e+00 -7.217060e-01 5.647868e-02
<VARIANCE> 25
 1.056495e+01 1.357253e+01 2.850347e+01 1.991075e+01 2.111545e+01 4.408408e+01 4.502233e+01 2.436161e+01 3.297430e+01 5.308416e+01 2.030008e+01 1.753948e+01 2.522690e+00 1.886878e+00 2.773658e+00 1.652249e+00 3.354506e+00 3.985649e+00 3.530544e+00 2.308501e+00 2.870336e+00 3.996200e+00 2.972707e+00 2.005939e+00 1.465324e-03
<GCONST> 8.990604e+01
<MIXTURE> 76 1.052359e-02
<MEAN> 25
 -3.908955e+00 3.010076e+00 -4.095731e+00 3.691555e+00 8.794068e+00 -2.397683e+00 7.578423e+00 6.386750e+00 2.208954e-02 3.481426e+00 -4.436037e+00 2.901096e+00 7.877015e-02 -4.405092e-01 -4.431080e-01 -6.154339e-01 -4.023907e-01 -3.532529e-01 -5.105221e-01 -4.239014e-01 -3.604470e-01 -6.075725e-01 -2.530302e-01 -4.612920e-01 8.186342e-03
<VARIANCE> 25
 2.743792e+01 2.244141e+01 1.370537e+01 1.338352e+01 2.229122e+01 2.909462e+01 2.159878e+01 4.826705e+01 1.964159e+01 2.121814e+01 2.405387e+01 1.622088e+01 7.505829e-01 7.464510e-01 7.662662e-01 7.683223e-01 8.503133e-01 1.346085e+00 1.063865e+00 1.367282e+00 1.606626e+00 1.293795e+00 1.541219e+00 8.904417e-01 8.094481e-04
<GCONST> 7.633458e+01
<MIXTURE> 77 1.244626e-02
<MEAN> 25
 -6.835993e-01 7.091826e+00 1.257221e+01 -1.085359e+01 -7.043308e+00 2.053140e+00 -1.121143e+01 -7.660122e+00 -2.384980e+00 -3.202298e+00 -3.287568e+00 -1.384668e+00 6.333309e-02 2.893065e-01 6.442980e-02 2.617839e-01 1.128081e-01 -1.473946e-01 1.486932e-02 -2.529867e-01 8.065966e-02 -1.946719e-01 3.778609e-01 -4.001195e-02 -1.152466e-02
<VARIANCE> 25
 8.973471e+00 2.480461e+01 2.276228e+01 3.672088e+01 2.774839e+01 3.235349e+01 4.399371e+01 2.691803e+01 3.314709e+01 6.196766e+01 3.897604e+01 2.949655e+01 2.599765e-01 8.159525e-01 5.432935e-01 1.028783e+00 1.164708e+00 1.056956e+00 1.250021e+00 1.065607e+00 8.977466e-01 1.103751e+00 1.474136e+00 8.834862e-01 4.980791e-04
<GCONST> 7.764476e+01
<MIXTURE> 78 9.702551e-03
<MEAN> 25
 -9.516230e+00 4.107769e+00 -2.372268e+00 1.825499e+00 4.944590e+00 -3.866633e+00 5.609902e+00 3.022237e+00 1.843690e+00 2.400942e+00 -2.671511e+00 3.845573e+00 1.783253e+00 -5.324938e-01 9.077166e-02 3.569556e-01 -2.311294e-02 -1.040537e-01 2.593237e-01 -6.406504e-02 -1.206092e-01 6.210781e-01 -1.019531e-01 -4.511890e-01 -4.385605e-02
<VARIANCE> 25
 3.066249e+01 2.416190e+01 1.982410e+01 2.220461e+01 3.099035e+01 2.693626e+01 4.658869e+01 3.678073e+01 2.344651e+01 5.247385e+01 3.250245e+01 1.374960e+01 3.466533e+00 1.496520e+00 1.832491e+00 1.639630e+00 2.075057e+00 3.125895e+00 2.263128e+00 2.827764e+00 1.930502e+00 3.085865e+00 1.384551e+00 1.730070e+00 2.907614e-03
<GCONST> 8.932290e+01
<MIXTURE> 79 1.156824e-02
<MEAN> 25
 1.832871e+00 8.677534e-01 9.064099e+00 -5.800125e+00 -1.188534e+01 -4.888986e-01 -2.657562e+00 -5.001546e+00 -5.449829e+00 -1.097965e+00 -1.998984e+00 -4.139338e+00 9.976842e-01 -4.315525e-01 -1.366701e+00 2.101873e+00 5.947577e-01 -1.528562e+00 1.182401e+00 8.947411e-01 -8.323617e-01 -2.555951e-01 1.643005e-02 2.461216e-01 -4.398245e-02
<VARIANCE> 25
 1.330139e+01 2.135409e+01 3.227225e+01 4.360749e+01 2.946806e+01 4.132733e+01 4.786095e+01 4.448035e+01 3.731420e+01 4.722936e+01 4.576759e+01 2.777131e+01 1.130798e+00 1.988493e+00 1.588180e+00 2.009144e+00 2.164462e+00 2.549338e+00 3.938527e+00 3.293586e+00 2.863581e+00 2.747144e+00 2.308703e+00 1.792395e+00 1.419130e-03
<GCONST> 9.140218e+01
<MIXTURE> 80 7.550998e-03
<MEAN> 25
 -1.465092e+01 3.864003e+00 2.302125e-01 1.929997e+00 2.252639e+00 1.109445e+00 7.134851e+00 2.249022e+00 3.169983e+00 3.235226e+00 4.595284e+00 1.804490e+00 4.426024e+00 -2.290229e-01 1.424332e+00 -1.085798e+00 -2.809651e+00 -2.446182e+00 -2.524168e+00 -2.166911e+00 -1.899368e+00 -1.599669e+00 -1.495726e+00 -8.560016e-01 -4.162323e-02
<VARIANCE> 25
 1.907721e+01 1.826143e+01 3.340521e+01 3.933596e+01 2.783814e+01 2.734092e+01 3.133374e+01 2.654207e+01 2.618787e+01 3.375135e+01 2.505447e+01 2.003554e+01 2.330062e+00 2.828148e+00 2.838366e+00 3.766189e+00 3.139143e+00 3.454679e+00 3.193594e+00 3.121496e+00 2.547221e+00 2.534426e+00 2.747349e+00 2.528659e+00 1.434218e-03
<GCONST> 9.153628e+01
<MIXTURE> 81 8.025434e-03
<MEAN> 25
 -1.128256e+00 3.877374e+00 1.023407e+01 -1.456084e+01 -9.061438e+00 -1.092929e+00 -7.180451e+00 -8.377913e+00 -3.965800e+00 -8.526725e-01 -7.390868e+00 -2.126254e+00 1.124342e-01 -5.198529e-01 -1.965391e-02 -5.817029e-01 -4.099787e-01 3.102105e-01 2.531620e-01 9.852576e-02 -1.011412e-01 4.733595e-02 -3.876747e-01 -1.483799e-01 1.139014e-02
<VARIANCE> 25
 9.914366e+00 3.290786e+01 2.600447e+01 3.017617e+01 3.306974e+01 3.297755e+01 4.964898e+01 2.756013e+01 3.793847e+01 3.698334e+01 2.559187e+01 3.066922e+01 7.629204e-01 2.362270e+00 1.508602e+00 2.812288e+00 2.674993e+00 2.094930e+00 3.371955e+00 2.280758e+00 2.346801e+00 2.599236e+00 2.435897e+00 2.044917e+00 1.162588e-03
<GCONST> 8.898219e+01
<MIXTURE> 82 8.213053e-03
<MEAN> 25
 -9.339668e+00 -2.556894e+00 1.289719e+00 -3.700537e+00 3.859468e+00 8.571596e-01 1.476802e+00 -2.498932e-01 2.424539e+00 1.439452e+00 1.814724e+00 2.669017e+00 -1.360918e+00 -2.199664e-01 5.697411e-01 -2.474641e+00 -1.208099e+00 -4.123543e-01 -1.031705e+00 -1.504599e+00 -2.085120e-01 -5.686249e-01 2.150987e-02 -2.113219e-01 1.719372e-01
<VARIANCE> 25
 1.896614e+01 2.679522e+01 2.788532e+01 3.162853e+01 3.465752e+01 3.093391e+01 3.232042e+01 3.654942e+01 2.896468e+01 2.267354e+01 2.690732e+01 1.635697e+01 3.793187e+00 2.700889e+00 3.065770e+00 2.855949e+00 3.341838e+00 5.779164e+00 2.551980e+00 4.135740e+00 3.060922e+00 2.306727e+00 2.808607e+00 2.135689e+00 3.359560e-03
<GCONST> 9.344991e+01
<MIXTURE> 83 1.167529e-02
<MEAN> 25
 -1.736200e+01 7.029550e+00 -3.637287e+00 6.339097e-01 6.561947e+00 -9.884841e-02 6.039674e+00 1.251638e+00 3.194351e+00 3.156500e+00 -1.579088e+00 4.322333e+00 8.863968e-02 -3.958311e-01 -5.852507e-02 -2.658766e-01 -4.230770e-01 4.672051e-02 -1.488785e-01 -2.284486e-01 -1.426166e-01 -8.375504e-02 -4.268266e-02 1.012769e-01 -1.089428e-04
<VARIANCE> 25
 7.132668e+00 1.005307e+01 1.830361e+01 1.997659e+01 1.442286e+01 1.568054e+01 1.699875e+01 1.680362e+01 1.458344e+01 1.595232e+01 2.207800e+01 1.147731e+01 7.826024e-01 6.738120e-01 7.501287e-01 9.662334e-01 1.337688e+00 1.246589e+00 1.206818e+00 1.214004e+00 1.132717e+00 9.387943e-01 1.134541e+00 1.080323e+00 6.535944e-04
<GCONST> 7.104495e+01
<MIXTURE> 84 1.066614e-02
<MEAN> 25
 1.144906e+00 8.906660e+00 7.237278e+00 7.827383e+00 2.739468e+00 -1.052059e+00 -1.542139e+00 -4.403373e+00 -4.186347e+00 -2.991358e+00 -2.395272e+00 -1.629872e+00 -1.766555e+00 -1.147001e+00 -1.180399e+00 1.254201e+00 2.257267e+00 1.447581e+00 1.482969e+00 1.248298e+00 1.120110e+00 4.198396e-01 3.497333e-01 4.585315e-01 -7.028254e-02
<VARIANCE> 25
 2.343084e+01 1.850644e+01 2.204454e+01 2.433264e+01 2.881832e+01 2.855709e+01 2.819011e+01 2.704248e+01 2.534794e+01 2.524415e+01 2.322677e+01 2.421532e+01 2.097399e+00 2.573976e+00 3.801730e+00 3.289102e+00 3.224564e+00 3.431860e+00 3.260403e+00 3.493465e+00 3.530049e+00 3.208251e+00 3.634063e+00 2.778155e+00 3.571603e-03
<GCONST> 9.260016e+01
<MIXTURE> 85 7.591393e-03
<MEAN> 25
 -3.243416e+00 7.896948e+00 5.672982e+00 1.180741e+00 -3.446592e+00 -5.301726e+00 -2.957282e+00 -6.139224e+00 -3.524451e+00 -3.109026e+00 -4.790689e-01 -1.881649e+00 3.938783e+00 2.804124e-01 1.735843e+00 -2.054124e+00 -3.397177e+00 -2.512723e+00 -2.853210e+00 -2.348543e+00 -2.248230e+00 -1.269846e+00 -2.246953e+00 -6.339611e-01 9.795723e-03
<VARIANCE> 25
 4.359539e+01 2.310144e+01 3.616224e+01 3.853344e+01 3.940161e+01 4.089353e+01 3.174166e+01 2.755050e+01 2.659388e+01 2.629612e+01 2.594289e+01 2.054916e+01 2.678251e+00 4.388183e+00 4.039033e+00 5.270749e+00 4.375933e+00 4.170163e+00 3.914990e+00 3.974099e+00 3.811058e+00 4.049146e+00 4.093686e+00 3.474329e+00 5.445631e-03
<GCONST> 9.843781e+01
<MIXTURE> 86 1.273941e-02
<MEAN> 25
 -4.929882e+00 -1.148473e+00 -7.957201e-01 6.301994e+00 5.051013e+00 4.602574e+00 5.373543e+00 4.629773e+00 4.618886e+00 3.965518e+00 5.251359e+00 2.711310e+00 -5.863741e-03 -1.159861e-02 -4.152348e-02 -6.708898e-02 -1.178688e-01 -1.914887e-01 -2.671985e-01 -3.305208e-01 -3.571436e-01 -3.167683e-01 -2.281403e-01 -1.140492e-01 -5.802627e-04
<VARIANCE> 25
 8.055252e+00 6.010303e+00 9.931542e+00 1.235021e+01 1.588862e+01 1.481481e+01 1.375481e+01 1.331333e+01 1.335151e+01 1.442730e+01 1.503959e+01 1.271380e+01 9.960571e-02 1.925975e-01 3.210909e-01 4.800887e-01 6.346477e-01 7.348928e-01 7.399884e-01 7.597304e-01 8.356036e-01 8.827899e-01 9.047402e-01 9.042792e-01 5.323744e-05
<GCONST> 5.831375e+01
<MIXTURE> 87 1.100681e-02
<MEAN> 25
 -3.330963e+00 4.398801e+00 3.314741e+00 6.207401e+00 5.666852e+00 1.986678e-01 1.991051e+00 -1.456708e+00 -3.332794e-01 -7.270949e-01 -9.850836e-01 3.421066e-01 -2.019962e+00 -2.668087e+00 -1.810055e+00 -2.125605e+00 -3.072415e-01 -1.371026e-02 5.699123e-01 1.009452e+00 1.639318e+00 8.280587e-01 1.030626e+00 8.557802e-01 1.042130e-01
<VARIANCE> 25
 3.535888e+01 2.739315e+01 2.757845e+01 3.598734e+01 2.679168e+01 3.805435e+01 2.776458e+01 3.228523e+01 2.589199e+01 2.361040e+01 2.419732e+01 2.319716e+01 3.750197e+00 2.662303e+00 4.283649e+00 3.585963e+00 5.337729e+00 4.750576e+00 4.152295e+00 4.328472e+00 4.081084e+00 3.665963e+00 3.252840e+00 3.541109e+00 4.597462e-03
<GCONST> 9.711629e+01
<MIXTURE> 88 1.256585e-02
<MEAN> 25
 -4.219708e+00 -1.966093e-01 -1.829573e+00 4.581420e+00 5.906206e+00 1.555316e+00 6.665772e+00 3.718291e+00 2.244743e+00 4.200939e+00 -1.726550e-01 3.402375e+00 1.187608e-02 1.755987e-01 9.677272e-02 3.440104e-01 3.457932e-01 1.292079e-01 -6.658541e-02 -3.296997e-01 -1.397773e-01 -2.256095e-01 -1.568756e-02 -1.125363e-02 -4.262806e-03
<VARIANCE> 25
 9.731112e+00 1.122399e+01 1.328485e+01 1.435298e+01 1.889691e+01 2.468554e+01 2.410707e+01 2.295811e+01 1.825825e+01 2.292937e+01 3.668653e+01 1.484096e+01 1.252732e+00 1.325310e+00 1.697492e+00 1.926853e+00 2.260042e+00 2.725131e+00 2.161713e+00 2.398663e+00 2.278142e+00 2.319663e+00 2.321660e+00 1.712721e+00 1.405703e-03
<GCONST> 8.232278e+01
<MIXTURE> 89 9.333527e-03
<MEAN> 25
 5.456620e+00 -7.957184e+00 -2.590988e+00 -1.513008e+00 -4.074758e+00 -2.608271e+00 -6.716541e+00 2.519061e+00 2.848578e+00 -2.463523e+00 -3.184040e+00 -3.833890e+00 -5.013228e-01 1.869141e-01 2.030984e+00 1.044612e+00 -1.833961e+00 -1.783168e+00 6.944367e-01 1.305730e+00 -1.012263e+00 -1.537413e+00 5.153537e-01 1.674347e+00 -4.557945e-05
<VARIANCE> 25
 8.404795e+00 2.502097e+01 2.515124e+01 2.980884e+01 4.892662e+01 5.219772e+01 6.331762e+01 4.396400e+01 4.528190e+01 4.328499e+01 4.982785e+01 2.951384e+01 3.526084e-01 6.548561e-01 1.369801e+00 1.288110e+00 1.964176e+00 2.089765e+00 2.494404e+00 2.015019e+00 2.272732e+00 2.207792e+00 2.042013e+00 1.297760e+00 4.433437e-04
<GCONST> 8.556149e+01
<MIXTURE> 90 7.114505e-03
<MEAN> 25
 2.517603e+00 -9.783772e+00 -4.631021e+00 -3.892082e+00 -3.481901e+00 -1.657346e+00 3.318238e+00 1.261275e+00 -7.322532e+00 -1.008462e+01 -3.415612e+00 -8.457668e-01 -1.666911e-01 9.109468e-01 1.159433e+00 -8.377517e-01 -1.594726e+00 -2.220976e-01 6.540757e-01 -2.029727e-01 -1.605926e-01 7.135129e-01 1.981880e-01 -5.376809e-01 -1.121719e-02
<VARIANCE> 25
 8.646296e+00 1.784066e+01 2.066004e+01 2.796462e+01 3.674154e+01 3.310378e+01 3.818261e+01 3.619901e+01 3.699165e+01 2.805788e+01 2.653344e+01 2.666246e+01 2.225130e-01 6.115987e-01 7.770342e-01 1.046982e+00 1.460591e+00 1.584652e+00 1.761160e+00 1.631020e+00 1.810203e+00 1.710331e+00 1.480667e+00 1.294449e+00 2.185063e-04
<GCONST> 7.823186e+01
<MIXTURE> 91 7.852945e-03
<MEAN> 25
 6.364286e+00 -7.296433e+00 -7.117992e+00 -4.183681e+00 2.837949e+00 5.491776e-01 -2.615264e+00 1.030159e+00 9.488457e-01 -8.019248e-01 -4.019322e+00 -5.171539e+00 2.114891e-01 9.724723e-01 1.937882e-01 5.314124e-01 -5.236654e-02 -7.911066e-01 -3.441622e-02 -4.981220e-02 -4.938693e-01 6.479772e-01 -1.960876e-01 4.611723e-01 -3.501295e-02
<VARIANCE> 25
 8.122097e+00 4.069814e+01 1.779961e+01 3.450481e+01 4.872894e+01 5.593911e+01 4.308088e+01 3.743185e+01 5.194788e+01 6.061272e+01 3.131235e+01 4.364322e+01 3.485799e-01 7.663428e-01 9.565120e-01 1.109966e+00 1.856116e+00 2.621850e+00 2.026429e+00 2.053665e+00 3.509862e+00 1.960734e+00 1.761662e+00 1.571870e+00 4.569635e-04
<GCONST> 8.574355e+01
<MIXTURE> 92 7.852945e-03
<MEAN> 25
 6.364286e+00 -7.296433e+00 -7.117992e+00 -4.183681e+00 2.837949e+00 5.491776e-01 -2.615264e+00 1.030159e+00 9.488457e-01 -8.019248e-01 -4.019322e+00 -5.171539e+00 2.114891e-01 9.724723e-01 1.937882e-01 5.314124e-01 -5.236654e-02 -7.911066e-01 -3.441622e-02 -4.981220e-02 -4.938693e-01 6.479772e-01 -1.960876e-01 4.611723e-01 -3.501295e-02
<VARIANCE> 25
 8.122097e+00 4.069814e+01 1.779961e+01 3.450481e+01 4.872894e+01 5.593911e+01 4.308088e+01 3.743185e+01 5.194788e+01 6.061272e+01 3.131235e+01 4.364322e+01 3.485799e-01 7.663428e-01 9.565120e-01 1.109966e+00 1.856116e+00 2.621850e+00 2.026429e+00 2.053665e+00 3.509862e+00 1.960734e+00 1.761662e+00 1.571870e+00 4.569635e-04
<GCONST> 8.574355e+01
<MIXTURE> 93 6.122769e-03
<MEAN> 25
 -6.526639e+00 -6.491747e-01 -2.507179e+00 5.646545e+00 6.144415e+00 3.621444e+00 6.395025e+00 4.073592e+00 3.903585e+00 2.762206e+00 1.510713e+00 3.778973e+00 -6.692809e-02 -1.502447e-01 -2.482747e-01 -3.467664e-01 -3.187414e-01 -2.678912e-01 -2.159208e-01 -1.761847e-01 -1.571072e-01 -1.552684e-01 -9.706995e-02 -1.154124e-02 1.841897e-05
<VARIANCE> 25
 1.061905e+01 7.567089e+00 8.402758e+00 1.141635e+01 1.221291e+01 1.704532e+01 1.588174e+01 1.981744e+01 1.527014e+01 1.549738e+01 1.810402e+01 1.308555e+01 8.083324e-02 1.518653e-01 2.587953e-01 3.745946e-01 5.014165e-01 6.301771e-01 7.560768e-01 8.470771e-01 9.387938e-01 8.511325e-01 8.749470e-01 9.634082e-01 1.010355e-06
<GCONST> 5.438949e+01
<MIXTURE> 94 6.122769e-03
<MEAN> 25
 -6.526639e+00 -6.491747e-01 -2.507179e+00 5.646545e+00 6.144415e+00 3.621444e+00 6.395025e+00 4.073592e+00 3.903585e+00 2.762206e+00 1.510713e+00 3.778973e+00 -6.692809e-02 -1.502447e-01 -2.482747e-01 -3.467664e-01 -3.187414e-01 -2.678912e-01 -2.159208e-01 -1.761847e-01 -1.571072e-01 -1.552684e-01 -9.706995e-02 -1.154124e-02 1.841897e-05
<VARIANCE> 25
 1.061905e+01 7.567089e+00 8.402758e+00 1.141635e+01 1.221291e+01 1.704532e+01 1.588174e+01 1.981744e+01 1.527014e+01 1.549738e+01 1.810402e+01 1.308555e+01 8.083324e-02 1.518653e-01 2.587953e-01 3.745946e-01 5.014165e-01 6.301771e-01 7.560768e-01 8.470771e-01 9.387938e-01 8.511325e-01 8.749470e-01 9.634082e-01 1.010355e-06
<GCONST> 5.438949e+01
<MIXTURE> 95 5.258835e-03
<MEAN> 25
 -5.644469e+00 -4.055692e-01 -2.069586e+00 4.787475e+00 4.538934e+00 2.490179e+00 4.504199e+00 2.068437e+00 2.015166e+00 1.148997e+00 7.182800e-01 2.724661e+00 1.576792e-01 1.238256e-01 7.723515e-02 -7.655541e-02 -3.826886e-01 -7.167608e-01 -1.033901e+00 -1.253942e+00 -1.248765e+00 -1.006080e+00 -6.328965e-01 -3.329814e-01 -3.807522e-04
<VARIANCE> 25
 1.154481e+01 8.311672e+00 1.196098e+01 1.241397e+01 1.543972e+01 1.977657e+01 1.916361e+01 2.068734e+01 1.595988e+01 1.664826e+01 2.314816e+01 1.491633e+01 2.045271e-01 2.974484e-01 4.783415e-01 6.284491e-01 7.959560e-01 8.849474e-01 8.830476e-01 9.438399e-01 9.576856e-01 1.162115e+00 1.149918e+00 1.104453e+00 4.311683e-05
<GCONST> 6.440237e+01
<MIXTURE> 96 7.034694e-03
<MEAN> 25
 -3.802179e+00 1.190037e+00 -3.001006e+00 4.638242e+00 5.626160e+00 7.659865e-02 4.955919e+00 4.343792e+00 1.445139e+00 2.311585e+00 -4.929660e-01 2.913527e+00 -4.952265e-02 7.095574e-02 2.173616e-01 3.769290e-01 5.894196e-01 4.204763e-01 2.166675e-01 1.014681e-01 -4.793473e-01 -6.885051e-01 -6.195045e-01 -3.749665e-01 4.857984e-05
<VARIANCE> 25
 1.288394e+01 1.524596e+01 1.223860e+01 1.240403e+01 2.141695e+01 2.333359e+01 1.989307e+01 3.278788e+01 1.912709e+01 1.907891e+01 2.415577e+01 1.247676e+01 9.603807e-02 1.803970e-01 2.895249e-01 3.992319e-01 4.688261e-01 6.854103e-01 7.548580e-01 1.055773e+00 9.223466e-01 9.255828e-01 8.528282e-01 8.629578e-01 1.035199e-06
<GCONST> 5.873120e+01
<MIXTURE> 97 7.034694e-03
<MEAN> 25
 -3.802179e+00 1.190037e+00 -3.001006e+00 4.638242e+00 5.626160e+00 7.659865e-02 4.955919e+00 4.343792e+00 1.445139e+00 2.311585e+00 -4.929660e-01 2.913527e+00 -4.952265e-02 7.095574e-02 2.173616e-01 3.769290e-01 5.894196e-01 4.204763e-01 2.166675e-01 1.014681e-01 -4.793473e-01 -6.885051e-01 -6.195045e-01 -3.749665e-01 4.857984e-05
<VARIANCE> 25
 1.288394e+01 1.524596e+01 1.223860e+01 1.240403e+01 2.141695e+01 2.333359e+01 1.989307e+01 3.278788e+01 1.912709e+01 1.907891e+01 2.415577e+01 1.247676e+01 9.603807e-02 1.803970e-01 2.895249e-01 3.992319e-01 4.688261e-01 6.854103e-01 7.548580e-01 1.055773e+00 9.223466e-01 9.255828e-01 8.528282e-01 8.629578e-01 1.035199e-06
<GCONST> 5.873120e+01
<MIXTURE> 98 9.917808e-03
<MEAN> 25
 -9.889596e-01 1.761022e+00 -8.554395e-01 4.351161e+00 4.722854e+00 7.836618e-02 4.144337e+00 3.752295e+00 8.000923e-01 1.818873e+00 -8.366194e-01 1.279492e+00 -1.621726e+00 -1.104790e+00 -8.279719e-01 5.139347e-02 5.126933e-01 8.818328e-01 1.173308e+00 1.033107e+00 1.487769e+00 1.194184e+00 9.544076e-01 1.062182e+00 -2.271431e-02
<VARIANCE> 25
 1.395406e+01 1.976183e+01 2.707269e+01 2.621832e+01 3.943576e+01 4.589775e+01 3.541037e+01 3.887424e+01 2.622185e+01 2.961686e+01 3.329523e+01 2.094638e+01 1.396128e+00 1.607613e+00 2.216138e+00 2.013734e+00 2.840808e+00 2.831117e+00 2.584325e+00 2.679781e+00 2.575638e+00 3.091602e+00 2.704961e+00 1.846709e+00 2.343291e-03
<GCONST> 9.001344e+01
<MIXTURE> 99 6.696178e-03
<MEAN> 25
 -7.594661e+00 1.009601e+01 4.142881e+00 2.345817e+00 7.084689e-01 -5.554530e+00 -2.618404e+00 -2.899873e+00 -3.019807e+00 -4.431439e+00 -1.177456e+00 1.350132e+00 1.717467e-01 -3.325168e-01 1.055053e-02 -4.538060e-01 -7.198810e-01 -1.868578e-01 -4.170981e-01 -4.519226e-02 -5.226808e-02 -4.111385e-01 2.207237e-01 3.512497e-02 8.037893e-03
<VARIANCE> 25
 3.173598e+01 1.797095e+01 4.437473e+01 2.620127e+01 2.911336e+01 3.153734e+01 2.341609e+01 2.766175e+01 2.175108e+01 2.644155e+01 1.608910e+01 2.150271e+01 2.183606e+00 1.790664e+00 1.278874e+00 1.512785e+00 2.149728e+00 1.949049e+00 1.886275e+00 1.948460e+00 1.508942e+00 2.068967e+00 1.095923e+00 1.118282e+00 1.596736e-03
<GCONST> 8.450826e+01
<MIXTURE> 100 4.498084e-03
<MEAN> 25
 -1.600498e+00 6.345283e+00 1.027495e+01 -7.462909e+00 -1.077920e+01 -5.074401e+00 -4.940660e+00 -9.968448e+00 -4.717799e+00 -8.545890e-01 -2.732307e+00 -2.707173e+00 2.918051e+00 -1.260653e+00 1.299479e+00 -2.185662e+00 -3.419379e+00 -7.832156e-01 -1.218753e+00 -8.204905e-01 -1.475746e+00 3.463246e-01 -1.654736e+00 -2.864055e-01 2.035487e-03
<VARIANCE> 25
 1.364601e+01 2.105521e+01 2.247408e+01 2.642394e+01 2.304816e+01 2.372459e+01 2.910910e+01 2.170358e+01 2.747855e+01 2.265039e+01 2.241198e+01 2.134605e+01 1.798885e+00 3.953014e+00 2.919501e+00 4.287183e+00 4.183777e+00 4.539958e+00 4.015002e+00 4.342197e+00 4.167355e+00 3.896449e+00 3.912961e+00 3.224696e+00 1.677123e-03
<GCONST> 9.257387e+01
<MIXTURE> 101 6.007792e-03
<MEAN> 25
 7.711600e+00 -3.654802e+00 -6.166741e+00 -6.471885e+00 4.729276e-01 -9.733858e-01 -1.072369e+01 -2.578771e+00 1.886609e+00 2.407500e+00 -1.543293e+00 -5.332304e+00 6.451132e-01 6.453218e-01 -1.406404e+00 -1.554564e+00 1.061674e+00 2.232768e+00 1.711580e-01 -1.413942e+00 -1.140273e+00 9.406283e-01 1.416563e+00 -4.074944e-01 -5.621074e-03
<VARIANCE> 25
 1.130055e+01 1.739776e+01 2.850790e+01 4.302809e+01 3.757595e+01 3.574766e+01 3.740845e+01 3.946763e+01 3.772873e+01 4.490088e+01 6.140197e+01 2.484912e+01 2.939647e-01 6.556944e-01 1.148261e+00 1.530310e+00 1.648054e+00 2.168334e+00 2.018437e+00 1.922407e+00 2.325914e+00 2.227687e+00 1.789593e+00 1.852013e+00 3.410728e-04
<GCONST> 8.401228e+01
<MIXTURE> 102 6.007792e-03
<MEAN> 25
 7.711600e+00 -3.654802e+00 -6.166741e+00 -6.471885e+00 4.729276e-01 -9.733858e-01 -1.072369e+01 -2.578771e+00 1.886609e+00 2.407500e+00 -1.543293e+00 -5.332304e+00 6.451132e-01 6.453218e-01 -1.406404e+00 -1.554564e+00 1.061674e+00 2.232768e+00 1.711580e-01 -1.413942e+00 -1.140273e+00 9.406283e-01 1.416563e+00 -4.074944e-01 -5.621074e-03
<VARIANCE> 25
 1.130055e+01 1.739776e+01 2.850790e+01 4.302809e+01 3.757595e+01 3.574766e+01 3.740845e+01 3.946763e+01 3.772873e+01 4.490088e+01 6.140197e+01 2.484912e+01 2.939647e-01 6.556944e-01 1.148261e+00 1.530310e+00 1.648054e+00 2.168334e+00 2.018437e+00 1.922407e+00 2.325914e+00 2.227687e+00 1.789593e+00 1.852013e+00 3.410728e-04
<GCONST> 8.401228e+01
<MIXTURE> 103 5.694618e-03
<MEAN> 25
 3.141117e+00 -8.957873e+00 -5.228762e+00 -2.280667e+00 -1.226299e+00 -1.411246e+00 3.148704e+00 2.527534e+00 -4.717924e+00 -8.590175e+00 -5.218362e+00 2.217539e-02 -1.634259e-01 -1.477957e+00 -9.830993e-01 4.897246e-01 1.339850e+00 9.771392e-01 2.783980e-01 -3.968666e-01 -5.598951e-01 -8.472275e-01 -1.687178e-01 1.510168e-01 2.434818e-02
<VARIANCE> 25
 1.053461e+01 2.111580e+01 2.647603e+01 3.302854e+01 4.416494e+01 3.529783e+01 4.707143e+01 3.464036e+01 3.911082e+01 2.928027e+01 2.864900e+01 2.600908e+01 5.854229e-01 1.149240e+00 1.534236e+00 1.985592e+00 3.270917e+00 2.181370e+00 3.207185e+00 2.634033e+00 2.778924e+00 2.667752e+00 2.171646e+00 1.849179e+00 8.196320e-04
<GCONST> 8.763397e+01
<MIXTURE> 104 5.694618e-03
<MEAN> 25
 3.141117e+00 -8.957873e+00 -5.228762e+00 -2.280667e+00 -1.226299e+00 -1.411246e+00 3.148704e+00 2.527534e+00 -4.717924e+00 -8.590175e+00 -5.218362e+00 2.217539e-02 -1.634259e-01 -1.477957e+00 -9.830993e-01 4.897246e-01 1.339850e+00 9.771392e-01 2.783980e-01 -3.968666e-01 -5.598951e-01 -8.472275e-01 -1.687178e-01 1.510168e-01 2.434818e-02
<VARIANCE> 25
 1.053461e+01 2.111580e+01 2.647603e+01 3.302854e+01 4.416494e+01 3.529783e+01 4.707143e+01 3.464036e+01 3.911082e+01 2.928027e+01 2.864900e+01 2.600908e+01 5.854229e-01 1.149240e+00 1.534236e+00 1.985592e+00 3.270917e+00 2.181370e+00 3.207185e+00 2.634033e+00 2.778924e+00 2.667752e+00 2.171646e+00 1.849179e+00 8.196320e-04
<GCONST> 8.763397e+01
<MIXTURE> 105 4.710235e-03
<MEAN> 25
 8.000634e-01 -2.018440e+00 1.032417e+01 -2.140962e+00 -1.117462e+01 -6.843112e-01 -7.471536e+00 -2.507467e+00 -1.321569e+00 -9.008913e+00 3.909914e+00 -2.163536e+00 -4.909928e-02 5.065996e-02 3.117191e-02 -9.372570e-02 1.746743e-03 -9.022989e-02 -1.063587e-01 5.421111e-03 -4.193954e-02 4.664740e-02 5.886115e-02 1.940915e-02 -1.861683e-03
<VARIANCE> 25
 1.501446e+01 2.163557e+01 3.080441e+01 3.620734e+01 2.609142e+01 6.462953e+01 7.043320e+01 3.641804e+01 3.104346e+01 8.224400e+01 3.255375e+01 2.298186e+01 1.045302e-01 1.856682e-01 2.776992e-01 3.039571e-01 3.807202e-01 3.484454e-01 4.352493e-01 3.608642e-01 4.323153e-01 5.545282e-01 7.497571e-01 3.411562e-01 9.206785e-05
<GCONST> 6.612001e+01
<MIXTURE> 106 4.710235e-03
<MEAN> 25
 8.000634e-01 -2.018440e+00 1.032417e+01 -2.140962e+00 -1.117462e+01 -6.843112e-01 -7.471536e+00 -2.507467e+00 -1.321569e+00 -9.008913e+00 3.909914e+00 -2.163536e+00 -4.909928e-02 5.065996e-02 3.117191e-02 -9.372570e-02 1.746743e-03 -9.022989e-02 -1.063587e-01 5.421111e-03 -4.193954e-02 4.664740e-02 5.886115e-02 1.940915e-02 -1.861683e-03
<VARIANCE> 25
 1.501446e+01 2.163557e+01 3.080441e+01 3.620734e+01 2.609142e+01 6.462953e+01 7.043320e+01 3.641804e+01 3.104346e+01 8.224400e+01 3.255375e+01 2.298186e+01 1.045302e-01 1.856682e-01 2.776992e-01 3.039571e-01 3.807202e-01 3.484454e-01 4.352493e-01 3.608642e-01 4.323153e-01 5.545282e-01 7.497571e-01 3.411562e-01 9.206785e-05
<GCONST> 6.612001e+01
<MIXTURE> 107 5.452374e-03
<MEAN> 25
 7.454616e+00 -2.969741e+00 -7.013173e+00 -8.375137e+00 9.061277e-02 4.290445e+00 -9.669536e+00 -7.031908e+00 -4.072449e-01 2.754942e+00 4.197679e+00 -5.629889e+00 -5.935812e-01 -7.539133e-01 6.637672e-01 2.088016e+00 -3.845240e-02 -2.032980e+00 -1.007815e+00 8.351907e-01 1.777665e+00 -3.071949e-01 -1.367664e+00 -5.506110e-01 2.171813e-03
<VARIANCE> 25
 1.108153e+01 1.887703e+01 2.435709e+01 3.937264e+01 3.995683e+01 3.980826e+01 4.584386e+01 4.911864e+01 3.748809e+01 3.556317e+01 7.176738e+01 2.701520e+01 3.394043e-01 7.916512e-01 1.351305e+00 2.662278e+00 1.985959e+00 2.654693e+00 2.429817e+00 2.341650e+00 1.903966e+00 2.895292e+00 1.933378e+00 2.262891e+00 6.383252e-04
<GCONST> 8.720599e+01
<MIXTURE> 108 5.452374e-03
<MEAN> 25
 7.454616e+00 -2.969741e+00 -7.013173e+00 -8.375137e+00 9.061277e-02 4.290445e+00 -9.669536e+00 -7.031908e+00 -4.072449e-01 2.754942e+00 4.197679e+00 -5.629889e+00 -5.935812e-01 -7.539133e-01 6.637672e-01 2.088016e+00 -3.845240e-02 -2.032980e+00 -1.007815e+00 8.351907e-01 1.777665e+00 -3.071949e-01 -1.367664e+00 -5.506110e-01 2.171813e-03
<VARIANCE> 25
 1.108153e+01 1.887703e+01 2.435709e+01 3.937264e+01 3.995683e+01 3.980826e+01 4.584386e+01 4.911864e+01 3.748809e+01 3.556317e+01 7.176738e+01 2.701520e+01 3.394043e-01 7.916512e-01 1.351305e+00 2.662278e+00 1.985959e+00 2.654693e+00 2.429817e+00 2.341650e+00 1.903966e+00 2.895292e+00 1.933378e+00 2.262891e+00 6.383252e-04
<GCONST> 8.720599e+01
<MIXTURE> 109 6.661064e-03
<MEAN> 25
 4.016926e+00 -1.039448e+01 -7.939233e+00 -1.094388e+00 2.513732e+00 2.622936e-01 8.023224e-02 1.994147e+00 -2.142371e+00 -7.852769e+00 -5.454612e+00 -4.217704e-01 -3.838110e-02 -1.089894e-01 -2.721365e-02 2.382848e-01 1.963844e-01 8.394170e-02 -5.324930e-02 -4.759353e-02 -3.304558e-02 -1.725857e-01 2.227093e-01 2.136034e-02 -3.751151e-03
<VARIANCE> 25
 9.110685e+00 2.354880e+01 2.105522e+01 3.033654e+01 4.375696e+01 4.053536e+01 4.690243e+01 3.658175e+01 4.851451e+01 3.659604e+01 2.901604e+01 3.269464e+01 1.846211e-01 4.220231e-01 5.171374e-01 6.423450e-01 1.180691e+00 1.023200e+00 1.334775e+00 1.092558e+00 1.134803e+00 9.824328e-01 8.780593e-01 8.509630e-01 1.897729e-04
<GCONST> 7.519999e+01
<MIXTURE> 110 6.661064e-03
<MEAN> 25
 4.016926e+00 -1.039448e+01 -7.939233e+00 -1.094388e+00 2.513732e+00 2.622936e-01 8.023224e-02 1.994147e+00 -2.142371e+00 -7.852769e+00 -5.454612e+00 -4.217704e-01 -3.838110e-02 -1.089894e-01 -2.721365e-02 2.382848e-01 1.963844e-01 8.394170e-02 -5.324930e-02 -4.759353e-02 -3.304558e-02 -1.725857e-01 2.227093e-01 2.136034e-02 -3.751151e-03
<VARIANCE> 25
 9.110685e+00 2.354880e+01 2.105522e+01 3.033654e+01 4.375696e+01 4.053536e+01 4.690243e+01 3.658175e+01 4.851451e+01 3.659604e+01 2.901604e+01 3.269464e+01 1.846211e-01 4.220231e-01 5.171374e-01 6.423450e-01 1.180691e+00 1.023200e+00 1.334775e+00 1.092558e+00 1.134803e+00 9.824328e-01 8.780593e-01 8.509630e-01 1.897729e-04
<GCONST> 7.519999e+01
<MIXTURE> 111 4.337247e-03
<MEAN> 25
 -4.475340e+00 -8.132122e-01 -1.704116e+00 1.715287e+00 9.845442e-01 8.107697e-01 3.336246e-01 2.882350e-01 1.308123e-01 -5.325601e-01 -6.176860e-01 2.032042e+00 -2.192662e-02 -3.083554e-02 -6.894730e-02 -7.656597e-02 -3.280636e-02 -1.902763e-03 -9.148249e-03 -5.883132e-02 -1.302488e-01 -2.013736e-01 -1.790533e-01 -1.121148e-01 -2.444860e-04
<VARIANCE> 25
 6.934191e+00 5.697892e+00 1.015370e+01 9.361621e+00 1.302137e+01 2.552004e+01 1.457793e+01 1.352164e+01 1.167604e+01 1.180828e+01 1.371018e+01 1.186185e+01 7.839286e-02 1.621087e-01 2.737718e-01 4.165878e-01 5.647870e-01 7.052073e-01 7.968121e-01 8.521730e-01 8.921869e-01 8.529646e-01 8.638052e-01 8.417500e-01 2.217893e-05
<GCONST> 5.613315e+01
<MIXTURE> 112 4.337247e-03
<MEAN> 25
 -4.475340e+00 -8.132122e-01 -1.704116e+00 1.715287e+00 9.845442e-01 8.107697e-01 3.336246e-01 2.882350e-01 1.308123e-01 -5.325601e-01 -6.176860e-01 2.032042e+00 -2.192662e-02 -3.083554e-02 -6.894730e-02 -7.656597e-02 -3.280636e-02 -1.902763e-03 -9.148249e-03 -5.883132e-02 -1.302488e-01 -2.013736e-01 -1.790533e-01 -1.121148e-01 -2.444860e-04
<VARIANCE> 25
 6.934191e+00 5.697892e+00 1.015370e+01 9.361621e+00 1.302137e+01 2.552004e+01 1.457793e+01 1.352164e+01 1.167604e+01 1.180828e+01 1.371018e+01 1.186185e+01 7.839286e-02 1.621087e-01 2.737718e-01 4.165878e-01 5.647870e-01 7.052073e-01 7.968121e-01 8.521730e-01 8.921869e-01 8.529646e-01 8.638052e-01 8.417500e-01 2.217893e-05
<GCONST> 5.613315e+01
<MIXTURE> 113 5.938666e-03
<MEAN> 25
 9.707993e+00 1.739520e+00 -8.463694e+00 -1.653999e+01 -1.194703e+00 5.955076e+00 -4.878191e+00 -1.956692e+00 -5.534283e+00 -3.807500e-01 6.687288e-01 -6.059323e-02 -9.270493e-03 7.611058e-03 -6.000934e-02 -1.209867e-01 1.284941e-01 1.145461e-01 5.086185e-02 5.342846e-02 -7.286754e-02 -2.792527e-02 1.944534e-01 4.888338e-02 -1.846043e-03
<VARIANCE> 25
 9.335923e+00 1.607926e+01 2.971802e+01 3.860707e+01 5.930443e+01 4.234070e+01 3.957469e+01 4.398486e+01 3.578650e+01 5.248771e+01 3.888218e+01 2.698583e+01 1.190424e-01 3.029418e-01 3.050723e-01 5.985106e-01 6.025178e-01 7.230912e-01 7.579415e-01 7.996881e-01 9.270722e-01 9.309164e-01 7.089930e-01 7.216173e-01 1.214332e-04
<GCONST> 7.159981e+01
<MIXTURE> 114 5.938666e-03
<MEAN> 25
 9.707993e+00 1.739520e+00 -8.463694e+00 -1.653999e+01 -1.194703e+00 5.955076e+00 -4.878191e+00 -1.956692e+00 -5.534283e+00 -3.807500e-01 6.687288e-01 -6.059323e-02 -9.270493e-03 7.611058e-03 -6.000934e-02 -1.209867e-01 1.284941e-01 1.145461e-01 5.086185e-02 5.342846e-02 -7.286754e-02 -2.792527e-02 1.944534e-01 4.888338e-02 -1.846043e-03
<VARIANCE> 25
 9.335923e+00 1.607926e+01 2.971802e+01 3.860707e+01 5.930443e+01 4.234070e+01 3.957469e+01 4.398486e+01 3.578650e+01 5.248771e+01 3.888218e+01 2.698583e+01 1.190424e-01 3.029418e-01 3.050723e-01 5.985106e-01 6.025178e-01 7.230912e-01 7.579415e-01 7.996881e-01 9.270722e-01 9.309164e-01 7.089930e-01 7.216173e-01 1.214332e-04
<GCONST> 7.159981e+01
<MIXTURE> 115 2.935202e-03
<MEAN> 25
 -3.720111e+00 -1.651833e-01 -3.232464e+00 3.651491e+00 3.130609e+00 -8.917241e-01 2.660501e+00 1.127990e+00 1.009821e+00 4.061508e-01 -4.026619e-01 2.663759e+00 1.526975e-02 -8.292808e-02 -2.263774e-01 -4.042497e-01 -6.308803e-01 -6.949707e-01 -6.209172e-01 -5.125642e-01 -4.618244e-01 -4.412034e-01 -3.826228e-01 -2.235295e-01 1.271726e-05
<VARIANCE> 25
 1.001189e+01 1.328302e+01 1.302444e+01 1.185061e+01 1.889112e+01 1.911000e+01 1.818528e+01 2.544537e+01 1.866387e+01 1.827293e+01 2.060446e+01 1.426422e+01 1.996751e-01 3.441646e-01 5.097555e-01 5.774068e-01 6.271837e-01 7.697345e-01 9.727459e-01 1.094948e+00 1.033958e+00 9.559132e-01 1.002027e+00 1.117666e+00 1.058128e-06
<GCONST> 6.119440e+01
<MIXTURE> 116 2.935202e-03
<MEAN> 25
 -3.720111e+00 -1.651833e-01 -3.232464e+00 3.651491e+00 3.130609e+00 -8.917241e-01 2.660501e+00 1.127990e+00 1.009821e+00 4.061508e-01 -4.026619e-01 2.663759e+00 1.526975e-02 -8.292808e-02 -2.263774e-01 -4.042497e-01 -6.308803e-01 -6.949707e-01 -6.209172e-01 -5.125642e-01 -4.618244e-01 -4.412034e-01 -3.826228e-01 -2.235295e-01 1.271726e-05
<VARIANCE> 25
 1.001189e+01 1.328302e+01 1.302444e+01 1.185061e+01 1.889112e+01 1.911000e+01 1.818528e+01 2.544537e+01 1.866387e+01 1.827293e+01 2.060446e+01 1.426422e+01 1.996751e-01 3.441646e-01 5.097555e-01 5.774068e-01 6.271837e-01 7.697345e-01 9.727459e-01 1.094948e+00 1.033958e+00 9.559132e-01 1.002027e+00 1.117666e+00 1.058128e-06
<GCONST> 6.119440e+01
<MIXTURE> 117 6.506003e-03
<MEAN> 25
 -4.580951e+00 1.200252e+00 1.015735e+00 9.680220e+00 6.343417e+00 6.125519e+00 6.518113e+00 5.147306e+00 6.315471e+00 5.013604e+00 6.184495e+00 2.673657e+00 -7.591414e-02 -2.359068e-01 -3.451725e-01 -4.114187e-01 -3.765151e-01 -3.149226e-01 -2.842422e-01 -3.247446e-01 -3.977241e-01 -3.625179e-01 -2.657380e-01 -1.399372e-01 -1.082645e-05
<VARIANCE> 25
 7.331737e+00 9.089915e+00 9.814867e+00 1.446332e+01 1.592140e+01 1.622721e+01 1.764526e+01 1.837477e+01 1.653939e+01 1.664248e+01 1.854207e+01 1.487354e+01 2.136399e-01 3.035350e-01 4.324617e-01 6.144742e-01 8.490770e-01 1.052008e+00 1.164949e+00 1.220134e+00 1.224121e+00 1.184875e+00 1.153080e+00 1.145179e+00 1.011726e-06
<GCONST> 6.069871e+01
<MIXTURE> 118 6.506003e-03
<MEAN> 25
 -4.580951e+00 1.200252e+00 1.015735e+00 9.680220e+00 6.343417e+00 6.125519e+00 6.518113e+00 5.147306e+00 6.315471e+00 5.013604e+00 6.184495e+00 2.673657e+00 -7.591414e-02 -2.359068e-01 -3.451725e-01 -4.114187e-01 -3.765151e-01 -3.149226e-01 -2.842422e-01 -3.247446e-01 -3.977241e-01 -3.625179e-01 -2.657380e-01 -1.399372e-01 -1.082645e-05
<VARIANCE> 25
 7.331737e+00 9.089915e+00 9.814867e+00 1.446332e+01 1.592140e+01 1.622721e+01 1.764526e+01 1.837477e+01 1.653939e+01 1.664248e+01 1.854207e+01 1.487354e+01 2.136399e-01 3.035350e-01 4.324617e-01 6.144742e-01 8.490770e-01 1.052008e+00 1.164949e+00 1.220134e+00 1.224121e+00 1.184875e+00 1.153080e+00 1.145179e+00 1.011726e-06
<GCONST> 6.069871e+01
<MIXTURE> 119 4.297961e-03
<MEAN> 25
 -4.925467e+00 -7.575596e+00 2.181568e+00 1.970214e+00 2.364007e+00 3.414854e-01 5.454694e+00 5.932730e+00 1.094589e+00 1.017288e+00 6.096745e+00 1.523075e+00 -4.872981e-02 -9.947895e-02 3.244478e-02 -6.677946e-02 -1.144161e-01 -1.637626e-01 -6.800409e-02 -3.156022e-02 -4.980535e-02 -6.636900e-02 -5.635633e-02 -6.493296e-02 1.388977e-03
<VARIANCE> 25
 8.512283e+00 9.790225e+00 1.619591e+01 1.994035e+01 2.307115e+01 2.334870e+01 2.510970e+01 2.679074e+01 2.471492e+01 2.807854e+01 2.751905e+01 2.130604e+01 1.594323e-01 2.959204e-01 4.494077e-01 6.279600e-01 8.000765e-01 9.842274e-01 1.071104e+00 1.267822e+00 1.352623e+00 1.287820e+00 1.185027e+00 1.088240e+00 2.365605e-04
<GCONST> 7.007220e+01
<MIXTURE> 120 4.297961e-03
<MEAN> 25
 -4.925467e+00 -7.575596e+00 2.181568e+00 1.970214e+00 2.364007e+00 3.414854e-01 5.454694e+00 5.932730e+00 1.094589e+00 1.017288e+00 6.096745e+00 1.523075e+00 -4.872981e-02 -9.947895e-02 3.244478e-02 -6.677946e-02 -1.144161e-01 -1.637626e-01 -6.800409e-02 -3.156022e-02 -4.980535e-02 -6.636900e-02 -5.635633e-02 -6.493296e-02 1.388977e-03
<VARIANCE> 25
 8.512283e+00 9.790225e+00 1.619591e+01 1.994035e+01 2.307115e+01 2.334870e+01 2.510970e+01 2.679074e+01 2.471492e+01 2.807854e+01 2.751905e+01 2.130604e+01 1.594323e-01 2.959204e-01 4.494077e-01 6.279600e-01 8.000765e-01 9.842274e-01 1.071104e+00 1.267822e+00 1.352623e+00 1.287820e+00 1.185027e+00 1.088240e+00 2.365605e-04
<GCONST> 7.007220e+01
<MIXTURE> 121 4.567511e-03
<MEAN> 25
 2.124387e-01 -2.528534e+00 5.154410e+00 -1.289656e+01 -1.264587e+01 -1.658683e+00 1.002788e+00 -5.103508e+00 -4.195839e+00 -4.912761e-01 -5.503852e+00 -4.310150e+00 2.395317e-02 1.325022e-01 -4.153587e-02 7.913505e-02 1.583968e-01 7.853365e-02 -7.964713e-02 -1.832824e-01 -2.682983e-01 -2.571726e-01 -1.140837e-01 1.331758e-03 -7.436676e-03
<VARIANCE> 25
 7.769581e+00 1.562529e+01 1.727213e+01 2.040731e+01 2.439442e+01 2.931942e+01 2.957444e+01 2.458947e+01 3.528782e+01 2.832688e+01 1.975740e+01 2.118165e+01 1.550081e-01 6.436081e-01 6.226954e-01 7.048547e-01 7.701436e-01 1.149272e+00 1.117647e+00 1.120968e+00 1.217008e+00 1.192322e+00 9.429842e-01 8.715941e-01 2.108013e-04
<GCONST> 7.140340e+01
<MIXTURE> 122 4.567511e-03
<MEAN> 25
 2.124387e-01 -2.528534e+00 5.154410e+00 -1.289656e+01 -1.264587e+01 -1.658683e+00 1.002788e+00 -5.103508e+00 -4.195839e+00 -4.912761e-01 -5.503852e+00 -4.310150e+00 2.395317e-02 1.325022e-01 -4.153587e-02 7.913505e-02 1.583968e-01 7.853365e-02 -7.964713e-02 -1.832824e-01 -2.682983e-01 -2.571726e-01 -1.140837e-01 1.331758e-03 -7.436676e-03
<VARIANCE> 25
 7.769581e+00 1.562529e+01 1.727213e+01 2.040731e+01 2.439442e+01 2.931942e+01 2.957444e+01 2.458947e+01 3.528782e+01 2.832688e+01 1.975740e+01 2.118165e+01 1.550081e-01 6.436081e-01 6.226954e-01 7.048547e-01 7.701436e-01 1.149272e+00 1.117647e+00 1.120968e+00 1.217008e+00 1.192322e+00 9.429842e-01 8.715941e-01 2.108013e-04
<GCONST> 7.140340e+01
<MIXTURE> 123 4.393044e-03
<MEAN> 25
 -3.418585e+00 1.699105e+00 -7.612474e-01 5.726557e+00 6.708300e+00 1.127123e+00 4.378604e+00 2.119595e+00 -5.070662e-01 7.676001e-01 -2.130948e+00 7.078847e-01 -4.273162e-01 -6.310209e-01 -7.864709e-01 -5.693477e-01 -2.086145e-01 3.898570e-02 2.788420e-01 4.754636e-01 8.397168e-01 7.397146e-01 7.850738e-01 4.599111e-01 -1.935794e-03
<VARIANCE> 25
 1.094300e+01 1.538611e+01 1.541752e+01 1.462734e+01 2.326123e+01 3.950551e+01 2.135193e+01 2.717132e+01 1.740057e+01 2.115644e+01 2.926686e+01 1.772390e+01 3.084456e-01 3.566203e-01 4.850802e-01 6.315376e-01 8.393367e-01 1.139259e+00 1.051046e+00 1.065918e+00 1.060086e+00 1.096485e+00 1.221914e+00 1.122969e+00 1.052295e-04
<GCONST> 6.982387e+01
<MIXTURE> 124 4.069876e-03
<MEAN> 25
 -6.392230e+00 -7.770926e-01 -3.037850e+00 5.001003e+00 5.284027e+00 2.914680e+00 5.669881e+00 3.167367e+00 2.952712e+00 1.480878e+00 3.718310e-01 3.138975e+00 -2.022695e-01 -3.217652e-01 -3.452570e-01 -2.337628e-01 1.255636e-01 5.351725e-01 7.681612e-01 8.329526e-01 6.336512e-01 3.428255e-01 1.095282e-01 5.028319e-03 3.213431e-05
<VARIANCE> 25
 1.282845e+01 9.893796e+00 1.152892e+01 1.209517e+01 1.343054e+01 2.221157e+01 1.595581e+01 2.177751e+01 1.579181e+01 1.678324e+01 2.625378e+01 1.464676e+01 1.018911e-01 1.631073e-01 2.662717e-01 4.139968e-01 5.808520e-01 6.887457e-01 7.352462e-01 8.027603e-01 8.858907e-01 1.128388e+00 1.013792e+00 1.004501e+00 1.863757e-05
<GCONST> 6.019067e+01
<MIXTURE> 125 4.069876e-03
<MEAN> 25
 -6.392230e+00 -7.770926e-01 -3.037850e+00 5.001003e+00 5.284027e+00 2.914680e+00 5.669881e+00 3.167367e+00 2.952712e+00 1.480878e+00 3.718310e-01 3.138975e+00 -2.022695e-01 -3.217652e-01 -3.452570e-01 -2.337628e-01 1.255636e-01 5.351725e-01 7.681612e-01 8.329526e-01 6.336512e-01 3.428255e-01 1.095282e-01 5.028319e-03 3.213431e-05
<VARIANCE> 25
 1.282845e+01 9.893796e+00 1.152892e+01 1.209517e+01 1.343054e+01 2.221157e+01 1.595581e+01 2.177751e+01 1.579181e+01 1.678324e+01 2.625378e+01 1.464676e+01 1.018911e-01 1.631073e-01 2.662717e-01 4.139968e-01 5.808520e-01 6.887457e-01 7.352462e-01 8.027603e-01 8.858907e-01 1.128388e+00 1.013792e+00 1.004501e+00 1.863757e-05
<GCONST> 6.019067e+01
<MIXTURE> 126 2.402244e-03
<MEAN> 25
 -3.545328e+00 -5.333256e+00 -5.412890e+00 2.305147e+00 5.340817e+00 -3.865619e+00 1.588693e+00 4.732083e+00 2.226885e+00 -1.371322e+00 -2.959154e+00 3.295559e+00 1.165068e-02 -3.937855e-02 -4.232375e-02 -1.700746e-01 -3.073321e-01 -4.342750e-01 -2.551231e-01 -1.284880e-01 -6.595709e-02 -7.339047e-02 -1.108596e-01 -3.926788e-02 -1.387504e-03
<VARIANCE> 25
 7.115605e+00 2.238133e+01 1.507380e+01 1.377081e+01 2.676860e+01 2.556609e+01 2.959678e+01 3.044583e+01 3.176303e+01 3.195857e+01 2.877294e+01 1.938440e+01 1.700442e-01 3.320549e-01 4.916849e-01 5.423055e-01 6.638334e-01 9.994844e-01 9.899122e-01 1.208292e+00 1.197561e+00 1.313313e+00 1.228472e+00 1.039745e+00 1.962467e-04
<GCONST> 7.066601e+01
<MIXTURE> 127 2.402244e-03
<MEAN> 25
 -3.545328e+00 -5.333256e+00 -5.412890e+00 2.305147e+00 5.340817e+00 -3.865619e+00 1.588693e+00 4.732083e+00 2.226885e+00 -1.371322e+00 -2.959154e+00 3.295559e+00 1.165068e-02 -3.937855e-02 -4.232375e-02 -1.700746e-01 -3.073321e-01 -4.342750e-01 -2.551231e-01 -1.284880e-01 -6.595709e-02 -7.339047e-02 -1.108596e-01 -3.926788e-02 -1.387504e-03
<VARIANCE> 25
 7.115605e+00 2.238133e+01 1.507380e+01 1.377081e+01 2.676860e+01 2.556609e+01 2.959678e+01 3.044583e+01 3.176303e+01 3.195857e+01 2.877294e+01 1.938440e+01 1.700442e-01 3.320549e-01 4.916849e-01 5.423055e-01 6.638334e-01 9.994844e-01 9.899122e-01 1.208292e+00 1.197561e+00 1.313313e+00 1.228472e+00 1.039745e+00 1.962467e-04
<GCONST> 7.066601e+01
<MIXTURE> 128 3.790457e-03
<MEAN> 25
 -3.482366e+00 1.960355e+00 -1.027736e+00 6.183225e+00 4.813318e+00 8.175970e-01 4.639390e+00 3.472667e+00 3.306813e+00 4.416180e+00 1.943757e+00 3.746598e+00 -3.220656e-01 -2.168084e-01 2.077467e-01 7.410237e-01 9.804417e-01 1.023457e+00 5.602375e-01 1.121452e-01 -3.834920e-01 -1.023444e+00 -7.369230e-01 -3.947941e-01 5.127075e-05
<VARIANCE> 25
 1.036174e+01 1.283215e+01 1.540594e+01 1.795283e+01 2.585116e+01 2.374067e+01 2.862229e+01 3.126008e+01 2.545511e+01 2.367965e+01 4.112910e+01 1.825710e+01 8.133169e-01 1.012294e+00 1.267840e+00 1.329073e+00 1.804475e+00 1.733161e+00 2.086625e+00 2.228732e+00 1.984053e+00 2.248593e+00 1.578230e+00 1.603512e+00 1.067561e-06
<GCONST> 7.437679e+01
<TRANSP> 3
 0.000000e+00 1.000000e+00 0.000000e+00
 0.000000e+00 9.999990e-01 9.999998e-07
 0.000000e+00 0.000000e+00 0.000000e+00
<ENDHMM>
