~o
<STREAMINFO> 1 25
<VECSIZE> 25<NULLD><MFCC_E_D_N><DIAGC>
~h "jmodel"
<BEGINHMM>
<NUMSTATES> 3
<STATE> 2
<NUMMIXES> 128
<MIXTURE> 1 5.748963e-03
<MEAN> 25
 -2.583531e+00 3.181610e+00 2.309577e+00 8.752109e+00 4.371675e+00 3.448129e+00 4.065287e+00 3.938331e+00 5.829545e+00 5.254494e+00 5.884567e+00 3.082058e+00 -2.003599e+00 -1.633605e+00 -8.645267e-01 1.076074e+00 1.560737e+00 2.232037e+00 2.154428e+00 2.084672e+00 1.692719e+00 1.269910e+00 1.567546e+00 6.137732e-01 -4.692711e-02
<VARIANCE> 25
 1.006103e+01 1.175692e+01 1.495846e+01 1.870531e+01 2.318308e+01 2.215061e+01 2.190590e+01 2.199321e+01 2.101284e+01 2.254018e+01 2.093937e+01 1.708373e+01 1.791831e+00 2.116310e+00 3.027085e+00 3.208704e+00 3.739646e+00 3.356273e+00 3.318042e+00 3.380571e+00 3.522345e+00 3.726108e+00 3.512262e+00 2.833669e+00 3.120970e-03
<GCONST> 8.846944e+01
<MIXTURE> 2 4.549242e-03
<MEAN> 25
 -4.873481e+00 1.313654e+00 9.903667e-01 9.893935e+00 6.694434e+00 7.421741e+00 7.847282e+00 6.959173e+00 8.367188e+00 6.372523e+00 7.620563e+00 3.075224e+00 -6.195300e-02 4.151814e-02 1.425135e-01 2.256873e-01 2.647459e-01 2.809860e-01 2.955761e-01 3.199890e-01 3.502092e-01 3.089320e-01 1.972160e-01 8.004081e-02 1.243871e-06
<VARIANCE> 25
 6.955491e+00 8.902784e+00 1.066933e+01 1.595494e+01 1.723423e+01 1.557079e+01 1.688897e+01 1.847788e+01 1.663856e+01 1.737875e+01 1.812837e+01 1.433232e+01 1.251933e-01 2.265620e-01 3.365608e-01 4.672630e-01 6.498785e-01 8.148075e-01 9.294441e-01 1.003305e+00 1.051658e+00 1.077620e+00 1.075197e+00 1.013498e+00 9.999104e-07
<GCONST> 5.804977e+01
<MIXTURE> 3 4.549242e-03
<MEAN> 25
 -4.873481e+00 1.313654e+00 9.903667e-01 9.893935e+00 6.694434e+00 7.421741e+00 7.847282e+00 6.959173e+00 8.367188e+00 6.372523e+00 7.620563e+00 3.075224e+00 -6.195300e-02 4.151814e-02 1.425135e-01 2.256873e-01 2.647459e-01 2.809860e-01 2.955761e-01 3.199890e-01 3.502092e-01 3.089320e-01 1.972160e-01 8.004081e-02 1.243871e-06
<VARIANCE> 25
 6.955491e+00 8.902784e+00 1.066933e+01 1.595494e+01 1.723423e+01 1.557079e+01 1.688897e+01 1.847788e+01 1.663856e+01 1.737875e+01 1.812837e+01 1.433232e+01 1.251933e-01 2.265620e-01 3.365608e-01 4.672630e-01 6.498785e-01 8.148075e-01 9.294441e-01 1.003305e+00 1.051658e+00 1.077620e+00 1.075197e+00 1.013498e+00 9.999104e-07
<GCONST> 5.804977e+01
<MIXTURE> 4 1.671429e-02
<MEAN> 25
 3.397726e+00 2.573161e+00 -3.734443e+00 8.083753e-01 4.316481e+00 -1.168548e-01 2.252066e-01 4.808404e-03 1.446163e+00 1.366889e+00 -1.887673e+00 3.184828e-02 -2.747247e+00 1.213737e+00 1.763079e+00 3.043199e+00 9.461609e-01 4.852002e-01 1.530136e+00 1.022600e+00 9.796641e-01 4.491182e-01 1.214138e+00 8.873080e-01 -1.026047e-01
<VARIANCE> 25
 2.104551e+01 2.933990e+01 2.910678e+01 4.078996e+01 4.509752e+01 6.928506e+01 6.559467e+01 5.307034e+01 5.481295e+01 6.151635e+01 4.928512e+01 3.575474e+01 2.374626e+00 4.985047e+00 3.691968e+00 4.994496e+00 4.997163e+00 6.125687e+00 6.024576e+00 5.510695e+00 5.878126e+00 6.433754e+00 6.071993e+00 4.400227e+00 6.168525e-03
<GCONST> 1.053912e+02
<MIXTURE> 5 3.206198e-03
<MEAN> 25
 -3.402586e+00 2.185265e+00 5.835057e-01 9.399590e+00 6.714566e+00 6.317236e+00 7.108796e+00 4.721568e+00 5.471172e+00 3.857337e+00 4.646945e+00 2.606079e+00 -3.254654e-01 7.512140e-01 1.221742e+00 1.032506e+00 3.075616e-01 -1.001342e-01 -8.074236e-02 3.538949e-02 4.593020e-01 6.817094e-01 4.019214e-01 8.644041e-02 -2.966980e-05
<VARIANCE> 25
 1.030070e+01 1.391373e+01 2.365417e+01 2.580239e+01 2.026387e+01 1.938964e+01 2.007438e+01 2.035268e+01 2.155716e+01 2.129034e+01 2.407647e+01 1.631967e+01 1.208066e+00 1.242345e+00 1.357031e+00 1.669200e+00 2.279029e+00 2.370150e+00 2.300646e+00 2.273244e+00 2.310705e+00 2.235343e+00 2.082734e+00 1.871636e+00 1.008578e-06
<GCONST> 7.517506e+01
<MIXTURE> 6 5.475854e-03
<MEAN> 25
 8.621217e+00 -9.666882e-01 -6.372125e+00 -1.125765e+01 -3.381873e+00 8.101148e+00 -5.969485e+00 -5.817664e+00 -3.378822e+00 9.035457e-01 5.906214e+00 -2.626486e+00 4.632836e-01 9.638097e-01 -3.833764e-01 -1.439677e+00 -5.637670e-01 1.314807e+00 1.500461e+00 4.849202e-01 -1.138855e+00 -1.252707e+00 1.263657e-01 1.207532e+00 -1.056473e-02
<VARIANCE> 25
 1.526513e+01 1.706739e+01 2.170612e+01 3.474239e+01 4.246875e+01 3.918400e+01 3.884897e+01 3.571307e+01 3.659721e+01 4.044231e+01 4.743222e+01 3.696994e+01 3.346457e-01 8.220924e-01 9.696828e-01 1.760984e+00 1.528474e+00 1.938714e+00 1.749147e+00 2.212842e+00 2.435384e+00 1.806775e+00 2.517950e+00 1.339472e+00 6.517383e-04
<GCONST> 8.460243e+01
<MIXTURE> 7 5.475854e-03
<MEAN> 25
 8.621217e+00 -9.666882e-01 -6.372125e+00 -1.125765e+01 -3.381873e+00 8.101148e+00 -5.969485e+00 -5.817664e+00 -3.378822e+00 9.035457e-01 5.906214e+00 -2.626486e+00 4.632836e-01 9.638097e-01 -3.833764e-01 -1.439677e+00 -5.637670e-01 1.314807e+00 1.500461e+00 4.849202e-01 -1.138855e+00 -1.252707e+00 1.263657e-01 1.207532e+00 -1.056473e-02
<VARIANCE> 25
 1.526513e+01 1.706739e+01 2.170612e+01 3.474239e+01 4.246875e+01 3.918400e+01 3.884897e+01 3.571307e+01 3.659721e+01 4.044231e+01 4.743222e+01 3.696994e+01 3.346457e-01 8.220924e-01 9.696828e-01 1.760984e+00 1.528474e+00 1.938714e+00 1.749147e+00 2.212842e+00 2.435384e+00 1.806775e+00 2.517950e+00 1.339472e+00 6.517383e-04
<GCONST> 8.460243e+01
<MIXTURE> 8 1.165917e-02
<MEAN> 25
 -4.719142e+00 1.367269e+00 1.274879e+00 9.539413e+00 6.578887e+00 6.238525e+00 6.488299e+00 5.702840e+00 6.645854e+00 5.631598e+00 6.557250e+00 3.156785e+00 -6.278324e-01 -1.424190e+00 -1.067697e+00 -1.728655e+00 -2.335617e-01 -9.438655e-01 -1.792083e-01 -2.902811e-01 -2.541329e-01 -1.749245e-01 -2.158755e-01 7.872820e-02 9.863206e-02
<VARIANCE> 25
 9.358347e+00 9.832840e+00 1.170233e+01 1.616818e+01 1.661378e+01 1.576266e+01 1.813395e+01 1.753537e+01 1.708942e+01 1.734684e+01 1.894482e+01 1.397195e+01 2.752043e+00 2.816135e+00 3.906282e+00 3.755162e+00 3.462147e+00 3.308279e+00 3.123505e+00 3.078585e+00 2.865366e+00 2.649992e+00 2.431152e+00 1.900493e+00 6.691633e-03
<GCONST> 8.629810e+01
<MIXTURE> 9 1.199672e-02
<MEAN> 25
 9.287296e+00 3.374496e+00 -6.196050e+00 -1.066338e+01 -2.221537e+00 4.974316e+00 -2.221591e+00 -2.316758e+00 -5.384059e+00 -1.259870e+00 5.863391e-01 -2.372173e-02 1.436353e+00 -1.296469e-01 -4.940336e-01 -2.703742e+00 -1.644834e+00 8.569082e-01 -9.725090e-01 -2.291291e-01 -1.760347e-01 -5.788251e-01 6.208775e-01 -1.559928e-01 7.325339e-02
<VARIANCE> 25
 1.229967e+01 2.156643e+01 3.359158e+01 5.352157e+01 5.018395e+01 3.228387e+01 4.333917e+01 5.225772e+01 4.211924e+01 4.152703e+01 3.630272e+01 2.708609e+01 2.095182e+00 2.448412e+00 4.584599e+00 4.874057e+00 5.006633e+00 4.092389e+00 4.228545e+00 6.032057e+00 5.040859e+00 4.075578e+00 4.044481e+00 2.807046e+00 2.212641e-03
<GCONST> 9.883430e+01
<MIXTURE> 10 6.596976e-03
<MEAN> 25
 8.210546e-01 7.634191e+00 5.375806e+00 7.148590e+00 1.587310e+00 -2.115100e+00 -5.180093e-01 -1.685349e+00 8.742858e-01 8.599456e-01 8.388984e-01 6.574025e-01 -1.924874e+00 -6.732404e-01 -4.585875e-01 3.028119e+00 2.463248e+00 2.710318e+00 2.373901e+00 2.277807e+00 1.861552e+00 1.545169e+00 2.335739e+00 5.248948e-01 -1.381395e-01
<VARIANCE> 25
 1.954115e+01 2.068569e+01 2.230431e+01 2.906721e+01 3.831257e+01 3.494398e+01 3.514697e+01 3.384028e+01 2.761191e+01 2.904996e+01 2.695871e+01 2.501437e+01 2.234950e+00 3.426358e+00 5.535491e+00 5.169557e+00 5.552252e+00 4.469913e+00 4.699663e+00 4.843550e+00 4.388632e+00 5.020913e+00 4.442470e+00 3.191000e+00 2.696946e-03
<GCONST> 9.745995e+01
<MIXTURE> 11 1.633820e-02
<MEAN> 25
 7.678703e+00 3.264320e+00 3.986884e+00 5.480791e+00 -4.267695e+00 -2.561682e+00 -2.813924e+00 -6.348180e+00 -3.426255e+00 5.292760e-01 -2.858265e+00 -1.900614e+00 -2.907337e-01 5.350038e-01 1.690274e-01 2.819621e-01 4.677795e-01 4.863357e-03 2.822764e-01 -2.180688e-01 -1.334587e-01 8.160434e-02 -1.781387e-01 3.294014e-01 -1.700580e-02
<VARIANCE> 25
 9.967943e+00 2.984160e+01 2.064420e+01 3.015743e+01 4.408709e+01 4.085619e+01 4.730669e+01 4.174517e+01 4.042647e+01 3.813226e+01 3.383741e+01 2.703276e+01 9.542599e-01 1.122510e+00 1.592842e+00 2.347539e+00 2.074575e+00 2.081505e+00 2.041008e+00 2.560278e+00 2.051883e+00 2.077349e+00 2.114214e+00 1.696519e+00 9.612830e-04
<GCONST> 8.760361e+01
<MIXTURE> 12 5.904134e-03
<MEAN> 25
 1.075630e+01 3.734692e+00 -4.501602e+00 -1.598874e+01 -8.699020e+00 8.649805e+00 -9.042807e-01 -1.929174e+00 -1.720768e+00 -4.887025e+00 1.786183e+00 7.053973e-01 6.789663e-02 2.945393e-01 7.927010e-02 -3.689966e-01 -3.103679e-01 3.071343e-02 3.062840e-01 4.494298e-01 1.403532e-01 -3.857008e-01 -3.863294e-01 5.465864e-02 -6.313947e-03
<VARIANCE> 25
 8.965486e+00 2.106746e+01 2.334054e+01 3.503867e+01 4.203811e+01 3.102120e+01 4.182764e+01 4.899165e+01 4.403734e+01 3.735714e+01 3.811424e+01 2.904725e+01 2.467975e-01 6.892272e-01 6.861343e-01 1.169438e+00 1.185835e+00 1.055072e+00 1.171128e+00 1.387966e+00 1.241352e+00 1.222879e+00 1.222634e+00 9.570410e-01 5.789580e-04
<GCONST> 7.894679e+01
<MIXTURE> 13 5.904134e-03
<MEAN> 25
 1.075630e+01 3.734692e+00 -4.501602e+00 -1.598874e+01 -8.699020e+00 8.649805e+00 -9.042807e-01 -1.929174e+00 -1.720768e+00 -4.887025e+00 1.786183e+00 7.053973e-01 6.789663e-02 2.945393e-01 7.927010e-02 -3.689966e-01 -3.103679e-01 3.071343e-02 3.062840e-01 4.494298e-01 1.403532e-01 -3.857008e-01 -3.863294e-01 5.465864e-02 -6.313947e-03
<VARIANCE> 25
 8.965486e+00 2.106746e+01 2.334054e+01 3.503867e+01 4.203811e+01 3.102120e+01 4.182764e+01 4.899165e+01 4.403734e+01 3.735714e+01 3.811424e+01 2.904725e+01 2.467975e-01 6.892272e-01 6.861343e-01 1.169438e+00 1.185835e+00 1.055072e+00 1.171128e+00 1.387966e+00 1.241352e+00 1.222879e+00 1.222634e+00 9.570410e-01 5.789580e-04
<GCONST> 7.894679e+01
<MIXTURE> 14 6.488954e-03
<MEAN> 25
 -4.066676e+00 -1.201551e-01 -6.435784e-01 8.478721e+00 7.517870e+00 7.000367e+00 8.082393e+00 7.551729e+00 6.702373e+00 5.153658e+00 6.632979e+00 4.220008e+00 -2.343206e-01 1.994337e-01 3.594444e-01 3.243681e-01 -3.870013e-05 4.479567e-02 1.376379e-01 1.957326e-01 2.350389e-01 5.371136e-01 4.597533e-01 9.091330e-02 -9.532789e-03
<VARIANCE> 25
 9.534386e+00 1.409822e+01 1.935504e+01 1.955285e+01 2.051237e+01 2.157307e+01 2.138773e+01 2.162132e+01 2.387655e+01 2.326293e+01 2.123464e+01 1.568251e+01 9.429893e-01 1.660255e+00 1.785024e+00 1.838838e+00 2.257714e+00 2.186626e+00 2.301988e+00 2.295658e+00 2.224627e+00 2.530264e+00 2.152752e+00 1.791603e+00 1.013543e-03
<GCONST> 8.222266e+01
<MIXTURE> 15 2.475190e-03
<MEAN> 25
 -5.400298e+00 -6.210695e-01 -2.239352e-01 7.342080e+00 5.738938e+00 5.692914e+00 6.077202e+00 4.988396e+00 5.123044e+00 4.160101e+00 5.480318e+00 2.547805e+00 -1.205700e-01 -2.838064e-02 7.718822e-02 2.445274e-01 4.869038e-01 7.823740e-01 1.069852e+00 1.181784e+00 1.058741e+00 7.558793e-01 4.184320e-01 1.501552e-01 -9.342625e-05
<VARIANCE> 25
 7.062018e+00 5.693271e+00 9.111365e+00 1.292005e+01 1.413554e+01 1.433433e+01 1.494052e+01 1.485173e+01 1.439487e+01 1.415867e+01 1.518246e+01 1.248198e+01 1.251362e-01 2.059755e-01 3.201475e-01 5.036476e-01 6.997083e-01 7.959589e-01 7.615752e-01 7.951735e-01 9.084347e-01 1.023664e+00 1.069888e+00 1.039193e+00 2.793151e-05
<GCONST> 5.866194e+01
<MIXTURE> 16 2.475190e-03
<MEAN> 25
 -5.400298e+00 -6.210695e-01 -2.239352e-01 7.342080e+00 5.738938e+00 5.692914e+00 6.077202e+00 4.988396e+00 5.123044e+00 4.160101e+00 5.480318e+00 2.547805e+00 -1.205700e-01 -2.838064e-02 7.718822e-02 2.445274e-01 4.869038e-01 7.823740e-01 1.069852e+00 1.181784e+00 1.058741e+00 7.558793e-01 4.184320e-01 1.501552e-01 -9.342625e-05
<VARIANCE> 25
 7.062018e+00 5.693271e+00 9.111365e+00 1.292005e+01 1.413554e+01 1.433433e+01 1.494052e+01 1.485173e+01 1.439487e+01 1.415867e+01 1.518246e+01 1.248198e+01 1.251362e-01 2.059755e-01 3.201475e-01 5.036476e-01 6.997083e-01 7.959589e-01 7.615752e-01 7.951735e-01 9.084347e-01 1.023664e+00 1.069888e+00 1.039193e+00 2.793151e-05
<GCONST> 5.866194e+01
<MIXTURE> 17 9.518312e-03
<MEAN> 25
 3.771837e+00 -2.221744e+00 5.991302e+00 1.902304e+00 -6.524310e+00 -5.668346e+00 -5.349531e+00 -7.981367e-01 -1.248722e+00 -4.150506e+00 1.100537e+00 -6.462750e-01 -7.255163e-01 -1.194412e+00 1.268134e+00 -1.791266e+00 -2.425729e+00 -1.426567e-01 9.937803e-02 8.699444e-01 -1.549520e-01 -4.711035e-01 1.202471e+00 2.135438e-01 7.923379e-02
<VARIANCE> 25
 1.448096e+01 3.673740e+01 2.680648e+01 3.516576e+01 4.178249e+01 4.527719e+01 6.141793e+01 3.187133e+01 4.029823e+01 2.976484e+01 3.347098e+01 2.644438e+01 1.620096e+00 2.369764e+00 3.413905e+00 3.177719e+00 3.663275e+00 4.658683e+00 4.377908e+00 4.128413e+00 3.577641e+00 4.095098e+00 2.832472e+00 2.563234e+00 1.877420e-03
<GCONST> 9.592223e+01
<MIXTURE> 18 1.221018e-02
<MEAN> 25
 3.863495e+00 3.887909e+00 6.646517e+00 4.473904e+00 -4.813202e+00 -8.585490e+00 -2.257399e+00 -1.291710e+00 -2.542412e+00 -2.972625e+00 -9.511607e-01 4.507946e-01 -7.649212e-01 2.265028e+00 -3.543151e-01 1.972590e+00 3.001006e+00 1.112478e+00 1.127086e+00 -5.529488e-02 4.704420e-01 7.035440e-01 -6.226797e-01 7.498323e-02 -1.186503e-01
<VARIANCE> 25
 1.469424e+01 2.698631e+01 2.929617e+01 2.545557e+01 3.660173e+01 3.224820e+01 3.834708e+01 3.233883e+01 3.979713e+01 3.348791e+01 3.124141e+01 2.881877e+01 2.715012e+00 2.960676e+00 4.457417e+00 4.074621e+00 3.948551e+00 5.276124e+00 4.986112e+00 4.196323e+00 4.286689e+00 4.169275e+00 5.191795e+00 3.428823e+00 4.163207e-03
<GCONST> 9.808041e+01
<MIXTURE> 19 9.912824e-03
<MEAN> 25
 -9.951659e+00 2.251800e+00 -3.885598e-01 4.634747e-01 4.070882e+00 1.466825e+00 3.831893e+00 1.321112e+00 2.152956e+00 1.407752e+00 8.724105e-01 2.260933e+00 1.944802e+00 1.445809e+00 2.101087e+00 7.824345e-01 -9.587595e-01 -1.163804e+00 -9.932007e-01 -1.440521e+00 -1.457144e+00 -1.126044e+00 -8.711062e-01 -8.092892e-01 3.150215e-03
<VARIANCE> 25
 5.538310e+01 2.902558e+01 4.730658e+01 5.375280e+01 3.106685e+01 2.995561e+01 2.971540e+01 3.169695e+01 3.006887e+01 2.612505e+01 2.811030e+01 1.888683e+01 2.523744e+00 2.765220e+00 2.076182e+00 2.188404e+00 2.572485e+00 2.316440e+00 2.334429e+00 2.209947e+00 1.955974e+00 1.871209e+00 2.619688e+00 1.722650e+00 2.364547e-03
<GCONST> 9.143459e+01
<MIXTURE> 20 6.308331e-03
<MEAN> 25
 -1.425362e+01 7.445524e+00 6.812770e-01 5.701988e+00 4.969769e+00 1.468872e+00 5.134593e+00 7.795017e-01 9.803345e-01 6.420345e-01 2.424827e+00 -2.172491e-01 -3.229410e+00 -7.184955e-01 -1.489347e+00 2.965580e-01 1.542368e+00 2.013371e+00 1.848340e+00 2.034723e+00 2.136482e+00 1.926412e+00 1.772920e+00 1.039842e+00 4.803931e-02
<VARIANCE> 25
 1.893890e+01 2.252003e+01 3.008550e+01 3.950088e+01 2.977462e+01 2.719665e+01 2.873211e+01 3.015034e+01 2.679402e+01 2.742525e+01 2.463404e+01 2.024404e+01 2.071932e+00 2.526989e+00 1.937603e+00 2.452766e+00 2.579773e+00 2.263209e+00 2.548127e+00 2.224761e+00 2.134763e+00 2.797492e+00 2.295861e+00 1.963001e+00 1.812100e-03
<GCONST> 8.904858e+01
<MIXTURE> 21 7.928653e-03
<MEAN> 25
 3.918178e+00 -4.988090e+00 5.823491e+00 -1.558298e+00 -1.089568e+01 -8.291132e+00 -3.425786e+00 3.811193e+00 -1.597164e+00 -3.918493e+00 9.678658e-01 -4.593504e-02 -7.231670e-01 1.280619e+00 2.472318e+00 -8.394098e-02 -1.493629e+00 3.017700e-01 6.622562e-01 -1.436683e+00 -1.891900e+00 2.727523e-01 1.307837e+00 2.226465e-01 -9.854727e-03
<VARIANCE> 25
 8.599966e+00 2.035672e+01 2.768855e+01 2.667856e+01 2.829070e+01 3.402122e+01 4.867826e+01 3.858241e+01 4.300926e+01 3.389647e+01 3.877639e+01 2.454597e+01 3.663948e-01 9.320108e-01 1.899367e+00 1.243083e+00 2.124395e+00 2.072223e+00 3.471359e+00 2.388134e+00 2.179542e+00 2.486360e+00 1.903040e+00 2.185416e+00 5.240465e-04
<GCONST> 8.521069e+01
<MIXTURE> 22 8.827789e-03
<MEAN> 25
 -1.782125e+01 7.245058e+00 -4.191759e+00 6.841227e+00 4.675335e+00 2.645679e+00 8.370275e+00 1.758433e+00 5.576807e+00 3.129788e+00 5.388746e+00 1.387358e+00 -2.980158e-01 -2.394728e-01 -1.581629e-01 -1.549877e-01 -1.610941e-03 1.265430e-01 1.979863e-01 1.717132e-01 2.706012e-01 2.143690e-01 2.382217e-01 2.446353e-01 8.916001e-03
<VARIANCE> 25
 8.665051e+00 1.633634e+01 1.723799e+01 3.040473e+01 2.223327e+01 2.025819e+01 1.927923e+01 1.804973e+01 1.866637e+01 2.066199e+01 2.049985e+01 1.451102e+01 1.086294e+00 1.377082e+00 1.368059e+00 1.530648e+00 1.357499e+00 1.482042e+00 1.559991e+00 1.505522e+00 1.602295e+00 1.647610e+00 1.419794e+00 1.167577e+00 1.674462e-03
<GCONST> 7.855263e+01
<MIXTURE> 23 6.455497e-03
<MEAN> 25
 7.618735e+00 6.232442e-01 4.440794e+00 3.348404e+00 -6.428523e+00 -2.371981e+00 -4.350940e+00 -7.471129e+00 -3.764122e+00 -2.097335e-01 -5.205694e+00 -1.814197e+00 -2.630238e-02 1.795185e-01 -2.062433e-02 -2.450777e-02 5.851072e-02 1.351213e-01 -2.425188e-02 -2.008369e-01 -4.617401e-02 -6.628896e-02 2.722997e-02 7.218623e-03 -2.703044e-03
<VARIANCE> 25
 8.979495e+00 2.724731e+01 3.074529e+01 3.879947e+01 4.985866e+01 4.443137e+01 5.551839e+01 4.926573e+01 4.631347e+01 4.241254e+01 4.772773e+01 3.220073e+01 1.169693e-01 2.446905e-01 3.493114e-01 4.952509e-01 5.213626e-01 6.301382e-01 6.892436e-01 7.836509e-01 8.291763e-01 8.758904e-01 8.087860e-01 6.443382e-01 9.039387e-05
<GCONST> 7.174835e+01
<MIXTURE> 24 6.455497e-03
<MEAN> 25
 7.618735e+00 6.232442e-01 4.440794e+00 3.348404e+00 -6.428523e+00 -2.371981e+00 -4.350940e+00 -7.471129e+00 -3.764122e+00 -2.097335e-01 -5.205694e+00 -1.814197e+00 -2.630238e-02 1.795185e-01 -2.062433e-02 -2.450777e-02 5.851072e-02 1.351213e-01 -2.425188e-02 -2.008369e-01 -4.617401e-02 -6.628896e-02 2.722997e-02 7.218623e-03 -2.703044e-03
<VARIANCE> 25
 8.979495e+00 2.724731e+01 3.074529e+01 3.879947e+01 4.985866e+01 4.443137e+01 5.551839e+01 4.926573e+01 4.631347e+01 4.241254e+01 4.772773e+01 3.220073e+01 1.169693e-01 2.446905e-01 3.493114e-01 4.952509e-01 5.213626e-01 6.301382e-01 6.892436e-01 7.836509e-01 8.291763e-01 8.758904e-01 8.087860e-01 6.443382e-01 9.039387e-05
<GCONST> 7.174835e+01
<MIXTURE> 25 1.118642e-02
<MEAN> 25
 3.152485e-01 3.285317e+00 1.666229e+01 -1.055264e+00 -1.136296e+01 -1.786584e+00 -5.131301e+00 -2.968635e+00 -6.770064e+00 -5.552697e+00 4.212364e+00 -1.679492e+00 -1.376235e-01 4.503290e-01 1.660253e-01 1.501534e-01 2.291453e-01 8.878570e-02 2.054773e-01 -1.748881e-01 -2.447640e-01 8.045210e-02 -8.263659e-02 -1.051113e-01 -1.312243e-02
<VARIANCE> 25
 8.789865e+00 2.440476e+01 2.160187e+01 2.829315e+01 3.129132e+01 4.055009e+01 2.816091e+01 2.962656e+01 2.983683e+01 3.686887e+01 2.157830e+01 2.732927e+01 5.934650e-01 1.438275e+00 1.394058e+00 1.367623e+00 2.284593e+00 2.050266e+00 1.751416e+00 1.612145e+00 1.517872e+00 1.639049e+00 1.365012e+00 1.279600e+00 1.296383e-03
<GCONST> 8.287603e+01
<MIXTURE> 26 7.727677e-03
<MEAN> 25
 2.065779e+00 -5.345539e+00 -1.023564e+01 -5.859901e-01 8.490633e+00 5.502506e+00 4.318402e+00 -1.888651e-03 1.910409e+00 -1.270781e-02 -2.473548e+00 -8.053010e-01 -7.112488e-01 6.619719e-01 3.153635e-01 7.495456e-01 1.525950e-01 1.719899e-01 4.305864e-01 3.073357e-01 2.944781e-01 9.955440e-02 3.116851e-01 4.030685e-01 -4.692768e-02
<VARIANCE> 25
 2.284794e+01 3.924860e+01 2.383591e+01 5.711558e+01 3.688395e+01 3.887303e+01 4.221321e+01 4.050850e+01 3.683768e+01 5.483093e+01 3.761225e+01 4.211263e+01 1.557844e+00 1.878511e+00 1.762978e+00 1.849039e+00 2.253194e+00 2.353157e+00 2.447361e+00 2.625833e+00 2.118979e+00 2.181173e+00 2.008350e+00 1.819580e+00 3.212431e-03
<GCONST> 9.252271e+01
<MIXTURE> 27 7.727677e-03
<MEAN> 25
 2.065779e+00 -5.345539e+00 -1.023564e+01 -5.859901e-01 8.490633e+00 5.502506e+00 4.318402e+00 -1.888651e-03 1.910409e+00 -1.270781e-02 -2.473548e+00 -8.053010e-01 -7.112488e-01 6.619719e-01 3.153635e-01 7.495456e-01 1.525950e-01 1.719899e-01 4.305864e-01 3.073357e-01 2.944781e-01 9.955440e-02 3.116851e-01 4.030685e-01 -4.692768e-02
<VARIANCE> 25
 2.284794e+01 3.924860e+01 2.383591e+01 5.711558e+01 3.688395e+01 3.887303e+01 4.221321e+01 4.050850e+01 3.683768e+01 5.483093e+01 3.761225e+01 4.211263e+01 1.557844e+00 1.878511e+00 1.762978e+00 1.849039e+00 2.253194e+00 2.353157e+00 2.447361e+00 2.625833e+00 2.118979e+00 2.181173e+00 2.008350e+00 1.819580e+00 3.212431e-03
<GCONST> 9.252271e+01
<MIXTURE> 28 5.036674e-03
<MEAN> 25
 -5.177273e+00 2.694312e-01 -1.785133e+00 6.285360e+00 5.616451e+00 3.622466e+00 5.516673e+00 3.378083e+00 3.459635e+00 2.501878e+00 2.485058e+00 3.249331e+00 -1.173250e-01 2.178927e-01 5.388867e-01 7.809639e-01 7.902869e-01 6.467378e-01 5.514998e-01 4.658475e-01 5.125257e-01 5.113340e-01 3.886173e-01 1.830159e-01 -3.791884e-05
<VARIANCE> 25
 1.093533e+01 8.811570e+00 1.224561e+01 1.557483e+01 1.606493e+01 1.725506e+01 1.710467e+01 1.906295e+01 1.916284e+01 1.597668e+01 2.030770e+01 1.428629e+01 2.467099e-01 3.216364e-01 3.966601e-01 4.409651e-01 6.127709e-01 8.627921e-01 1.009565e+00 1.210052e+00 1.119390e+00 9.856136e-01 9.931344e-01 1.024652e+00 1.007696e-06
<GCONST> 6.016549e+01
<MIXTURE> 29 5.036674e-03
<MEAN> 25
 -5.177273e+00 2.694312e-01 -1.785133e+00 6.285360e+00 5.616451e+00 3.622466e+00 5.516673e+00 3.378083e+00 3.459635e+00 2.501878e+00 2.485058e+00 3.249331e+00 -1.173250e-01 2.178927e-01 5.388867e-01 7.809639e-01 7.902869e-01 6.467378e-01 5.514998e-01 4.658475e-01 5.125257e-01 5.113340e-01 3.886173e-01 1.830159e-01 -3.791884e-05
<VARIANCE> 25
 1.093533e+01 8.811570e+00 1.224561e+01 1.557483e+01 1.606493e+01 1.725506e+01 1.710467e+01 1.906295e+01 1.916284e+01 1.597668e+01 2.030770e+01 1.428629e+01 2.467099e-01 3.216364e-01 3.966601e-01 4.409651e-01 6.127709e-01 8.627921e-01 1.009565e+00 1.210052e+00 1.119390e+00 9.856136e-01 9.931344e-01 1.024652e+00 1.007696e-06
<GCONST> 6.016549e+01
<MIXTURE> 30 8.917812e-03
<MEAN> 25
 -4.093257e+00 1.430884e-01 3.003227e-01 8.629242e+00 7.743947e+00 7.199334e+00 7.963707e+00 6.885663e+00 5.530628e+00 4.976045e+00 6.569091e+00 3.526908e+00 -5.894384e-03 5.791815e-02 9.646267e-02 1.149173e-01 5.222626e-02 2.181990e-02 3.713431e-02 3.693340e-02 2.451969e-02 5.427419e-02 4.489518e-02 -3.032553e-02 -6.482892e-04
<VARIANCE> 25
 7.718872e+00 1.017196e+01 1.149157e+01 1.571181e+01 1.600664e+01 1.706899e+01 1.941316e+01 1.680377e+01 2.409702e+01 1.733473e+01 2.203139e+01 1.393382e+01 9.859900e-02 2.125347e-01 3.412300e-01 4.913543e-01 6.032672e-01 7.212799e-01 7.449927e-01 9.143112e-01 8.255355e-01 9.525899e-01 8.918380e-01 8.494100e-01 5.083609e-05
<GCONST> 6.139356e+01
<MIXTURE> 31 4.136493e-03
<MEAN> 25
 -2.971987e+00 -4.887447e+00 1.014332e-01 4.906420e+00 3.675346e+00 1.530592e+00 5.996430e+00 6.658550e+00 1.916983e+00 1.801432e+00 5.742261e+00 3.183262e+00 2.442743e-01 4.581856e-01 -2.516333e-01 2.852242e-01 1.938325e-01 3.939247e-01 1.256784e-01 -7.769550e-03 4.185109e-01 4.559973e-01 1.021949e-01 1.207105e-01 -1.716934e-02
<VARIANCE> 25
 7.211112e+00 1.779580e+01 1.841723e+01 1.863342e+01 2.541803e+01 2.143915e+01 2.577701e+01 2.305225e+01 2.842684e+01 2.723181e+01 2.439980e+01 1.818153e+01 1.799988e-01 4.888654e-01 6.423683e-01 7.464321e-01 9.898770e-01 9.747306e-01 1.525591e+00 1.336395e+00 1.321911e+00 1.475682e+00 1.337477e+00 1.076198e+00 2.500071e-04
<GCONST> 7.232384e+01
<MIXTURE> 32 4.136493e-03
<MEAN> 25
 -2.971987e+00 -4.887447e+00 1.014332e-01 4.906420e+00 3.675346e+00 1.530592e+00 5.996430e+00 6.658550e+00 1.916983e+00 1.801432e+00 5.742261e+00 3.183262e+00 2.442743e-01 4.581856e-01 -2.516333e-01 2.852242e-01 1.938325e-01 3.939247e-01 1.256784e-01 -7.769550e-03 4.185109e-01 4.559973e-01 1.021949e-01 1.207105e-01 -1.716934e-02
<VARIANCE> 25
 7.211112e+00 1.779580e+01 1.841723e+01 1.863342e+01 2.541803e+01 2.143915e+01 2.577701e+01 2.305225e+01 2.842684e+01 2.723181e+01 2.439980e+01 1.818153e+01 1.799988e-01 4.888654e-01 6.423683e-01 7.464321e-01 9.898770e-01 9.747306e-01 1.525591e+00 1.336395e+00 1.321911e+00 1.475682e+00 1.337477e+00 1.076198e+00 2.500071e-04
<GCONST> 7.232384e+01
<MIXTURE> 33 1.508826e-02
<MEAN> 25
 6.638891e+00 -4.538869e+00 -1.736775e+00 -2.433221e+00 -2.515675e+00 -4.881331e+00 -8.321278e+00 1.101924e+00 2.890040e+00 -8.283582e-01 -3.957470e+00 -2.795333e+00 5.937355e-01 -1.164058e+00 -2.145829e+00 -1.741591e+00 1.155661e+00 1.294173e+00 -7.013960e-01 7.255190e-01 9.754323e-01 5.434334e-01 -1.862904e-01 -1.358809e+00 3.748671e-02
<VARIANCE> 25
 9.114203e+00 2.168042e+01 2.824160e+01 3.322483e+01 3.994466e+01 4.501850e+01 4.987362e+01 4.659756e+01 4.057035e+01 4.123112e+01 3.759537e+01 2.680850e+01 1.093088e+00 1.774386e+00 2.704767e+00 2.152388e+00 4.658256e+00 3.277823e+00 4.065940e+00 5.156604e+00 3.530767e+00 4.015525e+00 3.269396e+00 2.474597e+00 1.370961e-03
<GCONST> 9.400363e+01
<MIXTURE> 34 1.588179e-02
<MEAN> 25
 8.677902e+00 -2.603216e+00 2.165315e+00 1.396703e+00 -5.372905e+00 -2.061137e-01 -6.646446e+00 -4.230945e+00 -2.229328e+00 1.282366e+00 -2.257129e+00 -5.342898e+00 7.913768e-02 1.357834e+00 1.446923e+00 2.396544e+00 -4.426530e-01 -4.557645e-01 1.308042e+00 -1.917056e+00 -1.439694e+00 9.350214e-01 -1.297460e+00 9.592235e-01 -5.028757e-02
<VARIANCE> 25
 5.956921e+00 3.892122e+01 3.077614e+01 4.203045e+01 4.679459e+01 4.311517e+01 4.690483e+01 4.656977e+01 4.737458e+01 4.245293e+01 4.627912e+01 4.105934e+01 9.519641e-01 1.493922e+00 3.157308e+00 3.125924e+00 4.801524e+00 4.682547e+00 4.614402e+00 4.891663e+00 5.157129e+00 4.936159e+00 5.251262e+00 5.149669e+00 1.190950e-03
<GCONST> 9.768555e+01
<MIXTURE> 35 1.467755e-02
<MEAN> 25
 -2.056657e+00 -4.535535e+00 -9.263597e+00 2.668753e-01 9.166959e+00 1.604044e-01 2.341348e+00 2.711590e+00 8.386701e-01 4.561282e+00 -7.972479e-01 1.745338e+00 4.386225e-01 -1.231393e+00 -1.162149e+00 -1.174055e+00 1.662768e-01 -9.477642e-01 -6.475346e-01 -3.578768e-01 -1.451344e-01 9.009873e-02 -8.384970e-01 -6.303645e-01 1.069071e-01
<VARIANCE> 25
 1.767868e+01 3.098276e+01 4.319246e+01 5.630562e+01 4.047103e+01 5.859769e+01 4.990890e+01 4.119180e+01 4.847017e+01 3.630217e+01 4.038348e+01 2.851791e+01 3.238932e+00 3.377933e+00 6.782944e+00 5.372002e+00 5.241760e+00 5.453135e+00 4.440928e+00 4.791208e+00 4.699921e+00 4.114037e+00 4.065015e+00 3.561671e+00 4.925973e-03
<GCONST> 1.026907e+02
<MIXTURE> 36 1.093293e-02
<MEAN> 25
 4.809360e+00 -5.899206e+00 6.427828e+00 1.294687e+00 -9.222870e+00 -5.607376e+00 -9.839170e+00 -3.355254e-01 1.068536e+00 -5.456607e+00 3.057708e+00 -8.268089e-01 2.914880e-01 2.784098e-01 -8.645295e-01 7.388134e-02 1.129204e+00 2.437744e-01 -2.431642e-01 -2.809463e-01 3.617550e-01 6.145115e-01 -6.459404e-01 -3.858503e-01 -2.138559e-02
<VARIANCE> 25
 7.020247e+00 1.566372e+01 1.561783e+01 1.902306e+01 2.190969e+01 2.836567e+01 3.468797e+01 2.919939e+01 3.095948e+01 2.403758e+01 2.442711e+01 1.946269e+01 4.724814e-01 9.666045e-01 1.400205e+00 9.721780e-01 1.589942e+00 1.745918e+00 2.044175e+00 1.507678e+00 1.738762e+00 1.249499e+00 1.313435e+00 1.496235e+00 7.698982e-04
<GCONST> 7.842377e+01
<MIXTURE> 37 1.246826e-02
<MEAN> 25
 5.513207e-01 7.735117e+00 1.203936e+01 -5.541883e+00 -8.029016e+00 -1.066874e+00 -5.095317e+00 -8.314624e+00 -3.687051e+00 -9.280161e-01 -3.645049e+00 -1.292688e+00 1.791860e-01 6.559393e-01 -1.354202e+00 3.575978e+00 1.990915e+00 -3.081319e-01 1.099819e+00 4.376616e-01 5.264439e-01 -3.173798e-01 5.245077e-01 -9.524621e-02 -9.489007e-02
<VARIANCE> 25
 1.589997e+01 2.642330e+01 3.085080e+01 5.093697e+01 3.390866e+01 3.208323e+01 4.407352e+01 3.498529e+01 3.867991e+01 3.606980e+01 3.794025e+01 3.082027e+01 2.961952e+00 3.432107e+00 3.013423e+00 4.104934e+00 4.606624e+00 3.758734e+00 4.220039e+00 3.801164e+00 3.440073e+00 3.621434e+00 3.917423e+00 2.786388e+00 3.924037e-03
<GCONST> 9.781790e+01
<MIXTURE> 38 1.154525e-02
<MEAN> 25
 -4.817621e+00 7.619313e+00 3.655244e+00 1.808697e+00 1.119555e+00 -6.121716e+00 5.669472e-02 -2.781781e+00 -7.779217e-01 -2.893226e+00 -2.578820e+00 -3.079301e-01 -4.291679e+00 1.914929e+00 -5.511100e-01 5.159371e-01 2.682589e+00 1.181984e+00 1.738414e+00 8.438044e-01 9.704148e-01 2.356846e-01 8.676198e-01 4.141360e-01 4.372900e-02
<VARIANCE> 25
 2.744289e+01 3.037596e+01 3.042861e+01 2.797923e+01 3.667797e+01 3.171646e+01 3.412637e+01 3.072233e+01 3.313629e+01 2.464695e+01 2.506976e+01 2.829926e+01 1.799261e+00 3.932536e+00 3.233746e+00 5.139512e+00 3.175969e+00 5.025456e+00 4.210349e+00 3.651293e+00 3.276389e+00 4.482769e+00 4.463215e+00 2.434308e+00 1.843729e-03
<GCONST> 9.574995e+01
<MIXTURE> 39 9.501865e-03
<MEAN> 25
 1.352926e+00 2.586594e+00 1.020422e+01 -9.179572e+00 -1.128900e+01 -9.984233e-01 -2.969856e+00 -6.568937e+00 -4.522491e+00 8.799651e-01 -3.675534e+00 -2.293770e+00 -7.303628e-01 1.519757e+00 1.620681e+00 -1.390486e+00 8.216071e-02 1.222185e+00 -1.196669e+00 -1.249704e+00 4.302326e-01 4.479272e-01 -4.992917e-01 1.252863e-01 1.288910e-03
<VARIANCE> 25
 8.939157e+00 3.017402e+01 3.161629e+01 3.879993e+01 3.725477e+01 4.284331e+01 4.444503e+01 3.350177e+01 3.934494e+01 3.319876e+01 3.621690e+01 2.936486e+01 6.915266e-01 1.546070e+00 1.520092e+00 2.923061e+00 2.418496e+00 2.820276e+00 3.054615e+00 2.745084e+00 2.430550e+00 2.617770e+00 2.137191e+00 2.071214e+00 1.183213e-03
<GCONST> 8.968507e+01
<MIXTURE> 40 1.030800e-02
<MEAN> 25
 -6.473773e+00 3.298249e+00 -3.046608e+00 6.103326e+00 5.489785e+00 4.939270e+00 6.784882e+00 4.921657e+00 2.656072e+00 4.759983e+00 4.066646e+00 1.643481e+00 -1.047795e-01 -1.003893e-01 -8.766714e-02 -2.724517e-01 -1.073526e-01 -1.739043e-01 1.802839e-02 2.744531e-02 1.023156e-02 -2.596808e-02 1.040712e-01 7.312259e-02 2.444986e-03
<VARIANCE> 25
 4.226331e+01 1.809125e+01 2.861161e+01 2.785358e+01 2.384913e+01 1.731809e+01 2.073055e+01 1.821090e+01 2.029878e+01 1.721890e+01 1.888158e+01 1.365138e+01 6.814666e-01 6.839284e-01 7.311260e-01 1.006203e+00 9.724367e-01 1.182634e+00 1.333161e+00 1.449685e+00 1.127679e+00 1.082177e+00 1.106399e+00 9.348198e-01 6.606482e-04
<GCONST> 7.527163e+01
<MIXTURE> 41 6.713375e-03
<MEAN> 25
 1.308905e+00 1.779749e+00 1.047040e+01 -6.952712e+00 -1.046682e+01 -3.862258e+00 -2.483529e+00 -5.045336e+00 -4.656776e+00 2.662335e+00 -1.755117e+00 -9.531449e-01 7.781178e-02 -7.624419e-01 1.695226e+00 -3.556045e+00 -2.460196e+00 -1.117194e-01 -5.074237e-01 -3.570933e-01 -8.254561e-01 1.084455e+00 -1.043247e+00 8.169371e-02 8.627655e-02
<VARIANCE> 25
 1.169581e+01 2.965546e+01 3.265639e+01 4.010353e+01 3.875019e+01 4.020262e+01 3.715710e+01 2.988642e+01 3.307420e+01 2.876255e+01 3.197106e+01 2.716787e+01 3.179030e+00 3.314114e+00 3.825614e+00 3.804274e+00 4.905588e+00 5.873786e+00 4.712279e+00 4.554744e+00 3.974789e+00 4.220985e+00 3.842381e+00 3.224152e+00 2.930038e-03
<GCONST> 9.792554e+01
<MIXTURE> 42 1.106211e-02
<MEAN> 25
 -2.727510e+00 4.554679e+00 4.035345e+00 1.707128e+00 9.416901e-01 -7.611440e+00 -1.647975e+00 -2.228459e+00 -3.923549e-01 -2.163292e+00 -1.984105e+00 9.332705e-01 4.105215e+00 -1.385575e+00 1.736343e+00 4.562254e-01 -3.288189e+00 -6.052809e-01 -2.790189e+00 -6.266804e-01 -1.022580e+00 -9.359167e-01 6.697543e-01 -9.876329e-01 1.471005e-02
<VARIANCE> 25
 3.037716e+01 1.818407e+01 3.532186e+01 2.228011e+01 3.489372e+01 3.350995e+01 2.912318e+01 2.333471e+01 2.614807e+01 2.102963e+01 1.531732e+01 1.532987e+01 3.030564e+00 5.334144e+00 4.413025e+00 3.704809e+00 3.662681e+00 5.125058e+00 4.462772e+00 4.079403e+00 3.645394e+00 3.566910e+00 3.251205e+00 3.097799e+00 3.467542e-03
<GCONST> 9.490518e+01
<MIXTURE> 43 7.108249e-03
<MEAN> 25
 3.165483e+00 -6.307158e+00 -2.250065e+00 -5.187647e+00 -7.397966e+00 -3.404374e+00 4.141317e+00 1.311625e+00 -5.063739e+00 -7.094412e+00 -4.324245e+00 -1.249296e+00 2.377571e-01 2.164694e+00 1.913980e+00 -1.332603e-01 -1.430184e+00 -7.946442e-01 -9.692813e-01 -7.793100e-01 8.212715e-01 1.468911e+00 3.425135e-01 2.100217e-02 -4.509698e-02
<VARIANCE> 25
 9.604496e+00 1.970235e+01 2.734505e+01 3.522650e+01 3.842173e+01 3.664727e+01 3.329394e+01 3.981680e+01 3.964643e+01 3.864128e+01 2.653662e+01 2.955443e+01 6.905664e-01 1.250019e+00 1.570044e+00 2.490753e+00 2.375733e+00 2.382576e+00 2.654557e+00 3.026293e+00 2.607492e+00 2.577003e+00 2.331078e+00 1.919426e+00 9.438542e-04
<GCONST> 8.797047e+01
<MIXTURE> 44 7.328289e-03
<MEAN> 25
 -1.471743e+01 2.995375e+00 3.188418e+00 -3.567538e+00 3.650102e+00 9.078708e-01 -2.748400e-01 2.219784e+00 2.354197e+00 -1.146853e+00 1.002157e+00 2.105829e+00 -1.961104e-01 2.164662e-02 2.844858e-01 1.611035e-01 3.783773e-02 1.757376e-01 4.345125e-01 3.299240e-02 2.139958e-01 1.306432e-01 4.429886e-02 -3.375377e-03 5.866469e-03
<VARIANCE> 25
 4.025154e+01 3.877206e+01 3.213918e+01 2.664778e+01 2.651053e+01 3.562173e+01 2.530421e+01 2.875391e+01 2.930070e+01 2.538136e+01 2.754708e+01 1.753359e+01 1.137851e+00 1.448655e+00 1.435419e+00 1.319685e+00 2.204957e+00 1.492397e+00 1.454711e+00 1.513205e+00 1.448115e+00 1.412551e+00 1.280964e+00 1.240996e+00 1.170658e-03
<GCONST> 8.383219e+01
<MIXTURE> 45 1.364932e-02
<MEAN> 25
 -1.156938e+01 3.961324e+00 -1.704381e+00 1.853032e+00 5.746107e+00 -1.144833e+00 5.207539e+00 2.058084e+00 3.426301e+00 1.782637e+00 5.090266e-01 1.749881e+00 -2.857145e+00 9.812441e-01 -2.799231e-01 -5.980751e-01 4.923986e-01 2.984181e-01 2.289597e-01 1.107658e-01 2.544385e-01 -4.932376e-01 6.477776e-01 3.376298e-01 1.018184e-01
<VARIANCE> 25
 3.394733e+01 3.057556e+01 2.708885e+01 2.962226e+01 2.568156e+01 2.908220e+01 3.004275e+01 2.189548e+01 1.930148e+01 2.577839e+01 3.402934e+01 1.655213e+01 2.086644e+00 3.058923e+00 2.187724e+00 2.159333e+00 2.182295e+00 2.446725e+00 2.087996e+00 2.174572e+00 2.202101e+00 2.176364e+00 2.343127e+00 1.896161e+00 3.720557e-03
<GCONST> 8.928680e+01
<MIXTURE> 46 9.336259e-03
<MEAN> 25
 -8.647658e+00 2.822700e+00 2.717585e-01 6.704248e+00 5.817822e+00 2.922100e+00 7.449784e+00 4.611784e+00 5.000396e+00 5.024525e+00 4.854486e+00 3.250204e+00 1.052499e+00 -8.262780e-02 -1.238942e-01 9.883728e-01 6.825921e-01 8.710958e-01 4.245581e-01 8.388889e-01 3.169281e-01 4.268257e-01 6.978639e-01 6.214049e-01 -9.841767e-02
<VARIANCE> 25
 3.531949e+01 4.193642e+01 3.946547e+01 4.950985e+01 4.562759e+01 3.761934e+01 3.551071e+01 3.435640e+01 3.299740e+01 3.049755e+01 2.515973e+01 1.896995e+01 3.467728e+00 4.400676e+00 4.056833e+00 3.653454e+00 3.981493e+00 3.285107e+00 3.044434e+00 3.024698e+00 2.821326e+00 3.001453e+00 2.066577e+00 1.643040e+00 7.382181e-03
<GCONST> 9.712452e+01
<MIXTURE> 47 7.116147e-03
<MEAN> 25
 7.255845e+00 -7.648549e+00 -6.714564e+00 -6.053007e+00 5.512270e-01 8.992652e-01 -3.684666e+00 9.737380e-01 3.559062e+00 -9.770026e-02 -3.448473e+00 -6.404787e+00 -1.762618e-01 -1.211637e+00 -5.688004e-01 -3.976161e-01 4.960817e-01 7.950042e-01 8.992509e-01 4.084015e-01 7.905163e-02 -7.527319e-01 -4.138044e-01 -6.377636e-01 2.939919e-02
<VARIANCE> 25
 9.877948e+00 2.179664e+01 2.868341e+01 3.134571e+01 4.329973e+01 4.807486e+01 5.752872e+01 3.869738e+01 4.317208e+01 4.392881e+01 4.976933e+01 3.238272e+01 4.738650e-01 7.307920e-01 1.145775e+00 1.546349e+00 1.985821e+00 2.071552e+00 2.211283e+00 2.389382e+00 2.146192e+00 2.145051e+00 2.039055e+00 2.218498e+00 5.131345e-04
<GCONST> 8.645378e+01
<MIXTURE> 48 7.116147e-03
<MEAN> 25
 7.255845e+00 -7.648549e+00 -6.714564e+00 -6.053007e+00 5.512270e-01 8.992652e-01 -3.684666e+00 9.737380e-01 3.559062e+00 -9.770026e-02 -3.448473e+00 -6.404787e+00 -1.762618e-01 -1.211637e+00 -5.688004e-01 -3.976161e-01 4.960817e-01 7.950042e-01 8.992509e-01 4.084015e-01 7.905163e-02 -7.527319e-01 -4.138044e-01 -6.377636e-01 2.939919e-02
<VARIANCE> 25
 9.877948e+00 2.179664e+01 2.868341e+01 3.134571e+01 4.329973e+01 4.807486e+01 5.752872e+01 3.869738e+01 4.317208e+01 4.392881e+01 4.976933e+01 3.238272e+01 4.738650e-01 7.307920e-01 1.145775e+00 1.546349e+00 1.985821e+00 2.071552e+00 2.211283e+00 2.389382e+00 2.146192e+00 2.145051e+00 2.039055e+00 2.218498e+00 5.131345e-04
<GCONST> 8.645378e+01
<MIXTURE> 49 5.548473e-03
<MEAN> 25
 -4.865126e+00 5.159568e-01 -1.198815e-02 8.184962e+00 6.290689e+00 5.592741e+00 6.235306e+00 4.613958e+00 4.573906e+00 3.798378e+00 4.716051e+00 2.873957e+00 3.510435e-01 6.511499e-01 7.150753e-01 3.566044e-01 -1.908116e-01 -6.670179e-01 -9.505405e-01 -1.030110e+00 -9.215292e-01 -6.689237e-01 -4.766726e-01 -2.801716e-01 -1.861031e-04
<VARIANCE> 25
 1.002990e+01 1.006475e+01 1.438684e+01 1.671552e+01 1.591686e+01 1.661845e+01 1.927287e+01 1.890420e+01 2.129700e+01 1.725677e+01 2.070898e+01 1.381446e+01 2.714207e-01 2.616672e-01 3.558678e-01 6.009398e-01 8.614923e-01 9.651976e-01 1.008586e+00 1.184427e+00 1.116369e+00 1.196587e+00 1.234207e+00 1.160019e+00 1.532997e-05
<GCONST> 6.445202e+01
<MIXTURE> 50 6.234641e-03
<MEAN> 25
 -4.247897e+00 2.448459e-01 -1.534949e+00 6.084723e+00 4.388569e+00 2.005408e+00 4.335859e+00 2.407184e+00 2.115376e+00 1.513280e+00 2.083945e+00 2.908087e+00 5.040852e-02 1.254342e-01 8.602247e-02 -1.636942e-01 -5.221365e-01 -5.845766e-01 -3.800965e-01 3.849781e-02 5.430408e-01 8.119398e-01 7.178779e-01 3.846685e-01 -2.288820e-05
<VARIANCE> 25
 1.136667e+01 1.067431e+01 1.351428e+01 1.452181e+01 1.646531e+01 1.799912e+01 2.171864e+01 1.963584e+01 2.170779e+01 1.657935e+01 2.082288e+01 1.394644e+01 1.363249e-01 2.433224e-01 3.566815e-01 4.889310e-01 5.583060e-01 7.158567e-01 9.150677e-01 1.103406e+00 1.110360e+00 8.721489e-01 8.524657e-01 9.482284e-01 1.051035e-06
<GCONST> 5.925843e+01
<MIXTURE> 51 6.234641e-03
<MEAN> 25
 -4.247897e+00 2.448459e-01 -1.534949e+00 6.084723e+00 4.388569e+00 2.005408e+00 4.335859e+00 2.407184e+00 2.115376e+00 1.513280e+00 2.083945e+00 2.908087e+00 5.040852e-02 1.254342e-01 8.602247e-02 -1.636942e-01 -5.221365e-01 -5.845766e-01 -3.800965e-01 3.849781e-02 5.430408e-01 8.119398e-01 7.178779e-01 3.846685e-01 -2.288820e-05
<VARIANCE> 25
 1.136667e+01 1.067431e+01 1.351428e+01 1.452181e+01 1.646531e+01 1.799912e+01 2.171864e+01 1.963584e+01 2.170779e+01 1.657935e+01 2.082288e+01 1.394644e+01 1.363249e-01 2.433224e-01 3.566815e-01 4.889310e-01 5.583060e-01 7.158567e-01 9.150677e-01 1.103406e+00 1.110360e+00 8.721489e-01 8.524657e-01 9.482284e-01 1.051035e-06
<GCONST> 5.925843e+01
<MIXTURE> 52 6.367945e-03
<MEAN> 25
 9.994605e+00 2.121228e+00 -6.063419e+00 -1.422532e+01 -4.066191e+00 8.569755e+00 -2.539683e+00 -3.037694e+00 -4.389184e+00 -2.011282e+00 3.305847e+00 6.531743e-01 -3.929190e-01 -4.559635e-01 -4.602122e-02 1.133854e+00 1.366842e+00 -4.891906e-01 -5.456937e-01 -6.545680e-01 6.018250e-02 1.272351e+00 3.714025e-01 -5.309404e-01 -1.457860e-02
<VARIANCE> 25
 1.006054e+01 2.045824e+01 2.593069e+01 3.814324e+01 4.637307e+01 3.027517e+01 4.840307e+01 4.813223e+01 4.235463e+01 4.614056e+01 3.942119e+01 2.998814e+01 4.457507e-01 1.489406e+00 1.319356e+00 2.713426e+00 2.334057e+00 2.176794e+00 3.118295e+00 2.754452e+00 2.972265e+00 2.661341e+00 2.495540e+00 2.251413e+00 1.553940e-03
<GCONST> 8.979311e+01
<MIXTURE> 53 6.367945e-03
<MEAN> 25
 9.994605e+00 2.121228e+00 -6.063419e+00 -1.422532e+01 -4.066191e+00 8.569755e+00 -2.539683e+00 -3.037694e+00 -4.389184e+00 -2.011282e+00 3.305847e+00 6.531743e-01 -3.929190e-01 -4.559635e-01 -4.602122e-02 1.133854e+00 1.366842e+00 -4.891906e-01 -5.456937e-01 -6.545680e-01 6.018250e-02 1.272351e+00 3.714025e-01 -5.309404e-01 -1.457860e-02
<VARIANCE> 25
 1.006054e+01 2.045824e+01 2.593069e+01 3.814324e+01 4.637307e+01 3.027517e+01 4.840307e+01 4.813223e+01 4.235463e+01 4.614056e+01 3.942119e+01 2.998814e+01 4.457507e-01 1.489406e+00 1.319356e+00 2.713426e+00 2.334057e+00 2.176794e+00 3.118295e+00 2.754452e+00 2.972265e+00 2.661341e+00 2.495540e+00 2.251413e+00 1.553940e-03
<GCONST> 8.979311e+01
<MIXTURE> 54 7.368620e-03
<MEAN> 25
 -3.464662e+00 2.748065e-01 -9.973323e-01 7.574326e+00 6.584379e+00 4.554156e+00 4.931340e+00 4.769688e+00 3.746102e+00 3.692931e+00 4.250080e+00 2.392777e+00 -9.487004e-03 2.051695e-02 3.057794e-02 3.790014e-02 5.320797e-02 7.313584e-02 5.693334e-02 3.407311e-02 4.402694e-02 2.281247e-02 -1.533607e-02 -3.088558e-02 -2.278949e-05
<VARIANCE> 25
 9.142140e+00 1.068067e+01 1.036931e+01 2.032571e+01 1.296432e+01 1.331134e+01 1.240325e+01 1.123964e+01 1.239325e+01 1.327453e+01 1.950091e+01 1.222354e+01 4.193077e-02 8.653440e-02 1.562576e-01 2.305453e-01 3.265582e-01 3.964254e-01 4.547463e-01 4.937615e-01 5.197993e-01 5.423231e-01 5.076241e-01 5.540093e-01 1.115686e-06
<GCONST> 4.782256e+01
<MIXTURE> 55 7.368620e-03
<MEAN> 25
 -3.464662e+00 2.748065e-01 -9.973323e-01 7.574326e+00 6.584379e+00 4.554156e+00 4.931340e+00 4.769688e+00 3.746102e+00 3.692931e+00 4.250080e+00 2.392777e+00 -9.487004e-03 2.051695e-02 3.057794e-02 3.790014e-02 5.320797e-02 7.313584e-02 5.693334e-02 3.407311e-02 4.402694e-02 2.281247e-02 -1.533607e-02 -3.088558e-02 -2.278949e-05
<VARIANCE> 25
 9.142140e+00 1.068067e+01 1.036931e+01 2.032571e+01 1.296432e+01 1.331134e+01 1.240325e+01 1.123964e+01 1.239325e+01 1.327453e+01 1.950091e+01 1.222354e+01 4.193077e-02 8.653440e-02 1.562576e-01 2.305453e-01 3.265582e-01 3.964254e-01 4.547463e-01 4.937615e-01 5.197993e-01 5.423231e-01 5.076241e-01 5.540093e-01 1.115686e-06
<GCONST> 4.782256e+01
<MIXTURE> 56 6.132464e-03
<MEAN> 25
 7.289900e+00 -6.114939e+00 -9.145333e+00 -8.192849e+00 4.285353e+00 3.683296e+00 -2.036011e+00 -1.271916e+00 1.688738e+00 1.066224e+00 -2.304373e+00 -6.714874e+00 -1.458213e-02 -2.659899e-02 -8.209205e-02 5.908223e-02 2.653321e-01 1.122611e-01 1.189851e-01 -1.559447e-01 1.840583e-03 -1.082129e-01 -1.173019e-01 4.456672e-03 -6.062984e-03
<VARIANCE> 25
 9.697925e+00 2.818440e+01 1.971126e+01 4.147785e+01 3.321436e+01 4.911683e+01 6.039542e+01 3.566386e+01 3.820731e+01 3.895130e+01 3.819564e+01 3.171489e+01 2.011882e-01 4.512949e-01 4.277243e-01 7.493677e-01 7.790651e-01 1.137977e+00 8.941808e-01 8.619829e-01 8.924257e-01 1.001906e+00 1.057990e+00 7.552658e-01 2.406345e-04
<GCONST> 7.515486e+01
<MIXTURE> 57 6.132464e-03
<MEAN> 25
 7.289900e+00 -6.114939e+00 -9.145333e+00 -8.192849e+00 4.285353e+00 3.683296e+00 -2.036011e+00 -1.271916e+00 1.688738e+00 1.066224e+00 -2.304373e+00 -6.714874e+00 -1.458213e-02 -2.659899e-02 -8.209205e-02 5.908223e-02 2.653321e-01 1.122611e-01 1.189851e-01 -1.559447e-01 1.840583e-03 -1.082129e-01 -1.173019e-01 4.456672e-03 -6.062984e-03
<VARIANCE> 25
 9.697925e+00 2.818440e+01 1.971126e+01 4.147785e+01 3.321436e+01 4.911683e+01 6.039542e+01 3.566386e+01 3.820731e+01 3.895130e+01 3.819564e+01 3.171489e+01 2.011882e-01 4.512949e-01 4.277243e-01 7.493677e-01 7.790651e-01 1.137977e+00 8.941808e-01 8.619829e-01 8.924257e-01 1.001906e+00 1.057990e+00 7.552658e-01 2.406345e-04
<GCONST> 7.515486e+01
<MIXTURE> 58 6.172147e-03
<MEAN> 25
 2.616945e+00 -3.261636e+00 7.320797e+00 -5.194902e+00 -1.342276e+01 -5.521880e+00 1.296527e+00 7.335728e-01 -2.242194e+00 1.662869e+00 6.535884e-01 -8.825980e-01 -3.772320e-02 -1.420995e-01 -5.439555e-02 -1.694851e-01 -3.340188e-02 2.357692e-01 3.834926e-01 2.245708e-01 1.324393e-02 1.148555e-02 -5.691363e-02 -1.600829e-01 -2.269056e-03
<VARIANCE> 25
 7.399205e+00 1.585649e+01 2.001900e+01 2.694526e+01 2.332504e+01 4.579643e+01 3.779329e+01 3.476406e+01 3.303793e+01 3.268660e+01 2.369318e+01 1.989220e+01 3.103237e-01 8.019955e-01 7.487093e-01 1.001437e+00 8.897045e-01 1.210252e+00 1.171340e+00 1.295338e+00 1.071799e+00 1.064689e+00 9.225831e-01 9.117919e-01 7.279143e-04
<GCONST> 7.584285e+01
<MIXTURE> 59 6.172147e-03
<MEAN> 25
 2.616945e+00 -3.261636e+00 7.320797e+00 -5.194902e+00 -1.342276e+01 -5.521880e+00 1.296527e+00 7.335728e-01 -2.242194e+00 1.662869e+00 6.535884e-01 -8.825980e-01 -3.772320e-02 -1.420995e-01 -5.439555e-02 -1.694851e-01 -3.340188e-02 2.357692e-01 3.834926e-01 2.245708e-01 1.324393e-02 1.148555e-02 -5.691363e-02 -1.600829e-01 -2.269056e-03
<VARIANCE> 25
 7.399205e+00 1.585649e+01 2.001900e+01 2.694526e+01 2.332504e+01 4.579643e+01 3.779329e+01 3.476406e+01 3.303793e+01 3.268660e+01 2.369318e+01 1.989220e+01 3.103237e-01 8.019955e-01 7.487093e-01 1.001437e+00 8.897045e-01 1.210252e+00 1.171340e+00 1.295338e+00 1.071799e+00 1.064689e+00 9.225831e-01 9.117919e-01 7.279143e-04
<GCONST> 7.584285e+01
<MIXTURE> 60 4.479129e-03
<MEAN> 25
 -4.151476e+00 -5.473597e-01 -1.179341e+00 3.648202e+00 1.811491e+00 2.060263e+00 1.805588e+00 1.673188e+00 2.087545e+00 1.369921e+00 2.326070e+00 1.952027e+00 -2.521797e-02 6.440686e-02 9.832387e-02 1.317333e-01 1.107421e-01 1.202831e-01 1.921781e-01 3.296697e-01 5.491695e-01 6.605859e-01 5.601507e-01 2.918315e-01 -5.382091e-04
<VARIANCE> 25
 7.238324e+00 4.960343e+00 1.043363e+01 1.124444e+01 1.369375e+01 1.686841e+01 1.477510e+01 1.238539e+01 1.285334e+01 1.341026e+01 1.587575e+01 1.209041e+01 8.747904e-02 1.728376e-01 2.749504e-01 4.279487e-01 5.909964e-01 7.216388e-01 8.201026e-01 8.849248e-01 8.915875e-01 8.287434e-01 8.253534e-01 8.522547e-01 2.372265e-05
<GCONST> 5.654346e+01
<MIXTURE> 61 4.479129e-03
<MEAN> 25
 -4.151476e+00 -5.473597e-01 -1.179341e+00 3.648202e+00 1.811491e+00 2.060263e+00 1.805588e+00 1.673188e+00 2.087545e+00 1.369921e+00 2.326070e+00 1.952027e+00 -2.521797e-02 6.440686e-02 9.832387e-02 1.317333e-01 1.107421e-01 1.202831e-01 1.921781e-01 3.296697e-01 5.491695e-01 6.605859e-01 5.601507e-01 2.918315e-01 -5.382091e-04
<VARIANCE> 25
 7.238324e+00 4.960343e+00 1.043363e+01 1.124444e+01 1.369375e+01 1.686841e+01 1.477510e+01 1.238539e+01 1.285334e+01 1.341026e+01 1.587575e+01 1.209041e+01 8.747904e-02 1.728376e-01 2.749504e-01 4.279487e-01 5.909964e-01 7.216388e-01 8.201026e-01 8.849248e-01 8.915875e-01 8.287434e-01 8.253534e-01 8.522547e-01 2.372265e-05
<GCONST> 5.654346e+01
<MIXTURE> 62 3.278034e-03
<MEAN> 25
 -5.084325e+00 1.244276e+00 1.017457e+00 8.809452e+00 6.134983e+00 5.049549e+00 5.500937e+00 4.035943e+00 4.979806e+00 3.918309e+00 4.960067e+00 2.950112e+00 -1.002876e+00 -1.165733e+00 -9.521407e-01 -2.766810e-01 4.279678e-01 1.005340e+00 1.383670e+00 1.550350e+00 1.478007e+00 1.243093e+00 1.066039e+00 7.251281e-01 -1.265543e-03
<VARIANCE> 25
 9.908225e+00 9.957887e+00 1.318010e+01 1.679192e+01 1.741984e+01 1.751468e+01 1.969026e+01 1.910767e+01 1.887642e+01 1.872021e+01 2.158014e+01 1.478443e+01 4.016614e-01 4.326785e-01 5.547388e-01 7.797562e-01 1.034489e+00 1.192161e+00 1.252925e+00 1.280856e+00 1.329079e+00 1.363072e+00 1.399688e+00 1.370868e+00 1.632352e-05
<GCONST> 6.753974e+01
<MIXTURE> 63 4.351215e-03
<MEAN> 25
 -2.884344e+00 -5.087094e-01 -5.087217e+00 2.442816e+00 4.722452e+00 3.829598e-01 4.349254e+00 2.907743e+00 3.431855e-01 -3.016007e-01 -1.091129e+00 2.319132e+00 -1.218451e-01 2.475954e-01 3.978931e-01 3.597343e-01 3.226236e-01 3.394520e-01 3.901581e-01 1.140968e-01 4.747801e-02 1.929543e-01 1.464052e-01 1.660100e-01 -3.365444e-03
<VARIANCE> 25
 9.285672e+00 1.684232e+01 1.441615e+01 1.475239e+01 1.772516e+01 2.292666e+01 2.269651e+01 2.436691e+01 2.597073e+01 2.007585e+01 1.655681e+01 1.344036e+01 2.561774e-01 4.128440e-01 6.135783e-01 6.799994e-01 1.043363e+00 1.135765e+00 1.158556e+00 1.290229e+00 1.213815e+00 1.341354e+00 1.161517e+00 9.841426e-01 1.721889e-04
<GCONST> 6.974867e+01
<MIXTURE> 64 4.351215e-03
<MEAN> 25
 -2.884344e+00 -5.087094e-01 -5.087217e+00 2.442816e+00 4.722452e+00 3.829598e-01 4.349254e+00 2.907743e+00 3.431855e-01 -3.016007e-01 -1.091129e+00 2.319132e+00 -1.218451e-01 2.475954e-01 3.978931e-01 3.597343e-01 3.226236e-01 3.394520e-01 3.901581e-01 1.140968e-01 4.747801e-02 1.929543e-01 1.464052e-01 1.660100e-01 -3.365444e-03
<VARIANCE> 25
 9.285672e+00 1.684232e+01 1.441615e+01 1.475239e+01 1.772516e+01 2.292666e+01 2.269651e+01 2.436691e+01 2.597073e+01 2.007585e+01 1.655681e+01 1.344036e+01 2.561774e-01 4.128440e-01 6.135783e-01 6.799994e-01 1.043363e+00 1.135765e+00 1.158556e+00 1.290229e+00 1.213815e+00 1.341354e+00 1.161517e+00 9.841426e-01 1.721889e-04
<GCONST> 6.974867e+01
<MIXTURE> 65 1.721197e-02
<MEAN> 25
 7.729907e+00 8.938442e-02 2.512912e+00 9.022220e-01 -5.902020e+00 -3.323265e+00 -7.224936e+00 -6.996830e+00 -2.412547e+00 -1.996101e+00 -4.664948e+00 -1.608038e+00 1.584968e-01 -1.375497e-02 6.763234e-02 9.291939e-02 -3.674698e-01 2.636815e-01 -1.681373e-01 -1.038748e-01 2.081780e-01 -2.836004e-02 1.173715e-01 -1.686354e-01 8.832717e-04
<VARIANCE> 25
 8.693545e+00 2.787726e+01 2.522447e+01 3.284252e+01 3.997964e+01 5.107117e+01 5.935513e+01 5.100767e+01 5.771437e+01 5.568036e+01 5.310621e+01 4.369843e+01 4.938443e-01 9.185920e-01 1.403610e+00 1.811767e+00 2.036294e+00 1.925984e+00 2.211387e+00 2.683445e+00 2.273030e+00 2.189118e+00 2.723712e+00 2.159924e+00 5.112940e-04
<GCONST> 8.870701e+01
<MIXTURE> 66 1.191532e-02
<MEAN> 25
 6.682371e+00 -4.114412e+00 -5.579505e+00 -4.816885e+00 1.239692e+00 -5.056396e+00 -6.935774e+00 1.187895e+00 6.836508e-01 -2.046846e+00 -6.106178e+00 -3.511878e+00 -4.372086e-02 1.666371e+00 2.235312e+00 2.316342e+00 -1.247587e+00 -1.251915e+00 6.544413e-02 -5.518477e-01 -1.579004e-01 -1.821840e-01 -2.112410e-01 1.046934e+00 -6.368656e-02
<VARIANCE> 25
 8.907479e+00 2.250356e+01 2.745178e+01 3.306856e+01 3.877653e+01 5.372534e+01 5.596296e+01 4.527268e+01 5.398384e+01 6.660574e+01 3.718968e+01 3.678922e+01 1.279953e+00 2.438186e+00 2.351036e+00 2.464713e+00 4.195483e+00 4.296546e+00 4.378968e+00 4.844599e+00 4.289684e+00 5.016194e+00 3.918092e+00 3.268110e+00 1.472131e-03
<GCONST> 9.688548e+01
<MIXTURE> 67 1.559142e-02
<MEAN> 25
 7.801929e+00 2.145465e+00 -4.974938e+00 -9.615709e+00 -5.824753e-01 6.073062e+00 -2.229660e+00 -2.068713e+00 -4.333494e+00 -4.511641e-01 9.598700e-01 -2.943329e+00 -7.074925e-01 1.932041e+00 1.062095e+00 2.510809e+00 2.016989e+00 -8.013397e-01 1.728471e+00 4.110611e-01 1.306395e-01 8.208555e-01 -1.004926e+00 8.418555e-01 -1.228525e-01
<VARIANCE> 25
 1.223043e+01 3.126397e+01 2.594233e+01 4.705596e+01 4.897134e+01 6.221049e+01 5.212631e+01 4.051181e+01 5.010486e+01 4.949110e+01 5.087634e+01 3.979050e+01 2.089021e+00 2.695917e+00 2.495654e+00 4.191630e+00 4.462515e+00 3.651594e+00 3.990736e+00 4.288361e+00 4.396777e+00 4.667987e+00 5.388690e+00 2.997959e+00 2.478160e-03
<GCONST> 9.961691e+01
<MIXTURE> 68 1.485092e-02
<MEAN> 25
 -1.990526e+00 -1.626109e+00 -3.911776e+00 1.060498e+00 5.562198e+00 -8.500932e-01 2.729459e+00 2.018739e+00 1.522266e+00 2.204502e+00 -2.692513e-01 1.638034e+00 2.496618e+00 2.960020e-01 1.149537e-01 -2.273448e+00 -2.376924e+00 -1.819803e+00 -2.182135e+00 -1.977186e+00 -1.706755e+00 -1.393487e+00 -2.198716e+00 -1.146074e+00 1.028206e-01
<VARIANCE> 25
 2.353582e+01 3.323701e+01 5.364122e+01 4.798504e+01 4.344675e+01 5.110411e+01 4.401271e+01 3.923689e+01 3.864697e+01 4.291555e+01 3.917701e+01 2.410799e+01 2.320935e+00 3.937416e+00 5.527197e+00 6.142383e+00 4.297096e+00 5.727523e+00 5.474216e+00 4.899897e+00 4.680696e+00 4.822345e+00 5.048168e+00 3.159071e+00 5.588365e-03
<GCONST> 1.028150e+02
<MIXTURE> 69 1.204884e-02
<MEAN> 25
 4.476811e+00 -4.099854e+00 -3.523379e+00 -3.346326e+00 -3.301018e+00 -8.153184e+00 -7.886930e-01 1.906711e+00 -6.807876e-01 -4.307980e+00 -6.168529e+00 7.365413e-01 1.532312e+00 -2.217758e+00 -1.271171e+00 -2.126958e+00 -5.758105e-01 -3.457569e-01 -4.729805e-01 5.190598e-01 -5.443903e-01 -1.452175e+00 -2.147630e+00 -2.506746e-01 6.509157e-02
<VARIANCE> 25
 9.263711e+00 2.118826e+01 2.557500e+01 2.627996e+01 4.164717e+01 3.596268e+01 4.926411e+01 3.249901e+01 4.030172e+01 3.983525e+01 3.489656e+01 2.457431e+01 3.805768e+00 2.797998e+00 3.272395e+00 3.800855e+00 5.542769e+00 4.875258e+00 6.782880e+00 6.000185e+00 5.830581e+00 5.606986e+00 4.236469e+00 3.646796e+00 2.466051e-03
<GCONST> 9.867087e+01
<MIXTURE> 70 1.329190e-02
<MEAN> 25
 6.632220e+00 -3.268913e+00 -2.432476e+00 -4.086311e+00 -2.418458e+00 1.231072e+00 -8.382201e+00 -5.529089e+00 3.752168e-02 1.782963e+00 1.985567e+00 -5.698374e+00 1.245197e+00 -9.525676e-01 -1.239168e+00 -2.406948e+00 -1.213149e+00 1.341929e+00 -1.244924e+00 1.839904e-01 7.832312e-01 -4.470667e-01 1.696760e+00 -1.689349e+00 5.224174e-02
<VARIANCE> 25
 1.076070e+01 2.116941e+01 2.900935e+01 4.192532e+01 3.826967e+01 4.937172e+01 4.639862e+01 4.120358e+01 4.990800e+01 2.998952e+01 5.467921e+01 3.067325e+01 3.951609e+00 2.682468e+00 5.438571e+00 4.985605e+00 5.002999e+00 5.396663e+00 5.229660e+00 5.985280e+00 5.392408e+00 4.946179e+00 8.499909e+00 3.726538e+00 2.083931e-03
<GCONST> 1.012807e+02
<MIXTURE> 71 1.406903e-02
<MEAN> 25
 6.185127e+00 2.984545e+00 5.057059e+00 3.663868e+00 -5.260182e+00 -3.157881e+00 -3.203682e+00 -7.204290e+00 -5.087029e+00 -1.394584e+00 -5.954628e+00 -2.639273e+00 -1.600951e+00 -5.128556e-01 -5.825615e-01 -2.181727e+00 1.263139e+00 4.295594e-01 -7.265678e-02 1.241156e+00 4.630454e-01 -3.798022e-01 1.437237e+00 -2.504419e-01 3.910309e-02
<VARIANCE> 25
 1.565039e+01 3.427333e+01 2.701347e+01 3.767543e+01 4.851472e+01 5.174394e+01 3.584736e+01 4.312170e+01 3.737963e+01 3.992847e+01 3.567749e+01 3.075122e+01 1.666238e+00 2.727872e+00 4.775023e+00 4.901745e+00 4.224472e+00 4.726511e+00 4.063112e+00 4.632463e+00 3.696770e+00 3.353523e+00 6.146888e+00 3.851874e+00 1.440107e-03
<GCONST> 9.837239e+01
<MIXTURE> 72 8.134747e-03
<MEAN> 25
 3.796970e+00 -3.715180e+00 5.477067e+00 -2.458953e+00 -1.039218e+01 -9.581438e+00 -2.505178e+00 1.908788e+00 -4.903654e+00 -2.215960e+00 -1.858433e+00 6.254315e-01 9.350959e-01 -7.848743e-01 -2.570751e+00 4.677714e-01 2.128052e+00 -6.427321e-01 -1.317797e+00 1.509068e+00 1.813237e+00 -5.965633e-01 -1.288109e+00 3.996978e-01 -6.226678e-03
<VARIANCE> 25
 1.073630e+01 1.954458e+01 3.282253e+01 3.824392e+01 3.221285e+01 3.351586e+01 4.141491e+01 3.608090e+01 4.377194e+01 4.121284e+01 3.874014e+01 2.837556e+01 4.337177e-01 1.031311e+00 2.022214e+00 1.465454e+00 2.200871e+00 2.368186e+00 3.045505e+00 2.762272e+00 2.591877e+00 2.945296e+00 2.017001e+00 2.121296e+00 5.417958e-04
<GCONST> 8.725043e+01
<MIXTURE> 73 1.213625e-02
<MEAN> 25
 -5.438225e+00 -5.831883e-01 -1.442644e+00 4.633461e+00 4.339567e+00 2.247258e+00 5.631981e+00 3.645320e+00 4.001577e+00 3.379532e+00 3.866439e+00 2.996826e+00 7.466699e-01 -1.083555e+00 -8.033664e-01 -2.527800e+00 -1.312034e+00 -1.753528e+00 -8.841217e-01 -5.971013e-01 -9.227597e-01 -6.951593e-01 -1.196466e+00 -3.555372e-01 1.515947e-01
<VARIANCE> 25
 1.308842e+01 1.378254e+01 1.505762e+01 2.333387e+01 2.266649e+01 2.468807e+01 1.972967e+01 2.043401e+01 1.987387e+01 1.957419e+01 2.547421e+01 1.519290e+01 3.929338e+00 3.019517e+00 6.180748e+00 4.779138e+00 5.977466e+00 4.520114e+00 4.118544e+00 4.262901e+00 3.788367e+00 4.039886e+00 3.603421e+00 2.657511e+00 4.344174e-03
<GCONST> 9.282224e+01
<MIXTURE> 74 1.756491e-02
<MEAN> 25
 4.120912e+00 -2.370109e+00 5.622515e+00 -4.651904e-01 -8.768291e+00 -8.376335e+00 -4.657332e+00 -4.407423e-01 -1.954005e+00 -4.524965e+00 -4.492701e-01 -2.746454e-01 3.040962e-01 2.149920e+00 -2.237107e-01 1.820319e+00 1.392524e+00 -2.808137e-01 7.948104e-01 -6.868631e-01 -3.330370e-02 5.954107e-01 -1.138211e+00 2.069683e-01 -8.400256e-02
<VARIANCE> 25
 9.698713e+00 2.111343e+01 2.881094e+01 3.466985e+01 2.913765e+01 3.537420e+01 5.530864e+01 4.135493e+01 4.638285e+01 4.328453e+01 4.707591e+01 2.831312e+01 2.025874e+00 1.842186e+00 3.225048e+00 2.361270e+00 3.386930e+00 4.169439e+00 5.541754e+00 4.265327e+00 3.468216e+00 3.635513e+00 5.013521e+00 2.798124e+00 1.841509e-03
<GCONST> 9.568433e+01
<MIXTURE> 75 9.711651e-03
<MEAN> 25
 2.466438e+00 -3.245938e+00 9.659251e+00 1.366662e-01 -1.050060e+01 -6.002619e+00 -7.647612e+00 -1.652234e+00 -1.660233e+00 -5.348620e+00 3.682513e+00 1.894272e-01 1.922949e+00 -2.303891e+00 6.145082e-01 -2.786277e-02 -2.712388e+00 2.283973e-01 -1.871982e+00 6.137546e-01 -7.505905e-02 -6.557661e-01 1.146121e+00 -4.413494e-01 3.969629e-02
<VARIANCE> 25
 8.198447e+00 1.803674e+01 2.374430e+01 2.029610e+01 2.121213e+01 2.423784e+01 3.201817e+01 2.398079e+01 2.966403e+01 2.280775e+01 1.473993e+01 1.683107e+01 2.197548e+00 2.167999e+00 3.045701e+00 1.730659e+00 3.009858e+00 4.013093e+00 3.357576e+00 2.523573e+00 2.694811e+00 2.441038e+00 2.238017e+00 2.124947e+00 1.101537e-03
<GCONST> 8.652169e+01
<MIXTURE> 76 1.052359e-02
<MEAN> 25
 -4.409604e+00 1.219736e+00 -4.160017e+00 2.565289e+00 5.908573e+00 1.798918e+00 5.980195e+00 4.085150e+00 1.123126e+00 1.967543e+00 1.231822e+00 2.307063e+00 -1.518248e-01 -4.492203e-01 -7.890970e-02 -7.441883e-01 -6.425298e-01 -6.236929e-01 -4.858661e-01 -5.302883e-01 -4.180127e-01 -4.497056e-01 -1.246615e-01 -8.387217e-02 2.037560e-02
<VARIANCE> 25
 3.071794e+01 2.679587e+01 2.436037e+01 2.220490e+01 2.338344e+01 2.292628e+01 2.614995e+01 3.088309e+01 2.214636e+01 2.573927e+01 1.999069e+01 1.508710e+01 8.774437e-01 1.082887e+00 1.208849e+00 1.081168e+00 1.416487e+00 1.462892e+00 1.436990e+00 1.850303e+00 1.382419e+00 1.438836e+00 1.694346e+00 1.309350e+00 1.059773e-03
<GCONST> 8.054433e+01
<MIXTURE> 77 1.244626e-02
<MEAN> 25
 -4.653695e-01 8.583490e+00 1.246031e+01 -1.161834e+01 -7.005584e+00 9.570023e-01 -9.283454e+00 -7.239812e+00 -3.374556e+00 -1.987163e-01 -4.655891e+00 -1.485659e+00 6.805731e-02 1.371861e-01 7.368220e-02 2.505292e-01 -2.250018e-02 7.813659e-02 -6.505271e-02 -6.172152e-02 8.299898e-02 -4.514676e-02 2.622201e-02 1.178269e-01 -9.905034e-03
<VARIANCE> 25
 1.045225e+01 2.013156e+01 2.754545e+01 4.159391e+01 3.319492e+01 3.379701e+01 3.670112e+01 3.176491e+01 3.525456e+01 3.321764e+01 3.756619e+01 3.493929e+01 2.988203e-01 7.781996e-01 6.454031e-01 1.085988e+00 1.238277e+00 9.852430e-01 1.223398e+00 1.074143e+00 1.043858e+00 1.066330e+00 9.718609e-01 9.224905e-01 5.403783e-04
<GCONST> 7.780177e+01
<MIXTURE> 78 9.702551e-03
<MEAN> 25
 -1.085369e+01 1.889153e+00 -2.221974e+00 1.988307e+00 4.821290e+00 -2.191350e+00 4.278006e+00 2.714284e+00 2.146320e+00 7.508142e-01 -3.083895e-01 3.029694e+00 2.243239e+00 -4.786319e-01 2.893757e-01 6.180986e-01 -4.083655e-02 -4.553201e-02 -3.616012e-01 1.147954e-01 2.062747e-02 -7.347549e-02 -2.553464e-01 -3.624802e-01 -5.809117e-02
<VARIANCE> 25
 4.483881e+01 3.412744e+01 3.166547e+01 3.295916e+01 3.688194e+01 3.384409e+01 3.599093e+01 3.273808e+01 3.169739e+01 2.569242e+01 2.488669e+01 1.887836e+01 4.611197e+00 2.849225e+00 2.667654e+00 2.770381e+00 2.629757e+00 3.328952e+00 3.103435e+00 3.289687e+00 2.408319e+00 2.558255e+00 2.168357e+00 2.008633e+00 4.390295e-03
<GCONST> 9.421657e+01
<MIXTURE> 79 1.156824e-02
<MEAN> 25
 2.431978e+00 1.538065e+00 9.164366e+00 -6.588717e+00 -1.208839e+01 -1.767072e+00 -1.937422e+00 -6.477245e+00 -6.558933e+00 3.113913e-01 -3.479581e+00 -3.309160e+00 1.219822e+00 -5.160138e-01 -1.421485e+00 2.344544e+00 3.790752e-01 -1.466639e+00 5.410268e-01 8.878786e-01 -4.394998e-01 -5.401810e-01 3.410020e-01 2.895277e-01 -3.636630e-02
<VARIANCE> 25
 1.423613e+01 2.431997e+01 3.811565e+01 5.031073e+01 3.325154e+01 4.463943e+01 4.276752e+01 3.664938e+01 3.885414e+01 4.010526e+01 4.456010e+01 3.075038e+01 9.417115e-01 2.275897e+00 1.908410e+00 2.103111e+00 2.469497e+00 2.814138e+00 3.191965e+00 3.540105e+00 2.513816e+00 2.727907e+00 2.360245e+00 2.035851e+00 1.233721e-03
<GCONST> 9.189955e+01
<MIXTURE> 80 7.550998e-03
<MEAN> 25
 -1.482689e+01 3.520768e+00 -1.936958e-01 2.103483e+00 2.796928e+00 1.006582e+00 6.600417e+00 2.295716e+00 3.439697e+00 2.316887e+00 4.766423e+00 1.754987e+00 4.319446e+00 -1.351743e-01 1.696195e+00 -7.861391e-01 -2.748188e+00 -2.876313e+00 -2.454190e+00 -2.036949e+00 -1.997084e+00 -1.656677e+00 -1.552557e+00 -6.953930e-01 -4.272727e-02
<VARIANCE> 25
 1.954519e+01 2.017718e+01 3.866988e+01 3.708184e+01 2.865173e+01 2.815195e+01 2.617902e+01 2.642767e+01 2.920649e+01 2.628823e+01 2.455398e+01 1.950364e+01 2.169975e+00 2.561323e+00 2.468158e+00 4.892284e+00 3.285862e+00 2.557586e+00 2.926358e+00 2.923116e+00 2.513322e+00 2.469161e+00 2.629721e+00 2.040318e+00 1.398828e-03
<GCONST> 9.065441e+01
<MIXTURE> 81 8.025434e-03
<MEAN> 25
 -1.116248e+00 4.061996e+00 1.017636e+01 -1.479870e+01 -9.078413e+00 -1.422447e+00 -6.769591e+00 -8.426115e+00 -4.148239e+00 -4.165258e-01 -7.571135e+00 -2.246164e+00 1.337640e-01 -5.874654e-01 -2.449875e-03 -5.563111e-01 -4.645776e-01 3.350314e-01 3.192758e-01 1.373178e-01 -1.396449e-01 1.060623e-01 -4.684741e-01 -1.257807e-01 1.151951e-02
<VARIANCE> 25
 1.016226e+01 3.284607e+01 2.646876e+01 2.932345e+01 3.370554e+01 3.051038e+01 4.545214e+01 2.825079e+01 3.800100e+01 3.187620e+01 2.532301e+01 3.103834e+01 7.719945e-01 2.276376e+00 1.545442e+00 2.871531e+00 2.662791e+00 2.125478e+00 3.280154e+00 2.287397e+00 2.355638e+00 2.539549e+00 2.299759e+00 2.078177e+00 1.183003e-03
<GCONST> 8.868774e+01
<MIXTURE> 82 8.213053e-03
<MEAN> 25
 -9.878890e+00 -3.783293e+00 1.583124e+00 -2.954903e+00 3.143557e+00 6.347458e-01 2.058672e+00 9.364648e-01 2.923710e+00 1.681570e+00 1.689847e+00 3.095217e+00 -1.307071e+00 -1.482810e-01 3.057102e-01 -2.572025e+00 -1.108296e+00 -1.246054e+00 -1.009882e+00 -8.899279e-01 -3.125189e-01 -4.790222e-01 -3.231589e-01 -1.170515e-01 1.769819e-01
<VARIANCE> 25
 1.838275e+01 2.547130e+01 3.212927e+01 3.051212e+01 3.255386e+01 3.234797e+01 3.166325e+01 3.309474e+01 3.095665e+01 2.523602e+01 3.128138e+01 1.739491e+01 3.700859e+00 3.052372e+00 3.308601e+00 3.299308e+00 3.541942e+00 3.316046e+00 2.898503e+00 2.992684e+00 2.757959e+00 2.451845e+00 2.469396e+00 1.867138e+00 3.503855e-03
<GCONST> 9.308217e+01
<MIXTURE> 83 1.167529e-02
<MEAN> 25
 -1.952794e+01 6.362058e+00 -2.077260e+00 -1.864956e+00 7.208900e+00 -7.208273e-01 5.201450e+00 2.434601e+00 3.413216e+00 6.889398e-01 -1.569894e-01 3.272386e+00 -4.281722e-02 -4.358906e-01 -3.287536e-01 -5.870942e-01 -6.679056e-01 -6.187839e-02 -3.540491e-02 -2.115467e-01 2.725573e-01 1.362959e-01 -2.580333e-02 2.581618e-01 7.776780e-03
<VARIANCE> 25
 6.916015e+00 1.300711e+01 2.228422e+01 2.091295e+01 1.950909e+01 1.783377e+01 1.786808e+01 1.974544e+01 2.414376e+01 2.140548e+01 1.971725e+01 1.194276e+01 9.469973e-01 8.058321e-01 1.285303e+00 9.964863e-01 1.294675e+00 1.129870e+00 1.347687e+00 1.051580e+00 1.131336e+00 1.340288e+00 1.490570e+00 9.343202e-01 6.818535e-04
<GCONST> 7.418070e+01
<MIXTURE> 84 1.066614e-02
<MEAN> 25
 1.179006e+00 9.023448e+00 7.245336e+00 7.989119e+00 2.832155e+00 -9.208300e-01 -1.526600e+00 -4.480533e+00 -4.119377e+00 -2.911660e+00 -2.414685e+00 -1.594790e+00 -1.787750e+00 -1.184963e+00 -1.206384e+00 1.288981e+00 2.254352e+00 1.503924e+00 1.453470e+00 1.290102e+00 1.168700e+00 4.032498e-01 4.165735e-01 4.258696e-01 -7.172888e-02
<VARIANCE> 25
 2.350060e+01 1.824992e+01 2.161386e+01 2.413864e+01 2.919929e+01 2.834358e+01 2.795551e+01 2.655370e+01 2.529918e+01 2.524889e+01 2.359841e+01 2.461653e+01 2.103753e+00 2.545232e+00 3.849567e+00 3.303158e+00 3.276373e+00 3.378769e+00 3.291690e+00 3.407705e+00 3.484973e+00 3.251943e+00 3.589015e+00 2.805948e+00 3.525975e-03
<GCONST> 9.254993e+01
<MIXTURE> 85 7.591393e-03
<MEAN> 25
 -3.123069e+00 7.859456e+00 5.698617e+00 1.281506e+00 -3.458292e+00 -5.349676e+00 -2.985084e+00 -6.111817e+00 -3.489153e+00 -3.195107e+00 -4.778703e-01 -1.878949e+00 3.942388e+00 2.973064e-01 1.760615e+00 -2.067681e+00 -3.418506e+00 -2.561095e+00 -2.894921e+00 -2.331142e+00 -2.244972e+00 -1.266169e+00 -2.281266e+00 -6.233931e-01 9.570957e-03
<VARIANCE> 25
 4.224463e+01 2.342481e+01 3.628397e+01 3.792564e+01 3.968328e+01 4.099761e+01 3.197002e+01 2.770682e+01 2.681946e+01 2.595750e+01 2.607011e+01 2.049385e+01 2.695539e+00 4.385466e+00 4.030507e+00 5.217484e+00 4.376903e+00 3.919163e+00 3.843090e+00 3.971162e+00 3.822122e+00 4.010196e+00 3.972519e+00 3.467650e+00 5.424628e-03
<GCONST> 9.829771e+01
<MIXTURE> 86 1.273941e-02
<MEAN> 25
 -4.094608e+00 -6.684746e-01 -1.487451e+00 5.927390e+00 5.328799e+00 4.434113e+00 6.153954e+00 5.015572e+00 3.855652e+00 4.228326e+00 4.561742e+00 2.612915e+00 3.204100e-03 5.147964e-02 -3.296645e-02 -1.029401e-01 -1.220710e-01 -4.787375e-02 -2.704598e-01 -2.563443e-01 -3.244325e-01 -3.776622e-01 -2.928039e-01 -1.579237e-01 -5.568122e-04
<VARIANCE> 25
 1.010035e+01 6.474819e+00 1.145887e+01 1.202161e+01 1.494731e+01 1.372541e+01 1.509446e+01 1.209154e+01 1.540978e+01 1.304958e+01 1.659611e+01 1.141854e+01 9.310021e-02 2.112976e-01 3.261864e-01 4.521456e-01 5.801809e-01 8.952333e-01 7.217141e-01 7.310834e-01 7.636177e-01 8.676641e-01 8.588954e-01 8.048544e-01 5.206135e-05
<GCONST> 5.835068e+01
<MIXTURE> 87 1.100681e-02
<MEAN> 25
 -3.304374e+00 4.535470e+00 3.491787e+00 7.012517e+00 5.566993e+00 8.766478e-01 1.654641e+00 -9.413615e-01 -5.889860e-01 -8.795348e-01 -8.009256e-01 2.513210e-02 -2.151660e+00 -2.782015e+00 -2.096791e+00 -2.222003e+00 -3.677279e-02 -1.798874e-01 6.114099e-01 1.297256e+00 1.402985e+00 1.024439e+00 9.444567e-01 1.001075e+00 1.046246e-01
<VARIANCE> 25
 3.808631e+01 2.956053e+01 2.810388e+01 3.372893e+01 2.870393e+01 3.200515e+01 2.816174e+01 2.729316e+01 2.595071e+01 2.473785e+01 2.492919e+01 2.316261e+01 3.864452e+00 2.733995e+00 3.926784e+00 3.656378e+00 4.791180e+00 4.316889e+00 4.151350e+00 3.902349e+00 3.535169e+00 3.399631e+00 3.384159e+00 2.734810e+00 4.958678e-03
<GCONST> 9.635932e+01
<MIXTURE> 88 1.256585e-02
<MEAN> 25
 -2.732675e+00 1.282109e-01 -2.661406e+00 4.751632e+00 5.174603e+00 2.505647e+00 6.091908e+00 4.817411e+00 1.342381e+00 2.850081e+00 2.300298e+00 3.332352e+00 9.789789e-02 2.022994e-01 -1.212340e-04 4.176950e-01 4.842087e-01 1.500167e-01 -1.694949e-01 -2.671145e-01 -4.091633e-01 -3.339061e-01 -2.260363e-01 1.896075e-02 -9.132717e-03
<VARIANCE> 25
 9.747349e+00 1.025733e+01 1.399178e+01 1.422532e+01 1.732458e+01 1.705036e+01 2.009608e+01 2.124856e+01 2.426848e+01 1.592656e+01 1.707430e+01 1.405970e+01 1.026927e+00 1.779330e+00 2.124902e+00 1.637251e+00 3.005386e+00 2.117169e+00 2.957251e+00 2.670177e+00 1.787065e+00 2.640131e+00 1.930726e+00 1.593632e+00 1.252094e-03
<GCONST> 8.078739e+01
<MIXTURE> 89 9.333527e-03
<MEAN> 25
 6.059471e+00 -6.881748e+00 -3.443172e+00 -3.141732e+00 -1.737464e+00 -5.520313e+00 -6.284867e+00 3.986298e+00 3.532373e+00 -2.879109e+00 -5.836158e+00 -3.282757e+00 -5.687449e-01 1.434021e-01 1.973218e+00 8.810481e-01 -1.867878e+00 -1.627875e+00 8.815032e-01 1.263757e+00 -7.756331e-01 -1.302914e+00 4.120989e-01 1.499268e+00 -4.160846e-03
<VARIANCE> 25
 8.957979e+00 2.661664e+01 3.150766e+01 2.982482e+01 3.691140e+01 4.139661e+01 6.079413e+01 4.257690e+01 3.892062e+01 4.252673e+01 3.792535e+01 3.204766e+01 3.508628e-01 8.426629e-01 1.470292e+00 1.327316e+00 1.897853e+00 2.122496e+00 2.553858e+00 2.019947e+00 2.242173e+00 2.137204e+00 2.312818e+00 1.547012e+00 3.977846e-04
<GCONST> 8.546780e+01
<MIXTURE> 90 7.114505e-03
<MEAN> 25
 2.436183e+00 -9.658884e+00 -4.740344e+00 -3.939160e+00 -3.348181e+00 -1.832146e+00 3.373007e+00 1.233924e+00 -7.513610e+00 -1.019337e+01 -3.419688e+00 -7.362456e-01 -1.606887e-01 9.041356e-01 1.170953e+00 -8.483605e-01 -1.613364e+00 -2.113443e-01 6.507240e-01 -2.128592e-01 -1.760854e-01 7.382230e-01 1.809201e-01 -5.473533e-01 -1.098752e-02
<VARIANCE> 25
 8.492698e+00 1.855157e+01 1.977364e+01 2.818960e+01 3.693478e+01 3.211408e+01 3.840166e+01 3.681783e+01 3.512199e+01 2.769603e+01 2.690173e+01 2.602730e+01 2.245180e-01 6.144685e-01 7.837626e-01 1.043830e+00 1.463149e+00 1.583894e+00 1.780403e+00 1.648796e+00 1.814343e+00 1.671439e+00 1.489259e+00 1.304038e+00 2.189573e-04
<GCONST> 7.817631e+01
<MIXTURE> 91 7.852945e-03
<MEAN> 25
 6.383912e+00 -7.645890e+00 -8.505450e+00 -5.140121e+00 3.903492e+00 -8.133420e-02 -2.242196e+00 7.212762e-01 7.970755e-01 -2.938722e+00 -4.876526e+00 -5.205936e+00 2.596151e-01 1.001428e+00 1.913476e-01 4.487987e-01 -6.177761e-02 -5.518317e-01 -3.803964e-01 -1.075572e-01 -1.184654e-01 4.603688e-01 -1.219552e-01 2.052348e-01 -3.490831e-02
<VARIANCE> 25
 1.008763e+01 2.277829e+01 2.069885e+01 4.053466e+01 3.591692e+01 5.547727e+01 5.488285e+01 3.958590e+01 5.177509e+01 6.394075e+01 3.856044e+01 4.178575e+01 4.440620e-01 8.841978e-01 1.128608e+00 1.380544e+00 2.199596e+00 2.372714e+00 2.380626e+00 2.388890e+00 2.303212e+00 2.215646e+00 2.006084e+00 1.825239e+00 5.860164e-04
<GCONST> 8.727148e+01
<MIXTURE> 92 7.852945e-03
<MEAN> 25
 6.383912e+00 -7.645890e+00 -8.505450e+00 -5.140121e+00 3.903492e+00 -8.133420e-02 -2.242196e+00 7.212762e-01 7.970755e-01 -2.938722e+00 -4.876526e+00 -5.205936e+00 2.596151e-01 1.001428e+00 1.913476e-01 4.487987e-01 -6.177761e-02 -5.518317e-01 -3.803964e-01 -1.075572e-01 -1.184654e-01 4.603688e-01 -1.219552e-01 2.052348e-01 -3.490831e-02
<VARIANCE> 25
 1.008763e+01 2.277829e+01 2.069885e+01 4.053466e+01 3.591692e+01 5.547727e+01 5.488285e+01 3.958590e+01 5.177509e+01 6.394075e+01 3.856044e+01 4.178575e+01 4.440620e-01 8.841978e-01 1.128608e+00 1.380544e+00 2.199596e+00 2.372714e+00 2.380626e+00 2.388890e+00 2.303212e+00 2.215646e+00 2.006084e+00 1.825239e+00 5.860164e-04
<GCONST> 8.727148e+01
<MIXTURE> 93 6.122769e-03
<MEAN> 25
 -6.578576e+00 -7.328506e-01 -2.534052e+00 5.566872e+00 6.029772e+00 3.807132e+00 6.277032e+00 3.888624e+00 4.007823e+00 2.724577e+00 1.896847e+00 3.703101e+00 -5.482170e-02 -1.597983e-01 -2.681434e-01 -3.487287e-01 -3.735255e-01 -2.903196e-01 -2.049483e-01 -1.456595e-01 -1.328526e-01 -1.657336e-01 -1.108660e-01 -3.584449e-02 2.405084e-05
<VARIANCE> 25
 9.952495e+00 6.930880e+00 8.251669e+00 1.207054e+01 1.152783e+01 1.561780e+01 1.516500e+01 1.735234e+01 1.467599e+01 1.509816e+01 1.639334e+01 1.284744e+01 8.028246e-02 1.481736e-01 2.568975e-01 3.759679e-01 5.221296e-01 6.292462e-01 7.497916e-01 8.658938e-01 9.134690e-01 8.638380e-01 8.615486e-01 8.846088e-01 1.020241e-06
<GCONST> 5.368071e+01
<MIXTURE> 94 6.122769e-03
<MEAN> 25
 -6.578576e+00 -7.328506e-01 -2.534052e+00 5.566872e+00 6.029772e+00 3.807132e+00 6.277032e+00 3.888624e+00 4.007823e+00 2.724577e+00 1.896847e+00 3.703101e+00 -5.482170e-02 -1.597983e-01 -2.681434e-01 -3.487287e-01 -3.735255e-01 -2.903196e-01 -2.049483e-01 -1.456595e-01 -1.328526e-01 -1.657336e-01 -1.108660e-01 -3.584449e-02 2.405084e-05
<VARIANCE> 25
 9.952495e+00 6.930880e+00 8.251669e+00 1.207054e+01 1.152783e+01 1.561780e+01 1.516500e+01 1.735234e+01 1.467599e+01 1.509816e+01 1.639334e+01 1.284744e+01 8.028246e-02 1.481736e-01 2.568975e-01 3.759679e-01 5.221296e-01 6.292462e-01 7.497916e-01 8.658938e-01 9.134690e-01 8.638380e-01 8.615486e-01 8.846088e-01 1.020241e-06
<GCONST> 5.368071e+01
<MIXTURE> 95 5.258835e-03
<MEAN> 25
 -5.617602e+00 -6.201738e-01 -2.096247e+00 4.820329e+00 4.310432e+00 2.794994e+00 4.333414e+00 1.837112e+00 2.040462e+00 9.282191e-01 1.087692e+00 2.574805e+00 1.380612e-01 1.554846e-01 8.157541e-02 -8.937295e-02 -3.600407e-01 -6.847941e-01 -1.052450e+00 -1.241364e+00 -1.232760e+00 -9.792495e-01 -6.517736e-01 -2.954702e-01 -3.223411e-04
<VARIANCE> 25
 1.111523e+01 6.855164e+00 1.234441e+01 1.272789e+01 1.406955e+01 1.790533e+01 1.832992e+01 1.727833e+01 1.614380e+01 1.568367e+01 2.015046e+01 1.400181e+01 2.065816e-01 2.927271e-01 4.656825e-01 6.167262e-01 7.969326e-01 9.208500e-01 9.252244e-01 9.551371e-01 9.738677e-01 1.056811e+00 1.143996e+00 1.092358e+00 4.358852e-05
<GCONST> 6.352561e+01
<MIXTURE> 96 7.034694e-03
<MEAN> 25
 -4.717824e+00 -2.821697e-02 -2.626474e+00 4.726065e+00 4.289791e+00 2.199886e+00 3.996664e+00 2.265161e+00 1.953848e+00 1.149249e+00 9.814425e-01 2.948707e+00 -2.361004e-02 8.179220e-02 2.518276e-01 3.965192e-01 5.041575e-01 4.474039e-01 2.245709e-01 -6.811540e-02 -4.264256e-01 -6.525119e-01 -6.531551e-01 -4.785883e-01 -6.934391e-05
<VARIANCE> 25
 1.184958e+01 1.087524e+01 1.360958e+01 1.520668e+01 1.580431e+01 2.027627e+01 1.918741e+01 2.011346e+01 1.932657e+01 1.709513e+01 1.970837e+01 1.382072e+01 1.156287e-01 2.068400e-01 3.235677e-01 3.764580e-01 4.864249e-01 6.600053e-01 8.370912e-01 9.928044e-01 8.972564e-01 8.559718e-01 8.613514e-01 1.090955e+00 1.011484e-06
<GCONST> 5.798114e+01
<MIXTURE> 97 7.034694e-03
<MEAN> 25
 -4.717824e+00 -2.821697e-02 -2.626474e+00 4.726065e+00 4.289791e+00 2.199886e+00 3.996664e+00 2.265161e+00 1.953848e+00 1.149249e+00 9.814425e-01 2.948707e+00 -2.361004e-02 8.179220e-02 2.518276e-01 3.965192e-01 5.041575e-01 4.474039e-01 2.245709e-01 -6.811540e-02 -4.264256e-01 -6.525119e-01 -6.531551e-01 -4.785883e-01 -6.934391e-05
<VARIANCE> 25
 1.184958e+01 1.087524e+01 1.360958e+01 1.520668e+01 1.580431e+01 2.027627e+01 1.918741e+01 2.011346e+01 1.932657e+01 1.709513e+01 1.970837e+01 1.382072e+01 1.156287e-01 2.068400e-01 3.235677e-01 3.764580e-01 4.864249e-01 6.600053e-01 8.370912e-01 9.928044e-01 8.972564e-01 8.559718e-01 8.613514e-01 1.090955e+00 1.011484e-06
<GCONST> 5.798114e+01
<MIXTURE> 98 9.917808e-03
<MEAN> 25
 -1.407066e+00 1.016357e+00 -3.034399e-01 4.425604e+00 3.802148e+00 2.647243e+00 3.363631e+00 1.769960e+00 1.507614e+00 1.071854e+00 6.976437e-01 9.778817e-01 -1.775170e+00 -1.448054e+00 -9.739115e-01 1.692476e-01 6.443665e-01 8.171073e-01 1.272256e+00 1.390810e+00 1.658567e+00 1.134928e+00 1.302283e+00 9.520143e-01 -3.401973e-02
<VARIANCE> 25
 1.433525e+01 1.992856e+01 3.235545e+01 3.345755e+01 4.268970e+01 3.651309e+01 3.283961e+01 2.925809e+01 2.746566e+01 3.020860e+01 2.645870e+01 2.357031e+01 1.402939e+00 1.561972e+00 2.373997e+00 2.392391e+00 2.845647e+00 2.897985e+00 2.822690e+00 2.830127e+00 2.609505e+00 3.037910e+00 2.716153e+00 2.096569e+00 2.388291e-03
<GCONST> 9.044679e+01
<MIXTURE> 99 6.696178e-03
<MEAN> 25
 -7.166926e+00 1.072856e+01 6.188689e+00 1.672316e+00 2.510769e+00 -6.549200e+00 -1.490139e+00 -3.617399e+00 -1.837064e+00 -3.634056e+00 -2.357910e+00 9.248557e-02 6.340026e-01 -9.281179e-01 4.726266e-01 -3.064272e-01 -8.923603e-01 -5.115936e-01 -2.533608e-01 -1.846847e-01 -4.291646e-01 -1.251228e-02 3.102761e-01 -1.313714e-01 6.807193e-03
<VARIANCE> 25
 3.017253e+01 2.244479e+01 3.897313e+01 3.528569e+01 3.753513e+01 3.290842e+01 2.453794e+01 2.566532e+01 3.063740e+01 2.220763e+01 1.813068e+01 2.479516e+01 2.103652e+00 2.378461e+00 1.222048e+00 1.488212e+00 2.907595e+00 1.799954e+00 1.575750e+00 1.364019e+00 1.860068e+00 1.277137e+00 1.168168e+00 1.387813e+00 1.340874e-03
<GCONST> 8.524899e+01
<MIXTURE> 100 4.498084e-03
<MEAN> 25
 -1.598967e+00 6.322398e+00 1.026957e+01 -7.452797e+00 -1.075647e+01 -5.084795e+00 -4.950193e+00 -9.940964e+00 -4.701464e+00 -8.664128e-01 -2.722574e+00 -2.700994e+00 2.919135e+00 -1.271996e+00 1.302035e+00 -2.178727e+00 -3.423829e+00 -7.750807e-01 -1.225375e+00 -8.167748e-01 -1.472163e+00 3.438643e-01 -1.644559e+00 -2.822511e-01 2.144495e-03
<VARIANCE> 25
 1.358990e+01 2.115327e+01 2.241061e+01 2.638306e+01 2.317319e+01 2.368778e+01 2.905339e+01 2.191137e+01 2.748635e+01 2.261971e+01 2.237935e+01 2.130917e+01 1.794026e+00 3.984673e+00 2.912630e+00 4.288735e+00 4.176914e+00 4.553924e+00 4.017551e+00 4.329594e+00 4.158217e+00 3.886698e+00 3.938525e+00 3.223531e+00 1.675059e-03
<GCONST> 9.257989e+01
<MIXTURE> 101 6.007792e-03
<MEAN> 25
 8.055924e+00 -3.658236e+00 -6.068338e+00 -6.732935e+00 6.488834e-01 -1.145478e+00 -1.066151e+01 -2.027817e+00 1.736027e+00 2.569627e+00 -2.269246e+00 -5.231169e+00 6.638170e-01 6.461585e-01 -1.422662e+00 -1.566592e+00 1.028320e+00 2.286206e+00 2.095136e-01 -1.441929e+00 -1.089264e+00 1.035641e+00 1.333906e+00 -4.434995e-01 -4.963632e-03
<VARIANCE> 25
 9.149831e+00 1.776850e+01 3.163556e+01 4.256713e+01 3.736383e+01 3.563781e+01 3.639360e+01 3.603207e+01 3.772364e+01 4.386676e+01 5.131851e+01 2.487218e+01 2.913013e-01 6.610324e-01 1.216467e+00 1.604025e+00 1.668160e+00 2.097127e+00 2.064090e+00 1.980407e+00 2.414596e+00 2.176193e+00 1.816059e+00 1.987771e+00 3.466588e-04
<GCONST> 8.383663e+01
<MIXTURE> 102 6.007792e-03
<MEAN> 25
 8.055924e+00 -3.658236e+00 -6.068338e+00 -6.732935e+00 6.488834e-01 -1.145478e+00 -1.066151e+01 -2.027817e+00 1.736027e+00 2.569627e+00 -2.269246e+00 -5.231169e+00 6.638170e-01 6.461585e-01 -1.422662e+00 -1.566592e+00 1.028320e+00 2.286206e+00 2.095136e-01 -1.441929e+00 -1.089264e+00 1.035641e+00 1.333906e+00 -4.434995e-01 -4.963632e-03
<VARIANCE> 25
 9.149831e+00 1.776850e+01 3.163556e+01 4.256713e+01 3.736383e+01 3.563781e+01 3.639360e+01 3.603207e+01 3.772364e+01 4.386676e+01 5.131851e+01 2.487218e+01 2.913013e-01 6.610324e-01 1.216467e+00 1.604025e+00 1.668160e+00 2.097127e+00 2.064090e+00 1.980407e+00 2.414596e+00 2.176193e+00 1.816059e+00 1.987771e+00 3.466588e-04
<GCONST> 8.383663e+01
<MIXTURE> 103 5.694618e-03
<MEAN> 25
 3.368178e+00 -9.459605e+00 -6.113161e+00 -3.074193e+00 -1.329411e+00 -1.968816e+00 2.410559e+00 2.501728e+00 -4.595822e+00 -9.226411e+00 -5.046054e+00 3.679675e-01 -1.567109e-01 -1.485700e+00 -9.775454e-01 3.755163e-01 1.209105e+00 1.019900e+00 1.545514e-01 -2.685604e-01 -7.779850e-01 -9.451138e-01 -3.335386e-02 1.186922e-01 2.691686e-02
<VARIANCE> 25
 1.032025e+01 2.044562e+01 2.298520e+01 3.165979e+01 4.801356e+01 3.495649e+01 4.692371e+01 3.675843e+01 4.220444e+01 2.958066e+01 3.013077e+01 2.639206e+01 6.430461e-01 1.252026e+00 1.537786e+00 1.934246e+00 2.935107e+00 2.404276e+00 2.895390e+00 2.573460e+00 2.560434e+00 2.521810e+00 2.094740e+00 2.015725e+00 8.090888e-04
<GCONST> 8.759707e+01
<MIXTURE> 104 5.694618e-03
<MEAN> 25
 3.368178e+00 -9.459605e+00 -6.113161e+00 -3.074193e+00 -1.329411e+00 -1.968816e+00 2.410559e+00 2.501728e+00 -4.595822e+00 -9.226411e+00 -5.046054e+00 3.679675e-01 -1.567109e-01 -1.485700e+00 -9.775454e-01 3.755163e-01 1.209105e+00 1.019900e+00 1.545514e-01 -2.685604e-01 -7.779850e-01 -9.451138e-01 -3.335386e-02 1.186922e-01 2.691686e-02
<VARIANCE> 25
 1.032025e+01 2.044562e+01 2.298520e+01 3.165979e+01 4.801356e+01 3.495649e+01 4.692371e+01 3.675843e+01 4.220444e+01 2.958066e+01 3.013077e+01 2.639206e+01 6.430461e-01 1.252026e+00 1.537786e+00 1.934246e+00 2.935107e+00 2.404276e+00 2.895390e+00 2.573460e+00 2.560434e+00 2.521810e+00 2.094740e+00 2.015725e+00 8.090888e-04
<GCONST> 8.759707e+01
<MIXTURE> 105 4.710235e-03
<MEAN> 25
 2.725308e+00 -2.553507e+00 9.440934e+00 -1.332609e+00 -1.217488e+01 -4.144068e+00 -4.749913e+00 -2.658354e+00 -3.796075e+00 -2.805124e+00 4.026919e-01 -1.247318e+00 -2.259845e-02 4.740787e-02 4.696900e-02 -9.858825e-02 4.052340e-02 5.802180e-02 -1.820160e-02 -9.592996e-02 -3.849437e-02 -2.204217e-03 8.571972e-02 -3.505138e-02 -1.116358e-03
<VARIANCE> 25
 1.277855e+01 2.673786e+01 3.448632e+01 4.892855e+01 3.474241e+01 4.654428e+01 4.085455e+01 4.987142e+01 3.913268e+01 4.490673e+01 5.853249e+01 2.542163e+01 1.158761e-01 1.831782e-01 2.963245e-01 3.118767e-01 3.285945e-01 3.951577e-01 4.218683e-01 5.824179e-01 4.455966e-01 3.933801e-01 4.279345e-01 3.918276e-01 8.152731e-05
<GCONST> 6.637564e+01
<MIXTURE> 106 4.710235e-03
<MEAN> 25
 2.725308e+00 -2.553507e+00 9.440934e+00 -1.332609e+00 -1.217488e+01 -4.144068e+00 -4.749913e+00 -2.658354e+00 -3.796075e+00 -2.805124e+00 4.026919e-01 -1.247318e+00 -2.259845e-02 4.740787e-02 4.696900e-02 -9.858825e-02 4.052340e-02 5.802180e-02 -1.820160e-02 -9.592996e-02 -3.849437e-02 -2.204217e-03 8.571972e-02 -3.505138e-02 -1.116358e-03
<VARIANCE> 25
 1.277855e+01 2.673786e+01 3.448632e+01 4.892855e+01 3.474241e+01 4.654428e+01 4.085455e+01 4.987142e+01 3.913268e+01 4.490673e+01 5.853249e+01 2.542163e+01 1.158761e-01 1.831782e-01 2.963245e-01 3.118767e-01 3.285945e-01 3.951577e-01 4.218683e-01 5.824179e-01 4.455966e-01 3.933801e-01 4.279345e-01 3.918276e-01 8.152731e-05
<GCONST> 6.637564e+01
<MIXTURE> 107 5.452374e-03
<MEAN> 25
 8.623652e+00 -2.342184e+00 -7.980216e+00 -9.510671e+00 1.919154e+00 2.942902e+00 -8.686358e+00 -4.550430e+00 -8.345930e-01 3.354822e+00 8.708436e-01 -5.045178e+00 -6.067712e-01 -7.706853e-01 8.341412e-01 1.756801e+00 2.150132e-01 -2.001091e+00 -9.149612e-01 8.522775e-01 1.761348e+00 4.603871e-02 -1.643233e+00 -8.241919e-01 -1.579984e-03
<VARIANCE> 25
 9.253044e+00 2.066918e+01 2.882224e+01 4.290048e+01 3.611318e+01 3.829336e+01 5.154283e+01 3.612597e+01 4.602835e+01 4.177634e+01 5.108316e+01 3.029844e+01 3.551236e-01 9.635008e-01 1.452927e+00 2.439102e+00 2.291376e+00 2.825784e+00 2.610602e+00 2.530681e+00 2.289692e+00 3.022928e+00 1.970831e+00 2.195997e+00 7.059245e-04
<GCONST> 8.808054e+01
<MIXTURE> 108 5.452374e-03
<MEAN> 25
 8.623652e+00 -2.342184e+00 -7.980216e+00 -9.510671e+00 1.919154e+00 2.942902e+00 -8.686358e+00 -4.550430e+00 -8.345930e-01 3.354822e+00 8.708436e-01 -5.045178e+00 -6.067712e-01 -7.706853e-01 8.341412e-01 1.756801e+00 2.150132e-01 -2.001091e+00 -9.149612e-01 8.522775e-01 1.761348e+00 4.603871e-02 -1.643233e+00 -8.241919e-01 -1.579984e-03
<VARIANCE> 25
 9.253044e+00 2.066918e+01 2.882224e+01 4.290048e+01 3.611318e+01 3.829336e+01 5.154283e+01 3.612597e+01 4.602835e+01 4.177634e+01 5.108316e+01 3.029844e+01 3.551236e-01 9.635008e-01 1.452927e+00 2.439102e+00 2.291376e+00 2.825784e+00 2.610602e+00 2.530681e+00 2.289692e+00 3.022928e+00 1.970831e+00 2.195997e+00 7.059245e-04
<GCONST> 8.808054e+01
<MIXTURE> 109 6.661064e-03
<MEAN> 25
 4.109549e+00 -1.030451e+01 -8.029641e+00 -1.305165e+00 2.735136e+00 8.121833e-04 -4.798704e-01 1.237714e+00 -2.348770e+00 -8.205475e+00 -5.255175e+00 1.053094e-01 -2.079043e-02 -1.474257e-01 -4.170636e-02 2.527025e-01 1.772494e-01 1.396644e-01 -1.498458e-01 -1.279163e-01 -3.136098e-02 -1.355598e-01 2.516658e-01 3.022668e-02 -2.787860e-03
<VARIANCE> 25
 8.872178e+00 1.970201e+01 2.180284e+01 3.044003e+01 3.988470e+01 3.557174e+01 5.158592e+01 3.513990e+01 4.637154e+01 3.530019e+01 2.902707e+01 2.729084e+01 1.931967e-01 4.223904e-01 5.271699e-01 6.160725e-01 1.235064e+00 9.826244e-01 1.246722e+00 1.076872e+00 1.090297e+00 9.289998e-01 9.013935e-01 8.735007e-01 1.958435e-04
<GCONST> 7.453707e+01
<MIXTURE> 110 6.661064e-03
<MEAN> 25
 4.109549e+00 -1.030451e+01 -8.029641e+00 -1.305165e+00 2.735136e+00 8.121833e-04 -4.798704e-01 1.237714e+00 -2.348770e+00 -8.205475e+00 -5.255175e+00 1.053094e-01 -2.079043e-02 -1.474257e-01 -4.170636e-02 2.527025e-01 1.772494e-01 1.396644e-01 -1.498458e-01 -1.279163e-01 -3.136098e-02 -1.355598e-01 2.516658e-01 3.022668e-02 -2.787860e-03
<VARIANCE> 25
 8.872178e+00 1.970201e+01 2.180284e+01 3.044003e+01 3.988470e+01 3.557174e+01 5.158592e+01 3.513990e+01 4.637154e+01 3.530019e+01 2.902707e+01 2.729084e+01 1.931967e-01 4.223904e-01 5.271699e-01 6.160725e-01 1.235064e+00 9.826244e-01 1.246722e+00 1.076872e+00 1.090297e+00 9.289998e-01 9.013935e-01 8.735007e-01 1.958435e-04
<GCONST> 7.453707e+01
<MIXTURE> 111 4.337247e-03
<MEAN> 25
 -4.383660e+00 -8.178293e-01 -1.854156e+00 1.648263e+00 1.110571e+00 9.892374e-01 4.165451e-01 3.053736e-01 -2.479785e-02 -5.559691e-01 -7.222154e-01 1.966868e+00 -2.798768e-02 -1.910239e-02 -5.775421e-02 -7.548847e-02 -3.266639e-02 3.778539e-03 -1.455101e-02 -5.489640e-02 -1.487028e-01 -2.054954e-01 -2.011116e-01 -9.833874e-02 -3.539059e-04
<VARIANCE> 25
 7.203162e+00 5.204692e+00 1.079910e+01 9.383865e+00 1.372827e+01 2.339600e+01 1.484098e+01 1.333773e+01 1.198116e+01 1.180578e+01 1.381192e+01 1.133857e+01 8.069512e-02 1.729099e-01 2.795049e-01 4.142770e-01 5.676801e-01 6.926253e-01 7.948913e-01 8.418114e-01 8.804294e-01 8.393777e-01 8.522088e-01 8.357698e-01 2.283630e-05
<GCONST> 5.616298e+01
<MIXTURE> 112 4.337247e-03
<MEAN> 25
 -4.383660e+00 -8.178293e-01 -1.854156e+00 1.648263e+00 1.110571e+00 9.892374e-01 4.165451e-01 3.053736e-01 -2.479785e-02 -5.559691e-01 -7.222154e-01 1.966868e+00 -2.798768e-02 -1.910239e-02 -5.775421e-02 -7.548847e-02 -3.266639e-02 3.778539e-03 -1.455101e-02 -5.489640e-02 -1.487028e-01 -2.054954e-01 -2.011116e-01 -9.833874e-02 -3.539059e-04
<VARIANCE> 25
 7.203162e+00 5.204692e+00 1.079910e+01 9.383865e+00 1.372827e+01 2.339600e+01 1.484098e+01 1.333773e+01 1.198116e+01 1.180578e+01 1.381192e+01 1.133857e+01 8.069512e-02 1.729099e-01 2.795049e-01 4.142770e-01 5.676801e-01 6.926253e-01 7.948913e-01 8.418114e-01 8.804294e-01 8.393777e-01 8.522088e-01 8.357698e-01 2.283630e-05
<GCONST> 5.616298e+01
<MIXTURE> 113 5.938666e-03
<MEAN> 25
 9.896182e+00 1.792403e+00 -8.798676e+00 -1.687844e+01 -9.128332e-01 5.586745e+00 -5.199353e+00 -1.421405e+00 -5.681673e+00 -3.838394e-01 3.114922e-01 -2.025388e-01 4.870901e-03 4.662019e-03 -5.815050e-02 -1.059456e-01 1.025739e-01 1.504665e-01 5.527962e-02 3.049023e-02 -5.089772e-02 -6.931350e-02 1.643763e-01 3.063769e-02 -1.297193e-03
<VARIANCE> 25
 9.336270e+00 1.632587e+01 2.937618e+01 3.618484e+01 5.335560e+01 3.401897e+01 3.991610e+01 3.888610e+01 3.699092e+01 4.700574e+01 3.591608e+01 2.816797e+01 1.204796e-01 3.242584e-01 3.127063e-01 6.290652e-01 6.081828e-01 6.519420e-01 7.717788e-01 8.398938e-01 9.544247e-01 9.340575e-01 7.453431e-01 7.109468e-01 1.245924e-04
<GCONST> 7.120654e+01
<MIXTURE> 114 5.938666e-03
<MEAN> 25
 9.896182e+00 1.792403e+00 -8.798676e+00 -1.687844e+01 -9.128332e-01 5.586745e+00 -5.199353e+00 -1.421405e+00 -5.681673e+00 -3.838394e-01 3.114922e-01 -2.025388e-01 4.870901e-03 4.662019e-03 -5.815050e-02 -1.059456e-01 1.025739e-01 1.504665e-01 5.527962e-02 3.049023e-02 -5.089772e-02 -6.931350e-02 1.643763e-01 3.063769e-02 -1.297193e-03
<VARIANCE> 25
 9.336270e+00 1.632587e+01 2.937618e+01 3.618484e+01 5.335560e+01 3.401897e+01 3.991610e+01 3.888610e+01 3.699092e+01 4.700574e+01 3.591608e+01 2.816797e+01 1.204796e-01 3.242584e-01 3.127063e-01 6.290652e-01 6.081828e-01 6.519420e-01 7.717788e-01 8.398938e-01 9.544247e-01 9.340575e-01 7.453431e-01 7.109468e-01 1.245924e-04
<GCONST> 7.120654e+01
<MIXTURE> 115 2.935202e-03
<MEAN> 25
 -3.898499e+00 -6.268164e-01 -3.226045e+00 3.547409e+00 2.571119e+00 -3.818192e-01 2.285088e+00 4.959779e-01 1.306683e+00 2.062369e-01 1.044694e-01 2.687134e+00 2.951852e-02 -8.040224e-02 -2.233622e-01 -4.261733e-01 -6.347889e-01 -6.684909e-01 -6.034671e-01 -5.088063e-01 -4.834723e-01 -4.812935e-01 -3.614380e-01 -1.719370e-01 4.109193e-06
<VARIANCE> 25
 1.003400e+01 1.053869e+01 1.406554e+01 1.314604e+01 1.459005e+01 1.736361e+01 1.698882e+01 2.080491e+01 1.797742e+01 1.965805e+01 1.906425e+01 1.439703e+01 2.002589e-01 3.429379e-01 4.801051e-01 5.604860e-01 6.231587e-01 7.839013e-01 9.983903e-01 1.112724e+00 1.058395e+00 1.015344e+00 1.025786e+00 1.049084e+00 9.873778e-07
<GCONST> 6.042758e+01
<MIXTURE> 116 2.935202e-03
<MEAN> 25
 -3.898499e+00 -6.268164e-01 -3.226045e+00 3.547409e+00 2.571119e+00 -3.818192e-01 2.285088e+00 4.959779e-01 1.306683e+00 2.062369e-01 1.044694e-01 2.687134e+00 2.951852e-02 -8.040224e-02 -2.233622e-01 -4.261733e-01 -6.347889e-01 -6.684909e-01 -6.034671e-01 -5.088063e-01 -4.834723e-01 -4.812935e-01 -3.614380e-01 -1.719370e-01 4.109193e-06
<VARIANCE> 25
 1.003400e+01 1.053869e+01 1.406554e+01 1.314604e+01 1.459005e+01 1.736361e+01 1.698882e+01 2.080491e+01 1.797742e+01 1.965805e+01 1.906425e+01 1.439703e+01 2.002589e-01 3.429379e-01 4.801051e-01 5.604860e-01 6.231587e-01 7.839013e-01 9.983903e-01 1.112724e+00 1.058395e+00 1.015344e+00 1.025786e+00 1.049084e+00 9.873778e-07
<GCONST> 6.042758e+01
<MIXTURE> 117 6.506003e-03
<MEAN> 25
 -4.602933e+00 1.141411e+00 1.013518e+00 9.688626e+00 6.257370e+00 6.195937e+00 6.529422e+00 5.102680e+00 6.312485e+00 4.966543e+00 6.352228e+00 2.712334e+00 -7.247982e-02 -2.371510e-01 -3.641835e-01 -4.270568e-01 -3.708135e-01 -3.042045e-01 -2.939596e-01 -3.258827e-01 -3.831337e-01 -3.678066e-01 -2.674130e-01 -1.114057e-01 -2.039298e-05
<VARIANCE> 25
 7.298856e+00 8.752754e+00 9.968477e+00 1.478158e+01 1.563113e+01 1.554945e+01 1.815109e+01 1.808412e+01 1.689120e+01 1.633092e+01 1.659782e+01 1.460844e+01 2.149583e-01 3.055714e-01 4.264390e-01 6.158645e-01 8.566986e-01 1.045255e+00 1.184198e+00 1.223372e+00 1.217922e+00 1.184565e+00 1.160321e+00 1.104247e+00 1.039635e-06
<GCONST> 6.053271e+01
<MIXTURE> 118 6.506003e-03
<MEAN> 25
 -4.602933e+00 1.141411e+00 1.013518e+00 9.688626e+00 6.257370e+00 6.195937e+00 6.529422e+00 5.102680e+00 6.312485e+00 4.966543e+00 6.352228e+00 2.712334e+00 -7.247982e-02 -2.371510e-01 -3.641835e-01 -4.270568e-01 -3.708135e-01 -3.042045e-01 -2.939596e-01 -3.258827e-01 -3.831337e-01 -3.678066e-01 -2.674130e-01 -1.114057e-01 -2.039298e-05
<VARIANCE> 25
 7.298856e+00 8.752754e+00 9.968477e+00 1.478158e+01 1.563113e+01 1.554945e+01 1.815109e+01 1.808412e+01 1.689120e+01 1.633092e+01 1.659782e+01 1.460844e+01 2.149583e-01 3.055714e-01 4.264390e-01 6.158645e-01 8.566986e-01 1.045255e+00 1.184198e+00 1.223372e+00 1.217922e+00 1.184565e+00 1.160321e+00 1.104247e+00 1.039635e-06
<GCONST> 6.053271e+01
<MIXTURE> 119 4.297961e-03
<MEAN> 25
 -4.921739e+00 -7.485287e+00 2.230615e+00 1.944547e+00 2.136233e+00 2.027430e-01 5.363836e+00 5.870370e+00 1.049980e+00 1.031895e+00 6.308318e+00 1.493364e+00 -4.971108e-02 -9.226178e-02 6.253578e-02 -6.991401e-02 -1.644366e-01 -1.702031e-01 -8.239450e-02 -3.950042e-02 -7.773040e-02 -5.172419e-02 -4.353952e-02 -5.829739e-02 1.685916e-03
<VARIANCE> 25
 8.465673e+00 1.030783e+01 1.615788e+01 2.037015e+01 2.257573e+01 2.247236e+01 2.508922e+01 2.604842e+01 2.473514e+01 2.752190e+01 2.311752e+01 2.023182e+01 1.562872e-01 2.798241e-01 5.021193e-01 6.255262e-01 8.577408e-01 9.769047e-01 1.116476e+00 1.265422e+00 1.252431e+00 1.337574e+00 1.183777e+00 1.082601e+00 2.405260e-04
<GCONST> 6.990730e+01
<MIXTURE> 120 4.297961e-03
<MEAN> 25
 -4.921739e+00 -7.485287e+00 2.230615e+00 1.944547e+00 2.136233e+00 2.027430e-01 5.363836e+00 5.870370e+00 1.049980e+00 1.031895e+00 6.308318e+00 1.493364e+00 -4.971108e-02 -9.226178e-02 6.253578e-02 -6.991401e-02 -1.644366e-01 -1.702031e-01 -8.239450e-02 -3.950042e-02 -7.773040e-02 -5.172419e-02 -4.353952e-02 -5.829739e-02 1.685916e-03
<VARIANCE> 25
 8.465673e+00 1.030783e+01 1.615788e+01 2.037015e+01 2.257573e+01 2.247236e+01 2.508922e+01 2.604842e+01 2.473514e+01 2.752190e+01 2.311752e+01 2.023182e+01 1.562872e-01 2.798241e-01 5.021193e-01 6.255262e-01 8.577408e-01 9.769047e-01 1.116476e+00 1.265422e+00 1.252431e+00 1.337574e+00 1.183777e+00 1.082601e+00 2.405260e-04
<GCONST> 6.990730e+01
<MIXTURE> 121 4.567511e-03
<MEAN> 25
 2.072082e-01 -2.524539e+00 5.152801e+00 -1.290128e+01 -1.264497e+01 -1.664975e+00 9.983824e-01 -5.107228e+00 -4.198557e+00 -4.898532e-01 -5.507530e+00 -4.312841e+00 2.407486e-02 1.322239e-01 -4.130901e-02 7.951470e-02 1.581987e-01 7.847444e-02 -7.948408e-02 -1.832495e-01 -2.683423e-01 -2.573993e-01 -1.143191e-01 8.392478e-04 -7.428417e-03
<VARIANCE> 25
 7.735147e+00 1.560452e+01 1.727358e+01 2.037369e+01 2.442501e+01 2.924611e+01 2.955035e+01 2.458009e+01 3.528563e+01 2.833466e+01 1.974618e+01 2.117756e+01 1.549826e-01 6.431243e-01 6.232000e-01 7.047766e-01 7.711432e-01 1.149805e+00 1.117953e+00 1.120826e+00 1.217473e+00 1.193313e+00 9.417017e-01 8.718163e-01 2.110081e-04
<GCONST> 7.139584e+01
<MIXTURE> 122 4.567511e-03
<MEAN> 25
 2.072082e-01 -2.524539e+00 5.152801e+00 -1.290128e+01 -1.264497e+01 -1.664975e+00 9.983824e-01 -5.107228e+00 -4.198557e+00 -4.898532e-01 -5.507530e+00 -4.312841e+00 2.407486e-02 1.322239e-01 -4.130901e-02 7.951470e-02 1.581987e-01 7.847444e-02 -7.948408e-02 -1.832495e-01 -2.683423e-01 -2.573993e-01 -1.143191e-01 8.392478e-04 -7.428417e-03
<VARIANCE> 25
 7.735147e+00 1.560452e+01 1.727358e+01 2.037369e+01 2.442501e+01 2.924611e+01 2.955035e+01 2.458009e+01 3.528563e+01 2.833466e+01 1.974618e+01 2.117756e+01 1.549826e-01 6.431243e-01 6.232000e-01 7.047766e-01 7.711432e-01 1.149805e+00 1.117953e+00 1.120826e+00 1.217473e+00 1.193313e+00 9.417017e-01 8.718163e-01 2.110081e-04
<GCONST> 7.139584e+01
<MIXTURE> 123 4.393044e-03
<MEAN> 25
 -3.286716e+00 1.573771e+00 -1.147970e+00 5.180855e+00 6.106176e+00 3.432464e+00 4.459065e+00 1.614241e+00 -7.666582e-01 4.461333e-02 -9.920330e-02 1.167472e+00 -4.195137e-01 -6.442181e-01 -7.225831e-01 -6.790875e-01 -2.976229e-01 -2.248702e-02 3.092047e-01 5.350821e-01 8.468391e-01 8.093027e-01 6.039754e-01 3.980941e-01 -3.642743e-03
<VARIANCE> 25
 1.103774e+01 9.742514e+00 1.743779e+01 1.794420e+01 1.967964e+01 2.278129e+01 2.163912e+01 2.104084e+01 1.966220e+01 1.625354e+01 1.893827e+01 1.732205e+01 3.389682e-01 3.500357e-01 4.999025e-01 7.047980e-01 9.566546e-01 1.023609e+00 1.179297e+00 1.241473e+00 1.152081e+00 1.137074e+00 1.152164e+00 1.172397e+00 9.356868e-05
<GCONST> 6.863670e+01
<MIXTURE> 124 4.069876e-03
<MEAN> 25
 -6.077017e+00 -7.696530e-01 -3.103418e+00 4.823619e+00 5.278553e+00 3.339740e+00 5.567433e+00 2.937439e+00 2.766644e+00 1.361263e+00 9.953687e-01 3.108972e+00 -2.144366e-01 -3.104352e-01 -3.347435e-01 -2.294329e-01 1.184386e-01 5.013872e-01 7.655768e-01 8.232552e-01 6.929703e-01 3.786794e-01 7.058241e-02 -3.600178e-02 -2.039889e-04
<VARIANCE> 25
 1.271542e+01 8.581932e+00 1.099599e+01 1.256868e+01 1.252638e+01 1.863546e+01 1.478758e+01 1.745121e+01 1.649757e+01 1.556140e+01 1.908646e+01 1.371846e+01 1.136538e-01 1.658384e-01 2.646518e-01 4.394158e-01 6.014869e-01 7.631688e-01 7.284961e-01 7.967415e-01 9.521925e-01 9.878157e-01 9.447520e-01 9.448339e-01 1.841053e-05
<GCONST> 5.916693e+01
<MIXTURE> 125 4.069876e-03
<MEAN> 25
 -6.077017e+00 -7.696530e-01 -3.103418e+00 4.823619e+00 5.278553e+00 3.339740e+00 5.567433e+00 2.937439e+00 2.766644e+00 1.361263e+00 9.953687e-01 3.108972e+00 -2.144366e-01 -3.104352e-01 -3.347435e-01 -2.294329e-01 1.184386e-01 5.013872e-01 7.655768e-01 8.232552e-01 6.929703e-01 3.786794e-01 7.058241e-02 -3.600178e-02 -2.039889e-04
<VARIANCE> 25
 1.271542e+01 8.581932e+00 1.099599e+01 1.256868e+01 1.252638e+01 1.863546e+01 1.478758e+01 1.745121e+01 1.649757e+01 1.556140e+01 1.908646e+01 1.371846e+01 1.136538e-01 1.658384e-01 2.646518e-01 4.394158e-01 6.014869e-01 7.631688e-01 7.284961e-01 7.967415e-01 9.521925e-01 9.878157e-01 9.447520e-01 9.448339e-01 1.841053e-05
<GCONST> 5.916693e+01
<MIXTURE> 126 2.402244e-03
<MEAN> 25
 -3.738876e+00 -6.786110e+00 -5.268764e+00 2.327296e+00 4.319630e+00 -3.201506e+00 1.905193e-01 3.612863e+00 3.204359e+00 -2.691347e+00 -1.440467e+00 2.988266e+00 -3.531444e-03 -8.518846e-03 -1.752167e-02 -1.580025e-01 -3.352723e-01 -3.942457e-01 -2.545051e-01 -1.412334e-01 -1.113646e-01 -1.087630e-01 -9.797033e-02 -2.245962e-02 -1.258956e-03
<VARIANCE> 25
 7.477050e+00 1.371843e+01 1.380024e+01 1.499815e+01 2.455664e+01 2.346521e+01 2.314112e+01 2.823075e+01 3.169192e+01 2.591479e+01 2.152091e+01 1.914675e+01 1.688259e-01 3.505087e-01 4.983943e-01 5.602164e-01 7.684599e-01 9.875742e-01 1.144240e+00 1.279621e+00 1.315938e+00 1.304508e+00 1.197260e+00 1.134545e+00 2.127247e-04
<GCONST> 6.987418e+01
<MIXTURE> 127 2.402244e-03
<MEAN> 25
 -3.738876e+00 -6.786110e+00 -5.268764e+00 2.327296e+00 4.319630e+00 -3.201506e+00 1.905193e-01 3.612863e+00 3.204359e+00 -2.691347e+00 -1.440467e+00 2.988266e+00 -3.531444e-03 -8.518846e-03 -1.752167e-02 -1.580025e-01 -3.352723e-01 -3.942457e-01 -2.545051e-01 -1.412334e-01 -1.113646e-01 -1.087630e-01 -9.797033e-02 -2.245962e-02 -1.258956e-03
<VARIANCE> 25
 7.477050e+00 1.371843e+01 1.380024e+01 1.499815e+01 2.455664e+01 2.346521e+01 2.314112e+01 2.823075e+01 3.169192e+01 2.591479e+01 2.152091e+01 1.914675e+01 1.688259e-01 3.505087e-01 4.983943e-01 5.602164e-01 7.684599e-01 9.875742e-01 1.144240e+00 1.279621e+00 1.315938e+00 1.304508e+00 1.197260e+00 1.134545e+00 2.127247e-04
<GCONST> 6.987418e+01
<MIXTURE> 128 3.790457e-03
<MEAN> 25
 -3.905371e+00 1.554502e+00 -3.740481e-01 6.545152e+00 3.650032e+00 1.869552e+00 3.588773e+00 2.378718e+00 3.936198e+00 3.724870e+00 3.767197e+00 3.521912e+00 -3.955980e-01 -1.975199e-01 9.835637e-02 7.258424e-01 1.179504e+00 1.130372e+00 7.132448e-01 1.298260e-01 -4.368109e-01 -7.886008e-01 -7.036265e-01 -3.946300e-01 -3.978468e-05
<VARIANCE> 25
 1.035247e+01 1.170526e+01 1.524152e+01 1.947749e+01 2.021061e+01 2.117764e+01 2.430205e+01 2.463482e+01 2.649664e+01 2.398807e+01 2.671593e+01 1.814741e+01 8.900635e-01 1.142350e+00 1.361672e+00 1.498867e+00 1.582533e+00 1.863289e+00 2.252032e+00 2.317708e+00 2.141934e+00 1.855082e+00 1.739136e+00 1.744538e+00 1.007886e-06
<GCONST> 7.367541e+01
<TRANSP> 3
 0.000000e+00 1.000000e+00 0.000000e+00
 0.000000e+00 9.999990e-01 9.999998e-07
 0.000000e+00 0.000000e+00 0.000000e+00
<ENDHMM>
