~o
<STREAMINFO> 1 25
<VECSIZE> 25<NULLD><MFCC_E_D_N><DIAGC>
~h "jmodel"
<BEGINHMM>
<NUMSTATES> 3
<STATE> 2
<NUMMIXES> 128
<MIXTURE> 1 5.748963e-03
<MEAN> 25
 -2.580578e+00 3.151467e+00 2.361206e+00 8.767654e+00 4.332671e+00 3.366814e+00 4.044166e+00 3.836054e+00 5.806384e+00 5.222284e+00 5.895926e+00 3.064964e+00 -2.001409e+00 -1.631834e+00 -8.671350e-01 1.084759e+00 1.564015e+00 2.223366e+00 2.128143e+00 2.071491e+00 1.691887e+00 1.249504e+00 1.549759e+00 6.041015e-01 -4.613075e-02
<VARIANCE> 25
 9.954581e+00 1.185991e+01 1.502527e+01 1.853070e+01 2.313376e+01 2.281356e+01 2.178789e+01 2.317101e+01 2.100849e+01 2.246621e+01 2.075859e+01 1.694484e+01 1.808133e+00 2.186270e+00 3.011595e+00 3.200041e+00 3.732510e+00 3.343748e+00 3.382344e+00 3.366057e+00 3.501806e+00 3.726438e+00 3.502111e+00 2.808060e+00 3.188246e-03
<GCONST> 8.856296e+01
<MIXTURE> 2 4.549242e-03
<MEAN> 25
 -4.832435e+00 1.413990e+00 1.050184e+00 9.863241e+00 6.652493e+00 7.404609e+00 7.797356e+00 6.879686e+00 8.410705e+00 6.253079e+00 7.509121e+00 3.077104e+00 -6.534529e-02 3.150104e-02 1.595676e-01 2.139958e-01 2.592875e-01 2.828120e-01 2.837465e-01 3.151016e-01 3.487337e-01 2.856866e-01 1.881406e-01 1.132485e-01 -9.887954e-06
<VARIANCE> 25
 6.905671e+00 9.348040e+00 1.063434e+01 1.570197e+01 1.702411e+01 1.529469e+01 1.674768e+01 1.846515e+01 1.637814e+01 1.773599e+01 1.843963e+01 1.406189e+01 1.235165e-01 2.282112e-01 3.461336e-01 4.718074e-01 6.394875e-01 7.993582e-01 9.218969e-01 9.896848e-01 1.035808e+00 1.087966e+00 1.060093e+00 1.059549e+00 9.911989e-07
<GCONST> 5.802575e+01
<MIXTURE> 3 4.549242e-03
<MEAN> 25
 -4.832435e+00 1.413990e+00 1.050184e+00 9.863241e+00 6.652493e+00 7.404609e+00 7.797356e+00 6.879686e+00 8.410705e+00 6.253079e+00 7.509121e+00 3.077104e+00 -6.534529e-02 3.150104e-02 1.595676e-01 2.139958e-01 2.592875e-01 2.828120e-01 2.837465e-01 3.151016e-01 3.487337e-01 2.856866e-01 1.881406e-01 1.132485e-01 -9.887954e-06
<VARIANCE> 25
 6.905671e+00 9.348040e+00 1.063434e+01 1.570197e+01 1.702411e+01 1.529469e+01 1.674768e+01 1.846515e+01 1.637814e+01 1.773599e+01 1.843963e+01 1.406189e+01 1.235165e-01 2.282112e-01 3.461336e-01 4.718074e-01 6.394875e-01 7.993582e-01 9.218969e-01 9.896848e-01 1.035808e+00 1.087966e+00 1.060093e+00 1.059549e+00 9.911989e-07
<GCONST> 5.802575e+01
<MIXTURE> 4 1.671429e-02
<MEAN> 25
 3.386127e+00 3.149347e+00 -3.993545e+00 -5.759669e-01 3.772736e+00 1.643406e+00 1.444167e+00 1.837173e-01 9.260356e-01 8.359668e-01 -1.902164e+00 5.099645e-01 -2.512365e+00 1.166663e+00 1.444699e+00 2.885816e+00 7.839250e-01 4.965851e-01 1.632284e+00 9.487360e-01 1.653076e+00 2.165017e-01 9.200704e-01 1.004109e+00 -9.960219e-02
<VARIANCE> 25
 1.780199e+01 3.396806e+01 2.825889e+01 4.140961e+01 3.931142e+01 7.611248e+01 6.593686e+01 5.046286e+01 5.632827e+01 5.571565e+01 4.576122e+01 3.170712e+01 2.129779e+00 5.652420e+00 4.106249e+00 4.759922e+00 4.509569e+00 6.194979e+00 5.494777e+00 5.558353e+00 8.269302e+00 5.708300e+00 6.136330e+00 3.884097e+00 6.319274e-03
<GCONST> 1.050330e+02
<MIXTURE> 5 3.206198e-03
<MEAN> 25
 -3.237337e+00 2.347689e+00 4.757752e-01 8.850661e+00 6.722715e+00 6.468745e+00 7.229773e+00 4.456538e+00 5.400737e+00 3.810251e+00 4.295518e+00 2.508484e+00 -3.101056e-01 6.708116e-01 1.154814e+00 1.111889e+00 3.952866e-01 -1.502156e-01 -1.403284e-01 -7.565627e-02 4.373937e-01 6.838605e-01 3.709330e-01 3.779450e-02 -5.925794e-05
<VARIANCE> 25
 1.057911e+01 1.412870e+01 2.301160e+01 3.251410e+01 1.942814e+01 1.924988e+01 1.971180e+01 2.118952e+01 2.085063e+01 2.045060e+01 2.617128e+01 1.593146e+01 1.165191e+00 1.348662e+00 1.414231e+00 1.770323e+00 2.372662e+00 2.345800e+00 2.281465e+00 2.462311e+00 2.232886e+00 2.152691e+00 2.030513e+00 1.866403e+00 9.989445e-07
<GCONST> 7.551704e+01
<MIXTURE> 6 5.475854e-03
<MEAN> 25
 9.670562e+00 -2.666316e-01 -6.183141e+00 -1.131598e+01 -2.104476e+00 6.509121e+00 -6.302891e+00 -5.810986e+00 -4.643140e+00 2.686686e+00 4.006599e+00 -1.056992e+00 4.538680e-01 8.200659e-01 -6.404890e-01 -1.624956e+00 -6.559668e-01 1.240337e+00 1.504360e+00 2.348464e-01 -9.536861e-01 -1.181273e+00 2.631030e-01 1.218715e+00 -3.713102e-03
<VARIANCE> 25
 7.940606e+00 1.521101e+01 2.391373e+01 3.586399e+01 3.222493e+01 2.717823e+01 3.981030e+01 3.562934e+01 4.305614e+01 3.942361e+01 3.938182e+01 2.541785e+01 2.877377e-01 8.899477e-01 1.373729e+00 1.934085e+00 1.413077e+00 1.884041e+00 1.787649e+00 1.930636e+00 2.827072e+00 1.796608e+00 2.086466e+00 1.365141e+00 6.401957e-04
<GCONST> 8.302414e+01
<MIXTURE> 7 5.475854e-03
<MEAN> 25
 9.670562e+00 -2.666316e-01 -6.183141e+00 -1.131598e+01 -2.104476e+00 6.509121e+00 -6.302891e+00 -5.810986e+00 -4.643140e+00 2.686686e+00 4.006599e+00 -1.056992e+00 4.538680e-01 8.200659e-01 -6.404890e-01 -1.624956e+00 -6.559668e-01 1.240337e+00 1.504360e+00 2.348464e-01 -9.536861e-01 -1.181273e+00 2.631030e-01 1.218715e+00 -3.713102e-03
<VARIANCE> 25
 7.940606e+00 1.521101e+01 2.391373e+01 3.586399e+01 3.222493e+01 2.717823e+01 3.981030e+01 3.562934e+01 4.305614e+01 3.942361e+01 3.938182e+01 2.541785e+01 2.877377e-01 8.899477e-01 1.373729e+00 1.934085e+00 1.413077e+00 1.884041e+00 1.787649e+00 1.930636e+00 2.827072e+00 1.796608e+00 2.086466e+00 1.365141e+00 6.401957e-04
<GCONST> 8.302414e+01
<MIXTURE> 8 1.165917e-02
<MEAN> 25
 -4.553127e+00 2.168999e+00 1.688205e+00 9.250705e+00 6.472030e+00 6.269801e+00 6.037973e+00 4.667442e+00 7.212284e+00 5.090900e+00 5.937655e+00 3.684537e+00 -3.340654e-01 -1.523212e+00 -1.172185e+00 -1.943893e+00 -1.508313e-01 -6.771438e-01 -3.075943e-01 -3.371802e-01 -4.762886e-01 -2.692630e-01 -2.911507e-01 5.328387e-02 9.316724e-02
<VARIANCE> 25
 8.203032e+00 1.199479e+01 1.167044e+01 1.510239e+01 1.556630e+01 1.470321e+01 1.872804e+01 2.039501e+01 1.611684e+01 1.680984e+01 1.861419e+01 1.384774e+01 2.850388e+00 2.666633e+00 3.617566e+00 3.725642e+00 3.080983e+00 3.235143e+00 2.876841e+00 2.824610e+00 3.207288e+00 2.354699e+00 2.334543e+00 1.811955e+00 6.129868e-03
<GCONST> 8.563336e+01
<MIXTURE> 9 1.199672e-02
<MEAN> 25
 8.808032e+00 3.499355e+00 -5.188165e+00 -1.035694e+01 -1.999848e+00 4.078565e+00 -3.382019e+00 -1.517819e+00 -7.401911e+00 -9.651216e-01 2.493336e-01 -1.318604e+00 1.390965e+00 -2.813810e-02 -2.439561e-01 -2.353039e+00 -1.567226e+00 -4.651125e-02 -1.057050e+00 -2.306212e-02 -1.255243e+00 -4.848836e-01 1.469932e-01 4.115944e-01 7.854860e-02
<VARIANCE> 25
 1.192887e+01 1.859745e+01 2.623443e+01 4.312369e+01 4.057255e+01 2.415245e+01 3.097175e+01 4.058689e+01 5.252826e+01 4.238421e+01 3.908035e+01 2.783863e+01 1.815310e+00 2.167094e+00 4.123741e+00 3.746201e+00 3.667337e+00 4.466378e+00 3.182798e+00 5.331638e+00 5.832732e+00 5.993655e+00 3.216368e+00 4.063909e+00 1.986192e-03
<GCONST> 9.674188e+01
<MIXTURE> 10 6.596976e-03
<MEAN> 25
 9.457587e-01 7.443672e+00 5.636922e+00 7.668997e+00 1.023443e+00 -2.658904e+00 -1.071450e-01 -1.284992e+00 1.353095e+00 7.270923e-01 9.280792e-01 4.021555e-01 -1.933073e+00 -5.197620e-01 -4.324532e-01 2.918647e+00 2.509154e+00 2.375692e+00 2.478147e+00 2.134481e+00 2.192942e+00 1.343731e+00 2.370314e+00 4.688073e-01 -1.398076e-01
<VARIANCE> 25
 1.827742e+01 1.954232e+01 2.150553e+01 3.081941e+01 3.905962e+01 3.562492e+01 3.494618e+01 3.459945e+01 2.892508e+01 2.712673e+01 2.510249e+01 2.390591e+01 2.098924e+00 3.442109e+00 5.148495e+00 4.910975e+00 5.166897e+00 5.390217e+00 4.529222e+00 4.711239e+00 5.281433e+00 5.078191e+00 4.183550e+00 2.996685e+00 2.546838e-03
<GCONST> 9.715971e+01
<MIXTURE> 11 1.633820e-02
<MEAN> 25
 7.782948e+00 4.259922e+00 3.347005e+00 4.986411e+00 -3.451947e+00 -2.742632e+00 -2.096411e+00 -6.337440e+00 -3.494342e+00 -3.079097e-02 -2.441615e+00 -2.298430e+00 -2.933848e-01 4.004282e-01 1.330718e-01 3.337587e-01 5.123710e-01 -4.309845e-02 1.379839e-01 -1.136906e-01 -1.026980e-01 6.200070e-02 -9.085947e-02 2.267538e-01 -1.838925e-02
<VARIANCE> 25
 1.017204e+01 2.319044e+01 1.993970e+01 3.158262e+01 3.740518e+01 4.467674e+01 4.855040e+01 4.291763e+01 4.255527e+01 3.422218e+01 3.362757e+01 2.778213e+01 9.336349e-01 1.488448e+00 1.644566e+00 2.200329e+00 2.061301e+00 2.074992e+00 2.320407e+00 2.770229e+00 2.256583e+00 1.984045e+00 1.816788e+00 1.607491e+00 1.151190e-03
<GCONST> 8.777507e+01
<MIXTURE> 12 5.904134e-03
<MEAN> 25
 1.050369e+01 3.477239e+00 -4.441463e+00 -1.627427e+01 -8.382445e+00 8.762617e+00 -7.756636e-01 -2.072604e+00 -1.757551e+00 -4.873295e+00 1.692945e+00 4.928730e-01 6.980764e-02 2.606663e-01 5.997977e-02 -3.695910e-01 -2.913036e-01 2.949881e-02 2.997168e-01 4.390850e-01 1.228223e-01 -3.664170e-01 -3.621176e-01 3.508493e-02 -6.383395e-03
<VARIANCE> 25
 1.045339e+01 2.218373e+01 2.270713e+01 3.613481e+01 4.307957e+01 3.045905e+01 4.103367e+01 4.780668e+01 4.259052e+01 3.649821e+01 3.693699e+01 2.938476e+01 2.446784e-01 7.742974e-01 6.880218e-01 1.142059e+00 1.159086e+00 1.018337e+00 1.160875e+00 1.352407e+00 1.247601e+00 1.228139e+00 1.236768e+00 9.382921e-01 5.861631e-04
<GCONST> 7.904851e+01
<MIXTURE> 13 5.904134e-03
<MEAN> 25
 1.050369e+01 3.477239e+00 -4.441463e+00 -1.627427e+01 -8.382445e+00 8.762617e+00 -7.756636e-01 -2.072604e+00 -1.757551e+00 -4.873295e+00 1.692945e+00 4.928730e-01 6.980764e-02 2.606663e-01 5.997977e-02 -3.695910e-01 -2.913036e-01 2.949881e-02 2.997168e-01 4.390850e-01 1.228223e-01 -3.664170e-01 -3.621176e-01 3.508493e-02 -6.383395e-03
<VARIANCE> 25
 1.045339e+01 2.218373e+01 2.270713e+01 3.613481e+01 4.307957e+01 3.045905e+01 4.103367e+01 4.780668e+01 4.259052e+01 3.649821e+01 3.693699e+01 2.938476e+01 2.446784e-01 7.742974e-01 6.880218e-01 1.142059e+00 1.159086e+00 1.018337e+00 1.160875e+00 1.352407e+00 1.247601e+00 1.228139e+00 1.236768e+00 9.382921e-01 5.861631e-04
<GCONST> 7.904851e+01
<MIXTURE> 14 6.488954e-03
<MEAN> 25
 -4.040280e+00 6.028472e-02 -6.917313e-02 9.085635e+00 7.456974e+00 6.729815e+00 6.922205e+00 6.198435e+00 7.709338e+00 5.029957e+00 6.377673e+00 3.722986e+00 -2.698743e-01 4.440382e-01 4.415505e-01 2.597573e-01 -8.421703e-02 2.105188e-01 2.584563e-01 1.698788e-01 1.793098e-01 3.382775e-01 3.784246e-01 6.345385e-02 -1.137110e-02
<VARIANCE> 25
 8.088117e+00 1.754278e+01 1.669508e+01 1.659206e+01 1.829897e+01 2.061408e+01 2.574446e+01 2.484384e+01 1.831227e+01 2.215011e+01 2.058279e+01 1.617604e+01 8.448068e-01 1.783870e+00 1.810545e+00 1.794639e+00 2.173381e+00 2.202840e+00 2.554949e+00 2.178720e+00 2.048069e+00 2.519984e+00 2.033536e+00 1.635693e+00 9.061566e-04
<GCONST> 8.144112e+01
<MIXTURE> 15 2.475190e-03
<MEAN> 25
 -5.419230e+00 -6.503267e-01 -1.905156e-01 7.375349e+00 5.711326e+00 5.696239e+00 6.067326e+00 4.980556e+00 5.166750e+00 4.140306e+00 5.498893e+00 2.540850e+00 -1.209076e-01 -3.013463e-02 7.421956e-02 2.432611e-01 4.889960e-01 7.851020e-01 1.069779e+00 1.178822e+00 1.058524e+00 7.555130e-01 4.176781e-01 1.534709e-01 -7.546752e-05
<VARIANCE> 25
 6.979408e+00 5.622033e+00 9.070845e+00 1.281528e+01 1.409087e+01 1.428218e+01 1.492476e+01 1.487447e+01 1.407822e+01 1.425633e+01 1.508234e+01 1.249579e+01 1.246098e-01 2.064875e-01 3.199205e-01 5.024468e-01 6.989436e-01 7.932329e-01 7.663056e-01 7.955971e-01 9.090805e-01 1.022554e+00 1.071780e+00 1.039678e+00 2.810619e-05
<GCONST> 5.860325e+01
<MIXTURE> 16 2.475190e-03
<MEAN> 25
 -5.419230e+00 -6.503267e-01 -1.905156e-01 7.375349e+00 5.711326e+00 5.696239e+00 6.067326e+00 4.980556e+00 5.166750e+00 4.140306e+00 5.498893e+00 2.540850e+00 -1.209076e-01 -3.013463e-02 7.421956e-02 2.432611e-01 4.889960e-01 7.851020e-01 1.069779e+00 1.178822e+00 1.058524e+00 7.555130e-01 4.176781e-01 1.534709e-01 -7.546752e-05
<VARIANCE> 25
 6.979408e+00 5.622033e+00 9.070845e+00 1.281528e+01 1.409087e+01 1.428218e+01 1.492476e+01 1.487447e+01 1.407822e+01 1.425633e+01 1.508234e+01 1.249579e+01 1.246098e-01 2.064875e-01 3.199205e-01 5.024468e-01 6.989436e-01 7.932329e-01 7.663056e-01 7.955971e-01 9.090805e-01 1.022554e+00 1.071780e+00 1.039678e+00 2.810619e-05
<GCONST> 5.860325e+01
<MIXTURE> 17 9.518312e-03
<MEAN> 25
 3.618185e+00 -9.535062e-01 5.978522e+00 2.234739e+00 -6.231352e+00 -6.939497e+00 -3.893220e+00 3.085006e-01 -3.536593e+00 -2.418607e+00 -6.827998e-01 -3.239569e-01 -5.752257e-01 -1.189608e+00 1.049054e+00 -1.968180e+00 -2.402056e+00 -7.582514e-02 1.494088e-02 5.932007e-01 -3.022862e-01 -2.716323e-01 9.206703e-01 3.968136e-01 8.060667e-02
<VARIANCE> 25
 1.387492e+01 2.653497e+01 2.664153e+01 3.863830e+01 4.140919e+01 4.713428e+01 3.905848e+01 3.675272e+01 3.866852e+01 3.449872e+01 2.671436e+01 2.507161e+01 1.674961e+00 2.277113e+00 3.792942e+00 2.867267e+00 3.546327e+00 4.965657e+00 4.286894e+00 4.376309e+00 3.610882e+00 3.881653e+00 2.811955e+00 2.588454e+00 1.878089e-03
<GCONST> 9.521394e+01
<MIXTURE> 18 1.221018e-02
<MEAN> 25
 3.551432e+00 3.768090e+00 6.944563e+00 4.793882e+00 -5.873164e+00 -8.128665e+00 -1.971734e+00 -2.383833e+00 -4.565879e+00 -1.126811e+00 -8.154578e-01 2.868668e-01 -5.957185e-01 1.990549e+00 -5.006385e-01 1.712688e+00 2.920810e+00 1.087672e+00 1.868913e+00 -6.024711e-01 1.914148e+00 2.845738e-01 -7.789012e-02 8.281937e-02 -1.356040e-01
<VARIANCE> 25
 1.277905e+01 2.042806e+01 2.588328e+01 2.077320e+01 3.666360e+01 2.600408e+01 5.420534e+01 3.583913e+01 4.861934e+01 2.883817e+01 2.988555e+01 2.865898e+01 2.064069e+00 2.515311e+00 4.603567e+00 3.721161e+00 3.090526e+00 3.721111e+00 6.484907e+00 5.006591e+00 6.571219e+00 3.417573e+00 3.737079e+00 2.690667e+00 3.601534e-03
<GCONST> 9.643320e+01
<MIXTURE> 19 9.912824e-03
<MEAN> 25
 -9.190741e+00 2.237437e+00 -4.623620e-01 6.213639e-01 4.021608e+00 2.312226e+00 3.537311e+00 5.814484e-01 2.290282e+00 1.276257e+00 1.476647e+00 1.615737e+00 1.928155e+00 1.679039e+00 2.026381e+00 7.510811e-01 -9.437211e-01 -1.135630e+00 -1.024311e+00 -1.153276e+00 -1.616975e+00 -1.031741e+00 -8.080506e-01 -8.089178e-01 2.142070e-03
<VARIANCE> 25
 5.837666e+01 2.840663e+01 4.876248e+01 5.271048e+01 2.981973e+01 3.516452e+01 2.883341e+01 2.984426e+01 3.022595e+01 2.560683e+01 3.079149e+01 2.191291e+01 2.616673e+00 2.299793e+00 2.134763e+00 2.148997e+00 2.681640e+00 2.297220e+00 2.284142e+00 3.028183e+00 2.531113e+00 2.194644e+00 2.186222e+00 1.782272e+00 2.436157e-03
<GCONST> 9.221841e+01
<MIXTURE> 20 6.308331e-03
<MEAN> 25
 -1.416445e+01 7.404054e+00 8.529605e-01 6.159502e+00 4.836689e+00 1.623782e+00 5.201670e+00 8.377277e-01 9.246477e-01 8.045570e-01 2.574029e+00 -2.996904e-01 -3.285789e+00 -8.704804e-01 -1.565468e+00 3.358426e-01 1.543028e+00 2.063315e+00 1.974362e+00 2.054499e+00 2.144291e+00 2.037711e+00 1.682477e+00 9.428595e-01 4.739259e-02
<VARIANCE> 25
 1.983796e+01 2.354661e+01 3.096895e+01 3.715070e+01 3.083317e+01 2.795708e+01 2.992895e+01 3.159921e+01 2.794315e+01 2.819806e+01 2.514635e+01 2.089430e+01 2.089407e+00 2.192531e+00 1.908263e+00 2.545613e+00 2.701802e+00 2.310052e+00 2.323710e+00 2.318836e+00 2.233483e+00 2.652628e+00 2.241448e+00 1.866634e+00 1.888857e-03
<GCONST> 8.924281e+01
<MIXTURE> 21 7.928653e-03
<MEAN> 25
 3.557399e+00 -4.411869e+00 7.045642e+00 -1.243766e-01 -1.141210e+01 -9.692980e+00 -4.128415e+00 3.547471e+00 -4.632605e+00 -3.504648e+00 1.008248e+00 2.274798e-01 -6.825552e-01 1.133583e+00 2.649384e+00 2.710950e-01 -1.831119e+00 5.020058e-01 8.374044e-01 -1.251883e+00 -2.116939e+00 1.978691e-01 1.374107e+00 2.092818e-01 -1.529632e-02
<VARIANCE> 25
 7.716294e+00 1.525589e+01 3.006396e+01 3.174992e+01 2.971281e+01 3.331220e+01 4.217884e+01 5.607012e+01 6.878982e+01 2.592026e+01 2.922078e+01 2.121161e+01 3.253651e-01 9.328392e-01 1.695118e+00 1.479292e+00 2.472371e+00 2.228298e+00 3.105170e+00 3.735859e+00 3.428572e+00 3.131558e+00 2.025215e+00 1.931824e+00 4.369903e-04
<GCONST> 8.604465e+01
<MIXTURE> 22 8.827789e-03
<MEAN> 25
 -1.809837e+01 7.796592e+00 -4.919209e+00 7.556538e+00 4.594377e+00 1.695652e+00 8.461064e+00 8.128022e-01 5.940314e+00 2.411448e+00 4.774723e+00 1.088057e+00 -3.537160e-01 -2.124465e-01 -1.317457e-01 -4.961004e-02 1.406498e-01 1.245165e-01 2.407782e-01 1.112951e-01 6.105942e-02 -1.186502e-01 -1.794277e-01 1.023731e-01 1.429471e-02
<VARIANCE> 25
 7.140793e+00 1.695615e+01 1.849507e+01 2.136398e+01 2.054616e+01 2.247540e+01 1.673520e+01 1.979972e+01 1.722022e+01 2.609594e+01 2.189150e+01 1.210896e+01 1.020942e+00 1.302351e+00 1.990855e+00 1.406945e+00 1.693126e+00 1.497958e+00 1.296201e+00 1.403869e+00 1.573974e+00 2.396904e+00 1.884789e+00 1.202012e+00 1.797991e-03
<GCONST> 7.901752e+01
<MIXTURE> 23 6.455497e-03
<MEAN> 25
 7.885739e+00 2.325329e+00 3.013394e+00 2.417521e+00 -4.890726e+00 -3.309711e+00 -4.409237e+00 -6.235273e+00 -3.526712e+00 -9.696013e-01 -4.168308e+00 -2.176754e+00 3.448324e-02 1.754081e-01 1.715210e-02 6.326165e-02 -9.891471e-03 4.488384e-02 1.607641e-02 -5.926540e-02 4.125008e-03 5.248693e-02 1.472920e-02 4.101679e-02 -4.457701e-03
<VARIANCE> 25
 1.061552e+01 2.341160e+01 2.436996e+01 4.069046e+01 3.800153e+01 5.470678e+01 5.935836e+01 5.902762e+01 4.771634e+01 4.652847e+01 4.802295e+01 3.997910e+01 1.164095e-01 2.898694e-01 3.780304e-01 4.857461e-01 5.999355e-01 7.034039e-01 7.984673e-01 9.162963e-01 9.187682e-01 8.815393e-01 8.270608e-01 7.553225e-01 8.818124e-05
<GCONST> 7.315195e+01
<MIXTURE> 24 6.455497e-03
<MEAN> 25
 7.885739e+00 2.325329e+00 3.013394e+00 2.417521e+00 -4.890726e+00 -3.309711e+00 -4.409237e+00 -6.235273e+00 -3.526712e+00 -9.696013e-01 -4.168308e+00 -2.176754e+00 3.448324e-02 1.754081e-01 1.715210e-02 6.326165e-02 -9.891471e-03 4.488384e-02 1.607641e-02 -5.926540e-02 4.125008e-03 5.248693e-02 1.472920e-02 4.101679e-02 -4.457701e-03
<VARIANCE> 25
 1.061552e+01 2.341160e+01 2.436996e+01 4.069046e+01 3.800153e+01 5.470678e+01 5.935836e+01 5.902762e+01 4.771634e+01 4.652847e+01 4.802295e+01 3.997910e+01 1.164095e-01 2.898694e-01 3.780304e-01 4.857461e-01 5.999355e-01 7.034039e-01 7.984673e-01 9.162963e-01 9.187682e-01 8.815393e-01 8.270608e-01 7.553225e-01 8.818124e-05
<GCONST> 7.315195e+01
<MIXTURE> 25 1.118642e-02
<MEAN> 25
 2.975041e-01 3.472934e+00 1.678441e+01 -1.021890e+00 -1.133691e+01 -1.778666e+00 -5.002439e+00 -2.931909e+00 -6.954260e+00 -5.441362e+00 4.099790e+00 -1.646615e+00 -1.349757e-01 4.403232e-01 1.705205e-01 1.514144e-01 2.142727e-01 1.128741e-01 1.950182e-01 -1.701989e-01 -2.512009e-01 7.677063e-02 -7.203525e-02 -1.084596e-01 -1.294427e-02
<VARIANCE> 25
 8.841767e+00 2.225770e+01 2.084982e+01 2.875995e+01 3.167160e+01 4.127035e+01 2.737504e+01 3.011847e+01 2.852862e+01 3.663126e+01 2.095870e+01 2.757067e+01 5.953244e-01 1.444061e+00 1.405912e+00 1.381886e+00 2.279950e+00 2.040650e+00 1.748533e+00 1.630319e+00 1.543609e+00 1.651695e+00 1.348431e+00 1.296831e+00 1.283799e-03
<GCONST> 8.276166e+01
<MIXTURE> 26 7.727677e-03
<MEAN> 25
 2.087848e+00 -4.703820e+00 -9.884756e+00 -2.277868e+00 7.096031e+00 7.002358e+00 4.577750e+00 -6.306021e-01 2.925128e+00 -4.362696e-01 -2.224014e+00 -8.639117e-01 -7.289697e-01 6.093483e-01 4.379326e-01 6.852516e-01 8.537780e-02 1.492622e-01 1.957868e-01 4.308792e-01 3.814973e-01 1.526293e-01 4.659333e-01 2.403308e-01 -4.386448e-02
<VARIANCE> 25
 2.019244e+01 3.991062e+01 2.569833e+01 7.162251e+01 3.726015e+01 4.114938e+01 4.323133e+01 5.228435e+01 4.154672e+01 4.998690e+01 3.634639e+01 4.051244e+01 1.601454e+00 2.189688e+00 1.857552e+00 1.889993e+00 2.366483e+00 2.286871e+00 2.166569e+00 2.946711e+00 2.447888e+00 2.249268e+00 1.854568e+00 2.087759e+00 3.087215e-03
<GCONST> 9.348041e+01
<MIXTURE> 27 7.727677e-03
<MEAN> 25
 2.087848e+00 -4.703820e+00 -9.884756e+00 -2.277868e+00 7.096031e+00 7.002358e+00 4.577750e+00 -6.306021e-01 2.925128e+00 -4.362696e-01 -2.224014e+00 -8.639117e-01 -7.289697e-01 6.093483e-01 4.379326e-01 6.852516e-01 8.537780e-02 1.492622e-01 1.957868e-01 4.308792e-01 3.814973e-01 1.526293e-01 4.659333e-01 2.403308e-01 -4.386448e-02
<VARIANCE> 25
 2.019244e+01 3.991062e+01 2.569833e+01 7.162251e+01 3.726015e+01 4.114938e+01 4.323133e+01 5.228435e+01 4.154672e+01 4.998690e+01 3.634639e+01 4.051244e+01 1.601454e+00 2.189688e+00 1.857552e+00 1.889993e+00 2.366483e+00 2.286871e+00 2.166569e+00 2.946711e+00 2.447888e+00 2.249268e+00 1.854568e+00 2.087759e+00 3.087215e-03
<GCONST> 9.348041e+01
<MIXTURE> 28 5.036674e-03
<MEAN> 25
 -5.414615e+00 6.308503e-03 -1.487904e+00 6.589807e+00 5.178315e+00 3.506396e+00 5.474891e+00 3.105862e+00 4.009495e+00 2.354399e+00 2.611803e+00 3.241921e+00 -1.199513e-01 2.111260e-01 5.248447e-01 7.818295e-01 8.224840e-01 7.130474e-01 5.093614e-01 3.765254e-01 4.123897e-01 4.630817e-01 3.687740e-01 2.033000e-01 1.181811e-05
<VARIANCE> 25
 1.031507e+01 9.245526e+00 1.231717e+01 1.463332e+01 1.468010e+01 1.743292e+01 1.790360e+01 1.868265e+01 1.723114e+01 1.648733e+01 2.027602e+01 1.474315e+01 2.529478e-01 3.375841e-01 4.022788e-01 4.641793e-01 6.182864e-01 8.510389e-01 1.063252e+00 1.180007e+00 1.136570e+00 1.052500e+00 1.018245e+00 1.061521e+00 1.029706e-06
<GCONST> 6.032281e+01
<MIXTURE> 29 5.036674e-03
<MEAN> 25
 -5.414615e+00 6.308503e-03 -1.487904e+00 6.589807e+00 5.178315e+00 3.506396e+00 5.474891e+00 3.105862e+00 4.009495e+00 2.354399e+00 2.611803e+00 3.241921e+00 -1.199513e-01 2.111260e-01 5.248447e-01 7.818295e-01 8.224840e-01 7.130474e-01 5.093614e-01 3.765254e-01 4.123897e-01 4.630817e-01 3.687740e-01 2.033000e-01 1.181811e-05
<VARIANCE> 25
 1.031507e+01 9.245526e+00 1.231717e+01 1.463332e+01 1.468010e+01 1.743292e+01 1.790360e+01 1.868265e+01 1.723114e+01 1.648733e+01 2.027602e+01 1.474315e+01 2.529478e-01 3.375841e-01 4.022788e-01 4.641793e-01 6.182864e-01 8.510389e-01 1.063252e+00 1.180007e+00 1.136570e+00 1.052500e+00 1.018245e+00 1.061521e+00 1.029706e-06
<GCONST> 6.032281e+01
<MIXTURE> 30 8.917812e-03
<MEAN> 25
 -4.279554e+00 -9.308390e-01 1.569815e+00 9.531394e+00 6.783580e+00 6.626225e+00 7.751558e+00 6.208813e+00 6.701650e+00 3.624860e+00 6.306571e+00 3.488425e+00 -2.031287e-02 -6.137392e-02 4.022323e-02 7.285975e-02 1.573831e-01 1.898430e-02 -7.282038e-02 -1.951230e-02 6.399749e-02 7.590087e-02 -4.518136e-02 9.115738e-02 8.722336e-04
<VARIANCE> 25
 5.646396e+00 1.313374e+01 1.057234e+01 1.185940e+01 1.765682e+01 1.597176e+01 1.694162e+01 1.696408e+01 1.369650e+01 1.980989e+01 2.012684e+01 1.206815e+01 8.135394e-02 2.334889e-01 3.199371e-01 4.407283e-01 5.784085e-01 6.189230e-01 7.667983e-01 7.277722e-01 8.244944e-01 9.273011e-01 8.028109e-01 8.595099e-01 6.161876e-05
<GCONST> 5.961614e+01
<MIXTURE> 31 4.136493e-03
<MEAN> 25
 -3.408017e+00 -5.828251e+00 2.847498e-01 6.092440e+00 4.414663e+00 1.789675e+00 5.379470e+00 6.808005e+00 3.768184e+00 7.461179e-01 5.037474e+00 3.850966e+00 2.647378e-01 5.125076e-01 -3.443265e-01 3.210358e-01 6.553930e-02 2.980540e-01 1.729993e-01 2.952932e-02 5.045330e-01 3.893140e-01 1.105010e-01 -5.771403e-02 -1.788399e-02
<VARIANCE> 25
 5.980491e+00 1.324536e+01 1.498808e+01 2.010705e+01 2.426200e+01 1.950434e+01 2.100924e+01 2.209241e+01 2.640372e+01 2.484112e+01 2.466600e+01 1.827536e+01 1.668229e-01 4.662066e-01 5.761830e-01 7.013273e-01 9.323652e-01 1.001455e+00 1.403915e+00 1.281647e+00 1.304025e+00 1.162238e+00 1.278054e+00 1.361351e+00 2.436025e-04
<GCONST> 7.063257e+01
<MIXTURE> 32 4.136493e-03
<MEAN> 25
 -3.408017e+00 -5.828251e+00 2.847498e-01 6.092440e+00 4.414663e+00 1.789675e+00 5.379470e+00 6.808005e+00 3.768184e+00 7.461179e-01 5.037474e+00 3.850966e+00 2.647378e-01 5.125076e-01 -3.443265e-01 3.210358e-01 6.553930e-02 2.980540e-01 1.729993e-01 2.952932e-02 5.045330e-01 3.893140e-01 1.105010e-01 -5.771403e-02 -1.788399e-02
<VARIANCE> 25
 5.980491e+00 1.324536e+01 1.498808e+01 2.010705e+01 2.426200e+01 1.950434e+01 2.100924e+01 2.209241e+01 2.640372e+01 2.484112e+01 2.466600e+01 1.827536e+01 1.668229e-01 4.662066e-01 5.761830e-01 7.013273e-01 9.323652e-01 1.001455e+00 1.403915e+00 1.281647e+00 1.304025e+00 1.162238e+00 1.278054e+00 1.361351e+00 2.436025e-04
<GCONST> 7.063257e+01
<MIXTURE> 33 1.508826e-02
<MEAN> 25
 6.405202e+00 -4.183312e+00 -2.040949e+00 -2.585142e+00 -2.011848e+00 -5.409040e+00 -7.335400e+00 2.147176e+00 1.835109e+00 -4.065157e-01 -5.028440e+00 -3.081223e+00 7.053358e-01 -1.216427e+00 -2.174800e+00 -1.808303e+00 1.220517e+00 1.362517e+00 -9.347768e-01 8.165073e-01 5.794937e-01 7.925065e-01 -4.359916e-01 -1.169584e+00 3.970699e-02
<VARIANCE> 25
 9.119159e+00 2.192435e+01 2.638531e+01 3.257030e+01 3.700860e+01 4.118114e+01 4.163771e+01 5.020433e+01 4.152318e+01 4.135278e+01 3.285880e+01 2.630994e+01 1.069261e+00 2.354038e+00 2.459988e+00 1.985293e+00 4.146651e+00 3.194468e+00 4.274549e+00 5.579745e+00 4.747743e+00 4.545853e+00 3.294935e+00 2.590608e+00 1.379454e-03
<GCONST> 9.408055e+01
<MIXTURE> 34 1.588179e-02
<MEAN> 25
 8.737848e+00 -1.102780e-01 2.804540e-01 9.857982e-01 -3.028124e+00 -1.672241e+00 -6.236671e+00 -4.740315e+00 -1.942457e+00 4.526434e-01 -2.755557e+00 -3.323302e+00 -7.679465e-02 1.233674e+00 1.557606e+00 2.436459e+00 -1.326001e-01 -2.247795e-01 7.962093e-01 -1.742934e+00 -7.664042e-01 1.419173e-01 -3.570766e-01 2.900710e-01 -5.978399e-02
<VARIANCE> 25
 8.105762e+00 3.038883e+01 2.896725e+01 4.916545e+01 4.075641e+01 4.852638e+01 5.345383e+01 5.752644e+01 5.158186e+01 4.379288e+01 4.718695e+01 3.351303e+01 1.286791e+00 2.244888e+00 4.298396e+00 3.951270e+00 5.625840e+00 5.708058e+00 5.311513e+00 6.279747e+00 5.419365e+00 5.153199e+00 5.728630e+00 3.779569e+00 1.279047e-03
<GCONST> 1.000370e+02
<MIXTURE> 35 1.467755e-02
<MEAN> 25
 -2.329410e+00 -4.271060e+00 -9.368932e+00 -2.348468e-02 8.819716e+00 1.847016e+00 2.070933e+00 3.154726e+00 1.732395e+00 3.708683e+00 -2.359169e-01 1.204288e+00 4.192167e-01 -1.037701e+00 -1.351678e+00 -1.317553e+00 3.405832e-01 -9.440585e-01 -9.092746e-01 -1.466401e-01 -5.091871e-01 1.462721e-01 -4.884076e-01 -1.037562e+00 1.081808e-01
<VARIANCE> 25
 2.029816e+01 3.611522e+01 3.813700e+01 6.411469e+01 3.819991e+01 5.463007e+01 4.561765e+01 5.365248e+01 4.405941e+01 3.540209e+01 3.350073e+01 3.064598e+01 3.285472e+00 3.401495e+00 6.393598e+00 5.435809e+00 4.426570e+00 5.010042e+00 4.749418e+00 4.258411e+00 5.352540e+00 4.665073e+00 3.897517e+00 4.359663e+00 4.695958e-03
<GCONST> 1.028360e+02
<MIXTURE> 36 1.093293e-02
<MEAN> 25
 4.630679e+00 -3.654691e+00 6.332749e+00 2.802648e+00 -1.095660e+01 -9.511588e+00 -7.421398e+00 3.638804e+00 -2.706259e+00 -3.875804e+00 2.048025e+00 -3.447334e-01 3.405549e-01 1.843137e-01 -6.630087e-01 7.989600e-02 6.513182e-01 1.420392e-01 -5.420371e-01 -2.629542e-01 4.908774e-01 3.310293e-01 -3.014134e-01 -1.151168e-01 -1.420553e-02
<VARIANCE> 25
 8.845098e+00 1.463592e+01 2.056160e+01 2.440413e+01 3.296644e+01 2.883028e+01 4.528286e+01 3.085140e+01 3.596894e+01 2.976794e+01 2.589800e+01 2.276206e+01 3.895047e-01 7.112770e-01 1.556240e+00 1.069195e+00 1.741703e+00 1.430229e+00 1.927342e+00 1.914324e+00 1.797297e+00 1.800487e+00 1.392981e+00 1.438348e+00 7.783306e-04
<GCONST> 8.063757e+01
<MIXTURE> 37 1.246826e-02
<MEAN> 25
 5.542872e-01 7.677679e+00 1.191105e+01 -5.293311e+00 -8.063432e+00 -1.229288e+00 -4.780294e+00 -8.337565e+00 -3.658827e+00 -8.201170e-01 -3.601627e+00 -1.291873e+00 1.756500e-01 6.509262e-01 -1.359321e+00 3.520831e+00 1.981004e+00 -2.926527e-01 1.129836e+00 4.068509e-01 6.382297e-01 -3.363069e-01 5.348268e-01 -7.068776e-02 -9.648596e-02
<VARIANCE> 25
 1.565060e+01 2.579341e+01 3.089655e+01 5.226617e+01 3.335980e+01 3.248237e+01 4.852140e+01 3.446196e+01 3.811266e+01 3.538013e+01 3.715437e+01 3.044608e+01 2.887803e+00 3.350781e+00 2.993088e+00 4.160633e+00 4.509827e+00 3.662023e+00 4.260666e+00 3.776386e+00 3.826064e+00 3.540445e+00 3.789864e+00 2.758000e+00 3.943725e-03
<GCONST> 9.777360e+01
<MIXTURE> 38 1.154525e-02
<MEAN> 25
 -4.082644e+00 8.414447e+00 4.688169e+00 3.899491e+00 3.421244e-01 -5.819771e+00 -1.930110e-01 -2.286610e+00 -1.570710e+00 -3.104501e+00 -9.637333e-01 -2.409457e-01 -4.491743e+00 1.090700e+00 -3.760666e-01 1.276229e+00 2.632842e+00 1.286412e+00 1.945804e+00 7.312529e-01 1.058586e+00 5.076624e-01 1.042153e+00 2.727744e-01 4.752520e-02
<VARIANCE> 25
 2.962986e+01 2.927730e+01 3.511706e+01 3.306932e+01 4.646919e+01 3.501365e+01 3.470079e+01 4.203154e+01 4.547819e+01 3.018669e+01 2.414857e+01 2.651232e+01 2.146061e+00 3.994159e+00 3.600283e+00 5.057888e+00 3.923720e+00 4.691836e+00 4.529603e+00 4.677239e+00 4.689221e+00 4.603642e+00 3.967541e+00 3.008235e+00 2.077885e-03
<GCONST> 9.852784e+01
<MIXTURE> 39 9.501865e-03
<MEAN> 25
 1.388052e+00 2.314083e+00 9.868923e+00 -9.704240e+00 -1.101199e+01 -5.676314e-01 -2.805696e+00 -6.529349e+00 -4.484426e+00 7.049054e-01 -3.728968e+00 -2.341211e+00 -7.721399e-01 1.472782e+00 1.618314e+00 -1.397204e+00 9.882724e-02 1.211882e+00 -1.138099e+00 -1.228102e+00 4.389611e-01 3.428406e-01 -4.533839e-01 8.087371e-02 7.281068e-04
<VARIANCE> 25
 8.803134e+00 3.166490e+01 3.424413e+01 4.427240e+01 3.836113e+01 4.685155e+01 4.385597e+01 3.256887e+01 3.826291e+01 3.301883e+01 3.516893e+01 2.861613e+01 7.288200e-01 1.578640e+00 1.471813e+00 2.839084e+00 2.358814e+00 2.744792e+00 3.076363e+00 2.689534e+00 2.366982e+00 2.863714e+00 2.147823e+00 2.060278e+00 1.161671e-03
<GCONST> 8.990945e+01
<MIXTURE> 40 1.030800e-02
<MEAN> 25
 -8.086610e+00 3.068959e+00 -3.611229e-01 7.933703e+00 3.914241e+00 5.568038e+00 5.389485e+00 3.264190e+00 5.448924e+00 3.812010e+00 5.394640e+00 1.736247e+00 -5.522245e-02 -1.243904e-01 5.340349e-02 -3.512457e-01 -2.286462e-01 -1.158937e-01 1.299362e-01 2.108133e-01 9.502120e-02 -1.180606e-01 -1.371920e-01 1.944911e-01 2.681882e-03
<VARIANCE> 25
 3.974442e+01 2.420003e+01 2.639757e+01 2.339305e+01 2.299466e+01 1.736343e+01 1.706691e+01 1.965027e+01 1.667634e+01 1.652126e+01 1.602355e+01 1.271680e+01 6.435924e-01 7.767967e-01 8.472010e-01 1.187112e+00 1.049162e+00 1.205755e+00 1.262286e+00 1.253935e+00 1.242914e+00 1.290465e+00 1.220371e+00 1.106066e+00 7.265214e-04
<GCONST> 7.553387e+01
<MIXTURE> 41 6.713375e-03
<MEAN> 25
 1.418933e+00 1.764034e+00 1.029381e+01 -6.899071e+00 -1.033637e+01 -3.830978e+00 -2.543918e+00 -4.929175e+00 -4.687926e+00 2.683772e+00 -1.853807e+00 -9.597932e-01 9.557759e-02 -7.512786e-01 1.655153e+00 -3.528450e+00 -2.437811e+00 -9.654259e-02 -5.288666e-01 -3.396136e-01 -8.570887e-01 1.104901e+00 -1.043715e+00 9.444533e-02 8.636071e-02
<VARIANCE> 25
 1.211320e+01 2.933641e+01 3.345404e+01 4.040876e+01 3.900097e+01 4.007074e+01 3.666790e+01 3.012427e+01 3.303326e+01 2.916633e+01 3.189600e+01 2.674136e+01 3.137202e+00 3.270250e+00 3.839356e+00 3.776857e+00 4.850496e+00 5.801506e+00 4.641819e+00 4.499225e+00 3.967406e+00 4.273799e+00 3.781868e+00 3.191275e+00 2.895134e-03
<GCONST> 9.786509e+01
<MIXTURE> 42 1.106211e-02
<MEAN> 25
 -2.306451e+00 4.389554e+00 3.155886e+00 2.723557e+00 9.933084e-01 -6.718575e+00 -8.708944e-01 -2.490975e+00 -1.120523e+00 -1.840942e+00 -3.088923e+00 3.888471e-01 4.355210e+00 -9.792851e-01 1.653519e+00 -2.805355e-01 -2.219558e+00 -7.739128e-01 -2.581504e+00 -4.962494e-01 -1.186688e+00 -2.290734e-01 4.160076e-01 -1.358869e+00 1.796577e-03
<VARIANCE> 25
 3.246639e+01 2.061806e+01 4.501084e+01 2.155010e+01 3.347134e+01 3.412999e+01 3.038731e+01 2.418917e+01 2.443024e+01 2.417665e+01 1.886137e+01 2.275023e+01 3.090904e+00 5.264301e+00 4.983262e+00 4.565198e+00 5.457065e+00 5.385140e+00 4.424741e+00 4.848727e+00 4.409988e+00 5.111256e+00 3.611183e+00 3.144267e+00 3.941867e-03
<GCONST> 9.778356e+01
<MIXTURE> 43 7.108249e-03
<MEAN> 25
 3.166730e+00 -6.304266e+00 -2.251132e+00 -5.192836e+00 -7.393886e+00 -3.400033e+00 4.136456e+00 1.309330e+00 -5.060486e+00 -7.091513e+00 -4.322871e+00 -1.248743e+00 2.373431e-01 2.164081e+00 1.912615e+00 -1.327909e-01 -1.428512e+00 -7.949217e-01 -9.694636e-01 -7.793437e-01 8.200669e-01 1.468218e+00 3.430355e-01 2.072169e-02 -4.506902e-02
<VARIANCE> 25
 9.595108e+00 1.971215e+01 2.733329e+01 3.524514e+01 3.842181e+01 3.671047e+01 3.333094e+01 3.982045e+01 3.967921e+01 3.865301e+01 2.653813e+01 2.954666e+01 6.910482e-01 1.250267e+00 1.572235e+00 2.490872e+00 2.377841e+00 2.382306e+00 2.652050e+00 3.025892e+00 2.608801e+00 2.578505e+00 2.332031e+00 1.920692e+00 9.461321e-04
<GCONST> 8.798057e+01
<MIXTURE> 44 7.328289e-03
<MEAN> 25
 -1.538342e+01 1.564418e+00 3.581257e+00 -3.187344e+00 3.387908e+00 2.085847e+00 8.594797e-03 2.376329e+00 1.578317e+00 -8.078444e-01 1.797933e+00 1.963893e+00 -1.596311e-01 5.507146e-03 1.691996e-01 2.987874e-01 -1.206659e-01 1.863417e-01 4.703972e-01 1.133809e-01 2.445752e-01 1.409789e-01 5.197308e-02 9.930252e-02 4.263208e-03
<VARIANCE> 25
 4.166431e+01 2.828612e+01 3.521025e+01 3.125388e+01 2.933586e+01 3.004753e+01 2.510715e+01 3.252616e+01 2.785778e+01 2.761843e+01 2.745397e+01 1.936468e+01 1.231814e+00 1.550192e+00 1.402173e+00 1.339542e+00 2.156141e+00 1.667581e+00 1.509695e+00 1.661108e+00 1.566325e+00 1.502923e+00 1.373467e+00 1.221008e+00 1.307448e-03
<GCONST> 8.464054e+01
<MIXTURE> 45 1.364932e-02
<MEAN> 25
 -1.227078e+01 4.264178e+00 -1.012136e+00 4.214033e+00 4.012099e+00 -1.685614e+00 4.237586e+00 7.592649e-01 5.435106e+00 1.634100e+00 2.844909e+00 2.859645e+00 -3.125380e+00 7.941143e-01 -1.328478e+00 -4.399108e-01 4.733337e-01 4.241136e-01 6.728388e-01 -2.315225e-01 -7.952859e-02 1.810910e-01 1.432856e-01 3.726201e-02 1.293684e-01
<VARIANCE> 25
 3.263403e+01 3.609665e+01 3.458138e+01 2.984309e+01 3.039963e+01 3.082639e+01 2.661545e+01 2.791730e+01 2.853588e+01 2.167543e+01 2.113742e+01 1.423331e+01 2.454562e+00 3.095164e+00 3.969581e+00 2.248589e+00 2.067372e+00 2.308103e+00 2.041854e+00 2.328720e+00 2.045388e+00 2.463108e+00 1.829438e+00 1.677513e+00 3.725411e-03
<GCONST> 9.002968e+01
<MIXTURE> 46 9.336259e-03
<MEAN> 25
 -8.673589e+00 1.067078e+00 2.887390e+00 7.628038e+00 5.074480e+00 2.733321e+00 6.587432e+00 4.549028e+00 5.392445e+00 4.069168e+00 5.538509e+00 2.842614e+00 1.092941e+00 8.500769e-02 -1.518144e-01 9.375623e-01 5.232500e-01 9.274004e-01 6.581271e-01 8.357448e-01 5.554171e-01 4.257289e-01 5.969705e-01 4.425692e-01 -1.025510e-01
<VARIANCE> 25
 3.139740e+01 4.567864e+01 4.782605e+01 4.245112e+01 4.579399e+01 3.700851e+01 3.289091e+01 3.106576e+01 2.904634e+01 2.778981e+01 2.536543e+01 1.791954e+01 3.382982e+00 4.014055e+00 3.695052e+00 3.475046e+00 3.562248e+00 3.183472e+00 3.279808e+00 2.820913e+00 2.646453e+00 2.627903e+00 1.977427e+00 1.572149e+00 6.748646e-03
<GCONST> 9.589825e+01
<MIXTURE> 47 7.116147e-03
<MEAN> 25
 7.448454e+00 -6.961075e+00 -7.523503e+00 -7.897073e+00 9.755710e-01 1.673334e+00 -2.215731e+00 4.626847e-01 2.168741e+00 4.169206e-01 -4.283402e+00 -6.065821e+00 -2.879323e-01 -1.348630e+00 -4.742421e-01 -6.014121e-01 5.686011e-01 9.256896e-01 1.027158e+00 3.814765e-01 2.083020e-01 -1.031273e+00 -5.473902e-01 -5.186979e-01 2.777571e-02
<VARIANCE> 25
 9.950711e+00 2.109019e+01 2.015036e+01 4.608311e+01 3.440251e+01 5.318565e+01 4.133342e+01 4.061150e+01 4.415414e+01 4.407836e+01 4.465766e+01 3.324608e+01 6.132107e-01 7.973602e-01 1.469312e+00 1.753041e+00 1.807209e+00 2.126087e+00 2.337789e+00 2.294974e+00 2.095033e+00 2.240932e+00 2.077482e+00 1.849551e+00 5.531958e-04
<GCONST> 8.659072e+01
<MIXTURE> 48 7.116147e-03
<MEAN> 25
 7.448454e+00 -6.961075e+00 -7.523503e+00 -7.897073e+00 9.755710e-01 1.673334e+00 -2.215731e+00 4.626847e-01 2.168741e+00 4.169206e-01 -4.283402e+00 -6.065821e+00 -2.879323e-01 -1.348630e+00 -4.742421e-01 -6.014121e-01 5.686011e-01 9.256896e-01 1.027158e+00 3.814765e-01 2.083020e-01 -1.031273e+00 -5.473902e-01 -5.186979e-01 2.777571e-02
<VARIANCE> 25
 9.950711e+00 2.109019e+01 2.015036e+01 4.608311e+01 3.440251e+01 5.318565e+01 4.133342e+01 4.061150e+01 4.415414e+01 4.407836e+01 4.465766e+01 3.324608e+01 6.132107e-01 7.973602e-01 1.469312e+00 1.753041e+00 1.807209e+00 2.126087e+00 2.337789e+00 2.294974e+00 2.095033e+00 2.240932e+00 2.077482e+00 1.849551e+00 5.531958e-04
<GCONST> 8.659072e+01
<MIXTURE> 49 5.548473e-03
<MEAN> 25
 -4.740962e+00 2.087079e-01 -5.925217e-02 8.783069e+00 6.373076e+00 5.248901e+00 5.616887e+00 4.156243e+00 5.467441e+00 3.534764e+00 4.799166e+00 2.589308e+00 3.433329e-01 7.287506e-01 6.335676e-01 2.770840e-01 -1.401868e-01 -6.423832e-01 -1.102915e+00 -1.188648e+00 -8.156508e-01 -4.783005e-01 -3.712988e-01 -2.802003e-01 -3.995149e-04
<VARIANCE> 25
 9.964198e+00 9.936561e+00 1.404520e+01 1.577939e+01 1.558012e+01 1.701853e+01 1.981548e+01 1.928642e+01 1.849655e+01 1.671983e+01 1.903397e+01 1.394774e+01 2.765706e-01 2.962098e-01 3.931862e-01 6.325677e-01 8.301483e-01 9.114490e-01 1.030886e+00 1.073547e+00 1.237495e+00 1.552936e+00 1.336683e+00 1.139625e+00 1.468835e-05
<GCONST> 6.465980e+01
<MIXTURE> 50 6.234641e-03
<MEAN> 25
 -4.650212e+00 1.417078e-01 -1.422038e+00 6.211387e+00 4.219075e+00 2.312991e+00 3.735738e+00 1.969487e+00 2.829414e+00 1.394308e+00 2.184387e+00 2.841790e+00 5.547946e-02 1.750742e-01 1.016352e-01 -1.783705e-01 -5.071867e-01 -6.082285e-01 -4.263769e-01 -5.800599e-02 4.409007e-01 7.698884e-01 7.356520e-01 4.457504e-01 -1.809330e-05
<VARIANCE> 25
 1.047458e+01 1.144385e+01 1.433566e+01 1.533124e+01 1.522933e+01 1.858158e+01 1.855416e+01 1.939610e+01 1.866957e+01 1.734454e+01 2.158944e+01 1.507287e+01 1.438311e-01 2.398726e-01 3.814624e-01 5.137978e-01 5.970385e-01 7.348965e-01 9.524019e-01 1.118790e+00 1.052537e+00 9.099718e-01 9.128097e-01 9.888012e-01 1.003113e-06
<GCONST> 5.950763e+01
<MIXTURE> 51 6.234641e-03
<MEAN> 25
 -4.650212e+00 1.417078e-01 -1.422038e+00 6.211387e+00 4.219075e+00 2.312991e+00 3.735738e+00 1.969487e+00 2.829414e+00 1.394308e+00 2.184387e+00 2.841790e+00 5.547946e-02 1.750742e-01 1.016352e-01 -1.783705e-01 -5.071867e-01 -6.082285e-01 -4.263769e-01 -5.800599e-02 4.409007e-01 7.698884e-01 7.356520e-01 4.457504e-01 -1.809330e-05
<VARIANCE> 25
 1.047458e+01 1.144385e+01 1.433566e+01 1.533124e+01 1.522933e+01 1.858158e+01 1.855416e+01 1.939610e+01 1.866957e+01 1.734454e+01 2.158944e+01 1.507287e+01 1.438311e-01 2.398726e-01 3.814624e-01 5.137978e-01 5.970385e-01 7.348965e-01 9.524019e-01 1.118790e+00 1.052537e+00 9.099718e-01 9.128097e-01 9.888012e-01 1.003113e-06
<GCONST> 5.950763e+01
<MIXTURE> 52 6.367945e-03
<MEAN> 25
 9.288137e+00 1.519345e+00 -5.869935e+00 -1.434724e+01 -3.795637e+00 7.613516e+00 -2.788665e+00 -3.417389e+00 -4.999223e+00 -2.238927e+00 3.120763e+00 3.416771e-01 -3.485618e-01 -5.853702e-01 -5.259134e-02 1.079767e+00 1.230175e+00 -3.421220e-01 -6.761919e-01 -7.555965e-01 2.233590e-02 1.524879e+00 4.569855e-01 -6.645739e-01 -1.008710e-02
<VARIANCE> 25
 1.139542e+01 2.148879e+01 2.268014e+01 3.991721e+01 4.041829e+01 3.841017e+01 4.326928e+01 4.325128e+01 4.097393e+01 4.301655e+01 4.579810e+01 2.827929e+01 4.294273e-01 1.427309e+00 1.312065e+00 2.674745e+00 2.166316e+00 2.152342e+00 3.023335e+00 3.061920e+00 2.616632e+00 3.500916e+00 2.457138e+00 2.965796e+00 1.652456e-03
<GCONST> 9.010541e+01
<MIXTURE> 53 6.367945e-03
<MEAN> 25
 9.288137e+00 1.519345e+00 -5.869935e+00 -1.434724e+01 -3.795637e+00 7.613516e+00 -2.788665e+00 -3.417389e+00 -4.999223e+00 -2.238927e+00 3.120763e+00 3.416771e-01 -3.485618e-01 -5.853702e-01 -5.259134e-02 1.079767e+00 1.230175e+00 -3.421220e-01 -6.761919e-01 -7.555965e-01 2.233590e-02 1.524879e+00 4.569855e-01 -6.645739e-01 -1.008710e-02
<VARIANCE> 25
 1.139542e+01 2.148879e+01 2.268014e+01 3.991721e+01 4.041829e+01 3.841017e+01 4.326928e+01 4.325128e+01 4.097393e+01 4.301655e+01 4.579810e+01 2.827929e+01 4.294273e-01 1.427309e+00 1.312065e+00 2.674745e+00 2.166316e+00 2.152342e+00 3.023335e+00 3.061920e+00 2.616632e+00 3.500916e+00 2.457138e+00 2.965796e+00 1.652456e-03
<GCONST> 9.010541e+01
<MIXTURE> 54 7.368620e-03
<MEAN> 25
 -3.553503e+00 6.305103e-01 -4.826183e-01 7.991325e+00 6.337455e+00 4.897410e+00 4.854838e+00 4.151289e+00 4.260410e+00 3.159545e+00 4.432376e+00 2.489041e+00 -1.120549e-02 3.862509e-02 6.318929e-02 5.289140e-02 5.939077e-02 7.972866e-02 4.660831e-02 -4.005681e-02 4.118795e-02 4.200402e-03 5.032836e-02 1.640693e-02 -3.600115e-06
<VARIANCE> 25
 8.463347e+00 1.338527e+01 9.000029e+00 1.684557e+01 1.267405e+01 1.327478e+01 1.156011e+01 1.250091e+01 1.088505e+01 1.460733e+01 1.689485e+01 1.218237e+01 3.915099e-02 8.251466e-02 1.702032e-01 2.158505e-01 2.927626e-01 3.852006e-01 4.336238e-01 5.381538e-01 5.096729e-01 5.370085e-01 4.877470e-01 4.824273e-01 9.371737e-07
<GCONST> 4.689323e+01
<MIXTURE> 55 7.368620e-03
<MEAN> 25
 -3.553503e+00 6.305103e-01 -4.826183e-01 7.991325e+00 6.337455e+00 4.897410e+00 4.854838e+00 4.151289e+00 4.260410e+00 3.159545e+00 4.432376e+00 2.489041e+00 -1.120549e-02 3.862509e-02 6.318929e-02 5.289140e-02 5.939077e-02 7.972866e-02 4.660831e-02 -4.005681e-02 4.118795e-02 4.200402e-03 5.032836e-02 1.640693e-02 -3.600115e-06
<VARIANCE> 25
 8.463347e+00 1.338527e+01 9.000029e+00 1.684557e+01 1.267405e+01 1.327478e+01 1.156011e+01 1.250091e+01 1.088505e+01 1.460733e+01 1.689485e+01 1.218237e+01 3.915099e-02 8.251466e-02 1.702032e-01 2.158505e-01 2.927626e-01 3.852006e-01 4.336238e-01 5.381538e-01 5.096729e-01 5.370085e-01 4.877470e-01 4.824273e-01 9.371737e-07
<GCONST> 4.689323e+01
<MIXTURE> 56 6.132464e-03
<MEAN> 25
 7.049763e+00 -6.575805e+00 -8.356158e+00 -1.038051e+01 3.492059e+00 4.831545e+00 -1.660609e+00 -1.896674e+00 1.404019e+00 -5.324490e-02 -2.443402e+00 -6.981205e+00 1.424872e-02 7.352832e-02 -1.380631e-01 2.887007e-02 2.808829e-01 5.251799e-02 1.070378e-01 -1.417621e-01 -6.279929e-02 -5.340055e-02 4.657687e-02 -6.231742e-02 -9.621694e-03
<VARIANCE> 25
 1.027418e+01 2.115707e+01 2.238743e+01 5.928698e+01 3.107741e+01 5.260225e+01 5.835694e+01 3.592407e+01 3.691775e+01 3.745349e+01 3.646711e+01 2.799969e+01 2.142968e-01 4.704869e-01 4.333237e-01 6.939687e-01 7.216651e-01 9.912872e-01 8.275366e-01 8.262389e-01 8.453070e-01 8.835851e-01 1.072606e+00 7.535906e-01 2.808451e-04
<GCONST> 7.483362e+01
<MIXTURE> 57 6.132464e-03
<MEAN> 25
 7.049763e+00 -6.575805e+00 -8.356158e+00 -1.038051e+01 3.492059e+00 4.831545e+00 -1.660609e+00 -1.896674e+00 1.404019e+00 -5.324490e-02 -2.443402e+00 -6.981205e+00 1.424872e-02 7.352832e-02 -1.380631e-01 2.887007e-02 2.808829e-01 5.251799e-02 1.070378e-01 -1.417621e-01 -6.279929e-02 -5.340055e-02 4.657687e-02 -6.231742e-02 -9.621694e-03
<VARIANCE> 25
 1.027418e+01 2.115707e+01 2.238743e+01 5.928698e+01 3.107741e+01 5.260225e+01 5.835694e+01 3.592407e+01 3.691775e+01 3.745349e+01 3.646711e+01 2.799969e+01 2.142968e-01 4.704869e-01 4.333237e-01 6.939687e-01 7.216651e-01 9.912872e-01 8.275366e-01 8.262389e-01 8.453070e-01 8.835851e-01 1.072606e+00 7.535906e-01 2.808451e-04
<GCONST> 7.483362e+01
<MIXTURE> 58 6.172147e-03
<MEAN> 25
 2.596064e+00 -3.129130e+00 7.214564e+00 -5.028768e+00 -1.341019e+01 -5.842201e+00 1.244751e+00 1.020295e+00 -2.559579e+00 1.807326e+00 3.932838e-01 -8.372157e-01 -2.116718e-02 -1.469881e-01 -7.283533e-02 -1.595522e-01 -7.399718e-02 2.381549e-01 3.229908e-01 1.968655e-01 4.994779e-02 -1.672323e-02 -4.243131e-02 -1.135692e-01 -1.673202e-03
<VARIANCE> 25
 7.156124e+00 1.472184e+01 2.027009e+01 2.820181e+01 2.359146e+01 4.669122e+01 3.681478e+01 3.478895e+01 3.232509e+01 3.048140e+01 2.258623e+01 1.958046e+01 2.994407e-01 7.842362e-01 7.308251e-01 9.975109e-01 9.651001e-01 1.180736e+00 1.196805e+00 1.289332e+00 1.112529e+00 1.143946e+00 9.160581e-01 8.904752e-01 7.543546e-04
<GCONST> 7.574446e+01
<MIXTURE> 59 6.172147e-03
<MEAN> 25
 2.596064e+00 -3.129130e+00 7.214564e+00 -5.028768e+00 -1.341019e+01 -5.842201e+00 1.244751e+00 1.020295e+00 -2.559579e+00 1.807326e+00 3.932838e-01 -8.372157e-01 -2.116718e-02 -1.469881e-01 -7.283533e-02 -1.595522e-01 -7.399718e-02 2.381549e-01 3.229908e-01 1.968655e-01 4.994779e-02 -1.672323e-02 -4.243131e-02 -1.135692e-01 -1.673202e-03
<VARIANCE> 25
 7.156124e+00 1.472184e+01 2.027009e+01 2.820181e+01 2.359146e+01 4.669122e+01 3.681478e+01 3.478895e+01 3.232509e+01 3.048140e+01 2.258623e+01 1.958046e+01 2.994407e-01 7.842362e-01 7.308251e-01 9.975109e-01 9.651001e-01 1.180736e+00 1.196805e+00 1.289332e+00 1.112529e+00 1.143946e+00 9.160581e-01 8.904752e-01 7.543546e-04
<GCONST> 7.574446e+01
<MIXTURE> 60 4.479129e-03
<MEAN> 25
 -4.257853e+00 -6.710231e-01 -1.077497e+00 3.711052e+00 1.741898e+00 2.125739e+00 1.655282e+00 1.530172e+00 2.174344e+00 1.257511e+00 2.388458e+00 1.917338e+00 -2.869319e-02 5.580145e-02 9.992567e-02 1.306876e-01 1.305129e-01 1.309874e-01 1.767258e-01 3.177880e-01 5.457249e-01 6.652847e-01 5.559777e-01 3.035636e-01 -3.984139e-04
<VARIANCE> 25
 6.938749e+00 4.546024e+00 1.032110e+01 1.137930e+01 1.366603e+01 1.700363e+01 1.409976e+01 1.192825e+01 1.277291e+01 1.321743e+01 1.591308e+01 1.227521e+01 8.677001e-02 1.693492e-01 2.797781e-01 4.311262e-01 5.861536e-01 7.291086e-01 8.297929e-01 9.046904e-01 9.059820e-01 8.341145e-01 8.391574e-01 8.614210e-01 2.309363e-05
<GCONST> 5.638844e+01
<MIXTURE> 61 4.479129e-03
<MEAN> 25
 -4.257853e+00 -6.710231e-01 -1.077497e+00 3.711052e+00 1.741898e+00 2.125739e+00 1.655282e+00 1.530172e+00 2.174344e+00 1.257511e+00 2.388458e+00 1.917338e+00 -2.869319e-02 5.580145e-02 9.992567e-02 1.306876e-01 1.305129e-01 1.309874e-01 1.767258e-01 3.177880e-01 5.457249e-01 6.652847e-01 5.559777e-01 3.035636e-01 -3.984139e-04
<VARIANCE> 25
 6.938749e+00 4.546024e+00 1.032110e+01 1.137930e+01 1.366603e+01 1.700363e+01 1.409976e+01 1.192825e+01 1.277291e+01 1.321743e+01 1.591308e+01 1.227521e+01 8.677001e-02 1.693492e-01 2.797781e-01 4.311262e-01 5.861536e-01 7.291086e-01 8.297929e-01 9.046904e-01 9.059820e-01 8.341145e-01 8.391574e-01 8.614210e-01 2.309363e-05
<GCONST> 5.638844e+01
<MIXTURE> 62 3.278034e-03
<MEAN> 25
 -5.089700e+00 1.241368e+00 1.025565e+00 8.817223e+00 6.131996e+00 5.051840e+00 5.499407e+00 4.031322e+00 4.986502e+00 3.917542e+00 4.965618e+00 2.951484e+00 -1.003017e+00 -1.166491e+00 -9.531057e-01 -2.766379e-01 4.274480e-01 1.005153e+00 1.384135e+00 1.551604e+00 1.478842e+00 1.243356e+00 1.067041e+00 7.259868e-01 -1.265169e-03
<VARIANCE> 25
 9.877629e+00 9.965847e+00 1.311963e+01 1.673956e+01 1.741727e+01 1.752637e+01 1.969685e+01 1.913729e+01 1.885569e+01 1.872323e+01 2.155924e+01 1.479610e+01 4.019639e-01 4.320980e-01 5.540938e-01 7.796068e-01 1.035229e+00 1.192211e+00 1.253230e+00 1.280598e+00 1.329949e+00 1.363777e+00 1.400113e+00 1.371038e+00 1.633027e-05
<GCONST> 6.753189e+01
<MIXTURE> 63 4.351215e-03
<MEAN> 25
 -4.060021e+00 -2.426648e+00 -4.625216e+00 3.090082e+00 3.658511e+00 -1.250509e-01 2.796885e+00 1.367876e+00 2.691159e+00 -7.156361e-01 -9.980212e-01 2.482986e+00 -1.054918e-01 3.620732e-01 4.018942e-01 4.866586e-01 3.833743e-01 4.319967e-01 3.527593e-01 1.058069e-01 1.634652e-01 2.883649e-01 2.545157e-01 1.286411e-01 -4.557703e-03
<VARIANCE> 25
 8.943997e+00 1.471467e+01 1.674931e+01 1.717631e+01 1.921195e+01 2.682341e+01 2.277844e+01 2.450185e+01 2.607626e+01 2.170347e+01 1.968790e+01 1.665100e+01 2.628053e-01 4.885704e-01 6.191842e-01 6.984465e-01 9.007226e-01 1.135852e+00 1.311768e+00 1.399964e+00 1.398024e+00 1.403679e+00 1.323984e+00 1.210161e+00 1.729516e-04
<GCONST> 7.141182e+01
<MIXTURE> 64 4.351215e-03
<MEAN> 25
 -4.060021e+00 -2.426648e+00 -4.625216e+00 3.090082e+00 3.658511e+00 -1.250509e-01 2.796885e+00 1.367876e+00 2.691159e+00 -7.156361e-01 -9.980212e-01 2.482986e+00 -1.054918e-01 3.620732e-01 4.018942e-01 4.866586e-01 3.833743e-01 4.319967e-01 3.527593e-01 1.058069e-01 1.634652e-01 2.883649e-01 2.545157e-01 1.286411e-01 -4.557703e-03
<VARIANCE> 25
 8.943997e+00 1.471467e+01 1.674931e+01 1.717631e+01 1.921195e+01 2.682341e+01 2.277844e+01 2.450185e+01 2.607626e+01 2.170347e+01 1.968790e+01 1.665100e+01 2.628053e-01 4.885704e-01 6.191842e-01 6.984465e-01 9.007226e-01 1.135852e+00 1.311768e+00 1.399964e+00 1.398024e+00 1.403679e+00 1.323984e+00 1.210161e+00 1.729516e-04
<GCONST> 7.141182e+01
<MIXTURE> 65 1.721197e-02
<MEAN> 25
 7.565674e+00 1.823594e+00 1.841704e+00 5.249411e-01 -5.197943e+00 -4.885595e+00 -5.613012e+00 -6.019234e+00 -3.821402e+00 -2.508505e+00 -5.022722e+00 -1.720805e+00 1.867727e-01 1.081701e-01 -1.393722e-02 1.603971e-01 -1.977940e-01 2.351880e-01 -8.632685e-02 -3.118506e-01 1.200015e-01 1.909644e-01 1.462763e-01 -1.197103e-01 -2.427502e-03
<VARIANCE> 25
 1.098170e+01 1.810601e+01 2.444795e+01 3.820771e+01 3.557828e+01 6.024458e+01 5.489160e+01 6.018467e+01 5.423919e+01 5.717485e+01 5.328744e+01 4.817446e+01 5.072016e-01 8.660031e-01 1.550533e+00 1.727528e+00 1.973411e+00 2.024466e+00 2.259097e+00 3.069161e+00 2.378719e+00 2.617744e+00 2.616009e+00 2.149793e+00 4.912288e-04
<GCONST> 8.916327e+01
<MIXTURE> 66 1.191532e-02
<MEAN> 25
 6.334588e+00 -4.196513e+00 -4.461355e+00 -4.672009e+00 5.170390e-01 -5.688586e+00 -8.228500e+00 2.476470e+00 -1.392897e+00 -1.029085e-01 -6.760904e+00 -2.638522e+00 -2.824190e-01 1.388736e+00 2.203927e+00 2.389809e+00 -1.161818e+00 -1.459198e+00 1.343862e-01 -9.029399e-01 -5.557427e-02 -3.796483e-01 2.540321e-01 1.239031e+00 -5.475843e-02
<VARIANCE> 25
 8.043195e+00 1.865712e+01 2.732314e+01 2.997919e+01 3.269383e+01 4.798508e+01 5.330441e+01 6.281571e+01 5.958497e+01 6.516426e+01 3.180732e+01 3.487999e+01 1.212563e+00 3.433150e+00 2.068922e+00 2.075045e+00 3.634544e+00 3.568377e+00 3.680016e+00 5.305125e+00 4.189632e+00 4.448835e+00 4.454455e+00 2.789476e+00 1.780612e-03
<GCONST> 9.594806e+01
<MIXTURE> 67 1.559142e-02
<MEAN> 25
 8.127416e+00 1.555097e+00 -6.203873e+00 -1.029970e+01 4.963587e-01 4.662128e+00 -1.417266e+00 -1.074433e+00 -6.263734e+00 5.411736e-01 7.132030e-01 -1.445981e+00 -1.190891e+00 1.976811e+00 6.591490e-01 2.774427e+00 1.140366e+00 -4.837288e-02 1.834190e+00 3.128829e-01 1.196974e+00 7.857133e-02 -5.815120e-01 1.093139e+00 -1.343886e-01
<VARIANCE> 25
 1.273861e+01 5.505927e+01 2.512559e+01 6.493780e+01 3.522759e+01 6.503281e+01 5.733403e+01 4.109571e+01 8.443047e+01 4.028444e+01 4.408092e+01 3.741605e+01 1.663611e+00 3.464625e+00 2.700258e+00 5.103459e+00 3.287498e+00 4.041735e+00 4.157589e+00 3.936250e+00 7.203201e+00 4.096008e+00 4.960208e+00 3.374954e+00 2.851755e-03
<GCONST> 1.010382e+02
<MIXTURE> 68 1.485092e-02
<MEAN> 25
 -2.181689e+00 -1.474946e+00 -4.922053e+00 2.247171e-01 4.350132e+00 4.597097e-01 2.075758e+00 2.058272e+00 2.494658e+00 1.060978e+00 2.887414e-01 -3.389256e-01 2.543523e+00 3.849573e-01 1.038091e-01 -2.473200e+00 -2.119936e+00 -1.761987e+00 -2.587048e+00 -1.488324e+00 -2.083708e+00 -1.554231e+00 -1.495469e+00 -1.375875e+00 1.082338e-01
<VARIANCE> 25
 2.449239e+01 2.608121e+01 4.827778e+01 5.180494e+01 3.550337e+01 5.389407e+01 3.292711e+01 4.227388e+01 4.234914e+01 3.639076e+01 3.207845e+01 3.216634e+01 1.508885e+00 3.317282e+00 4.843988e+00 4.792481e+00 4.228797e+00 4.383285e+00 4.574727e+00 6.165846e+00 4.393846e+00 4.462101e+00 5.382683e+00 3.279105e+00 4.976607e-03
<GCONST> 1.008636e+02
<MIXTURE> 69 1.204884e-02
<MEAN> 25
 4.445610e+00 -3.751785e+00 -2.822641e+00 -3.421048e+00 -3.020151e+00 -6.991274e+00 -2.309549e+00 2.913614e+00 -1.123531e-01 -4.286360e+00 -6.063453e+00 1.133011e-01 1.798496e+00 -2.188233e+00 -9.908226e-01 -2.180991e+00 -5.625753e-01 -2.627676e-01 -1.043686e+00 9.666904e-01 -1.143096e+00 -9.376017e-01 -2.174485e+00 -1.443020e-01 6.318500e-02
<VARIANCE> 25
 7.809264e+00 2.255336e+01 2.263107e+01 2.502645e+01 3.597744e+01 4.081963e+01 5.001881e+01 3.865752e+01 4.332303e+01 3.835155e+01 2.612794e+01 2.399233e+01 3.193462e+00 2.919220e+00 3.012840e+00 3.322946e+00 4.588624e+00 4.485829e+00 7.123254e+00 7.687677e+00 5.576612e+00 6.964318e+00 3.931979e+00 3.759439e+00 1.988845e-03
<GCONST> 9.786903e+01
<MIXTURE> 70 1.329190e-02
<MEAN> 25
 7.095838e+00 -2.036591e+00 -3.121672e+00 -3.626733e+00 4.834158e-01 -5.818405e-01 -7.131637e+00 -3.801284e+00 -5.121375e-01 2.521921e+00 -5.027480e-01 -4.764489e+00 1.986862e+00 -1.089083e+00 -5.610910e-01 -2.110729e+00 -1.359168e+00 1.134230e+00 -1.496309e+00 -1.980888e-01 -4.142997e-01 4.843371e-01 7.738643e-01 -1.332858e+00 5.547964e-02
<VARIANCE> 25
 9.453789e+00 2.038292e+01 3.088677e+01 4.030110e+01 3.119291e+01 4.356256e+01 4.070065e+01 3.481104e+01 4.269521e+01 3.032752e+01 4.130741e+01 2.450057e+01 3.308873e+00 3.000922e+00 5.209286e+00 4.284220e+00 4.108185e+00 5.876647e+00 5.539518e+00 6.411106e+00 6.587045e+00 5.698598e+00 4.947641e+00 4.304283e+00 2.769985e-03
<GCONST> 9.984093e+01
<MIXTURE> 71 1.406903e-02
<MEAN> 25
 6.251667e+00 4.915245e+00 4.136143e+00 2.886062e+00 -3.257805e+00 -3.258593e+00 -3.291132e+00 -6.607699e+00 -4.312841e+00 -2.771461e+00 -5.339768e+00 -3.274929e+00 -1.479162e+00 -7.235348e-01 -2.145981e-01 -1.706167e+00 1.046951e+00 -2.241480e-01 2.971851e-02 1.375409e+00 2.158843e-01 -1.557193e-01 7.239735e-01 1.856764e-01 4.241633e-02
<VARIANCE> 25
 1.849628e+01 2.590705e+01 2.348098e+01 4.504797e+01 4.008872e+01 4.019215e+01 4.139380e+01 4.004405e+01 4.037844e+01 4.688238e+01 3.637936e+01 3.412894e+01 1.918007e+00 2.967789e+00 5.133368e+00 4.901133e+00 4.677477e+00 4.754073e+00 4.668715e+00 5.716676e+00 4.490835e+00 4.040048e+00 3.592923e+00 3.174191e+00 1.452894e-03
<GCONST> 9.869936e+01
<MIXTURE> 72 8.134747e-03
<MEAN> 25
 3.789217e+00 -3.688307e+00 5.443622e+00 -2.456796e+00 -1.042067e+01 -9.636674e+00 -2.486618e+00 1.945885e+00 -4.959224e+00 -2.192750e+00 -1.894022e+00 6.104293e-01 9.293496e-01 -7.861174e-01 -2.569260e+00 4.620617e-01 2.123474e+00 -6.526750e-01 -1.317904e+00 1.518878e+00 1.814311e+00 -6.019176e-01 -1.280291e+00 4.040667e-01 -5.969592e-03
<VARIANCE> 25
 1.075200e+01 1.942451e+01 3.280312e+01 3.833885e+01 3.225871e+01 3.328637e+01 4.129553e+01 3.622956e+01 4.361344e+01 4.127439e+01 3.867725e+01 2.844462e+01 4.337029e-01 1.023019e+00 2.032120e+00 1.465464e+00 2.231240e+00 2.349157e+00 3.050431e+00 2.736309e+00 2.595377e+00 2.960767e+00 2.040236e+00 2.122416e+00 5.474577e-04
<GCONST> 8.726564e+01
<MIXTURE> 73 1.213625e-02
<MEAN> 25
 -5.634561e+00 -6.605721e-01 -9.497522e-01 5.210514e+00 4.129056e+00 2.640474e+00 5.673563e+00 2.937048e+00 4.955710e+00 3.004144e+00 3.841417e+00 2.757326e+00 8.603335e-01 -1.012621e+00 -1.110278e+00 -2.698050e+00 -1.145904e+00 -1.599571e+00 -9.333635e-01 -4.050695e-01 -9.622223e-01 -8.698919e-01 -1.124651e+00 -5.067248e-01 1.500304e-01
<VARIANCE> 25
 1.295289e+01 1.836846e+01 1.798169e+01 2.404309e+01 2.094733e+01 2.741350e+01 1.865413e+01 2.035529e+01 1.843179e+01 1.834332e+01 2.152605e+01 2.100768e+01 3.771285e+00 3.283394e+00 5.600126e+00 4.496614e+00 5.534553e+00 4.324684e+00 3.994128e+00 4.205077e+00 4.059736e+00 4.124215e+00 3.511180e+00 2.765534e+00 4.145242e-03
<GCONST> 9.306231e+01
<MIXTURE> 74 1.756491e-02
<MEAN> 25
 3.806522e+00 -1.601964e+00 5.789117e+00 3.736286e-01 -9.002548e+00 -9.468254e+00 -5.386040e+00 2.350597e+00 -7.121487e+00 -1.253277e+00 -2.241040e+00 -1.273254e-01 1.367560e-01 1.894759e+00 1.382328e-01 1.518905e+00 1.306356e+00 3.713977e-01 8.144446e-01 -1.949392e+00 5.880657e-01 2.955913e-01 4.127724e-02 3.850251e-02 -8.293860e-02
<VARIANCE> 25
 9.165439e+00 1.606156e+01 3.651631e+01 3.237324e+01 3.775742e+01 3.087297e+01 5.619061e+01 5.147587e+01 6.262611e+01 3.924836e+01 3.932681e+01 2.880982e+01 1.574118e+00 1.655032e+00 3.277281e+00 2.448491e+00 3.394725e+00 3.778913e+00 5.437201e+00 4.130141e+00 4.393527e+00 3.444477e+00 3.223919e+00 2.457682e+00 1.698784e-03
<GCONST> 9.499664e+01
<MIXTURE> 75 9.711651e-03
<MEAN> 25
 2.625775e+00 -1.509664e+00 1.023688e+01 1.808647e+00 -1.168881e+01 -8.251988e+00 -5.232485e+00 7.096330e-02 -5.181020e+00 -3.613205e+00 2.438766e+00 -6.105071e-02 1.518419e+00 -1.653773e+00 1.818466e-01 -3.190341e-01 -2.469304e+00 -3.737731e-01 -1.368445e+00 8.327892e-01 -9.034717e-02 -4.960878e-01 1.046189e+00 -5.145698e-01 4.122376e-02
<VARIANCE> 25
 9.749344e+00 1.613605e+01 3.102020e+01 2.541470e+01 2.502514e+01 3.131018e+01 3.039283e+01 3.775044e+01 3.395031e+01 3.511311e+01 2.314692e+01 2.038246e+01 2.407994e+00 1.747733e+00 4.089982e+00 2.456781e+00 3.443069e+00 3.990919e+00 3.811080e+00 3.560022e+00 3.765339e+00 3.266540e+00 2.942734e+00 2.293282e+00 1.532095e-03
<GCONST> 9.153452e+01
<MIXTURE> 76 1.052359e-02
<MEAN> 25
 -5.739742e+00 -7.344545e-01 -2.248092e+00 3.636271e+00 3.842368e+00 2.024656e+00 4.261299e+00 1.546271e+00 3.490045e+00 -1.100028e-01 1.455769e+00 2.809592e+00 6.264320e-02 -6.561580e-01 -3.208178e-01 -8.492181e-01 -6.158032e-01 -8.452677e-01 -6.721994e-01 -2.208091e-01 -3.660763e-01 -4.660927e-01 -4.816648e-01 -1.727306e-01 2.372282e-02
<VARIANCE> 25
 4.158292e+01 3.043031e+01 2.841861e+01 2.737451e+01 2.796942e+01 2.913138e+01 2.568218e+01 2.869661e+01 2.499347e+01 2.560647e+01 2.504679e+01 1.837578e+01 1.123035e+00 1.077469e+00 1.239746e+00 1.162046e+00 1.325902e+00 1.575292e+00 1.581035e+00 1.742454e+00 1.769210e+00 2.063246e+00 2.143891e+00 1.339303e+00 1.167014e-03
<GCONST> 8.354738e+01
<MIXTURE> 77 1.244626e-02
<MEAN> 25
 -4.658121e-01 8.584941e+00 1.246066e+01 -1.162542e+01 -7.005844e+00 9.607919e-01 -9.278562e+00 -7.239101e+00 -3.377053e+00 -1.993473e-01 -4.657343e+00 -1.487423e+00 6.818337e-02 1.375849e-01 7.340503e-02 2.506709e-01 -2.210325e-02 7.817990e-02 -6.482343e-02 -6.197060e-02 8.251119e-02 -4.485582e-02 2.610249e-02 1.180022e-01 -9.919809e-03
<VARIANCE> 25
 1.044212e+01 2.010132e+01 2.755681e+01 4.161304e+01 3.319350e+01 3.382855e+01 3.673911e+01 3.176508e+01 3.523884e+01 3.322715e+01 3.755996e+01 3.494567e+01 2.988897e-01 7.781021e-01 6.454709e-01 1.085952e+00 1.237712e+00 9.853135e-01 1.223344e+00 1.073909e+00 1.043590e+00 1.066184e+00 9.716085e-01 9.225112e-01 5.403124e-04
<GCONST> 7.780074e+01
<MIXTURE> 78 9.702551e-03
<MEAN> 25
 -1.191921e+01 9.398918e-01 -2.389541e-01 3.753180e+00 3.326883e+00 -2.368936e+00 4.056342e+00 1.372797e+00 3.361485e+00 -4.600480e-01 1.776145e-01 3.514367e+00 2.623782e+00 -6.427520e-01 1.680907e-01 3.501472e-01 -1.834960e-01 -2.215239e-01 -6.232266e-01 1.905867e-01 -1.948129e-01 4.037975e-01 -3.672996e-01 -8.289017e-01 -5.453628e-02
<VARIANCE> 25
 3.927867e+01 4.207011e+01 4.959657e+01 2.993789e+01 3.234533e+01 3.301891e+01 2.997976e+01 3.049393e+01 2.318271e+01 2.504283e+01 2.478608e+01 1.928838e+01 4.145740e+00 2.528841e+00 2.137149e+00 2.639183e+00 2.460295e+00 2.944081e+00 2.824521e+00 2.532571e+00 2.137796e+00 2.355668e+00 1.971004e+00 2.290591e+00 3.753303e-03
<GCONST> 9.255164e+01
<MIXTURE> 79 1.156824e-02
<MEAN> 25
 2.449108e+00 1.508072e+00 9.093107e+00 -6.706320e+00 -1.197549e+01 -1.749839e+00 -1.878590e+00 -6.461070e+00 -6.569673e+00 2.896163e-01 -3.500583e+00 -3.321364e+00 1.208687e+00 -5.383776e-01 -1.435864e+00 2.359681e+00 3.800982e-01 -1.448466e+00 5.366613e-01 8.938984e-01 -4.291265e-01 -5.241125e-01 3.600371e-01 2.956354e-01 -3.643324e-02
<VARIANCE> 25
 1.419288e+01 2.472477e+01 3.864840e+01 5.115621e+01 3.434054e+01 4.466339e+01 4.267056e+01 3.649039e+01 3.862992e+01 3.964281e+01 4.359129e+01 3.054621e+01 9.557704e-01 2.259120e+00 1.880018e+00 2.072654e+00 2.455473e+00 2.861461e+00 3.192752e+00 3.515982e+00 2.508345e+00 2.749835e+00 2.300296e+00 2.040932e+00 1.228595e-03
<GCONST> 9.188437e+01
<MIXTURE> 80 7.550998e-03
<MEAN> 25
 -1.473428e+01 4.330914e+00 6.682570e-01 3.188313e+00 2.357589e+00 9.622492e-01 6.554791e+00 2.140788e+00 2.973042e+00 1.812818e+00 4.449548e+00 1.521956e+00 4.279318e+00 -1.450469e-01 1.537277e+00 -1.140598e+00 -2.695547e+00 -2.633657e+00 -2.350945e+00 -1.872077e+00 -1.997484e+00 -1.543968e+00 -1.599442e+00 -6.770614e-01 -4.380939e-02
<VARIANCE> 25
 1.989638e+01 2.186286e+01 3.558109e+01 3.345431e+01 2.826272e+01 3.045908e+01 2.667779e+01 2.815795e+01 2.559346e+01 3.067765e+01 2.838920e+01 1.928852e+01 2.211944e+00 2.707095e+00 2.629707e+00 3.911703e+00 3.664501e+00 2.768760e+00 2.837218e+00 3.247485e+00 2.601145e+00 2.759871e+00 2.617717e+00 2.091819e+00 1.416461e-03
<GCONST> 9.122551e+01
<MIXTURE> 81 8.025434e-03
<MEAN> 25
 -1.091669e+00 4.021483e+00 1.011898e+01 -1.484361e+01 -9.043819e+00 -1.362343e+00 -6.729231e+00 -8.404846e+00 -4.151251e+00 -4.287699e-01 -7.566745e+00 -2.252274e+00 1.248764e-01 -5.864048e-01 2.759529e-03 -5.600443e-01 -4.595148e-01 3.350466e-01 3.192988e-01 1.339298e-01 -1.377558e-01 9.864641e-02 -4.625392e-01 -1.278149e-01 1.148925e-02
<VARIANCE> 25
 1.026519e+01 3.308884e+01 2.699388e+01 2.956872e+01 3.377983e+01 3.116864e+01 4.556120e+01 2.819858e+01 3.785160e+01 3.185294e+01 2.521460e+01 3.090947e+01 7.881298e-01 2.269903e+00 1.545358e+00 2.863011e+00 2.654823e+00 2.121454e+00 3.268309e+00 2.278938e+00 2.348130e+00 2.567764e+00 2.298319e+00 2.075499e+00 1.188555e-03
<GCONST> 8.875735e+01
<MIXTURE> 82 8.213053e-03
<MEAN> 25
 -9.952599e+00 -3.900020e+00 1.626086e+00 -2.889102e+00 3.106781e+00 6.449944e-01 2.002428e+00 9.189250e-01 3.011043e+00 1.717772e+00 1.742823e+00 3.044729e+00 -1.314703e+00 -1.176379e-01 2.750751e-01 -2.599383e+00 -1.098555e+00 -1.261542e+00 -1.008762e+00 -8.623134e-01 -3.129441e-01 -4.859594e-01 -3.219028e-01 -1.040151e-01 1.782199e-01
<VARIANCE> 25
 1.798729e+01 2.507428e+01 3.236837e+01 3.194633e+01 3.284243e+01 3.248657e+01 3.170030e+01 3.297618e+01 3.093876e+01 2.504957e+01 3.062647e+01 1.787905e+01 3.772466e+00 3.051632e+00 3.337714e+00 3.266275e+00 3.551717e+00 3.284587e+00 2.941062e+00 3.040074e+00 2.793986e+00 2.512354e+00 2.453609e+00 1.894404e+00 3.421074e-03
<GCONST> 9.316971e+01
<MIXTURE> 83 1.167529e-02
<MEAN> 25
 -2.006050e+01 6.002700e+00 -2.234951e+00 9.604843e-01 7.402209e+00 -1.435542e+00 5.969966e+00 1.758881e+00 1.943360e+00 8.779435e-01 -7.932924e-02 2.634296e+00 -1.872948e-03 -3.731085e-01 1.542453e-01 -3.337447e-01 -6.043646e-01 -3.225273e-01 -5.723584e-02 -7.376197e-02 -2.904585e-02 -6.020038e-03 -1.578239e-01 6.393383e-02 4.691225e-03
<VARIANCE> 25
 7.757502e+00 1.560812e+01 2.658990e+01 2.975379e+01 1.974055e+01 2.231809e+01 2.097992e+01 3.168605e+01 2.177278e+01 2.992774e+01 2.448186e+01 1.346906e+01 1.086759e+00 8.760166e-01 1.230445e+00 1.000943e+00 1.352550e+00 1.417211e+00 1.189891e+00 1.263806e+00 1.197054e+00 1.462329e+00 1.293834e+00 1.005974e+00 7.886059e-04
<GCONST> 7.717818e+01
<MIXTURE> 84 1.066614e-02
<MEAN> 25
 1.142411e+00 8.698699e+00 7.115666e+00 7.915939e+00 2.619704e+00 -1.237444e+00 -1.273839e+00 -4.668317e+00 -3.988788e+00 -2.665264e+00 -2.083120e+00 -1.578709e+00 -1.805114e+00 -1.268971e+00 -1.218993e+00 1.332176e+00 2.265913e+00 1.525382e+00 1.337301e+00 1.266889e+00 1.273739e+00 3.928626e-01 4.016850e-01 4.195370e-01 -6.805880e-02
<VARIANCE> 25
 2.296348e+01 1.999526e+01 2.162172e+01 2.472131e+01 2.950816e+01 2.983666e+01 2.854052e+01 2.724998e+01 2.511838e+01 2.571439e+01 2.543814e+01 2.354051e+01 2.062625e+00 2.702943e+00 3.665648e+00 3.230046e+00 3.153309e+00 3.282895e+00 3.602241e+00 3.288126e+00 3.709993e+00 3.121318e+00 3.453496e+00 2.695137e+00 3.972080e-03
<GCONST> 9.281061e+01
<MIXTURE> 85 7.591393e-03
<MEAN> 25
 -2.908105e+00 7.783892e+00 5.300602e+00 1.278247e+00 -3.404835e+00 -5.693394e+00 -2.709980e+00 -5.833230e+00 -3.159628e+00 -3.561342e+00 -6.683480e-01 -2.442324e+00 3.953202e+00 2.660024e-01 1.713063e+00 -2.225197e+00 -3.289165e+00 -2.504861e+00 -3.020351e+00 -1.914455e+00 -2.327896e+00 -1.170490e+00 -2.341518e+00 -5.063595e-01 1.241474e-02
<VARIANCE> 25
 4.056383e+01 2.206111e+01 3.644817e+01 3.763261e+01 3.754342e+01 4.198830e+01 3.122060e+01 2.762644e+01 2.900718e+01 2.618762e+01 2.538186e+01 2.333233e+01 2.570312e+00 4.097147e+00 3.839862e+00 5.147820e+00 4.370262e+00 3.723699e+00 3.874109e+00 6.500236e+00 3.677109e+00 4.145506e+00 3.779618e+00 3.516989e+00 5.283036e-03
<GCONST> 9.852898e+01
<MIXTURE> 86 1.273941e-02
<MEAN> 25
 -4.614732e+00 -1.882317e+00 5.077984e-01 7.340037e+00 4.297699e+00 4.147078e+00 6.023382e+00 4.592735e+00 5.385568e+00 2.822972e+00 5.062321e+00 2.962324e+00 -1.105133e-02 -1.305182e-01 -6.416089e-02 -4.061545e-02 2.747153e-02 -1.290464e-01 -2.984060e-01 -3.156945e-01 -1.863543e-01 -1.728117e-01 -3.002997e-01 -1.430687e-02 1.344818e-03
<VARIANCE> 25
 6.446095e+00 6.333388e+00 1.232031e+01 1.257455e+01 1.510124e+01 1.348270e+01 1.323577e+01 1.102565e+01 1.273707e+01 1.559503e+01 1.295993e+01 1.152795e+01 8.215543e-02 2.075390e-01 2.923784e-01 4.240348e-01 5.915386e-01 6.493230e-01 7.105428e-01 7.058110e-01 8.658919e-01 8.847820e-01 8.248915e-01 9.418407e-01 6.586782e-05
<GCONST> 5.734368e+01
<MIXTURE> 87 1.100681e-02
<MEAN> 25
 -3.278989e+00 3.937002e+00 3.679714e+00 7.343036e+00 5.200135e+00 3.424771e-01 1.459974e+00 -1.481364e+00 -3.069499e-01 -3.917440e-01 -4.168348e-01 1.929541e-01 -2.268260e+00 -2.785820e+00 -2.069559e+00 -1.894848e+00 1.454354e-01 -1.950213e-02 5.081484e-01 1.253364e+00 1.475351e+00 9.525506e-01 8.665169e-01 8.651201e-01 1.052764e-01
<VARIANCE> 25
 3.522415e+01 3.221770e+01 2.636118e+01 3.236929e+01 2.797576e+01 3.308950e+01 2.642130e+01 2.886001e+01 2.548824e+01 2.605536e+01 2.497682e+01 2.180994e+01 3.765664e+00 2.641746e+00 3.632919e+00 4.657853e+00 4.831993e+00 4.288809e+00 4.011689e+00 3.685136e+00 3.354253e+00 3.212295e+00 3.212463e+00 2.771323e+00 4.668453e-03
<GCONST> 9.604361e+01
<MIXTURE> 88 1.256585e-02
<MEAN> 25
 -3.486140e+00 -3.699934e-01 -8.567945e-01 6.304923e+00 5.141865e+00 3.456708e+00 4.307413e+00 2.342225e+00 5.348658e+00 2.434436e+00 3.229774e+00 2.686770e+00 3.347906e-02 4.221638e-01 1.108002e-01 4.650728e-01 2.653992e-01 2.835267e-01 -6.417903e-02 -3.179555e-01 -2.363639e-01 -2.827886e-01 -1.288640e-02 -1.125907e-01 -1.045735e-02
<VARIANCE> 25
 7.677926e+00 1.645321e+01 1.642630e+01 1.797217e+01 1.699272e+01 1.758546e+01 1.890490e+01 2.114332e+01 1.977350e+01 1.585393e+01 1.626869e+01 1.548868e+01 1.057667e+00 1.835898e+00 2.304999e+00 2.033044e+00 2.370828e+00 2.390630e+00 3.038503e+00 3.194825e+00 1.967912e+00 2.344012e+00 2.065702e+00 1.758915e+00 1.180488e-03
<GCONST> 8.173433e+01
<MIXTURE> 89 9.333527e-03
<MEAN> 25
 5.554239e+00 -6.414149e+00 -2.285439e+00 -2.610164e+00 -1.856912e+00 -7.218349e+00 -8.131354e+00 3.859389e+00 1.332267e+00 -1.558121e+00 -5.236638e+00 -4.093118e+00 -5.929232e-01 2.276011e-01 2.165164e+00 1.265487e+00 -2.034107e+00 -1.858322e+00 7.964277e-01 1.743399e+00 -1.197442e+00 -1.496424e+00 1.847971e-01 1.587265e+00 -7.399109e-03
<VARIANCE> 25
 8.263155e+00 2.443205e+01 3.040660e+01 2.587531e+01 2.910392e+01 4.719962e+01 6.175528e+01 4.515907e+01 4.650739e+01 3.989999e+01 3.614677e+01 2.852148e+01 2.891262e-01 8.391230e-01 1.592737e+00 1.654399e+00 2.289158e+00 2.124978e+00 2.302813e+00 2.889187e+00 2.564000e+00 2.480356e+00 2.113989e+00 1.228420e+00 3.318851e-04
<GCONST> 8.536864e+01
<MIXTURE> 90 7.114505e-03
<MEAN> 25
 2.448952e+00 -9.724065e+00 -4.754173e+00 -3.979002e+00 -3.383696e+00 -1.814228e+00 3.362751e+00 1.183774e+00 -7.532893e+00 -1.021439e+01 -3.431229e+00 -7.406277e-01 -1.636575e-01 9.089103e-01 1.168644e+00 -8.537020e-01 -1.612683e+00 -2.119737e-01 6.444992e-01 -2.098203e-01 -1.692100e-01 7.371041e-01 1.829903e-01 -5.499869e-01 -1.114908e-02
<VARIANCE> 25
 8.492176e+00 1.778075e+01 1.981129e+01 2.803149e+01 3.683126e+01 3.218396e+01 3.857941e+01 3.643537e+01 3.520818e+01 2.772452e+01 2.700859e+01 2.614150e+01 2.237841e-01 6.127349e-01 7.867615e-01 1.042987e+00 1.470384e+00 1.591331e+00 1.780638e+00 1.654623e+00 1.810789e+00 1.678354e+00 1.495290e+00 1.308505e+00 2.149737e-04
<GCONST> 7.813692e+01
<MIXTURE> 91 7.852945e-03
<MEAN> 25
 6.324194e+00 -7.614287e+00 -8.430954e+00 -5.224814e+00 3.856920e+00 -1.067519e-01 -2.340593e+00 8.795006e-01 6.373039e-01 -2.791969e+00 -4.960002e+00 -5.190283e+00 2.492164e-01 1.010325e+00 1.987038e-01 4.607759e-01 -7.218447e-02 -5.686302e-01 -3.959340e-01 -8.600231e-02 -1.401938e-01 4.664696e-01 -1.060312e-01 2.171380e-01 -3.459877e-02
<VARIANCE> 25
 1.008305e+01 2.279933e+01 2.057386e+01 4.128662e+01 3.510059e+01 5.643957e+01 5.595103e+01 4.234295e+01 5.244901e+01 6.376768e+01 3.843803e+01 4.057131e+01 4.458109e-01 9.034681e-01 1.115840e+00 1.371831e+00 2.153308e+00 2.344127e+00 2.321848e+00 2.349709e+00 2.292123e+00 2.170004e+00 1.979418e+00 1.841344e+00 5.989993e-04
<GCONST> 8.726713e+01
<MIXTURE> 92 7.852945e-03
<MEAN> 25
 6.324194e+00 -7.614287e+00 -8.430954e+00 -5.224814e+00 3.856920e+00 -1.067519e-01 -2.340593e+00 8.795006e-01 6.373039e-01 -2.791969e+00 -4.960002e+00 -5.190283e+00 2.492164e-01 1.010325e+00 1.987038e-01 4.607759e-01 -7.218447e-02 -5.686302e-01 -3.959340e-01 -8.600231e-02 -1.401938e-01 4.664696e-01 -1.060312e-01 2.171380e-01 -3.459877e-02
<VARIANCE> 25
 1.008305e+01 2.279933e+01 2.057386e+01 4.128662e+01 3.510059e+01 5.643957e+01 5.595103e+01 4.234295e+01 5.244901e+01 6.376768e+01 3.843803e+01 4.057131e+01 4.458109e-01 9.034681e-01 1.115840e+00 1.371831e+00 2.153308e+00 2.344127e+00 2.321848e+00 2.349709e+00 2.292123e+00 2.170004e+00 1.979418e+00 1.841344e+00 5.989993e-04
<GCONST> 8.726713e+01
<MIXTURE> 93 6.122769e-03
<MEAN> 25
 -6.822850e+00 -9.659165e-01 -2.395150e+00 5.800793e+00 5.908902e+00 3.923030e+00 6.122818e+00 3.606547e+00 4.123399e+00 2.507703e+00 1.818552e+00 3.705759e+00 -6.174922e-02 -1.544632e-01 -2.572574e-01 -3.309357e-01 -3.319807e-01 -2.831497e-01 -2.188999e-01 -1.738379e-01 -1.677429e-01 -1.509411e-01 -1.040794e-01 -3.449860e-02 -2.169479e-06
<VARIANCE> 25
 9.091423e+00 6.093100e+00 8.218212e+00 1.136594e+01 1.148912e+01 1.596775e+01 1.526405e+01 1.643110e+01 1.475689e+01 1.452847e+01 1.677110e+01 1.343360e+01 8.264973e-02 1.532752e-01 2.641407e-01 3.808826e-01 5.003494e-01 6.438487e-01 7.800530e-01 8.893296e-01 9.171240e-01 8.758622e-01 8.914935e-01 9.182592e-01 1.002431e-06
<GCONST> 5.362438e+01
<MIXTURE> 94 6.122769e-03
<MEAN> 25
 -6.822850e+00 -9.659165e-01 -2.395150e+00 5.800793e+00 5.908902e+00 3.923030e+00 6.122818e+00 3.606547e+00 4.123399e+00 2.507703e+00 1.818552e+00 3.705759e+00 -6.174922e-02 -1.544632e-01 -2.572574e-01 -3.309357e-01 -3.319807e-01 -2.831497e-01 -2.188999e-01 -1.738379e-01 -1.677429e-01 -1.509411e-01 -1.040794e-01 -3.449860e-02 -2.169479e-06
<VARIANCE> 25
 9.091423e+00 6.093100e+00 8.218212e+00 1.136594e+01 1.148912e+01 1.596775e+01 1.526405e+01 1.643110e+01 1.475689e+01 1.452847e+01 1.677110e+01 1.343360e+01 8.264973e-02 1.532752e-01 2.641407e-01 3.808826e-01 5.003494e-01 6.438487e-01 7.800530e-01 8.893296e-01 9.171240e-01 8.758622e-01 8.914935e-01 9.182592e-01 1.002431e-06
<GCONST> 5.362438e+01
<MIXTURE> 95 5.258835e-03
<MEAN> 25
 -5.817525e+00 -7.468180e-01 -1.983513e+00 4.911485e+00 4.232418e+00 2.805828e+00 4.171527e+00 1.659794e+00 2.248264e+00 8.720909e-01 1.200098e+00 2.590607e+00 1.446259e-01 1.483607e-01 8.525626e-02 -8.348937e-02 -3.749491e-01 -7.137128e-01 -1.057083e+00 -1.282545e+00 -1.260787e+00 -9.857984e-01 -6.457408e-01 -3.056567e-01 -1.466716e-04
<VARIANCE> 25
 1.024842e+01 6.527545e+00 1.226069e+01 1.284013e+01 1.400471e+01 1.827192e+01 1.789773e+01 1.686813e+01 1.552998e+01 1.538608e+01 1.992940e+01 1.433930e+01 2.093935e-01 2.959939e-01 4.531173e-01 6.282407e-01 8.026882e-01 9.024617e-01 9.117486e-01 9.241378e-01 9.740632e-01 1.088118e+00 1.163013e+00 1.115616e+00 4.191788e-05
<GCONST> 6.330305e+01
<MIXTURE> 96 7.034694e-03
<MEAN> 25
 -4.992411e+00 -3.418800e-01 -1.999957e+00 5.190730e+00 3.800719e+00 1.896697e+00 3.815165e+00 1.820587e+00 2.764207e+00 9.352753e-01 1.192927e+00 2.911595e+00 -4.991720e-02 6.506494e-02 2.115777e-01 4.384983e-01 5.480245e-01 5.136017e-01 2.317701e-01 -8.609100e-02 -5.041736e-01 -6.776139e-01 -5.645523e-01 -3.117105e-01 4.078827e-05
<VARIANCE> 25
 1.058499e+01 1.300080e+01 1.316487e+01 1.375241e+01 1.495591e+01 1.861818e+01 1.842319e+01 1.816904e+01 1.841437e+01 1.567926e+01 1.866274e+01 1.376821e+01 1.210531e-01 2.144537e-01 3.162964e-01 4.079090e-01 4.925784e-01 6.541773e-01 8.962661e-01 1.064568e+00 9.302852e-01 8.717164e-01 8.643032e-01 9.412909e-01 1.034300e-06
<GCONST> 5.765099e+01
<MIXTURE> 97 7.034694e-03
<MEAN> 25
 -4.992411e+00 -3.418800e-01 -1.999957e+00 5.190730e+00 3.800719e+00 1.896697e+00 3.815165e+00 1.820587e+00 2.764207e+00 9.352753e-01 1.192927e+00 2.911595e+00 -4.991720e-02 6.506494e-02 2.115777e-01 4.384983e-01 5.480245e-01 5.136017e-01 2.317701e-01 -8.609100e-02 -5.041736e-01 -6.776139e-01 -5.645523e-01 -3.117105e-01 4.078827e-05
<VARIANCE> 25
 1.058499e+01 1.300080e+01 1.316487e+01 1.375241e+01 1.495591e+01 1.861818e+01 1.842319e+01 1.816904e+01 1.841437e+01 1.567926e+01 1.866274e+01 1.376821e+01 1.210531e-01 2.144537e-01 3.162964e-01 4.079090e-01 4.925784e-01 6.541773e-01 8.962661e-01 1.064568e+00 9.302852e-01 8.717164e-01 8.643032e-01 9.412909e-01 1.034300e-06
<GCONST> 5.765099e+01
<MIXTURE> 98 9.917808e-03
<MEAN> 25
 -8.523727e-01 1.565381e+00 -1.249895e+00 3.201490e+00 3.291197e+00 3.061007e+00 3.867366e+00 1.660698e+00 1.822675e+00 4.279029e-01 3.445769e-01 1.140020e+00 -1.815971e+00 -1.476686e+00 -1.086606e+00 2.513141e-01 6.100723e-01 9.976761e-01 1.297867e+00 1.541732e+00 2.045064e+00 1.001373e+00 1.139237e+00 9.735126e-01 -3.123628e-02
<VARIANCE> 25
 1.547242e+01 2.080192e+01 4.011793e+01 4.695099e+01 4.030578e+01 3.980241e+01 3.259733e+01 3.063355e+01 2.567461e+01 2.888068e+01 2.609722e+01 2.125480e+01 1.298080e+00 1.410527e+00 2.146778e+00 2.267301e+00 2.703760e+00 2.954693e+00 3.187538e+00 2.950282e+00 3.700927e+00 2.883039e+00 2.768749e+00 2.040372e+00 2.292634e-03
<GCONST> 9.100329e+01
<MIXTURE> 99 6.696178e-03
<MEAN> 25
 -6.634474e+00 9.827132e+00 6.451235e+00 3.626006e+00 9.761920e-01 -5.283023e+00 -1.489829e+00 -4.285044e+00 -3.222897e+00 -3.851250e+00 -1.811142e+00 3.200839e-01 5.708478e-01 -7.102476e-01 3.255655e-01 -4.016024e-01 -1.154389e+00 -5.547104e-01 -3.207859e-01 -2.626117e-01 -1.258331e-01 -2.363078e-02 2.216434e-01 1.718461e-01 1.118333e-02
<VARIANCE> 25
 4.056504e+01 2.610311e+01 4.936704e+01 3.178046e+01 3.564043e+01 3.581662e+01 2.912058e+01 2.982295e+01 2.846477e+01 2.894468e+01 2.105763e+01 2.846495e+01 2.205893e+00 1.833755e+00 1.411237e+00 1.721984e+00 2.583563e+00 2.133313e+00 1.577333e+00 1.618002e+00 1.556285e+00 1.559121e+00 1.336767e+00 1.245565e+00 1.569183e-03
<GCONST> 8.716692e+01
<MIXTURE> 100 4.498084e-03
<MEAN> 25
 -1.597807e+00 6.343720e+00 1.027169e+01 -7.457050e+00 -1.077636e+01 -5.079076e+00 -4.938592e+00 -9.964875e+00 -4.713852e+00 -8.588840e-01 -2.733929e+00 -2.712176e+00 2.918601e+00 -1.260123e+00 1.299540e+00 -2.186995e+00 -3.418330e+00 -7.840491e-01 -1.220848e+00 -8.169694e-01 -1.476530e+00 3.472071e-01 -1.656144e+00 -2.857332e-01 2.037054e-03
<VARIANCE> 25
 1.362435e+01 2.105645e+01 2.249854e+01 2.647210e+01 2.306466e+01 2.373787e+01 2.911734e+01 2.172300e+01 2.750575e+01 2.267447e+01 2.239967e+01 2.135945e+01 1.799428e+00 3.951965e+00 2.918531e+00 4.286795e+00 4.184289e+00 4.535850e+00 4.021371e+00 4.354539e+00 4.167761e+00 3.895309e+00 3.910671e+00 3.224144e+00 1.674928e-03
<GCONST> 9.258081e+01
<MIXTURE> 101 6.007792e-03
<MEAN> 25
 8.059216e+00 -3.289920e+00 -5.510530e+00 -6.770059e+00 7.436132e-01 -1.054790e+00 -1.058273e+01 -2.470092e+00 6.236511e-01 3.078762e+00 -2.195462e+00 -5.014050e+00 6.893592e-01 6.698989e-01 -1.427243e+00 -1.698758e+00 8.417751e-01 2.361977e+00 1.338180e-01 -1.523416e+00 -1.164804e+00 1.136566e+00 1.353044e+00 -2.658379e-01 -4.226050e-03
<VARIANCE> 25
 8.588826e+00 1.558784e+01 3.418130e+01 3.899554e+01 3.313955e+01 3.395022e+01 3.461610e+01 3.451292e+01 4.369035e+01 4.481585e+01 4.841800e+01 2.329097e+01 2.874413e-01 6.461387e-01 1.176739e+00 1.639823e+00 2.005996e+00 1.981715e+00 1.950965e+00 1.896378e+00 2.269773e+00 2.252672e+00 1.701187e+00 2.264542e+00 3.180022e-04
<GCONST> 8.334720e+01
<MIXTURE> 102 6.007792e-03
<MEAN> 25
 8.059216e+00 -3.289920e+00 -5.510530e+00 -6.770059e+00 7.436132e-01 -1.054790e+00 -1.058273e+01 -2.470092e+00 6.236511e-01 3.078762e+00 -2.195462e+00 -5.014050e+00 6.893592e-01 6.698989e-01 -1.427243e+00 -1.698758e+00 8.417751e-01 2.361977e+00 1.338180e-01 -1.523416e+00 -1.164804e+00 1.136566e+00 1.353044e+00 -2.658379e-01 -4.226050e-03
<VARIANCE> 25
 8.588826e+00 1.558784e+01 3.418130e+01 3.899554e+01 3.313955e+01 3.395022e+01 3.461610e+01 3.451292e+01 4.369035e+01 4.481585e+01 4.841800e+01 2.329097e+01 2.874413e-01 6.461387e-01 1.176739e+00 1.639823e+00 2.005996e+00 1.981715e+00 1.950965e+00 1.896378e+00 2.269773e+00 2.252672e+00 1.701187e+00 2.264542e+00 3.180022e-04
<GCONST> 8.334720e+01
<MIXTURE> 103 5.694618e-03
<MEAN> 25
 3.397746e+00 -8.922320e+00 -5.848272e+00 -3.501587e+00 -1.781305e+00 -2.341568e+00 1.937576e+00 2.311071e+00 -4.754332e+00 -9.579675e+00 -4.764433e+00 7.688898e-01 -1.492887e-01 -1.478767e+00 -9.909995e-01 4.582636e-01 1.212427e+00 8.268471e-01 1.588158e-01 -4.062458e-01 -7.536172e-01 -8.428696e-01 1.303473e-01 2.397408e-01 2.821144e-02
<VARIANCE> 25
 9.615115e+00 2.240813e+01 2.223865e+01 3.172639e+01 4.740351e+01 3.469940e+01 4.628707e+01 3.481628e+01 4.002821e+01 2.872044e+01 2.960424e+01 2.703296e+01 6.029691e-01 1.221421e+00 1.444844e+00 1.924549e+00 2.737866e+00 2.715275e+00 2.680113e+00 2.642022e+00 2.419023e+00 2.575476e+00 2.360635e+00 2.304334e+00 8.068218e-04
<GCONST> 8.748222e+01
<MIXTURE> 104 5.694618e-03
<MEAN> 25
 3.397746e+00 -8.922320e+00 -5.848272e+00 -3.501587e+00 -1.781305e+00 -2.341568e+00 1.937576e+00 2.311071e+00 -4.754332e+00 -9.579675e+00 -4.764433e+00 7.688898e-01 -1.492887e-01 -1.478767e+00 -9.909995e-01 4.582636e-01 1.212427e+00 8.268471e-01 1.588158e-01 -4.062458e-01 -7.536172e-01 -8.428696e-01 1.303473e-01 2.397408e-01 2.821144e-02
<VARIANCE> 25
 9.615115e+00 2.240813e+01 2.223865e+01 3.172639e+01 4.740351e+01 3.469940e+01 4.628707e+01 3.481628e+01 4.002821e+01 2.872044e+01 2.960424e+01 2.703296e+01 6.029691e-01 1.221421e+00 1.444844e+00 1.924549e+00 2.737866e+00 2.715275e+00 2.680113e+00 2.642022e+00 2.419023e+00 2.575476e+00 2.360635e+00 2.304334e+00 8.068218e-04
<GCONST> 8.748222e+01
<MIXTURE> 105 4.710235e-03
<MEAN> 25
 2.236331e+00 -1.535607e+00 9.194709e+00 -2.674158e+00 -1.161882e+01 -5.070493e+00 -4.238904e+00 -7.033898e-01 -3.840784e+00 -3.168733e+00 1.467155e+00 -1.153030e+00 1.060922e-02 2.942372e-02 5.119529e-02 -4.133929e-02 -2.132145e-04 4.759932e-02 -2.140360e-02 4.413478e-02 -3.170828e-02 1.967118e-02 3.443750e-02 -2.129919e-02 -2.164699e-03
<VARIANCE> 25
 1.324424e+01 2.861692e+01 4.098462e+01 4.469801e+01 3.768336e+01 5.364496e+01 4.142596e+01 4.380282e+01 3.948546e+01 4.184767e+01 4.201959e+01 3.064705e+01 8.338774e-02 1.849757e-01 3.404061e-01 2.919618e-01 3.733171e-01 4.264789e-01 4.792147e-01 5.000939e-01 5.135577e-01 4.519521e-01 4.236061e-01 4.023054e-01 8.898766e-05
<GCONST> 6.677978e+01
<MIXTURE> 106 4.710235e-03
<MEAN> 25
 2.236331e+00 -1.535607e+00 9.194709e+00 -2.674158e+00 -1.161882e+01 -5.070493e+00 -4.238904e+00 -7.033898e-01 -3.840784e+00 -3.168733e+00 1.467155e+00 -1.153030e+00 1.060922e-02 2.942372e-02 5.119529e-02 -4.133929e-02 -2.132145e-04 4.759932e-02 -2.140360e-02 4.413478e-02 -3.170828e-02 1.967118e-02 3.443750e-02 -2.129919e-02 -2.164699e-03
<VARIANCE> 25
 1.324424e+01 2.861692e+01 4.098462e+01 4.469801e+01 3.768336e+01 5.364496e+01 4.142596e+01 4.380282e+01 3.948546e+01 4.184767e+01 4.201959e+01 3.064705e+01 8.338774e-02 1.849757e-01 3.404061e-01 2.919618e-01 3.733171e-01 4.264789e-01 4.792147e-01 5.000939e-01 5.135577e-01 4.519521e-01 4.236061e-01 4.023054e-01 8.898766e-05
<GCONST> 6.677978e+01
<MIXTURE> 107 5.452374e-03
<MEAN> 25
 8.236723e+00 -2.437960e+00 -7.438334e+00 -9.294814e+00 1.611893e+00 2.301406e+00 -9.038278e+00 -5.225029e+00 -1.537281e+00 3.662834e+00 1.423205e+00 -5.314248e+00 -5.875986e-01 -8.022622e-01 1.001177e+00 1.790907e+00 2.133500e-01 -2.053925e+00 -1.080963e+00 9.202309e-01 1.737655e+00 2.566427e-01 -1.749847e+00 -9.556323e-01 -2.544582e-03
<VARIANCE> 25
 9.816696e+00 1.873478e+01 2.878525e+01 4.106157e+01 3.337426e+01 3.970810e+01 4.971176e+01 3.718671e+01 4.495089e+01 3.874534e+01 5.069448e+01 2.866086e+01 3.370818e-01 9.019252e-01 1.575429e+00 2.342436e+00 2.078449e+00 2.855748e+00 2.780833e+00 2.606721e+00 2.109997e+00 3.509550e+00 1.892978e+00 2.263976e+00 6.496410e-04
<GCONST> 8.768701e+01
<MIXTURE> 108 5.452374e-03
<MEAN> 25
 8.236723e+00 -2.437960e+00 -7.438334e+00 -9.294814e+00 1.611893e+00 2.301406e+00 -9.038278e+00 -5.225029e+00 -1.537281e+00 3.662834e+00 1.423205e+00 -5.314248e+00 -5.875986e-01 -8.022622e-01 1.001177e+00 1.790907e+00 2.133500e-01 -2.053925e+00 -1.080963e+00 9.202309e-01 1.737655e+00 2.566427e-01 -1.749847e+00 -9.556323e-01 -2.544582e-03
<VARIANCE> 25
 9.816696e+00 1.873478e+01 2.878525e+01 4.106157e+01 3.337426e+01 3.970810e+01 4.971176e+01 3.718671e+01 4.495089e+01 3.874534e+01 5.069448e+01 2.866086e+01 3.370818e-01 9.019252e-01 1.575429e+00 2.342436e+00 2.078449e+00 2.855748e+00 2.780833e+00 2.606721e+00 2.109997e+00 3.509550e+00 1.892978e+00 2.263976e+00 6.496410e-04
<GCONST> 8.768701e+01
<MIXTURE> 109 6.661064e-03
<MEAN> 25
 4.104624e+00 -1.055428e+01 -8.189287e+00 -1.410087e+00 2.655297e+00 -1.529531e-01 -3.334250e-01 1.693745e+00 -2.667867e+00 -8.166353e+00 -5.484986e+00 -7.228721e-02 -3.303665e-02 -1.271695e-01 -2.571888e-02 2.518221e-01 1.895638e-01 1.065584e-01 -1.440313e-01 -8.674981e-02 -7.838272e-02 -1.122451e-01 2.112869e-01 1.721305e-02 -3.642516e-03
<VARIANCE> 25
 8.960060e+00 1.788305e+01 2.040573e+01 3.107111e+01 4.067999e+01 3.681985e+01 4.966693e+01 3.693340e+01 4.580547e+01 3.707775e+01 2.962729e+01 2.873329e+01 1.896563e-01 4.170885e-01 5.320183e-01 6.235143e-01 1.212635e+00 9.849727e-01 1.255289e+00 1.094157e+00 1.179625e+00 9.559527e-01 8.664742e-01 8.718067e-01 1.799175e-04
<GCONST> 7.455722e+01
<MIXTURE> 110 6.661064e-03
<MEAN> 25
 4.104624e+00 -1.055428e+01 -8.189287e+00 -1.410087e+00 2.655297e+00 -1.529531e-01 -3.334250e-01 1.693745e+00 -2.667867e+00 -8.166353e+00 -5.484986e+00 -7.228721e-02 -3.303665e-02 -1.271695e-01 -2.571888e-02 2.518221e-01 1.895638e-01 1.065584e-01 -1.440313e-01 -8.674981e-02 -7.838272e-02 -1.122451e-01 2.112869e-01 1.721305e-02 -3.642516e-03
<VARIANCE> 25
 8.960060e+00 1.788305e+01 2.040573e+01 3.107111e+01 4.067999e+01 3.681985e+01 4.966693e+01 3.693340e+01 4.580547e+01 3.707775e+01 2.962729e+01 2.873329e+01 1.896563e-01 4.170885e-01 5.320183e-01 6.235143e-01 1.212635e+00 9.849727e-01 1.255289e+00 1.094157e+00 1.179625e+00 9.559527e-01 8.664742e-01 8.718067e-01 1.799175e-04
<GCONST> 7.455722e+01
<MIXTURE> 111 4.337247e-03
<MEAN> 25
 -4.473809e+00 -9.066863e-01 -1.720670e+00 1.688402e+00 9.650168e-01 9.645872e-01 3.148467e-01 2.111372e-01 8.959147e-02 -5.414221e-01 -6.298919e-01 1.964780e+00 -2.108341e-02 -3.249847e-02 -7.234382e-02 -7.351949e-02 -3.721521e-02 6.517828e-03 -1.127662e-03 -5.936761e-02 -1.404633e-01 -2.029003e-01 -1.900944e-01 -1.063578e-01 -2.147706e-04
<VARIANCE> 25
 7.000995e+00 4.978739e+00 1.021430e+01 9.408270e+00 1.311009e+01 2.384145e+01 1.466971e+01 1.316719e+01 1.160493e+01 1.191167e+01 1.362812e+01 1.158880e+01 7.917789e-02 1.635732e-01 2.752694e-01 4.205121e-01 5.695408e-01 7.056065e-01 8.006217e-01 8.584247e-01 8.929492e-01 8.559526e-01 8.621395e-01 8.479145e-01 2.231612e-05
<GCONST> 5.598120e+01
<MIXTURE> 112 4.337247e-03
<MEAN> 25
 -4.473809e+00 -9.066863e-01 -1.720670e+00 1.688402e+00 9.650168e-01 9.645872e-01 3.148467e-01 2.111372e-01 8.959147e-02 -5.414221e-01 -6.298919e-01 1.964780e+00 -2.108341e-02 -3.249847e-02 -7.234382e-02 -7.351949e-02 -3.721521e-02 6.517828e-03 -1.127662e-03 -5.936761e-02 -1.404633e-01 -2.029003e-01 -1.900944e-01 -1.063578e-01 -2.147706e-04
<VARIANCE> 25
 7.000995e+00 4.978739e+00 1.021430e+01 9.408270e+00 1.311009e+01 2.384145e+01 1.466971e+01 1.316719e+01 1.160493e+01 1.191167e+01 1.362812e+01 1.158880e+01 7.917789e-02 1.635732e-01 2.752694e-01 4.205121e-01 5.695408e-01 7.056065e-01 8.006217e-01 8.584247e-01 8.929492e-01 8.559526e-01 8.621395e-01 8.479145e-01 2.231612e-05
<GCONST> 5.598120e+01
<MIXTURE> 113 5.938666e-03
<MEAN> 25
 9.692334e+00 1.492087e+00 -8.505048e+00 -1.743184e+01 -9.970155e-01 5.995474e+00 -4.895875e+00 -1.721010e+00 -5.592663e+00 -7.556413e-01 2.956802e-01 -5.046445e-01 2.514640e-02 -6.214918e-03 -6.458701e-02 -8.452234e-02 1.158774e-01 1.420588e-01 4.942373e-02 4.910044e-02 -7.082134e-02 -1.599821e-02 1.959454e-01 1.479900e-02 -2.062771e-03
<VARIANCE> 25
 1.004187e+01 1.696197e+01 2.975965e+01 3.545715e+01 5.029137e+01 3.445776e+01 4.070587e+01 3.858847e+01 3.583583e+01 4.554630e+01 3.461829e+01 2.893691e+01 1.252284e-01 3.318051e-01 3.045050e-01 6.232160e-01 5.872889e-01 6.243101e-01 7.429364e-01 8.114610e-01 9.216548e-01 8.946229e-01 7.038350e-01 6.899306e-01 1.322826e-04
<GCONST> 7.097219e+01
<MIXTURE> 114 5.938666e-03
<MEAN> 25
 9.692334e+00 1.492087e+00 -8.505048e+00 -1.743184e+01 -9.970155e-01 5.995474e+00 -4.895875e+00 -1.721010e+00 -5.592663e+00 -7.556413e-01 2.956802e-01 -5.046445e-01 2.514640e-02 -6.214918e-03 -6.458701e-02 -8.452234e-02 1.158774e-01 1.420588e-01 4.942373e-02 4.910044e-02 -7.082134e-02 -1.599821e-02 1.959454e-01 1.479900e-02 -2.062771e-03
<VARIANCE> 25
 1.004187e+01 1.696197e+01 2.975965e+01 3.545715e+01 5.029137e+01 3.445776e+01 4.070587e+01 3.858847e+01 3.583583e+01 4.554630e+01 3.461829e+01 2.893691e+01 1.252284e-01 3.318051e-01 3.045050e-01 6.232160e-01 5.872889e-01 6.243101e-01 7.429364e-01 8.114610e-01 9.216548e-01 8.946229e-01 7.038350e-01 6.899306e-01 1.322826e-04
<GCONST> 7.097219e+01
<MIXTURE> 115 2.935202e-03
<MEAN> 25
 -4.031486e+00 -7.524096e-01 -3.107587e+00 3.657311e+00 2.413788e+00 -4.272923e-01 2.235537e+00 4.129651e-01 1.389001e+00 -1.970719e-02 4.064025e-02 2.687847e+00 3.158474e-02 -7.214348e-02 -2.307313e-01 -4.386047e-01 -6.332763e-01 -6.701884e-01 -5.921563e-01 -5.094566e-01 -4.867415e-01 -4.566665e-01 -3.436802e-01 -1.648257e-01 -3.046120e-06
<VARIANCE> 25
 9.266302e+00 9.889199e+00 1.353505e+01 1.270463e+01 1.348831e+01 1.756168e+01 1.708515e+01 2.080524e+01 1.793416e+01 1.721174e+01 1.919403e+01 1.466435e+01 2.037515e-01 3.456163e-01 4.855269e-01 5.616685e-01 6.344073e-01 7.982658e-01 1.008013e+00 1.130996e+00 1.075135e+00 9.943442e-01 1.025480e+00 1.064876e+00 1.000170e-06
<GCONST> 6.016280e+01
<MIXTURE> 116 2.935202e-03
<MEAN> 25
 -4.031486e+00 -7.524096e-01 -3.107587e+00 3.657311e+00 2.413788e+00 -4.272923e-01 2.235537e+00 4.129651e-01 1.389001e+00 -1.970719e-02 4.064025e-02 2.687847e+00 3.158474e-02 -7.214348e-02 -2.307313e-01 -4.386047e-01 -6.332763e-01 -6.701884e-01 -5.921563e-01 -5.094566e-01 -4.867415e-01 -4.566665e-01 -3.436802e-01 -1.648257e-01 -3.046120e-06
<VARIANCE> 25
 9.266302e+00 9.889199e+00 1.353505e+01 1.270463e+01 1.348831e+01 1.756168e+01 1.708515e+01 2.080524e+01 1.793416e+01 1.721174e+01 1.919403e+01 1.466435e+01 2.037515e-01 3.456163e-01 4.855269e-01 5.616685e-01 6.344073e-01 7.982658e-01 1.008013e+00 1.130996e+00 1.075135e+00 9.943442e-01 1.025480e+00 1.064876e+00 1.000170e-06
<GCONST> 6.016280e+01
<MIXTURE> 117 6.506003e-03
<MEAN> 25
 -4.592983e+00 1.219340e+00 1.152247e+00 9.722693e+00 6.238854e+00 6.255190e+00 6.407763e+00 4.987807e+00 6.502968e+00 4.793858e+00 6.214643e+00 2.725943e+00 -7.921316e-02 -2.415665e-01 -3.213860e-01 -4.185087e-01 -3.509142e-01 -2.809724e-01 -2.959945e-01 -3.135767e-01 -3.743866e-01 -3.849514e-01 -2.638204e-01 -5.586606e-02 -1.920649e-05
<VARIANCE> 25
 7.063210e+00 9.809341e+00 9.815438e+00 1.393358e+01 1.522907e+01 1.491564e+01 1.730635e+01 1.753225e+01 1.642490e+01 1.642145e+01 1.693584e+01 1.430529e+01 2.105590e-01 3.013842e-01 4.683534e-01 6.070490e-01 8.459873e-01 1.038798e+00 1.151892e+00 1.218205e+00 1.209864e+00 1.169606e+00 1.132635e+00 1.203196e+00 1.000924e-06
<GCONST> 6.036827e+01
<MIXTURE> 118 6.506003e-03
<MEAN> 25
 -4.592983e+00 1.219340e+00 1.152247e+00 9.722693e+00 6.238854e+00 6.255190e+00 6.407763e+00 4.987807e+00 6.502968e+00 4.793858e+00 6.214643e+00 2.725943e+00 -7.921316e-02 -2.415665e-01 -3.213860e-01 -4.185087e-01 -3.509142e-01 -2.809724e-01 -2.959945e-01 -3.135767e-01 -3.743866e-01 -3.849514e-01 -2.638204e-01 -5.586606e-02 -1.920649e-05
<VARIANCE> 25
 7.063210e+00 9.809341e+00 9.815438e+00 1.393358e+01 1.522907e+01 1.491564e+01 1.730635e+01 1.753225e+01 1.642490e+01 1.642145e+01 1.693584e+01 1.430529e+01 2.105590e-01 3.013842e-01 4.683534e-01 6.070490e-01 8.459873e-01 1.038798e+00 1.151892e+00 1.218205e+00 1.209864e+00 1.169606e+00 1.132635e+00 1.203196e+00 1.000924e-06
<GCONST> 6.036827e+01
<MIXTURE> 119 4.297961e-03
<MEAN> 25
 -4.732039e+00 -7.431263e+00 2.616969e+00 3.575454e+00 2.501341e+00 1.383079e-01 5.589168e+00 5.997600e+00 2.502055e+00 5.479282e-01 5.712066e+00 1.895723e+00 -6.362694e-02 -1.295543e-01 -4.590041e-03 -1.395871e-01 -3.401187e-02 -2.311208e-01 -6.000835e-02 2.173787e-02 -6.869417e-02 -6.218303e-02 -1.518632e-01 -1.931226e-02 3.284437e-03
<VARIANCE> 25
 7.270364e+00 8.700049e+00 1.463263e+01 2.655496e+01 2.057531e+01 2.072422e+01 2.173646e+01 2.266861e+01 2.806012e+01 2.466334e+01 2.038682e+01 1.862111e+01 1.369838e-01 2.672611e-01 4.014316e-01 7.016906e-01 7.941153e-01 1.054260e+00 9.982668e-01 1.259723e+00 1.159634e+00 1.172956e+00 1.065993e+00 1.227312e+00 2.175959e-04
<GCONST> 6.841130e+01
<MIXTURE> 120 4.297961e-03
<MEAN> 25
 -4.732039e+00 -7.431263e+00 2.616969e+00 3.575454e+00 2.501341e+00 1.383079e-01 5.589168e+00 5.997600e+00 2.502055e+00 5.479282e-01 5.712066e+00 1.895723e+00 -6.362694e-02 -1.295543e-01 -4.590041e-03 -1.395871e-01 -3.401187e-02 -2.311208e-01 -6.000835e-02 2.173787e-02 -6.869417e-02 -6.218303e-02 -1.518632e-01 -1.931226e-02 3.284437e-03
<VARIANCE> 25
 7.270364e+00 8.700049e+00 1.463263e+01 2.655496e+01 2.057531e+01 2.072422e+01 2.173646e+01 2.266861e+01 2.806012e+01 2.466334e+01 2.038682e+01 1.862111e+01 1.369838e-01 2.672611e-01 4.014316e-01 7.016906e-01 7.941153e-01 1.054260e+00 9.982668e-01 1.259723e+00 1.159634e+00 1.172956e+00 1.065993e+00 1.227312e+00 2.175959e-04
<GCONST> 6.841130e+01
<MIXTURE> 121 4.567511e-03
<MEAN> 25
 2.273926e-01 -2.554911e+00 5.083365e+00 -1.303970e+01 -1.251154e+01 -1.507333e+00 1.024917e+00 -5.119074e+00 -4.180585e+00 -5.498504e-01 -5.479747e+00 -4.319008e+00 2.308824e-02 1.397913e-01 -4.907155e-02 7.963707e-02 1.645223e-01 7.678153e-02 -7.506792e-02 -1.865968e-01 -2.654011e-01 -2.632702e-01 -9.888689e-02 -8.456862e-03 -7.741046e-03
<VARIANCE> 25
 7.682027e+00 1.551683e+01 1.751141e+01 2.180022e+01 2.573922e+01 3.113360e+01 2.927789e+01 2.432283e+01 3.493198e+01 2.833990e+01 1.960143e+01 2.096185e+01 1.574077e-01 6.427215e-01 6.213468e-01 6.971291e-01 7.657424e-01 1.137402e+00 1.108782e+00 1.109789e+00 1.205531e+00 1.185264e+00 9.530814e-01 8.706275e-01 2.176580e-04
<GCONST> 7.152239e+01
<MIXTURE> 122 4.567511e-03
<MEAN> 25
 2.273926e-01 -2.554911e+00 5.083365e+00 -1.303970e+01 -1.251154e+01 -1.507333e+00 1.024917e+00 -5.119074e+00 -4.180585e+00 -5.498504e-01 -5.479747e+00 -4.319008e+00 2.308824e-02 1.397913e-01 -4.907155e-02 7.963707e-02 1.645223e-01 7.678153e-02 -7.506792e-02 -1.865968e-01 -2.654011e-01 -2.632702e-01 -9.888689e-02 -8.456862e-03 -7.741046e-03
<VARIANCE> 25
 7.682027e+00 1.551683e+01 1.751141e+01 2.180022e+01 2.573922e+01 3.113360e+01 2.927789e+01 2.432283e+01 3.493198e+01 2.833990e+01 1.960143e+01 2.096185e+01 1.574077e-01 6.427215e-01 6.213468e-01 6.971291e-01 7.657424e-01 1.137402e+00 1.108782e+00 1.109789e+00 1.205531e+00 1.185264e+00 9.530814e-01 8.706275e-01 2.176580e-04
<GCONST> 7.152239e+01
<MIXTURE> 123 4.393044e-03
<MEAN> 25
 -3.966349e+00 1.032529e+00 -1.138205e-01 5.934190e+00 5.661653e+00 3.919285e+00 3.336577e+00 -1.221115e-02 6.461535e-01 -2.905523e-01 1.039648e-01 9.316404e-01 -4.440605e-01 -7.504675e-01 -8.482248e-01 -5.664967e-01 -2.671361e-01 1.252024e-01 3.211496e-01 5.320445e-01 9.016960e-01 8.002189e-01 7.540876e-01 5.069636e-01 -3.028062e-03
<VARIANCE> 25
 1.128049e+01 1.053471e+01 1.609392e+01 1.741434e+01 2.343090e+01 2.826213e+01 2.076199e+01 2.168835e+01 1.998755e+01 1.754009e+01 2.123563e+01 1.881233e+01 3.721125e-01 3.502340e-01 4.879553e-01 7.860380e-01 9.318038e-01 1.188518e+00 1.202412e+00 1.382674e+00 1.281513e+00 1.135512e+00 1.229530e+00 1.144856e+00 9.496207e-05
<GCONST> 6.988511e+01
<MIXTURE> 124 4.069876e-03
<MEAN> 25
 -6.549445e+00 -1.226179e+00 -2.899405e+00 5.119486e+00 4.973242e+00 3.391711e+00 5.392015e+00 2.574193e+00 3.201087e+00 1.266903e+00 1.133313e+00 3.053686e+00 -2.032085e-01 -3.220751e-01 -3.635474e-01 -2.158445e-01 1.265555e-01 5.176146e-01 8.085808e-01 8.563065e-01 6.573006e-01 3.281860e-01 6.936615e-02 -2.216150e-02 3.652450e-05
<VARIANCE> 25
 1.102327e+01 7.056049e+00 1.126074e+01 1.245948e+01 1.211808e+01 1.976742e+01 1.549435e+01 1.709980e+01 1.541649e+01 1.606838e+01 1.913602e+01 1.446599e+01 1.052080e-01 1.687008e-01 2.703538e-01 4.173604e-01 5.940760e-01 7.079103e-01 7.525588e-01 8.187000e-01 9.112341e-01 9.778927e-01 1.009606e+00 9.916734e-01 1.820709e-05
<GCONST> 5.884699e+01
<MIXTURE> 125 4.069876e-03
<MEAN> 25
 -6.549445e+00 -1.226179e+00 -2.899405e+00 5.119486e+00 4.973242e+00 3.391711e+00 5.392015e+00 2.574193e+00 3.201087e+00 1.266903e+00 1.133313e+00 3.053686e+00 -2.032085e-01 -3.220751e-01 -3.635474e-01 -2.158445e-01 1.265555e-01 5.176146e-01 8.085808e-01 8.563065e-01 6.573006e-01 3.281860e-01 6.936615e-02 -2.216150e-02 3.652450e-05
<VARIANCE> 25
 1.102327e+01 7.056049e+00 1.126074e+01 1.245948e+01 1.211808e+01 1.976742e+01 1.549435e+01 1.709980e+01 1.541649e+01 1.606838e+01 1.913602e+01 1.446599e+01 1.052080e-01 1.687008e-01 2.703538e-01 4.173604e-01 5.940760e-01 7.079103e-01 7.525588e-01 8.187000e-01 9.112341e-01 9.778927e-01 1.009606e+00 9.916734e-01 1.820709e-05
<GCONST> 5.884699e+01
<MIXTURE> 126 2.402244e-03
<MEAN> 25
 -3.790918e+00 -6.940076e+00 -5.204244e+00 2.411716e+00 4.314941e+00 -3.198361e+00 1.200553e-01 3.592263e+00 3.385520e+00 -2.689348e+00 -1.419298e+00 3.071908e+00 -1.441446e-03 -2.266329e-03 -4.123944e-02 -1.625538e-01 -3.179038e-01 -3.884118e-01 -2.687147e-01 -1.551318e-01 -1.063933e-01 -1.102763e-01 -1.025710e-01 -2.841878e-02 -1.463622e-03
<VARIANCE> 25
 7.378737e+00 1.251270e+01 1.431011e+01 1.579805e+01 2.477837e+01 2.368496e+01 2.283980e+01 2.838420e+01 3.121781e+01 2.600439e+01 2.159887e+01 1.916188e+01 1.698545e-01 3.538803e-01 4.835729e-01 5.710163e-01 7.503495e-01 9.873971e-01 1.124042e+00 1.259629e+00 1.325445e+00 1.308918e+00 1.208585e+00 1.145150e+00 2.099791e-04
<GCONST> 6.982388e+01
<MIXTURE> 127 2.402244e-03
<MEAN> 25
 -3.790918e+00 -6.940076e+00 -5.204244e+00 2.411716e+00 4.314941e+00 -3.198361e+00 1.200553e-01 3.592263e+00 3.385520e+00 -2.689348e+00 -1.419298e+00 3.071908e+00 -1.441446e-03 -2.266329e-03 -4.123944e-02 -1.625538e-01 -3.179038e-01 -3.884118e-01 -2.687147e-01 -1.551318e-01 -1.063933e-01 -1.102763e-01 -1.025710e-01 -2.841878e-02 -1.463622e-03
<VARIANCE> 25
 7.378737e+00 1.251270e+01 1.431011e+01 1.579805e+01 2.477837e+01 2.368496e+01 2.283980e+01 2.838420e+01 3.121781e+01 2.600439e+01 2.159887e+01 1.916188e+01 1.698545e-01 3.538803e-01 4.835729e-01 5.710163e-01 7.503495e-01 9.873971e-01 1.124042e+00 1.259629e+00 1.325445e+00 1.308918e+00 1.208585e+00 1.145150e+00 2.099791e-04
<GCONST> 6.982388e+01
<MIXTURE> 128 3.790457e-03
<MEAN> 25
 -3.794538e+00 1.619533e+00 -3.790453e-01 6.284471e+00 3.717623e+00 2.087574e+00 3.790862e+00 2.245314e+00 3.967860e+00 3.640226e+00 3.547074e+00 3.474902e+00 -3.848811e-01 -2.301550e-01 7.988600e-02 7.921602e-01 1.219922e+00 1.076046e+00 6.485392e-01 6.013421e-02 -4.347654e-01 -7.498074e-01 -6.819072e-01 -4.053840e-01 -2.682488e-05
<VARIANCE> 25
 1.046706e+01 1.262121e+01 1.490579e+01 2.190307e+01 1.978370e+01 2.207608e+01 2.467950e+01 2.445064e+01 2.561450e+01 2.313817e+01 2.738494e+01 1.820976e+01 8.645201e-01 1.136465e+00 1.333189e+00 1.587441e+00 1.579531e+00 1.945378e+00 2.309325e+00 2.463869e+00 2.088137e+00 1.863485e+00 1.708520e+00 1.715430e+00 1.059216e-06
<GCONST> 7.396684e+01
<TRANSP> 3
 0.000000e+00 1.000000e+00 0.000000e+00
 0.000000e+00 9.999990e-01 9.999998e-07
 0.000000e+00 0.000000e+00 0.000000e+00
<ENDHMM>
