~o
<STREAMINFO> 1 25
<VECSIZE> 25<NULLD><MFCC_E_D_N><DIAGC>
~h "jmodel"
<BEGINHMM>
<NUMSTATES> 3
<STATE> 2
<NUMMIXES> 128
<MIXTURE> 1 5.748963e-03
<MEAN> 25
 -2.551058e+00 3.292559e+00 2.162857e+00 8.574407e+00 4.307061e+00 3.394603e+00 4.005723e+00 3.741259e+00 5.946688e+00 5.416902e+00 6.030599e+00 3.036211e+00 -1.996291e+00 -1.526189e+00 -8.043708e-01 1.087624e+00 1.518974e+00 2.228150e+00 2.091666e+00 2.057618e+00 1.725610e+00 1.245575e+00 1.574993e+00 6.826282e-01 -4.771188e-02
<VARIANCE> 25
 9.847375e+00 1.198230e+01 1.533023e+01 1.929914e+01 2.271378e+01 2.164911e+01 2.140652e+01 2.266068e+01 2.087261e+01 2.296430e+01 2.126031e+01 1.670024e+01 1.746957e+00 2.484190e+00 3.088226e+00 3.141047e+00 3.698476e+00 3.265507e+00 3.372064e+00 3.321724e+00 3.483473e+00 3.644839e+00 3.426936e+00 2.947039e+00 3.085435e-03
<GCONST> 8.855442e+01
<MIXTURE> 2 4.549242e-03
<MEAN> 25
 -4.893926e+00 2.155856e+00 8.340764e-01 9.745517e+00 6.751300e+00 7.739491e+00 7.879264e+00 6.231533e+00 8.516597e+00 5.943839e+00 7.356347e+00 3.465610e+00 -8.525551e-02 7.055233e-02 1.749894e-01 2.308964e-01 1.611334e-01 2.117296e-01 2.799770e-01 3.127621e-01 4.638592e-01 2.112618e-01 1.780673e-01 9.810774e-02 -2.199833e-05
<VARIANCE> 25
 6.249491e+00 1.324364e+01 9.748268e+00 1.441378e+01 1.552140e+01 1.647564e+01 1.564211e+01 2.060710e+01 1.585215e+01 1.806875e+01 1.706690e+01 1.463197e+01 1.184272e-01 2.168773e-01 3.177784e-01 4.343303e-01 7.051109e-01 7.797447e-01 8.474929e-01 9.063595e-01 1.103377e+00 1.138278e+00 1.015380e+00 9.241644e-01 1.088979e-06
<GCONST> 5.773558e+01
<MIXTURE> 3 4.549242e-03
<MEAN> 25
 -4.893926e+00 2.155856e+00 8.340764e-01 9.745517e+00 6.751300e+00 7.739491e+00 7.879264e+00 6.231533e+00 8.516597e+00 5.943839e+00 7.356347e+00 3.465610e+00 -8.525551e-02 7.055233e-02 1.749894e-01 2.308964e-01 1.611334e-01 2.117296e-01 2.799770e-01 3.127621e-01 4.638592e-01 2.112618e-01 1.780673e-01 9.810774e-02 -2.199833e-05
<VARIANCE> 25
 6.249491e+00 1.324364e+01 9.748268e+00 1.441378e+01 1.552140e+01 1.647564e+01 1.564211e+01 2.060710e+01 1.585215e+01 1.806875e+01 1.706690e+01 1.463197e+01 1.184272e-01 2.168773e-01 3.177784e-01 4.343303e-01 7.051109e-01 7.797447e-01 8.474929e-01 9.063595e-01 1.103377e+00 1.138278e+00 1.015380e+00 9.241644e-01 1.088979e-06
<GCONST> 5.773558e+01
<MIXTURE> 4 1.671429e-02
<MEAN> 25
 2.823545e+00 2.970557e+00 -5.148339e+00 6.755455e-01 4.303416e+00 1.784239e+00 1.888073e+00 -1.120614e+00 2.542768e+00 2.404240e+00 -6.759530e-01 3.770239e-01 -2.475443e+00 1.929895e+00 1.415680e+00 3.245281e+00 7.401503e-01 2.840416e-01 1.680254e+00 6.617543e-01 1.609900e+00 3.245695e-01 1.849643e+00 1.333995e+00 -1.183066e-01
<VARIANCE> 25
 1.814340e+01 2.864646e+01 2.894403e+01 2.931160e+01 3.427144e+01 7.276907e+01 6.748044e+01 4.304933e+01 4.906036e+01 4.974376e+01 4.708100e+01 3.017364e+01 1.846363e+00 4.725007e+00 3.078542e+00 4.089455e+00 3.777266e+00 5.019984e+00 5.045630e+00 5.042052e+00 6.632792e+00 4.855353e+00 5.212208e+00 3.692206e+00 5.019198e-03
<GCONST> 1.018107e+02
<MIXTURE> 5 3.206198e-03
<MEAN> 25
 -3.423126e+00 2.216424e+00 6.037977e-01 9.425465e+00 6.703846e+00 6.352221e+00 7.116203e+00 4.700624e+00 5.509376e+00 3.842063e+00 4.658676e+00 2.635044e+00 -3.242709e-01 7.509261e-01 1.221181e+00 1.029780e+00 3.023046e-01 -1.022407e-01 -8.262145e-02 3.543585e-02 4.657106e-01 6.735414e-01 3.990737e-01 8.765995e-02 -3.174074e-05
<VARIANCE> 25
 1.020646e+01 1.411211e+01 2.337789e+01 2.549217e+01 2.013256e+01 1.963115e+01 2.002942e+01 2.036145e+01 2.136618e+01 2.125404e+01 2.398114e+01 1.645177e+01 1.203970e+00 1.238976e+00 1.353136e+00 1.667656e+00 2.281033e+00 2.365370e+00 2.290498e+00 2.264849e+00 2.317495e+00 2.249594e+00 2.080986e+00 1.864875e+00 1.011537e-06
<GCONST> 7.514231e+01
<MIXTURE> 6 5.475854e-03
<MEAN> 25
 9.443069e+00 -6.970733e-01 -6.954043e+00 -1.074160e+01 -1.850903e+00 6.633006e+00 -6.259227e+00 -4.682874e+00 -4.085933e+00 2.275882e+00 4.473572e+00 -1.969786e+00 4.569875e-01 8.816712e-01 -2.721814e-01 -1.403579e+00 -5.544013e-01 1.308691e+00 1.382710e+00 2.276115e-01 -1.163745e+00 -1.195326e+00 3.412074e-01 1.242537e+00 -9.268852e-03
<VARIANCE> 25
 8.863324e+00 1.641990e+01 2.679602e+01 3.693605e+01 3.539506e+01 3.194368e+01 4.715477e+01 3.946224e+01 4.100565e+01 4.234587e+01 3.897527e+01 3.110606e+01 2.968592e-01 7.853798e-01 9.542348e-01 1.878854e+00 1.598438e+00 2.081043e+00 2.007560e+00 1.992732e+00 2.490888e+00 2.013970e+00 2.304149e+00 1.344476e+00 5.655200e-04
<GCONST> 8.392577e+01
<MIXTURE> 7 5.475854e-03
<MEAN> 25
 9.443069e+00 -6.970733e-01 -6.954043e+00 -1.074160e+01 -1.850903e+00 6.633006e+00 -6.259227e+00 -4.682874e+00 -4.085933e+00 2.275882e+00 4.473572e+00 -1.969786e+00 4.569875e-01 8.816712e-01 -2.721814e-01 -1.403579e+00 -5.544013e-01 1.308691e+00 1.382710e+00 2.276115e-01 -1.163745e+00 -1.195326e+00 3.412074e-01 1.242537e+00 -9.268852e-03
<VARIANCE> 25
 8.863324e+00 1.641990e+01 2.679602e+01 3.693605e+01 3.539506e+01 3.194368e+01 4.715477e+01 3.946224e+01 4.100565e+01 4.234587e+01 3.897527e+01 3.110606e+01 2.968592e-01 7.853798e-01 9.542348e-01 1.878854e+00 1.598438e+00 2.081043e+00 2.007560e+00 1.992732e+00 2.490888e+00 2.013970e+00 2.304149e+00 1.344476e+00 5.655200e-04
<GCONST> 8.392577e+01
<MIXTURE> 8 1.165917e-02
<MEAN> 25
 -4.366884e+00 1.973346e+00 1.134896e+00 9.334903e+00 6.270232e+00 6.119444e+00 5.953892e+00 4.982456e+00 6.830003e+00 5.745723e+00 6.614065e+00 3.250162e+00 -5.902728e-01 -1.493564e+00 -1.111970e+00 -1.824876e+00 -6.323759e-02 -7.810693e-01 -1.873298e-01 -2.246124e-01 -4.781751e-01 -1.998529e-01 -3.670825e-01 1.896931e-01 9.750715e-02
<VARIANCE> 25
 1.021713e+01 1.351937e+01 1.105959e+01 1.550973e+01 1.650459e+01 1.481606e+01 2.005733e+01 2.208853e+01 1.613033e+01 1.628855e+01 1.753359e+01 1.312601e+01 2.578149e+00 2.663803e+00 3.664287e+00 3.595898e+00 3.540560e+00 3.391133e+00 2.905275e+00 2.904808e+00 3.279105e+00 2.471242e+00 2.540250e+00 1.902912e+00 6.250919e-03
<GCONST> 8.633928e+01
<MIXTURE> 9 1.199672e-02
<MEAN> 25
 9.304353e+00 3.026022e+00 -5.755285e+00 -1.078693e+01 -1.721566e+00 4.299796e+00 -3.047124e+00 -1.970214e+00 -5.994462e+00 -1.387521e-01 9.829173e-01 -7.824147e-02 1.449293e+00 -1.227746e-01 -2.155662e-01 -2.677818e+00 -1.700210e+00 7.476599e-01 -1.123926e+00 -2.901378e-01 -3.052211e-01 -3.570486e-01 5.871665e-01 -3.440923e-01 7.042355e-02
<VARIANCE> 25
 1.116403e+01 2.046091e+01 3.273366e+01 4.859734e+01 4.784178e+01 3.320724e+01 4.577415e+01 4.780191e+01 4.112913e+01 4.756354e+01 3.438315e+01 2.456204e+01 1.927110e+00 2.211658e+00 4.885548e+00 4.418348e+00 4.573869e+00 4.000244e+00 4.081623e+00 5.461339e+00 4.688718e+00 4.153444e+00 3.634956e+00 2.841640e+00 2.068157e-03
<GCONST> 9.778480e+01
<MIXTURE> 10 6.596976e-03
<MEAN> 25
 8.284982e-01 7.644217e+00 5.315180e+00 7.113427e+00 1.587077e+00 -2.105175e+00 -5.105945e-01 -1.710879e+00 9.145915e-01 8.774805e-01 8.676401e-01 6.594499e-01 -1.924745e+00 -6.496197e-01 -4.511583e-01 3.023801e+00 2.444709e+00 2.701243e+00 2.368199e+00 2.257829e+00 1.879696e+00 1.536041e+00 2.342370e+00 5.364538e-01 -1.380578e-01
<VARIANCE> 25
 1.946484e+01 2.063231e+01 2.279018e+01 2.907871e+01 3.807429e+01 3.475063e+01 3.494755e+01 3.375447e+01 2.771688e+01 2.900763e+01 2.700750e+01 2.487641e+01 2.221161e+00 3.502885e+00 5.513720e+00 5.141279e+00 5.572767e+00 4.456093e+00 4.680197e+00 4.883067e+00 4.418388e+00 5.004147e+00 4.426637e+00 3.194756e+00 2.690586e-03
<GCONST> 9.746369e+01
<MIXTURE> 11 1.633820e-02
<MEAN> 25
 8.064600e+00 3.924442e+00 3.938251e+00 4.837842e+00 -2.963937e+00 -2.323373e+00 -2.858814e+00 -5.929524e+00 -3.385778e+00 4.816192e-01 -2.964602e+00 -1.744191e+00 -3.142139e-01 4.002531e-01 1.956285e-01 4.391631e-01 4.938433e-01 -7.250185e-03 4.392055e-01 -2.491879e-01 3.547916e-03 -2.231637e-01 -1.301264e-01 3.008074e-01 -1.764511e-02
<VARIANCE> 25
 9.486340e+00 2.463776e+01 2.029046e+01 3.155796e+01 3.797692e+01 3.709791e+01 4.730170e+01 4.532629e+01 4.139922e+01 3.454642e+01 3.387287e+01 3.026700e+01 9.175391e-01 1.367906e+00 1.672303e+00 2.343043e+00 1.994520e+00 2.123771e+00 2.353527e+00 2.817805e+00 2.438143e+00 2.226361e+00 1.793095e+00 1.695283e+00 9.035599e-04
<GCONST> 8.770481e+01
<MIXTURE> 12 5.904134e-03
<MEAN> 25
 1.076359e+01 3.739772e+00 -4.504711e+00 -1.599037e+01 -8.690947e+00 8.644294e+00 -8.976134e-01 -1.923502e+00 -1.723887e+00 -4.882418e+00 1.774657e+00 7.136227e-01 6.764561e-02 2.934494e-01 7.997037e-02 -3.684956e-01 -3.101906e-01 2.984895e-02 3.051088e-01 4.476607e-01 1.408383e-01 -3.844236e-01 -3.856879e-01 5.392491e-02 -6.306417e-03
<VARIANCE> 25
 8.887970e+00 2.102575e+01 2.337747e+01 3.504449e+01 4.209832e+01 3.099175e+01 4.181901e+01 4.897937e+01 4.406821e+01 3.743997e+01 3.798449e+01 2.893512e+01 2.467754e-01 6.885040e-01 6.860405e-01 1.169767e+00 1.186335e+00 1.053792e+00 1.171227e+00 1.385892e+00 1.240600e+00 1.222191e+00 1.221022e+00 9.565975e-01 5.786055e-04
<GCONST> 7.892677e+01
<MIXTURE> 13 5.904134e-03
<MEAN> 25
 1.076359e+01 3.739772e+00 -4.504711e+00 -1.599037e+01 -8.690947e+00 8.644294e+00 -8.976134e-01 -1.923502e+00 -1.723887e+00 -4.882418e+00 1.774657e+00 7.136227e-01 6.764561e-02 2.934494e-01 7.997037e-02 -3.684956e-01 -3.101906e-01 2.984895e-02 3.051088e-01 4.476607e-01 1.408383e-01 -3.844236e-01 -3.856879e-01 5.392491e-02 -6.306417e-03
<VARIANCE> 25
 8.887970e+00 2.102575e+01 2.337747e+01 3.504449e+01 4.209832e+01 3.099175e+01 4.181901e+01 4.897937e+01 4.406821e+01 3.743997e+01 3.798449e+01 2.893512e+01 2.467754e-01 6.885040e-01 6.860405e-01 1.169767e+00 1.186335e+00 1.053792e+00 1.171227e+00 1.385892e+00 1.240600e+00 1.222191e+00 1.221022e+00 9.565975e-01 5.786055e-04
<GCONST> 7.892677e+01
<MIXTURE> 14 6.488954e-03
<MEAN> 25
 -4.187861e+00 3.379366e-01 -9.724319e-01 8.605490e+00 7.722556e+00 8.297364e+00 8.310227e+00 6.812839e+00 7.176769e+00 5.134127e+00 6.696110e+00 4.410952e+00 -3.312184e-01 2.989077e-01 5.184052e-01 4.183689e-01 6.935796e-02 1.352019e-01 -4.433466e-02 2.074094e-01 1.154564e-01 4.515459e-01 6.448624e-01 1.605296e-01 -1.384899e-02
<VARIANCE> 25
 8.452772e+00 1.641091e+01 2.054172e+01 1.675041e+01 1.916218e+01 2.392517e+01 2.150329e+01 2.065116e+01 1.911190e+01 2.170234e+01 1.940753e+01 1.501868e+01 8.877907e-01 1.573560e+00 1.778434e+00 1.823664e+00 2.091180e+00 2.140517e+00 2.181226e+00 2.021219e+00 2.457889e+00 2.325894e+00 2.156698e+00 1.679299e+00 1.141472e-03
<GCONST> 8.139497e+01
<MIXTURE> 15 2.475190e-03
<MEAN> 25
 -5.423885e+00 -6.424175e-01 -2.017402e-01 7.368089e+00 5.720493e+00 5.703321e+00 6.060474e+00 4.978399e+00 5.164465e+00 4.154351e+00 5.502565e+00 2.541385e+00 -1.212805e-01 -2.905743e-02 7.519329e-02 2.437840e-01 4.891536e-01 7.861449e-01 1.072150e+00 1.181868e+00 1.059361e+00 7.558774e-01 4.196748e-01 1.534225e-01 -8.347086e-05
<VARIANCE> 25
 6.982667e+00 5.621000e+00 9.032232e+00 1.281091e+01 1.407757e+01 1.430787e+01 1.491721e+01 1.490265e+01 1.409930e+01 1.418058e+01 1.509910e+01 1.251477e+01 1.247439e-01 2.061983e-01 3.198798e-01 5.030941e-01 6.997077e-01 7.940720e-01 7.633756e-01 7.917350e-01 9.089369e-01 1.024121e+00 1.071129e+00 1.041045e+00 2.795379e-05
<GCONST> 5.859087e+01
<MIXTURE> 16 2.475190e-03
<MEAN> 25
 -5.423885e+00 -6.424175e-01 -2.017402e-01 7.368089e+00 5.720493e+00 5.703321e+00 6.060474e+00 4.978399e+00 5.164465e+00 4.154351e+00 5.502565e+00 2.541385e+00 -1.212805e-01 -2.905743e-02 7.519329e-02 2.437840e-01 4.891536e-01 7.861449e-01 1.072150e+00 1.181868e+00 1.059361e+00 7.558774e-01 4.196748e-01 1.534225e-01 -8.347086e-05
<VARIANCE> 25
 6.982667e+00 5.621000e+00 9.032232e+00 1.281091e+01 1.407757e+01 1.430787e+01 1.491721e+01 1.490265e+01 1.409930e+01 1.418058e+01 1.509910e+01 1.251477e+01 1.247439e-01 2.061983e-01 3.198798e-01 5.030941e-01 6.997077e-01 7.940720e-01 7.633756e-01 7.917350e-01 9.089369e-01 1.024121e+00 1.071129e+00 1.041045e+00 2.795379e-05
<GCONST> 5.859087e+01
<MIXTURE> 17 9.518312e-03
<MEAN> 25
 3.777330e+00 -7.852669e-01 6.507639e+00 2.425909e+00 -6.025839e+00 -6.387081e+00 -3.166852e+00 -1.480012e-01 -2.631698e+00 -3.256619e+00 -1.002155e-02 5.136677e-02 -7.573714e-01 -1.206948e+00 1.308176e+00 -2.113113e+00 -2.344880e+00 -1.667741e-01 1.674196e-01 7.890004e-01 -2.937554e-01 -1.709992e-01 1.021507e+00 3.987998e-01 8.182037e-02
<VARIANCE> 25
 1.648658e+01 3.145372e+01 3.090333e+01 3.949211e+01 4.486352e+01 4.861012e+01 4.223010e+01 3.409125e+01 3.553366e+01 2.698937e+01 2.896198e+01 2.852471e+01 1.848305e+00 2.711684e+00 4.010068e+00 3.118119e+00 4.151802e+00 5.465465e+00 5.045098e+00 4.796443e+00 4.082026e+00 4.022221e+00 3.076510e+00 2.719494e+00 2.152338e-03
<GCONST> 9.707487e+01
<MIXTURE> 18 1.221018e-02
<MEAN> 25
 3.845604e+00 4.337985e+00 7.713818e+00 4.200436e+00 -4.180039e+00 -8.620429e+00 -2.534214e+00 -2.146935e-01 -3.426114e+00 -2.076758e+00 -1.785904e+00 1.505879e+00 -9.346190e-01 2.268110e+00 -5.196483e-01 1.723506e+00 3.374292e+00 1.130867e+00 9.609323e-01 -4.206293e-01 4.557998e-01 3.695240e-01 -4.377889e-02 -1.010057e-01 -1.092576e-01
<VARIANCE> 25
 1.445175e+01 2.313329e+01 3.504912e+01 2.564442e+01 3.790820e+01 3.049878e+01 3.998566e+01 3.702045e+01 3.568579e+01 3.315062e+01 3.409339e+01 3.264071e+01 2.474601e+00 2.919780e+00 5.227441e+00 4.229323e+00 4.144907e+00 5.206844e+00 4.689286e+00 4.626253e+00 4.261703e+00 3.938614e+00 4.402467e+00 3.183738e+00 4.808355e-03
<GCONST> 9.834917e+01
<MIXTURE> 19 9.912824e-03
<MEAN> 25
 -9.175797e+00 1.431313e+00 -8.249661e-02 6.077484e-01 4.066297e+00 2.046967e+00 3.652717e+00 5.524497e-01 2.465178e+00 9.738144e-01 1.071523e+00 2.538987e+00 2.063428e+00 1.637424e+00 2.358016e+00 8.021506e-01 -1.176381e+00 -9.424775e-01 -1.143356e+00 -1.151790e+00 -1.389856e+00 -9.906796e-01 -9.274187e-01 -6.077020e-01 -1.373340e-03
<VARIANCE> 25
 5.475202e+01 2.878631e+01 4.892951e+01 4.874117e+01 3.374413e+01 3.203221e+01 2.822379e+01 2.968030e+01 3.025257e+01 3.341912e+01 2.871038e+01 1.908467e+01 2.130596e+00 2.079723e+00 2.244426e+00 2.157080e+00 2.380527e+00 2.169269e+00 2.363293e+00 2.551572e+00 1.927751e+00 2.002918e+00 2.543593e+00 2.094985e+00 2.284792e-03
<GCONST> 9.147451e+01
<MIXTURE> 20 6.308331e-03
<MEAN> 25
 -1.412655e+01 7.553446e+00 1.067492e+00 5.641358e+00 5.107876e+00 1.461910e+00 5.645680e+00 6.561368e-01 1.760632e+00 3.341603e-01 2.349800e+00 -4.381455e-01 -3.233412e+00 -9.822041e-01 -1.704228e+00 2.720231e-01 1.351142e+00 2.026156e+00 1.887678e+00 1.947193e+00 2.146711e+00 1.738456e+00 1.650845e+00 7.405056e-01 4.905483e-02
<VARIANCE> 25
 1.878673e+01 2.501629e+01 3.197083e+01 3.779679e+01 3.033517e+01 2.781071e+01 2.885895e+01 3.200870e+01 3.172921e+01 2.757698e+01 2.417259e+01 1.944628e+01 2.230208e+00 2.091295e+00 2.096303e+00 2.418292e+00 3.008211e+00 2.213634e+00 2.192760e+00 2.202758e+00 2.077996e+00 3.279862e+00 2.040182e+00 2.133270e+00 1.836377e-03
<GCONST> 8.941382e+01
<MIXTURE> 21 7.928653e-03
<MEAN> 25
 3.818077e+00 -4.419369e+00 6.428372e+00 -2.262960e-01 -1.075150e+01 -9.014503e+00 -2.084482e+00 5.034517e+00 -3.142110e+00 -4.571085e+00 2.260791e-01 -3.408962e-01 -6.844887e-01 1.181958e+00 2.481822e+00 1.837140e-02 -1.325425e+00 -2.293704e-02 6.439477e-01 -1.132482e+00 -2.243485e+00 3.225969e-01 1.447843e+00 -5.545786e-02 -9.785751e-03
<VARIANCE> 25
 6.337644e+00 1.332984e+01 2.297269e+01 3.923536e+01 2.190250e+01 2.192937e+01 4.873117e+01 3.179250e+01 3.237377e+01 6.465383e+01 5.519738e+01 2.939463e+01 2.732817e-01 9.400368e-01 1.344303e+00 9.048725e-01 2.236085e+00 1.912452e+00 2.766316e+00 1.955087e+00 1.622473e+00 1.958613e+00 1.781162e+00 1.689102e+00 4.329829e-04
<GCONST> 8.223615e+01
<MIXTURE> 22 8.827789e-03
<MEAN> 25
 -1.760892e+01 7.591177e+00 -4.142914e+00 7.643526e+00 4.614667e+00 2.482997e+00 8.634683e+00 1.190353e+00 5.588964e+00 2.221581e+00 5.150729e+00 1.448632e+00 -4.084989e-01 -2.438620e-01 1.269546e-01 -1.622432e-01 -1.141218e-02 2.170076e-01 2.186375e-01 2.188543e-01 1.266717e-01 1.831414e-01 3.833013e-02 1.928884e-01 7.155131e-03
<VARIANCE> 25
 8.374728e+00 1.743286e+01 1.674664e+01 2.439390e+01 2.095995e+01 1.972098e+01 1.818638e+01 1.985033e+01 1.684492e+01 2.942350e+01 2.044685e+01 1.332701e+01 1.088383e+00 1.269455e+00 1.883734e+00 1.435852e+00 1.278531e+00 1.461267e+00 1.384976e+00 1.409312e+00 1.610788e+00 1.408174e+00 1.425409e+00 1.060066e+00 1.632077e-03
<GCONST> 7.809568e+01
<MIXTURE> 23 6.455497e-03
<MEAN> 25
 7.928742e+00 2.377566e+00 3.005036e+00 2.409022e+00 -4.882981e+00 -3.174270e+00 -4.300271e+00 -6.388501e+00 -3.428521e+00 -1.039229e+00 -4.104530e+00 -2.170506e+00 3.283589e-02 1.734577e-01 1.383523e-02 4.991775e-02 1.588813e-03 4.180302e-02 2.552270e-02 -4.778765e-02 2.103687e-03 4.670940e-02 6.211540e-03 4.252810e-02 -4.337101e-03
<VARIANCE> 25
 1.040691e+01 2.258804e+01 2.469773e+01 4.123644e+01 3.798816e+01 5.341940e+01 5.950581e+01 5.592010e+01 4.808391e+01 4.794179e+01 4.967561e+01 4.035617e+01 1.175724e-01 2.942073e-01 3.855332e-01 4.883488e-01 6.003293e-01 7.144942e-01 7.708486e-01 8.736345e-01 8.915219e-01 8.755141e-01 8.173933e-01 7.604961e-01 8.814219e-05
<GCONST> 7.306892e+01
<MIXTURE> 24 6.455497e-03
<MEAN> 25
 7.928742e+00 2.377566e+00 3.005036e+00 2.409022e+00 -4.882981e+00 -3.174270e+00 -4.300271e+00 -6.388501e+00 -3.428521e+00 -1.039229e+00 -4.104530e+00 -2.170506e+00 3.283589e-02 1.734577e-01 1.383523e-02 4.991775e-02 1.588813e-03 4.180302e-02 2.552270e-02 -4.778765e-02 2.103687e-03 4.670940e-02 6.211540e-03 4.252810e-02 -4.337101e-03
<VARIANCE> 25
 1.040691e+01 2.258804e+01 2.469773e+01 4.123644e+01 3.798816e+01 5.341940e+01 5.950581e+01 5.592010e+01 4.808391e+01 4.794179e+01 4.967561e+01 4.035617e+01 1.175724e-01 2.942073e-01 3.855332e-01 4.883488e-01 6.003293e-01 7.144942e-01 7.708486e-01 8.736345e-01 8.915219e-01 8.755141e-01 8.173933e-01 7.604961e-01 8.814219e-05
<GCONST> 7.306892e+01
<MIXTURE> 25 1.118642e-02
<MEAN> 25
 3.923176e-01 2.328192e+00 1.615211e+01 7.998035e-01 -1.259938e+01 -2.648887e+00 -4.542904e+00 -2.583742e+00 -8.141522e+00 -6.984685e+00 5.150879e+00 -3.398394e+00 -1.253547e-01 4.879687e-01 1.976740e-01 3.586660e-02 1.508794e-01 1.374836e-01 3.108243e-01 -1.583477e-01 -4.384553e-01 3.035993e-01 -9.232473e-02 -2.324764e-01 -1.137561e-02
<VARIANCE> 25
 7.353215e+00 2.361093e+01 1.872313e+01 3.671385e+01 3.251268e+01 3.741806e+01 2.367095e+01 2.561324e+01 2.967181e+01 4.095906e+01 2.216405e+01 3.517488e+01 5.270140e-01 1.285779e+00 1.258604e+00 1.286398e+00 2.087770e+00 1.813737e+00 1.626682e+00 1.720224e+00 1.630284e+00 1.669693e+00 1.152063e+00 1.298250e+00 1.076391e-03
<GCONST> 8.193240e+01
<MIXTURE> 26 7.727677e-03
<MEAN> 25
 2.399467e+00 -6.724001e+00 -1.060792e+01 -1.878284e+00 7.112846e+00 7.627857e+00 3.886706e+00 -8.933059e-01 2.219433e+00 -6.661189e-01 -3.103866e+00 -1.190163e+00 -6.715190e-01 6.911631e-01 3.711433e-01 6.075755e-01 3.270070e-01 2.120682e-01 4.757673e-01 3.789582e-01 3.377676e-01 2.304531e-01 3.987136e-01 4.678648e-01 -5.270767e-02
<VARIANCE> 25
 2.249505e+01 3.230838e+01 2.391254e+01 6.466995e+01 3.795203e+01 6.113365e+01 3.938865e+01 4.028976e+01 3.379852e+01 4.863864e+01 3.535917e+01 4.168574e+01 1.446220e+00 1.885658e+00 1.733359e+00 1.881578e+00 2.359002e+00 2.391623e+00 2.727243e+00 2.545402e+00 2.049580e+00 2.486569e+00 2.357360e+00 1.743259e+00 2.922247e-03
<GCONST> 9.275838e+01
<MIXTURE> 27 7.727677e-03
<MEAN> 25
 2.399467e+00 -6.724001e+00 -1.060792e+01 -1.878284e+00 7.112846e+00 7.627857e+00 3.886706e+00 -8.933059e-01 2.219433e+00 -6.661189e-01 -3.103866e+00 -1.190163e+00 -6.715190e-01 6.911631e-01 3.711433e-01 6.075755e-01 3.270070e-01 2.120682e-01 4.757673e-01 3.789582e-01 3.377676e-01 2.304531e-01 3.987136e-01 4.678648e-01 -5.270767e-02
<VARIANCE> 25
 2.249505e+01 3.230838e+01 2.391254e+01 6.466995e+01 3.795203e+01 6.113365e+01 3.938865e+01 4.028976e+01 3.379852e+01 4.863864e+01 3.535917e+01 4.168574e+01 1.446220e+00 1.885658e+00 1.733359e+00 1.881578e+00 2.359002e+00 2.391623e+00 2.727243e+00 2.545402e+00 2.049580e+00 2.486569e+00 2.357360e+00 1.743259e+00 2.922247e-03
<GCONST> 9.275838e+01
<MIXTURE> 28 5.036674e-03
<MEAN> 25
 -5.450881e+00 2.498920e-02 -1.567849e+00 6.618697e+00 5.234913e+00 3.528936e+00 5.420783e+00 3.125981e+00 3.930936e+00 2.391088e+00 2.641500e+00 3.225483e+00 -1.154682e-01 2.233815e-01 5.285100e-01 7.838805e-01 8.204223e-01 7.013688e-01 5.226583e-01 3.916465e-01 4.462121e-01 4.808708e-01 3.704700e-01 1.896211e-01 -1.149981e-05
<VARIANCE> 25
 1.041957e+01 8.461229e+00 1.214489e+01 1.482663e+01 1.469445e+01 1.781328e+01 1.803607e+01 1.900268e+01 1.721539e+01 1.674268e+01 2.059045e+01 1.500669e+01 2.562328e-01 3.362077e-01 4.064124e-01 4.643686e-01 6.237242e-01 8.477567e-01 1.055386e+00 1.143349e+00 1.103155e+00 1.031295e+00 1.036049e+00 1.065654e+00 1.001703e-06
<GCONST> 6.026658e+01
<MIXTURE> 29 5.036674e-03
<MEAN> 25
 -5.450881e+00 2.498920e-02 -1.567849e+00 6.618697e+00 5.234913e+00 3.528936e+00 5.420783e+00 3.125981e+00 3.930936e+00 2.391088e+00 2.641500e+00 3.225483e+00 -1.154682e-01 2.233815e-01 5.285100e-01 7.838805e-01 8.204223e-01 7.013688e-01 5.226583e-01 3.916465e-01 4.462121e-01 4.808708e-01 3.704700e-01 1.896211e-01 -1.149981e-05
<VARIANCE> 25
 1.041957e+01 8.461229e+00 1.214489e+01 1.482663e+01 1.469445e+01 1.781328e+01 1.803607e+01 1.900268e+01 1.721539e+01 1.674268e+01 2.059045e+01 1.500669e+01 2.562328e-01 3.362077e-01 4.064124e-01 4.643686e-01 6.237242e-01 8.477567e-01 1.055386e+00 1.143349e+00 1.103155e+00 1.031295e+00 1.036049e+00 1.065654e+00 1.001703e-06
<GCONST> 6.026658e+01
<MIXTURE> 30 8.917812e-03
<MEAN> 25
 -4.546664e+00 2.860289e+00 -1.741438e-02 8.718469e+00 7.977589e+00 9.663937e+00 7.266639e+00 4.551925e+00 6.920596e+00 3.494399e+00 6.125717e+00 5.151676e+00 -9.455471e-02 8.444639e-02 2.763160e-01 2.229153e-01 -1.316898e-01 -1.629143e-01 -2.162675e-01 3.800042e-02 1.506717e-01 1.442440e-02 1.216265e-01 1.321442e-01 -1.774679e-03
<VARIANCE> 25
 4.698391e+00 1.807077e+01 8.910887e+00 9.873625e+00 1.309484e+01 1.824734e+01 1.365631e+01 1.921296e+01 1.922205e+01 1.734149e+01 1.734854e+01 1.344453e+01 8.803781e-02 1.546877e-01 3.239567e-01 4.142762e-01 6.852749e-01 5.569083e-01 6.981410e-01 5.500007e-01 9.575829e-01 7.892708e-01 9.084917e-01 8.640841e-01 3.696437e-05
<GCONST> 5.822007e+01
<MIXTURE> 31 4.136493e-03
<MEAN> 25
 -3.337612e+00 -5.660450e+00 3.522578e-02 4.770566e+00 3.578239e+00 1.552309e+00 5.178740e+00 6.272838e+00 2.796318e+00 1.139598e+00 6.467500e+00 3.147353e+00 2.650203e-01 4.832229e-01 -1.836015e-01 2.992954e-01 1.209895e-01 4.415955e-01 1.956251e-01 4.562780e-02 4.187944e-01 3.921672e-01 1.286956e-01 1.274811e-01 -1.912982e-02
<VARIANCE> 25
 7.051315e+00 1.504211e+01 1.728078e+01 1.817632e+01 2.536634e+01 2.419926e+01 2.332763e+01 3.145233e+01 2.557682e+01 2.812666e+01 2.014864e+01 1.832114e+01 1.954439e-01 4.886276e-01 6.263112e-01 7.550708e-01 9.467927e-01 1.083418e+00 1.198552e+00 1.408700e+00 1.389944e+00 1.304869e+00 1.251251e+00 1.116930e+00 2.744531e-04
<GCONST> 7.204926e+01
<MIXTURE> 32 4.136493e-03
<MEAN> 25
 -3.337612e+00 -5.660450e+00 3.522578e-02 4.770566e+00 3.578239e+00 1.552309e+00 5.178740e+00 6.272838e+00 2.796318e+00 1.139598e+00 6.467500e+00 3.147353e+00 2.650203e-01 4.832229e-01 -1.836015e-01 2.992954e-01 1.209895e-01 4.415955e-01 1.956251e-01 4.562780e-02 4.187944e-01 3.921672e-01 1.286956e-01 1.274811e-01 -1.912982e-02
<VARIANCE> 25
 7.051315e+00 1.504211e+01 1.728078e+01 1.817632e+01 2.536634e+01 2.419926e+01 2.332763e+01 3.145233e+01 2.557682e+01 2.812666e+01 2.014864e+01 1.832114e+01 1.954439e-01 4.886276e-01 6.263112e-01 7.550708e-01 9.467927e-01 1.083418e+00 1.198552e+00 1.408700e+00 1.389944e+00 1.304869e+00 1.251251e+00 1.116930e+00 2.744531e-04
<GCONST> 7.204926e+01
<MIXTURE> 33 1.508826e-02
<MEAN> 25
 6.377370e+00 -4.102111e+00 -2.370344e+00 -2.676041e+00 -2.395847e+00 -6.120705e+00 -7.587455e+00 3.133445e+00 1.762711e+00 8.165862e-01 -5.820029e+00 -2.778171e+00 7.942688e-01 -7.521012e-01 -2.528342e+00 -1.684038e+00 1.104513e+00 1.605901e+00 -7.789313e-01 4.010281e-01 1.288004e+00 1.044561e+00 -7.660727e-01 -1.374630e+00 2.817796e-02
<VARIANCE> 25
 7.615759e+00 1.834688e+01 2.555663e+01 2.941098e+01 3.357721e+01 4.029243e+01 5.045833e+01 4.111820e+01 3.428815e+01 4.023590e+01 4.398424e+01 2.886340e+01 1.212044e+00 2.074758e+00 1.745277e+00 1.780017e+00 3.669553e+00 3.049930e+00 3.575909e+00 6.092157e+00 3.873087e+00 4.007927e+00 3.777105e+00 2.028614e+00 1.488301e-03
<GCONST> 9.255305e+01
<MIXTURE> 34 1.588179e-02
<MEAN> 25
 8.921759e+00 2.725133e-02 2.483854e-01 8.818836e-01 -2.705802e+00 -1.595610e+00 -6.385253e+00 -4.237570e+00 -2.052740e+00 6.567304e-01 -2.682473e+00 -3.477277e+00 -3.569494e-02 1.251000e+00 1.443319e+00 2.390482e+00 -2.830468e-02 -1.444175e-01 8.480252e-01 -1.573253e+00 -7.675138e-01 1.386902e-01 -5.977346e-01 3.214100e-01 -6.155376e-02
<VARIANCE> 25
 7.356688e+00 2.948235e+01 2.892044e+01 4.989858e+01 4.111662e+01 4.747733e+01 5.377580e+01 5.770749e+01 5.318028e+01 4.612461e+01 4.620385e+01 3.160119e+01 1.216505e+00 2.052172e+00 4.140420e+00 3.907909e+00 5.379945e+00 5.557612e+00 5.348815e+00 6.050999e+00 5.271053e+00 5.017134e+00 4.854024e+00 3.781332e+00 1.162751e-03
<GCONST> 9.931068e+01
<MIXTURE> 35 1.467755e-02
<MEAN> 25
 -1.360672e+00 -4.342038e+00 -1.078155e+01 -1.918809e+00 1.013997e+01 1.518602e+00 1.832748e+00 1.658737e+00 -2.273106e-01 4.901935e+00 -1.496318e-01 2.639818e+00 6.999755e-01 -1.230664e+00 -1.406647e+00 -1.481519e+00 6.679382e-01 -5.898883e-01 -4.884177e-01 5.650072e-02 -7.271153e-01 4.094656e-01 -4.928243e-01 -5.683795e-01 1.081217e-01
<VARIANCE> 25
 1.826627e+01 2.713326e+01 3.797506e+01 6.580711e+01 3.504318e+01 4.935749e+01 4.074953e+01 3.849004e+01 5.116682e+01 3.327786e+01 3.526367e+01 2.719461e+01 3.101621e+00 3.083919e+00 6.893812e+00 4.921687e+00 5.053762e+00 5.129817e+00 4.444773e+00 3.964985e+00 5.336257e+00 3.762275e+00 3.492493e+00 3.378669e+00 4.708348e-03
<GCONST> 1.011118e+02
<MIXTURE> 36 1.093293e-02
<MEAN> 25
 4.425590e+00 -3.539952e+00 7.110938e+00 4.931603e+00 -1.060793e+01 -8.701280e+00 -7.206479e+00 4.225536e+00 -2.241354e+00 -7.316399e+00 3.917330e+00 -1.950614e+00 3.063193e-01 -6.162253e-02 -9.266415e-01 -1.436652e-01 8.337855e-01 -9.355546e-02 -8.788337e-01 -4.108888e-02 8.998851e-01 5.271403e-01 -5.930022e-01 -3.591694e-01 -7.630148e-03
<VARIANCE> 25
 7.013677e+00 1.158054e+01 1.951657e+01 2.537834e+01 2.472409e+01 2.331680e+01 3.785246e+01 2.684221e+01 3.672086e+01 3.493879e+01 2.576472e+01 2.634911e+01 3.519764e-01 6.002982e-01 1.488249e+00 9.627228e-01 1.443470e+00 1.418706e+00 2.062236e+00 1.803488e+00 2.973653e+00 1.705475e+00 1.343489e+00 1.375330e+00 5.430687e-04
<GCONST> 7.906201e+01
<MIXTURE> 37 1.246826e-02
<MEAN> 25
 5.539843e-01 7.751822e+00 1.206932e+01 -5.529916e+00 -8.019293e+00 -1.071586e+00 -5.088416e+00 -8.290124e+00 -3.702107e+00 -9.083333e-01 -3.680960e+00 -1.266941e+00 1.795962e-01 6.496132e-01 -1.354015e+00 3.571273e+00 1.991661e+00 -3.051139e-01 1.089046e+00 4.374996e-01 5.229664e-01 -3.221953e-01 5.384305e-01 -9.860781e-02 -9.466333e-02
<VARIANCE> 25
 1.595257e+01 2.608407e+01 3.084427e+01 5.108445e+01 3.394693e+01 3.207598e+01 4.394345e+01 3.544996e+01 3.856216e+01 3.589149e+01 3.773850e+01 3.104784e+01 2.954185e+00 3.415593e+00 3.017621e+00 4.135230e+00 4.643284e+00 3.758459e+00 4.211833e+00 3.819209e+00 3.455639e+00 3.615128e+00 3.860640e+00 2.786180e+00 3.940665e-03
<GCONST> 9.782040e+01
<MIXTURE> 38 1.154525e-02
<MEAN> 25
 -4.186146e+00 9.315329e+00 5.731006e+00 2.714838e+00 2.892605e+00 -6.741417e+00 5.513847e-01 -3.369460e+00 -2.407908e+00 -2.350842e+00 -1.906474e+00 1.603745e+00 -4.264340e+00 1.398060e+00 -1.373770e+00 1.293160e+00 2.428034e+00 1.808012e+00 2.374780e+00 -2.631447e-01 1.606069e+00 -2.413440e-01 1.232102e+00 -3.243081e-01 4.743924e-02
<VARIANCE> 25
 2.568646e+01 2.635266e+01 4.066633e+01 2.535101e+01 4.396498e+01 3.658982e+01 2.900196e+01 3.471114e+01 2.570671e+01 2.962386e+01 2.047563e+01 2.726630e+01 2.228305e+00 4.105190e+00 5.464791e+00 3.590531e+00 5.429286e+00 5.048219e+00 4.106830e+00 5.734512e+00 4.849711e+00 4.758961e+00 3.082247e+00 2.871279e+00 1.567733e-03
<GCONST> 9.718183e+01
<MIXTURE> 39 9.501865e-03
<MEAN> 25
 1.342103e+00 2.602722e+00 1.022207e+01 -9.213495e+00 -1.129010e+01 -9.979823e-01 -2.966790e+00 -6.568156e+00 -4.523108e+00 8.735523e-01 -3.686520e+00 -2.288860e+00 -7.285403e-01 1.523106e+00 1.626913e+00 -1.388979e+00 8.034868e-02 1.221264e+00 -1.201836e+00 -1.250791e+00 4.281054e-01 4.457611e-01 -5.048144e-01 1.233295e-01 1.313294e-03
<VARIANCE> 25
 8.917137e+00 3.008676e+01 3.164843e+01 3.832156e+01 3.718180e+01 4.275387e+01 4.443395e+01 3.358656e+01 3.944300e+01 3.322673e+01 3.622664e+01 2.950300e+01 6.934503e-01 1.546321e+00 1.511514e+00 2.926616e+00 2.420373e+00 2.826708e+00 3.051857e+00 2.765432e+00 2.437850e+00 2.618170e+00 2.125213e+00 2.068700e+00 1.184308e-03
<GCONST> 8.968013e+01
<MIXTURE> 40 1.030800e-02
<MEAN> 25
 -9.064516e+00 2.646139e+00 -1.371001e+00 8.066757e+00 4.101810e+00 5.868358e+00 5.453138e+00 3.793561e+00 4.631498e+00 3.846332e+00 5.678290e+00 2.128155e+00 -1.560806e-01 -1.888280e-01 5.410973e-02 -1.494838e-01 -1.357253e-01 -1.163249e-01 -6.975006e-03 7.847690e-02 -2.408063e-02 1.815839e-03 7.807188e-02 1.065886e-01 2.887906e-03
<VARIANCE> 25
 4.031880e+01 2.196651e+01 3.049277e+01 2.557561e+01 2.614155e+01 2.432660e+01 1.829023e+01 1.911653e+01 1.749929e+01 1.889059e+01 1.801093e+01 1.578703e+01 7.426842e-01 6.936467e-01 8.865019e-01 1.091117e+00 1.090886e+00 1.257621e+00 1.280131e+00 1.180135e+00 1.272666e+00 1.152335e+00 1.122131e+00 1.052690e+00 7.956033e-04
<GCONST> 7.660072e+01
<MIXTURE> 41 6.713375e-03
<MEAN> 25
 1.317837e+00 1.779131e+00 1.050159e+01 -6.917032e+00 -1.045943e+01 -3.855624e+00 -2.500152e+00 -5.032655e+00 -4.631653e+00 2.643565e+00 -1.770184e+00 -9.147019e-01 8.517241e-02 -7.552596e-01 1.699822e+00 -3.538387e+00 -2.456679e+00 -1.194113e-01 -5.206965e-01 -3.363280e-01 -8.349060e-01 1.089877e+00 -1.046354e+00 8.154368e-02 8.592707e-02
<VARIANCE> 25
 1.173023e+01 2.958568e+01 3.273088e+01 4.042472e+01 3.865820e+01 4.008394e+01 3.710538e+01 2.985666e+01 3.317605e+01 2.878196e+01 3.208065e+01 2.745283e+01 3.175745e+00 3.304101e+00 3.819775e+00 3.875663e+00 4.911657e+00 5.864887e+00 4.733676e+00 4.635605e+00 3.971780e+00 4.202240e+00 3.823783e+00 3.218646e+00 2.943864e-03
<GCONST> 9.797403e+01
<MIXTURE> 42 1.106211e-02
<MEAN> 25
 -1.871661e+00 3.945065e+00 5.752418e+00 2.274696e+00 -1.254992e-01 -5.312030e+00 -1.238438e-01 -3.549284e+00 -4.622262e-01 -2.134925e+00 -2.491254e+00 2.211918e+00 3.765495e+00 -4.079671e-01 1.804277e+00 3.155434e-01 -2.973661e+00 -1.107412e+00 -2.524683e+00 2.567515e-02 -1.110915e+00 -1.464745e-01 1.983371e-02 -7.859046e-01 7.971250e-03
<VARIANCE> 25
 3.141120e+01 2.333930e+01 5.219601e+01 2.815126e+01 3.998398e+01 3.455547e+01 3.536135e+01 3.135085e+01 2.693153e+01 2.490894e+01 1.891733e+01 1.934045e+01 3.520366e+00 4.493783e+00 5.933812e+00 4.697927e+00 3.914800e+00 5.503622e+00 4.340144e+00 6.216290e+00 4.297438e+00 4.751117e+00 4.617367e+00 3.490775e+00 3.469117e-03
<GCONST> 9.907632e+01
<MIXTURE> 43 7.108249e-03
<MEAN> 25
 3.055156e+00 -6.253886e+00 -2.180133e+00 -5.119008e+00 -7.293086e+00 -3.451690e+00 4.103988e+00 1.178751e+00 -4.948643e+00 -7.042526e+00 -4.416522e+00 -1.149783e+00 2.397071e-01 2.146955e+00 1.893785e+00 -1.275395e-01 -1.402583e+00 -7.893980e-01 -9.548572e-01 -7.613710e-01 8.201255e-01 1.476265e+00 3.755787e-01 1.790502e-02 -4.492169e-02
<VARIANCE> 25
 1.068563e+01 1.943756e+01 2.709289e+01 3.486113e+01 3.838267e+01 3.607738e+01 3.284897e+01 4.250356e+01 3.956955e+01 3.868493e+01 2.685694e+01 2.951269e+01 6.826777e-01 1.241771e+00 1.584278e+00 2.444041e+00 2.390960e+00 2.344555e+00 2.611747e+00 2.985442e+00 2.622227e+00 2.540525e+00 2.350237e+00 1.886237e+00 9.296736e-04
<GCONST> 8.798830e+01
<MIXTURE> 44 7.328289e-03
<MEAN> 25
 -1.543987e+01 1.453318e+00 3.514486e+00 -3.348685e+00 3.968972e+00 1.026226e+00 6.520718e-01 1.906553e+00 2.249339e+00 -9.001645e-01 1.503735e+00 1.824725e+00 -1.223929e-01 3.107399e-01 2.791616e-03 3.846917e-01 2.680168e-03 9.366871e-02 4.603483e-01 4.001942e-02 3.622237e-01 2.060745e-01 -1.051400e-01 1.700962e-01 2.713724e-03
<VARIANCE> 25
 4.237742e+01 2.512695e+01 3.001185e+01 2.724569e+01 2.967066e+01 3.046445e+01 2.363227e+01 3.221374e+01 2.594161e+01 2.699535e+01 2.571553e+01 1.667162e+01 1.126499e+00 2.070888e+00 1.577626e+00 1.354541e+00 1.924220e+00 1.635125e+00 1.366501e+00 1.601558e+00 1.512933e+00 1.394734e+00 1.697630e+00 1.097779e+00 1.255250e-03
<GCONST> 8.390280e+01
<MIXTURE> 45 1.364932e-02
<MEAN> 25
 -1.229721e+01 2.762838e+00 -4.356495e-01 1.960580e+00 6.165932e+00 3.981970e-01 5.338603e+00 2.163141e+00 4.061347e+00 1.772047e+00 2.045466e+00 1.901971e+00 -2.968570e+00 3.134698e-01 -7.397201e-01 -5.278825e-01 1.287139e-01 8.694564e-02 5.580562e-01 2.949512e-02 2.084352e-01 -9.567619e-02 4.942615e-01 -8.120285e-02 1.081194e-01
<VARIANCE> 25
 3.755055e+01 3.376335e+01 3.449594e+01 3.264738e+01 2.934621e+01 2.618878e+01 2.702666e+01 2.712965e+01 2.209071e+01 2.154206e+01 2.526384e+01 1.535659e+01 2.401932e+00 3.333875e+00 2.606908e+00 2.448467e+00 2.276859e+00 2.331960e+00 1.990858e+00 2.113244e+00 2.120306e+00 1.992829e+00 2.080445e+00 1.750465e+00 3.823208e-03
<GCONST> 8.969386e+01
<MIXTURE> 46 9.336259e-03
<MEAN> 25
 -1.045754e+01 3.642273e+00 7.859984e-01 7.540272e+00 6.503250e+00 2.698820e+00 7.149737e+00 3.240200e+00 6.199197e+00 4.254630e+00 4.571846e+00 2.816910e+00 1.173634e+00 -7.771877e-02 -2.490668e-02 1.225217e+00 3.701927e-01 9.107884e-01 3.466402e-01 4.684623e-01 5.356038e-01 3.376433e-01 7.101464e-01 5.294327e-01 -1.053891e-01
<VARIANCE> 25
 4.173312e+01 5.023306e+01 3.534092e+01 4.655844e+01 4.792707e+01 3.999461e+01 3.300826e+01 4.118650e+01 3.084388e+01 3.013696e+01 2.820175e+01 1.793097e+01 4.013032e+00 4.422356e+00 3.559858e+00 4.626684e+00 4.159493e+00 3.293615e+00 3.041655e+00 3.280245e+00 2.726996e+00 2.717255e+00 2.100433e+00 1.722909e+00 7.235818e-03
<GCONST> 9.779029e+01
<MIXTURE> 47 7.116147e-03
<MEAN> 25
 7.353473e+00 -7.119833e+00 -7.835949e+00 -6.285377e+00 1.333228e+00 9.318358e-01 -1.955644e+00 1.457787e+00 3.111351e+00 5.577379e-01 -5.348523e+00 -6.155788e+00 -1.466554e-01 -1.221770e+00 -7.165025e-01 -4.261031e-01 6.582058e-01 8.717501e-01 8.850176e-01 2.807758e-01 2.195049e-02 -9.165390e-01 -3.958686e-01 -5.064687e-01 2.822000e-02
<VARIANCE> 25
 9.836077e+00 2.075388e+01 2.029705e+01 3.105207e+01 3.419200e+01 5.078626e+01 4.456637e+01 4.019237e+01 4.126439e+01 4.542905e+01 6.107101e+01 3.580833e+01 5.067534e-01 7.536469e-01 1.119320e+00 1.547402e+00 1.914317e+00 2.343202e+00 2.196313e+00 2.403684e+00 2.164587e+00 2.046198e+00 2.313547e+00 1.906981e+00 5.529155e-04
<GCONST> 8.611211e+01
<MIXTURE> 48 7.116147e-03
<MEAN> 25
 7.353473e+00 -7.119833e+00 -7.835949e+00 -6.285377e+00 1.333228e+00 9.318358e-01 -1.955644e+00 1.457787e+00 3.111351e+00 5.577379e-01 -5.348523e+00 -6.155788e+00 -1.466554e-01 -1.221770e+00 -7.165025e-01 -4.261031e-01 6.582058e-01 8.717501e-01 8.850176e-01 2.807758e-01 2.195049e-02 -9.165390e-01 -3.958686e-01 -5.064687e-01 2.822000e-02
<VARIANCE> 25
 9.836077e+00 2.075388e+01 2.029705e+01 3.105207e+01 3.419200e+01 5.078626e+01 4.456637e+01 4.019237e+01 4.126439e+01 4.542905e+01 6.107101e+01 3.580833e+01 5.067534e-01 7.536469e-01 1.119320e+00 1.547402e+00 1.914317e+00 2.343202e+00 2.196313e+00 2.403684e+00 2.164587e+00 2.046198e+00 2.313547e+00 1.906981e+00 5.529155e-04
<GCONST> 8.611211e+01
<MIXTURE> 49 5.548473e-03
<MEAN> 25
 -4.714260e+00 1.663926e+00 -7.870662e-01 7.849529e+00 6.669976e+00 7.814358e+00 6.495089e+00 3.442163e+00 4.469143e+00 3.433418e+00 5.168447e+00 3.641186e+00 2.399405e-01 6.238526e-01 7.882456e-01 3.392203e-01 -1.338046e-01 -5.808827e-01 -1.088883e+00 -8.902971e-01 -9.260427e-01 -6.608391e-01 -4.140635e-01 -1.392968e-01 -1.041548e-03
<VARIANCE> 25
 8.529675e+00 1.407257e+01 1.623197e+01 1.504754e+01 1.515484e+01 3.279918e+01 1.702621e+01 1.985958e+01 1.826635e+01 1.530673e+01 1.779200e+01 1.394088e+01 2.810034e-01 2.238454e-01 3.243802e-01 5.438695e-01 8.173583e-01 8.571978e-01 8.672519e-01 1.033069e+00 1.030980e+00 1.031528e+00 1.120556e+00 1.082568e+00 1.553592e-05
<GCONST> 6.362762e+01
<MIXTURE> 50 6.234641e-03
<MEAN> 25
 -4.670722e+00 1.846802e-01 -1.441971e+00 6.221908e+00 4.247533e+00 2.345161e+00 3.747536e+00 1.969199e+00 2.852406e+00 1.408139e+00 2.188525e+00 2.878197e+00 5.313355e-02 1.762323e-01 9.882259e-02 -1.739633e-01 -5.143026e-01 -6.124099e-01 -4.188921e-01 -4.911220e-02 4.456399e-01 7.652026e-01 7.341087e-01 4.413384e-01 -8.836162e-06
<VARIANCE> 25
 1.043586e+01 1.184786e+01 1.421885e+01 1.530460e+01 1.525725e+01 1.896355e+01 1.861719e+01 1.934095e+01 1.895232e+01 1.740217e+01 2.156760e+01 1.518217e+01 1.446481e-01 2.383609e-01 3.765125e-01 5.139538e-01 5.961210e-01 7.300344e-01 9.552036e-01 1.107785e+00 1.058214e+00 9.157846e-01 9.143460e-01 9.871787e-01 1.004106e-06
<GCONST> 5.956023e+01
<MIXTURE> 51 6.234641e-03
<MEAN> 25
 -4.670722e+00 1.846802e-01 -1.441971e+00 6.221908e+00 4.247533e+00 2.345161e+00 3.747536e+00 1.969199e+00 2.852406e+00 1.408139e+00 2.188525e+00 2.878197e+00 5.313355e-02 1.762323e-01 9.882259e-02 -1.739633e-01 -5.143026e-01 -6.124099e-01 -4.188921e-01 -4.911220e-02 4.456399e-01 7.652026e-01 7.341087e-01 4.413384e-01 -8.836162e-06
<VARIANCE> 25
 1.043586e+01 1.184786e+01 1.421885e+01 1.530460e+01 1.525725e+01 1.896355e+01 1.861719e+01 1.934095e+01 1.895232e+01 1.740217e+01 2.156760e+01 1.518217e+01 1.446481e-01 2.383609e-01 3.765125e-01 5.139538e-01 5.961210e-01 7.300344e-01 9.552036e-01 1.107785e+00 1.058214e+00 9.157846e-01 9.143460e-01 9.871787e-01 1.004106e-06
<GCONST> 5.956023e+01
<MIXTURE> 52 6.367945e-03
<MEAN> 25
 1.011853e+01 2.039775e+00 -6.195612e+00 -1.427650e+01 -4.207037e+00 8.529419e+00 -2.766042e+00 -3.053099e+00 -4.418017e+00 -2.106223e+00 3.350651e+00 7.373000e-01 -3.842747e-01 -4.788371e-01 -6.766543e-02 1.135807e+00 1.336676e+00 -4.712489e-01 -6.015627e-01 -6.578435e-01 4.312240e-02 1.245774e+00 3.848778e-01 -5.441605e-01 -1.382096e-02
<VARIANCE> 25
 9.288075e+00 2.050182e+01 2.538352e+01 3.859415e+01 4.572454e+01 3.085366e+01 4.663284e+01 4.891080e+01 4.312808e+01 4.632615e+01 3.990866e+01 3.000508e+01 4.501751e-01 1.478234e+00 1.310132e+00 2.766640e+00 2.332698e+00 2.198868e+00 2.985792e+00 2.797774e+00 3.002099e+00 2.668480e+00 2.521523e+00 2.278898e+00 1.548547e-03
<GCONST> 8.975249e+01
<MIXTURE> 53 6.367945e-03
<MEAN> 25
 1.011853e+01 2.039775e+00 -6.195612e+00 -1.427650e+01 -4.207037e+00 8.529419e+00 -2.766042e+00 -3.053099e+00 -4.418017e+00 -2.106223e+00 3.350651e+00 7.373000e-01 -3.842747e-01 -4.788371e-01 -6.766543e-02 1.135807e+00 1.336676e+00 -4.712489e-01 -6.015627e-01 -6.578435e-01 4.312240e-02 1.245774e+00 3.848778e-01 -5.441605e-01 -1.382096e-02
<VARIANCE> 25
 9.288075e+00 2.050182e+01 2.538352e+01 3.859415e+01 4.572454e+01 3.085366e+01 4.663284e+01 4.891080e+01 4.312808e+01 4.632615e+01 3.990866e+01 3.000508e+01 4.501751e-01 1.478234e+00 1.310132e+00 2.766640e+00 2.332698e+00 2.198868e+00 2.985792e+00 2.797774e+00 3.002099e+00 2.668480e+00 2.521523e+00 2.278898e+00 1.548547e-03
<GCONST> 8.975249e+01
<MIXTURE> 54 7.368620e-03
<MEAN> 25
 -3.764106e+00 1.023001e+00 -6.818982e-01 8.010798e+00 6.595023e+00 5.238873e+00 4.913664e+00 4.169107e+00 4.581416e+00 3.200696e+00 4.475722e+00 2.971704e+00 -2.134916e-03 1.533753e-02 4.715993e-02 4.189180e-02 -9.701299e-04 -8.398613e-03 8.882546e-02 5.471739e-03 6.275905e-02 3.781732e-02 8.954004e-03 -4.610432e-02 2.923565e-05
<VARIANCE> 25
 8.396292e+00 1.663184e+01 8.581169e+00 1.630269e+01 1.207963e+01 1.557887e+01 1.143902e+01 1.162080e+01 1.271868e+01 1.360684e+01 1.702192e+01 1.514435e+01 3.849407e-02 8.514883e-02 1.457341e-01 2.046120e-01 3.402684e-01 3.903929e-01 4.655655e-01 4.789383e-01 5.294868e-01 4.979453e-01 4.785506e-01 5.525287e-01 1.047490e-06
<GCONST> 4.747498e+01
<MIXTURE> 55 7.368620e-03
<MEAN> 25
 -3.764106e+00 1.023001e+00 -6.818982e-01 8.010798e+00 6.595023e+00 5.238873e+00 4.913664e+00 4.169107e+00 4.581416e+00 3.200696e+00 4.475722e+00 2.971704e+00 -2.134916e-03 1.533753e-02 4.715993e-02 4.189180e-02 -9.701299e-04 -8.398613e-03 8.882546e-02 5.471739e-03 6.275905e-02 3.781732e-02 8.954004e-03 -4.610432e-02 2.923565e-05
<VARIANCE> 25
 8.396292e+00 1.663184e+01 8.581169e+00 1.630269e+01 1.207963e+01 1.557887e+01 1.143902e+01 1.162080e+01 1.271868e+01 1.360684e+01 1.702192e+01 1.514435e+01 3.849407e-02 8.514883e-02 1.457341e-01 2.046120e-01 3.402684e-01 3.903929e-01 4.655655e-01 4.789383e-01 5.294868e-01 4.979453e-01 4.785506e-01 5.525287e-01 1.047490e-06
<GCONST> 4.747498e+01
<MIXTURE> 56 6.132464e-03
<MEAN> 25
 7.253827e+00 -6.507866e+00 -9.765715e+00 -8.309413e+00 3.358388e+00 5.497895e+00 -1.772348e+00 -1.872333e+00 1.346386e+00 7.810116e-01 -2.419419e+00 -6.725034e+00 -8.811945e-02 -3.721649e-02 1.317817e-01 -9.387164e-02 1.706304e-01 2.450197e-01 1.002527e-01 -1.089032e-01 -1.724994e-01 -1.736767e-01 -1.578787e-02 8.152150e-02 -9.109250e-03
<VARIANCE> 25
 7.845016e+00 1.882925e+01 2.225398e+01 3.320250e+01 2.837951e+01 6.605937e+01 6.544111e+01 4.165176e+01 3.689797e+01 4.085730e+01 4.461940e+01 2.891232e+01 2.206429e-01 4.323424e-01 5.240520e-01 7.020760e-01 7.647681e-01 1.092687e+00 8.990141e-01 8.639759e-01 1.123681e+00 8.489562e-01 8.922651e-01 7.222458e-01 2.296728e-04
<GCONST> 7.482756e+01
<MIXTURE> 57 6.132464e-03
<MEAN> 25
 7.253827e+00 -6.507866e+00 -9.765715e+00 -8.309413e+00 3.358388e+00 5.497895e+00 -1.772348e+00 -1.872333e+00 1.346386e+00 7.810116e-01 -2.419419e+00 -6.725034e+00 -8.811945e-02 -3.721649e-02 1.317817e-01 -9.387164e-02 1.706304e-01 2.450197e-01 1.002527e-01 -1.089032e-01 -1.724994e-01 -1.736767e-01 -1.578787e-02 8.152150e-02 -9.109250e-03
<VARIANCE> 25
 7.845016e+00 1.882925e+01 2.225398e+01 3.320250e+01 2.837951e+01 6.605937e+01 6.544111e+01 4.165176e+01 3.689797e+01 4.085730e+01 4.461940e+01 2.891232e+01 2.206429e-01 4.323424e-01 5.240520e-01 7.020760e-01 7.647681e-01 1.092687e+00 8.990141e-01 8.639759e-01 1.123681e+00 8.489562e-01 8.922651e-01 7.222458e-01 2.296728e-04
<GCONST> 7.482756e+01
<MIXTURE> 58 6.172147e-03
<MEAN> 25
 2.579847e+00 -3.107730e+00 7.370995e+00 -5.276210e+00 -1.347682e+01 -5.617772e+00 1.666391e+00 8.317786e-01 -2.410149e+00 1.838411e+00 5.467235e-01 -8.427857e-01 -3.004070e-02 -1.371557e-01 -7.046517e-02 -1.632444e-01 -1.861028e-02 2.329065e-01 3.756074e-01 2.239432e-01 1.586482e-02 1.600031e-02 -7.837599e-02 -1.406204e-01 -2.869411e-03
<VARIANCE> 25
 7.409692e+00 1.509547e+01 2.023647e+01 2.715969e+01 2.316707e+01 4.641262e+01 3.276937e+01 3.486234e+01 3.229983e+01 3.139302e+01 2.282552e+01 2.025274e+01 3.072785e-01 8.032117e-01 7.524223e-01 1.017041e+00 8.866730e-01 1.210833e+00 1.152926e+00 1.296148e+00 1.076739e+00 1.069803e+00 9.148321e-01 8.765992e-01 7.243631e-04
<GCONST> 7.554887e+01
<MIXTURE> 59 6.172147e-03
<MEAN> 25
 2.579847e+00 -3.107730e+00 7.370995e+00 -5.276210e+00 -1.347682e+01 -5.617772e+00 1.666391e+00 8.317786e-01 -2.410149e+00 1.838411e+00 5.467235e-01 -8.427857e-01 -3.004070e-02 -1.371557e-01 -7.046517e-02 -1.632444e-01 -1.861028e-02 2.329065e-01 3.756074e-01 2.239432e-01 1.586482e-02 1.600031e-02 -7.837599e-02 -1.406204e-01 -2.869411e-03
<VARIANCE> 25
 7.409692e+00 1.509547e+01 2.023647e+01 2.715969e+01 2.316707e+01 4.641262e+01 3.276937e+01 3.486234e+01 3.229983e+01 3.139302e+01 2.282552e+01 2.025274e+01 3.072785e-01 8.032117e-01 7.524223e-01 1.017041e+00 8.866730e-01 1.210833e+00 1.152926e+00 1.296148e+00 1.076739e+00 1.069803e+00 9.148321e-01 8.765992e-01 7.243631e-04
<GCONST> 7.554887e+01
<MIXTURE> 60 4.479129e-03
<MEAN> 25
 -4.264793e+00 -6.651715e-01 -1.084530e+00 3.696953e+00 1.731049e+00 2.118955e+00 1.638349e+00 1.530033e+00 2.158856e+00 1.263716e+00 2.386155e+00 1.916398e+00 -2.854183e-02 5.652758e-02 1.012328e-01 1.302453e-01 1.293935e-01 1.291333e-01 1.786450e-01 3.223500e-01 5.451386e-01 6.644054e-01 5.560123e-01 3.031617e-01 -3.893184e-04
<VARIANCE> 25
 6.931955e+00 4.531183e+00 1.027513e+01 1.130659e+01 1.358581e+01 1.700815e+01 1.399786e+01 1.186447e+01 1.272423e+01 1.320223e+01 1.593751e+01 1.229389e+01 8.692960e-02 1.682992e-01 2.794234e-01 4.318570e-01 5.864972e-01 7.280374e-01 8.282267e-01 8.990412e-01 9.025194e-01 8.357855e-01 8.393211e-01 8.626819e-01 2.297650e-05
<GCONST> 5.633490e+01
<MIXTURE> 61 4.479129e-03
<MEAN> 25
 -4.264793e+00 -6.651715e-01 -1.084530e+00 3.696953e+00 1.731049e+00 2.118955e+00 1.638349e+00 1.530033e+00 2.158856e+00 1.263716e+00 2.386155e+00 1.916398e+00 -2.854183e-02 5.652758e-02 1.012328e-01 1.302453e-01 1.293935e-01 1.291333e-01 1.786450e-01 3.223500e-01 5.451386e-01 6.644054e-01 5.560123e-01 3.031617e-01 -3.893184e-04
<VARIANCE> 25
 6.931955e+00 4.531183e+00 1.027513e+01 1.130659e+01 1.358581e+01 1.700815e+01 1.399786e+01 1.186447e+01 1.272423e+01 1.320223e+01 1.593751e+01 1.229389e+01 8.692960e-02 1.682992e-01 2.794234e-01 4.318570e-01 5.864972e-01 7.280374e-01 8.282267e-01 8.990412e-01 9.025194e-01 8.357855e-01 8.393211e-01 8.626819e-01 2.297650e-05
<GCONST> 5.633490e+01
<MIXTURE> 62 3.278034e-03
<MEAN> 25
 -5.091047e+00 1.241588e+00 1.025065e+00 8.818523e+00 6.130493e+00 5.050088e+00 5.499830e+00 4.032969e+00 4.986421e+00 3.917161e+00 4.966131e+00 2.951078e+00 -1.003331e+00 -1.166742e+00 -9.532755e-01 -2.766468e-01 4.274910e-01 1.005270e+00 1.384636e+00 1.552245e+00 1.478709e+00 1.243374e+00 1.067094e+00 7.260436e-01 -1.265316e-03
<VARIANCE> 25
 9.872204e+00 9.959886e+00 1.313386e+01 1.673252e+01 1.741564e+01 1.753254e+01 1.970045e+01 1.912137e+01 1.885993e+01 1.873294e+01 2.156175e+01 1.479522e+01 4.016996e-01 4.320633e-01 5.541752e-01 7.794878e-01 1.035072e+00 1.192338e+00 1.252325e+00 1.278968e+00 1.329598e+00 1.363896e+00 1.399952e+00 1.371290e+00 1.632394e-05
<GCONST> 6.752856e+01
<MIXTURE> 63 4.351215e-03
<MEAN> 25
 -4.365422e+00 -2.470887e+00 -4.583776e+00 2.726515e+00 3.063941e+00 -5.595744e-01 2.882589e+00 4.722835e-01 2.479966e+00 -1.345188e+00 -1.118804e+00 2.483498e+00 -9.926504e-02 3.721033e-01 4.110848e-01 4.654430e-01 4.059451e-01 4.247910e-01 3.493014e-01 1.693375e-01 1.943334e-01 2.620587e-01 2.430910e-01 1.477876e-01 -7.088004e-03
<VARIANCE> 25
 8.375859e+00 1.592089e+01 1.764968e+01 1.594474e+01 1.832757e+01 2.607125e+01 2.164852e+01 3.296956e+01 2.355342e+01 2.434228e+01 1.985145e+01 1.555273e+01 3.188000e-01 4.483745e-01 5.892098e-01 6.624634e-01 8.669164e-01 1.108546e+00 1.179201e+00 1.330844e+00 1.530901e+00 1.584292e+00 1.427017e+00 1.159788e+00 2.517370e-04
<GCONST> 7.193102e+01
<MIXTURE> 64 4.351215e-03
<MEAN> 25
 -4.365422e+00 -2.470887e+00 -4.583776e+00 2.726515e+00 3.063941e+00 -5.595744e-01 2.882589e+00 4.722835e-01 2.479966e+00 -1.345188e+00 -1.118804e+00 2.483498e+00 -9.926504e-02 3.721033e-01 4.110848e-01 4.654430e-01 4.059451e-01 4.247910e-01 3.493014e-01 1.693375e-01 1.943334e-01 2.620587e-01 2.430910e-01 1.477876e-01 -7.088004e-03
<VARIANCE> 25
 8.375859e+00 1.592089e+01 1.764968e+01 1.594474e+01 1.832757e+01 2.607125e+01 2.164852e+01 3.296956e+01 2.355342e+01 2.434228e+01 1.985145e+01 1.555273e+01 3.188000e-01 4.483745e-01 5.892098e-01 6.624634e-01 8.669164e-01 1.108546e+00 1.179201e+00 1.330844e+00 1.530901e+00 1.584292e+00 1.427017e+00 1.159788e+00 2.517370e-04
<GCONST> 7.193102e+01
<MIXTURE> 65 1.721197e-02
<MEAN> 25
 8.036133e+00 1.788758e+00 2.540255e+00 6.017880e-01 -5.093778e+00 -4.401714e+00 -6.081960e+00 -6.015396e+00 -3.625359e+00 -1.751488e+00 -5.717560e+00 -1.468410e+00 1.513252e-01 6.901726e-02 1.052914e-01 2.502937e-01 -1.501424e-01 2.282651e-01 -3.871809e-02 -1.140850e-01 2.129138e-01 -9.015340e-02 -8.321404e-02 -1.070904e-02 -5.532681e-03
<VARIANCE> 25
 9.400535e+00 1.858842e+01 3.093452e+01 3.501338e+01 3.840448e+01 5.366261e+01 5.494001e+01 6.031885e+01 5.292096e+01 5.804124e+01 5.424641e+01 5.145435e+01 5.712433e-01 9.738706e-01 1.649393e+00 1.937394e+00 1.896749e+00 2.177207e+00 2.653073e+00 3.344873e+00 2.588803e+00 2.669039e+00 2.309196e+00 2.211420e+00 4.180526e-04
<GCONST> 8.975902e+01
<MIXTURE> 66 1.191532e-02
<MEAN> 25
 6.833002e+00 -3.817893e+00 -5.208555e+00 -4.931532e+00 1.311411e+00 -4.957956e+00 -7.181508e+00 1.375451e+00 1.882431e-01 -1.213035e+00 -5.876301e+00 -3.308568e+00 -5.321331e-02 1.553086e+00 2.197479e+00 2.327432e+00 -1.170857e+00 -1.197162e+00 1.313878e-01 -4.727202e-01 -6.074548e-02 -3.044096e-01 -3.139888e-01 1.089512e+00 -6.252715e-02
<VARIANCE> 25
 8.823669e+00 2.202690e+01 2.807696e+01 3.149327e+01 3.608393e+01 5.074248e+01 5.412025e+01 4.382548e+01 5.618909e+01 7.227905e+01 3.599691e+01 3.553203e+01 1.205643e+00 2.476383e+00 2.276126e+00 2.438909e+00 4.079524e+00 4.079477e+00 4.201412e+00 4.669484e+00 4.110019e+00 4.932269e+00 3.837297e+00 3.089082e+00 1.434565e-03
<GCONST> 9.627974e+01
<MIXTURE> 67 1.559142e-02
<MEAN> 25
 8.518121e+00 1.288514e+00 -5.435508e+00 -7.790199e+00 1.349499e+00 2.770107e+00 -4.460302e+00 -1.186189e+00 -5.145810e+00 2.748010e+00 -6.314543e-01 -1.976337e+00 -1.044083e+00 1.723873e+00 6.981109e-01 2.940412e+00 1.201434e+00 -4.792404e-01 1.824819e+00 -4.832818e-01 9.438919e-01 -1.928508e-01 -1.834337e-01 7.287249e-01 -1.339871e-01
<VARIANCE> 25
 1.025200e+01 3.385020e+01 2.749798e+01 4.774414e+01 4.102465e+01 4.599139e+01 6.347330e+01 5.107375e+01 6.456278e+01 6.201700e+01 4.677012e+01 3.970965e+01 1.875024e+00 3.258550e+00 3.150702e+00 3.838540e+00 3.850580e+00 3.685687e+00 4.828279e+00 5.681098e+00 7.408675e+00 4.756159e+00 5.061569e+00 3.094403e+00 2.828110e-03
<GCONST> 1.011369e+02
<MIXTURE> 68 1.485092e-02
<MEAN> 25
 -1.596169e+00 -2.156986e+00 -4.086680e+00 6.833954e-01 5.671850e+00 -6.920250e-01 2.079799e+00 1.509995e+00 1.559871e+00 1.929521e+00 5.020224e-01 1.959657e+00 2.790078e+00 4.461270e-01 3.128977e-01 -2.482149e+00 -2.439361e+00 -1.627060e+00 -2.476226e+00 -1.547610e+00 -1.610953e+00 -1.251396e+00 -1.837652e+00 -1.080276e+00 9.567574e-02
<VARIANCE> 25
 2.688577e+01 3.011283e+01 5.546935e+01 5.226839e+01 4.668718e+01 5.290209e+01 4.282211e+01 4.008217e+01 4.037041e+01 4.312909e+01 3.578144e+01 2.470750e+01 1.772097e+00 3.721960e+00 6.511637e+00 5.620406e+00 4.405669e+00 5.234517e+00 5.517083e+00 5.188291e+00 4.605062e+00 5.406098e+00 5.033388e+00 3.307712e+00 6.157562e-03
<GCONST> 1.030382e+02
<MIXTURE> 69 1.204884e-02
<MEAN> 25
 3.799882e+00 -3.931844e+00 -3.279342e+00 -3.732931e+00 -2.296603e+00 -7.836677e+00 4.986563e-01 1.549312e+00 4.983937e-01 -4.395293e+00 -6.232470e+00 2.007738e+00 2.266398e+00 -2.277633e+00 -1.352525e+00 -2.408908e+00 -5.074893e-01 -1.159860e-01 -7.243185e-01 8.985137e-01 -8.405330e-01 -3.804809e-01 -2.449326e+00 -3.889660e-01 5.884437e-02
<VARIANCE> 25
 1.127724e+01 2.150204e+01 2.558337e+01 2.274283e+01 4.007118e+01 3.123330e+01 4.677903e+01 2.900002e+01 3.859338e+01 3.481666e+01 2.667398e+01 2.437901e+01 3.793076e+00 3.292522e+00 3.661221e+00 3.271394e+00 4.655020e+00 4.871012e+00 6.500436e+00 5.548507e+00 5.703872e+00 7.755847e+00 3.761602e+00 3.769257e+00 3.007071e-03
<GCONST> 9.817855e+01
<MIXTURE> 70 1.329190e-02
<MEAN> 25
 7.645263e+00 -2.457607e+00 -4.664929e+00 -4.723968e+00 5.620518e-01 -6.190333e-01 -6.525949e+00 -3.162397e+00 -5.994100e-01 3.825690e+00 -1.068458e+00 -4.428837e+00 1.960965e+00 -1.133951e+00 -7.679009e-01 -2.036594e+00 -1.466043e+00 1.387641e+00 -1.346274e+00 -2.775216e-01 -9.548426e-02 1.776930e-01 6.521294e-01 -1.695036e+00 5.536574e-02
<VARIANCE> 25
 8.489364e+00 2.226876e+01 3.366945e+01 4.428977e+01 3.643035e+01 3.968337e+01 5.910485e+01 4.117401e+01 4.827871e+01 3.072306e+01 5.245425e+01 2.654881e+01 3.025090e+00 2.942312e+00 5.780881e+00 4.427935e+00 4.574749e+00 7.228924e+00 6.097460e+00 6.533499e+00 6.011008e+00 4.856528e+00 5.468089e+00 3.869712e+00 2.213040e-03
<GCONST> 1.010354e+02
<MIXTURE> 71 1.406903e-02
<MEAN> 25
 6.439358e+00 4.957883e+00 4.440230e+00 3.128389e+00 -3.435691e+00 -3.465089e+00 -3.462507e+00 -6.440209e+00 -4.469012e+00 -2.413580e+00 -5.267076e+00 -2.843754e+00 -1.587702e+00 -6.968573e-01 -3.025325e-01 -1.717539e+00 1.147320e+00 -1.435142e-01 1.120484e-01 1.473437e+00 3.299829e-01 -1.861906e-01 6.987576e-01 1.799471e-01 3.979271e-02
<VARIANCE> 25
 1.846595e+01 2.667250e+01 2.578720e+01 4.366982e+01 4.007241e+01 3.967933e+01 4.198522e+01 4.192413e+01 3.913137e+01 4.309121e+01 3.580782e+01 3.816804e+01 1.769381e+00 3.031154e+00 5.288339e+00 4.894194e+00 4.695209e+00 4.733279e+00 5.002205e+00 5.541856e+00 4.317982e+00 3.997108e+00 3.563898e+00 3.213985e+00 1.424812e-03
<GCONST> 9.875763e+01
<MIXTURE> 72 8.134747e-03
<MEAN> 25
 3.466979e+00 -3.617187e+00 7.003642e+00 9.244747e-01 -1.094056e+01 -9.314830e+00 -3.668899e+00 3.892776e+00 -7.545114e+00 -4.235115e+00 1.624610e+00 -1.939876e+00 8.543616e-01 -8.587246e-01 -2.379776e+00 2.356034e-01 2.095470e+00 -1.105717e+00 -1.697038e+00 1.531261e+00 1.828565e+00 -3.833456e-01 -1.282183e+00 7.278604e-01 -2.104566e-03
<VARIANCE> 25
 7.342650e+00 1.439012e+01 2.747338e+01 3.922163e+01 2.391315e+01 2.608431e+01 3.283094e+01 2.979532e+01 4.088320e+01 3.506046e+01 5.015671e+01 3.102427e+01 2.896562e-01 7.563978e-01 1.610479e+00 1.559053e+00 1.745753e+00 1.899934e+00 2.347681e+00 2.323617e+00 2.462824e+00 4.142106e+00 1.989444e+00 1.594227e+00 3.632385e-04
<GCONST> 8.338304e+01
<MIXTURE> 73 1.213625e-02
<MEAN> 25
 -5.520698e+00 4.691981e-02 -1.628740e+00 4.545985e+00 3.788551e+00 2.021212e+00 5.003139e+00 2.377316e+00 5.286220e+00 2.710878e+00 3.814755e+00 3.666616e+00 1.361384e+00 -1.702004e+00 -1.142186e+00 -3.113266e+00 -7.904401e-01 -1.486995e+00 -8.109982e-01 -5.538076e-02 -1.369043e+00 -5.123230e-01 -1.457924e+00 -3.737764e-02 1.424219e-01
<VARIANCE> 25
 1.216669e+01 1.728210e+01 1.254110e+01 1.963386e+01 1.914142e+01 2.507828e+01 2.295621e+01 1.950748e+01 1.780190e+01 2.077222e+01 2.260522e+01 1.508946e+01 5.552960e+00 4.138347e+00 5.960338e+00 4.929235e+00 6.158070e+00 4.257730e+00 3.542815e+00 4.341523e+00 4.371105e+00 3.751831e+00 3.308954e+00 2.367389e+00 4.474761e-03
<GCONST> 9.278587e+01
<MIXTURE> 74 1.756491e-02
<MEAN> 25
 4.371243e+00 -1.067704e+00 6.686661e+00 -1.377851e+00 -8.066793e+00 -8.820406e+00 -2.486478e+00 1.973297e+00 -4.371894e+00 -1.409392e+00 -2.425107e+00 1.117268e+00 -1.374241e-02 2.019022e+00 2.015565e-01 1.534191e+00 1.576706e+00 2.940151e-01 -1.210372e-01 -1.346530e+00 1.203180e-01 8.244073e-02 1.133979e-01 -1.227241e-01 -6.903592e-02
<VARIANCE> 25
 1.040951e+01 2.033357e+01 4.176710e+01 3.684880e+01 3.412682e+01 3.561099e+01 5.059818e+01 4.744755e+01 4.472575e+01 4.878516e+01 3.873914e+01 3.291781e+01 2.428379e+00 1.880936e+00 4.087047e+00 2.547469e+00 4.156641e+00 4.027938e+00 4.688298e+00 4.968716e+00 3.821012e+00 3.672192e+00 3.958791e+00 2.705937e+00 1.875043e-03
<GCONST> 9.692764e+01
<MIXTURE> 75 9.711651e-03
<MEAN> 25
 2.005411e+00 -3.424297e-02 1.216186e+01 1.663069e+00 -1.196703e+01 -4.998526e+00 -4.773246e+00 -6.040051e-02 -5.537351e+00 -4.139942e+00 3.433725e+00 -9.783861e-01 1.628817e+00 -1.662814e+00 7.859883e-02 3.328538e-01 -2.675167e+00 -5.170821e-01 -1.425006e+00 1.602628e+00 -7.746366e-01 -8.517640e-02 1.118526e+00 -8.281035e-01 3.637116e-02
<VARIANCE> 25
 1.069458e+01 2.043731e+01 2.811287e+01 2.485135e+01 2.259093e+01 5.045998e+01 2.634439e+01 2.670902e+01 3.295634e+01 2.705870e+01 2.111118e+01 2.579938e+01 1.940079e+00 1.642273e+00 3.768287e+00 3.062713e+00 4.633051e+00 4.016688e+00 3.796381e+00 4.330485e+00 4.718584e+00 3.588437e+00 2.688410e+00 2.433830e+00 1.246189e-03
<GCONST> 9.191962e+01
<MIXTURE> 76 1.052359e-02
<MEAN> 25
 -6.550681e+00 -2.018421e+00 -2.867883e+00 3.392466e+00 3.171359e+00 1.282815e+00 4.442433e+00 4.561616e-01 3.015970e+00 4.478260e-01 2.127780e+00 2.427134e+00 -3.101742e-01 -4.535112e-01 -1.872183e-01 -7.246360e-01 -7.955447e-01 -8.119032e-01 -4.526482e-01 -3.493755e-01 -4.983025e-01 -5.759946e-01 -1.408231e-01 -1.379316e-01 2.343106e-02
<VARIANCE> 25
 3.188761e+01 2.879347e+01 2.772003e+01 2.561356e+01 3.270287e+01 2.967582e+01 2.329672e+01 3.478548e+01 2.327149e+01 2.293150e+01 2.454766e+01 1.605079e+01 1.236206e+00 1.055848e+00 1.331709e+00 1.123708e+00 1.660076e+00 1.589629e+00 1.490487e+00 1.486691e+00 1.435240e+00 1.516693e+00 1.641371e+00 1.182517e+00 1.192128e-03
<GCONST> 8.231053e+01
<MIXTURE> 77 1.244626e-02
<MEAN> 25
 -4.678082e-01 8.586978e+00 1.246293e+01 -1.162049e+01 -7.006548e+00 9.572891e-01 -9.280665e+00 -7.240661e+00 -3.376840e+00 -1.991573e-01 -4.658251e+00 -1.485857e+00 6.820682e-02 1.376793e-01 7.361031e-02 2.507822e-01 -2.210081e-02 7.814802e-02 -6.485435e-02 -6.191821e-02 8.297548e-02 -4.445493e-02 2.606665e-02 1.180477e-01 -9.922361e-03
<VARIANCE> 25
 1.044649e+01 2.007504e+01 2.752664e+01 4.158786e+01 3.319524e+01 3.380484e+01 3.671508e+01 3.177379e+01 3.524346e+01 3.323516e+01 3.756496e+01 3.494854e+01 2.988775e-01 7.783267e-01 6.454089e-01 1.086055e+00 1.237801e+00 9.854621e-01 1.223402e+00 1.073977e+00 1.044217e+00 1.066891e+00 9.718543e-01 9.222771e-01 5.402588e-04
<GCONST> 7.779946e+01
<MIXTURE> 78 9.702551e-03
<MEAN> 25
 -1.273100e+01 2.921250e+00 -1.484589e+00 3.077216e+00 5.486132e+00 -2.584901e+00 4.606125e+00 9.171104e-01 3.662412e+00 1.588672e-01 -7.405812e-01 2.835989e+00 2.341085e+00 -1.747222e-01 6.617633e-02 7.969433e-01 -2.421303e-01 4.806077e-02 -2.510652e-01 -2.281036e-01 2.919726e-01 3.704043e-02 -2.579652e-01 -2.380353e-01 -6.087245e-02
<VARIANCE> 25
 4.432902e+01 4.404239e+01 2.776110e+01 3.559777e+01 3.998313e+01 3.094954e+01 3.088260e+01 3.712434e+01 2.678578e+01 2.496542e+01 2.322375e+01 1.648651e+01 4.756614e+00 4.097379e+00 2.695632e+00 4.824147e+00 2.828267e+00 3.052114e+00 2.806598e+00 3.051232e+00 2.100844e+00 2.165690e+00 2.180529e+00 1.883025e+00 4.449538e-03
<GCONST> 9.438873e+01
<MIXTURE> 79 1.156824e-02
<MEAN> 25
 2.193248e+00 1.595077e+00 9.908299e+00 -4.971776e+00 -1.276076e+01 -1.301506e+00 -1.860761e+00 -4.864505e+00 -7.459342e+00 1.490596e-01 -2.087117e+00 -3.770704e+00 1.161186e+00 -7.003186e-01 -1.417890e+00 2.330746e+00 3.215266e-01 -1.702854e+00 6.200945e-01 1.023286e+00 -4.785677e-01 -7.301807e-01 5.993938e-01 2.251161e-01 -2.671302e-02
<VARIANCE> 25
 1.266443e+01 2.125160e+01 3.529460e+01 5.710837e+01 3.150090e+01 3.989243e+01 3.707571e+01 4.549240e+01 3.883255e+01 3.521206e+01 5.073848e+01 2.896266e+01 8.309421e-01 2.151573e+00 1.699776e+00 1.820624e+00 2.301981e+00 2.712583e+00 2.929558e+00 3.200951e+00 2.267489e+00 2.817492e+00 2.406779e+00 1.842165e+00 1.545726e-03
<GCONST> 9.088300e+01
<MIXTURE> 80 7.550998e-03
<MEAN> 25
 -1.421451e+01 4.433958e+00 5.203482e-01 3.171172e+00 2.713396e+00 1.109828e+00 6.430162e+00 2.147826e+00 3.142340e+00 2.005526e+00 4.659060e+00 1.214679e+00 4.353388e+00 -2.689571e-01 1.492790e+00 -1.307008e+00 -2.905653e+00 -2.650712e+00 -2.236612e+00 -1.794290e+00 -1.862167e+00 -1.690102e+00 -1.636154e+00 -5.099990e-01 -4.430667e-02
<VARIANCE> 25
 2.191412e+01 2.163269e+01 3.271377e+01 3.386348e+01 2.935772e+01 2.866176e+01 2.655721e+01 2.849906e+01 2.764220e+01 2.891921e+01 2.582072e+01 1.698139e+01 2.306093e+00 3.396112e+00 2.830034e+00 4.281500e+00 3.207921e+00 2.771799e+00 2.943444e+00 3.731494e+00 2.767366e+00 2.556988e+00 2.613290e+00 2.131299e+00 1.447007e-03
<GCONST> 9.151993e+01
<MIXTURE> 81 8.025434e-03
<MEAN> 25
 -1.121158e+00 4.067320e+00 1.018182e+01 -1.479762e+01 -9.073681e+00 -1.422263e+00 -6.760653e+00 -8.429733e+00 -4.147647e+00 -4.210736e-01 -7.570792e+00 -2.244226e+00 1.343887e-01 -5.869504e-01 -2.467876e-03 -5.551399e-01 -4.657960e-01 3.358667e-01 3.177307e-01 1.391024e-01 -1.418862e-01 1.074788e-01 -4.686475e-01 -1.264469e-01 1.150477e-02
<VARIANCE> 25
 1.015646e+01 3.280476e+01 2.646156e+01 2.932620e+01 3.376416e+01 3.050828e+01 4.549395e+01 2.825358e+01 3.799191e+01 3.190723e+01 2.531867e+01 3.104377e+01 7.721268e-01 2.276460e+00 1.545065e+00 2.873660e+00 2.669777e+00 2.126080e+00 3.286568e+00 2.295840e+00 2.360476e+00 2.539861e+00 2.299010e+00 2.079822e+00 1.183117e-03
<GCONST> 8.870116e+01
<MIXTURE> 82 8.213053e-03
<MEAN> 25
 -9.895828e+00 -3.947226e+00 1.572444e+00 -2.934322e+00 3.087694e+00 6.694791e-01 2.033031e+00 8.513496e-01 3.003382e+00 1.738694e+00 1.732384e+00 3.059483e+00 -1.333041e+00 -1.303181e-01 2.742495e-01 -2.585228e+00 -1.111786e+00 -1.252628e+00 -9.916408e-01 -8.712652e-01 -3.043814e-01 -4.704584e-01 -2.874096e-01 -1.124498e-01 1.771407e-01
<VARIANCE> 25
 1.828018e+01 2.498152e+01 3.241510e+01 3.067002e+01 3.278032e+01 3.193615e+01 3.155523e+01 3.324705e+01 3.060427e+01 2.492257e+01 3.048988e+01 1.736352e+01 3.761263e+00 3.025619e+00 3.308829e+00 3.264228e+00 3.530073e+00 3.267248e+00 2.951891e+00 2.984050e+00 2.784907e+00 2.475750e+00 2.506068e+00 1.880170e+00 3.535643e-03
<GCONST> 9.305920e+01
<MIXTURE> 83 1.167529e-02
<MEAN> 25
 -2.008401e+01 4.240686e+00 -1.536984e-01 -1.291073e+00 7.979653e+00 -1.345235e+00 5.514210e+00 2.652101e+00 2.138740e+00 1.263942e+00 1.514372e+00 2.450409e+00 -1.777308e-01 -2.754217e-01 -1.984995e-01 -2.581194e-01 -2.883915e-01 -4.323871e-01 -3.234410e-01 -1.184120e-01 -9.385784e-02 1.469725e-01 -2.457267e-01 5.792521e-02 6.636254e-03
<VARIANCE> 25
 6.932622e+00 1.746435e+01 2.933003e+01 2.087726e+01 1.778353e+01 1.954460e+01 1.782969e+01 1.852121e+01 1.858957e+01 2.123251e+01 2.181622e+01 1.237557e+01 9.600146e-01 1.265668e+00 1.107686e+00 9.054746e-01 1.238158e+00 1.294287e+00 1.254387e+00 1.151653e+00 1.129332e+00 1.182423e+00 1.746449e+00 9.214480e-01 7.262172e-04
<GCONST> 7.496236e+01
<MIXTURE> 84 1.066614e-02
<MEAN> 25
 1.206325e+00 8.969695e+00 7.215564e+00 7.943221e+00 2.831820e+00 -9.641386e-01 -1.520992e+00 -4.473464e+00 -4.068522e+00 -2.891574e+00 -2.430039e+00 -1.516982e+00 -1.790224e+00 -1.185709e+00 -1.221142e+00 1.290237e+00 2.231463e+00 1.508119e+00 1.468477e+00 1.260462e+00 1.185778e+00 3.862750e-01 4.265439e-01 4.222503e-01 -7.099321e-02
<VARIANCE> 25
 2.389974e+01 1.914144e+01 2.164349e+01 2.416718e+01 2.903785e+01 2.839278e+01 2.791220e+01 2.649872e+01 2.539765e+01 2.522056e+01 2.344276e+01 2.510839e+01 2.090461e+00 2.525247e+00 3.877798e+00 3.275646e+00 3.325440e+00 3.353607e+00 3.287614e+00 3.475695e+00 3.483215e+00 3.258151e+00 3.569305e+00 2.803873e+00 3.561201e-03
<GCONST> 9.264126e+01
<MIXTURE> 85 7.591393e-03
<MEAN> 25
 -3.084575e+00 7.742686e+00 5.726189e+00 1.276713e+00 -3.468128e+00 -5.267102e+00 -2.883337e+00 -6.179184e+00 -3.380396e+00 -3.241023e+00 -5.359098e-01 -1.751330e+00 3.914863e+00 3.152075e-01 1.800315e+00 -2.031466e+00 -3.406233e+00 -2.564452e+00 -2.885186e+00 -2.277387e+00 -2.241076e+00 -1.209032e+00 -2.319355e+00 -5.776516e-01 8.983715e-03
<VARIANCE> 25
 4.214674e+01 2.464248e+01 3.642099e+01 3.777416e+01 3.939222e+01 4.060088e+01 3.226705e+01 2.765140e+01 2.760305e+01 2.590807e+01 2.598325e+01 2.139892e+01 2.703043e+00 4.307346e+00 4.108314e+00 5.320335e+00 4.344150e+00 3.838408e+00 3.813936e+00 4.141674e+00 3.782760e+00 4.129219e+00 3.904463e+00 3.508020e+00 5.354387e-03
<GCONST> 9.843245e+01
<MIXTURE> 86 1.273941e-02
<MEAN> 25
 -4.968422e+00 -1.147418e+00 -8.202083e-01 6.337083e+00 5.043958e+00 4.733771e+00 5.320504e+00 4.546835e+00 4.657490e+00 3.909147e+00 5.331429e+00 2.736994e+00 -9.864207e-03 -6.109864e-03 -2.961894e-02 -6.099852e-02 -1.174766e-01 -1.890890e-01 -2.713227e-01 -3.289789e-01 -3.501252e-01 -3.178862e-01 -2.281139e-01 -1.014738e-01 -5.857383e-04
<VARIANCE> 25
 7.835117e+00 6.102368e+00 1.001335e+01 1.222676e+01 1.589831e+01 1.476332e+01 1.344871e+01 1.308950e+01 1.313893e+01 1.416152e+01 1.427444e+01 1.286811e+01 1.006584e-01 1.926375e-01 3.258832e-01 4.830231e-01 6.339882e-01 7.330022e-01 7.428745e-01 7.597416e-01 8.290125e-01 8.797937e-01 9.068406e-01 9.033245e-01 5.322985e-05
<GCONST> 5.820400e+01
<MIXTURE> 87 1.100681e-02
<MEAN> 25
 -3.259322e+00 4.710118e+00 3.085616e+00 6.786597e+00 5.408582e+00 4.831442e-01 2.062828e+00 -1.468864e+00 3.854322e-01 -1.043615e+00 -8.189832e-01 4.529434e-01 -2.147065e+00 -2.690271e+00 -2.254441e+00 -1.987322e+00 -1.533130e-01 2.140413e-02 7.689642e-01 1.086856e+00 1.413204e+00 8.546546e-01 9.977305e-01 7.299346e-01 9.788081e-02
<VARIANCE> 25
 4.005149e+01 3.712202e+01 2.747014e+01 3.071206e+01 2.654317e+01 3.113859e+01 2.769643e+01 2.703125e+01 3.121737e+01 2.367492e+01 2.257213e+01 2.302221e+01 3.726531e+00 2.547766e+00 3.925148e+00 3.789880e+00 4.530641e+00 4.247620e+00 4.003507e+00 3.982594e+00 3.445758e+00 3.250032e+00 3.172907e+00 3.074663e+00 4.771344e-03
<GCONST> 9.620842e+01
<MIXTURE> 88 1.256585e-02
<MEAN> 25
 -4.352996e+00 -9.791642e-01 -1.338280e+00 5.208153e+00 4.417842e+00 3.224104e+00 4.626684e+00 2.762244e+00 3.837333e+00 2.004804e+00 3.082684e+00 2.712949e+00 5.066094e-02 1.981620e-01 3.279427e-01 3.825570e-01 1.871015e-01 1.831706e-01 -1.996142e-02 -1.776230e-01 -2.492647e-01 -2.578879e-01 -7.771941e-02 4.017114e-02 -7.519780e-03
<VARIANCE> 25
 8.749902e+00 1.030468e+01 1.535281e+01 1.603465e+01 2.031141e+01 2.233535e+01 1.867748e+01 2.216489e+01 1.818071e+01 2.109739e+01 2.074386e+01 1.418920e+01 1.344017e+00 1.587930e+00 2.158938e+00 2.164811e+00 2.624447e+00 2.626981e+00 2.538199e+00 2.489458e+00 2.413443e+00 2.430758e+00 2.244027e+00 1.974362e+00 1.533792e-03
<GCONST> 8.258408e+01
<MIXTURE> 89 9.333527e-03
<MEAN> 25
 6.152560e+00 -5.927603e+00 -2.628304e+00 -3.652501e+00 -1.671848e+00 -5.437729e+00 -2.774207e+00 5.361794e+00 2.505895e+00 -7.972375e-01 -8.983302e+00 -1.264834e+00 -4.727142e-01 1.308017e-01 1.859979e+00 7.759761e-01 -1.756350e+00 -1.439164e+00 8.068573e-01 9.328641e-01 -5.534043e-01 -9.932864e-01 4.482072e-01 1.427943e+00 -6.480416e-03
<VARIANCE> 25
 6.934843e+00 2.079094e+01 2.557074e+01 2.214102e+01 2.697400e+01 2.970391e+01 6.835648e+01 3.313413e+01 2.970807e+01 3.786543e+01 4.705219e+01 3.026842e+01 2.695770e-01 6.496349e-01 1.070641e+00 1.293573e+00 1.430993e+00 1.558626e+00 1.997463e+00 1.752381e+00 2.010200e+00 2.006638e+00 2.187154e+00 1.131635e+00 2.793910e-04
<GCONST> 8.071166e+01
<MIXTURE> 90 7.114505e-03
<MEAN> 25
 2.478375e+00 -9.672830e+00 -4.707227e+00 -3.987194e+00 -3.395450e+00 -1.856801e+00 3.390347e+00 1.260079e+00 -7.449959e+00 -1.009778e+01 -3.554417e+00 -6.735869e-01 -1.632469e-01 9.059253e-01 1.173701e+00 -8.461183e-01 -1.613344e+00 -2.199733e-01 6.392798e-01 -2.043096e-01 -1.770312e-01 7.353004e-01 1.990032e-01 -5.376776e-01 -1.116649e-02
<VARIANCE> 25
 8.576913e+00 1.785519e+01 1.985831e+01 2.778408e+01 3.654058e+01 3.206920e+01 3.825107e+01 3.689164e+01 3.551634e+01 2.891362e+01 2.838167e+01 2.635532e+01 2.218195e-01 6.090931e-01 7.837431e-01 1.038385e+00 1.459783e+00 1.582397e+00 1.767431e+00 1.643486e+00 1.806717e+00 1.665827e+00 1.517825e+00 1.313141e+00 2.134646e-04
<GCONST> 7.819696e+01
<MIXTURE> 91 7.852945e-03
<MEAN> 25
 6.243220e+00 -7.560838e+00 -8.627259e+00 -5.624602e+00 3.255677e+00 1.805790e+00 -2.748265e+00 4.037417e-01 -2.282827e-03 -2.042044e+00 -4.268461e+00 -5.349577e+00 1.963435e-01 9.038939e-01 2.779838e-01 4.062493e-01 3.072004e-02 -4.633131e-01 -2.890270e-01 7.160982e-02 -1.200238e-01 5.445522e-01 -2.931567e-01 3.951930e-01 -3.787080e-02
<VARIANCE> 25
 8.902868e+00 2.243308e+01 2.081281e+01 3.641271e+01 3.337729e+01 8.196356e+01 5.833550e+01 4.118874e+01 5.571481e+01 6.904253e+01 3.694154e+01 3.748804e+01 4.250429e-01 8.485681e-01 1.013243e+00 1.352282e+00 2.129343e+00 2.158854e+00 2.265469e+00 2.261098e+00 2.052362e+00 2.103357e+00 2.024290e+00 1.786843e+00 5.956870e-04
<GCONST> 8.683778e+01
<MIXTURE> 92 7.852945e-03
<MEAN> 25
 6.243220e+00 -7.560838e+00 -8.627259e+00 -5.624602e+00 3.255677e+00 1.805790e+00 -2.748265e+00 4.037417e-01 -2.282827e-03 -2.042044e+00 -4.268461e+00 -5.349577e+00 1.963435e-01 9.038939e-01 2.779838e-01 4.062493e-01 3.072004e-02 -4.633131e-01 -2.890270e-01 7.160982e-02 -1.200238e-01 5.445522e-01 -2.931567e-01 3.951930e-01 -3.787080e-02
<VARIANCE> 25
 8.902868e+00 2.243308e+01 2.081281e+01 3.641271e+01 3.337729e+01 8.196356e+01 5.833550e+01 4.118874e+01 5.571481e+01 6.904253e+01 3.694154e+01 3.748804e+01 4.250429e-01 8.485681e-01 1.013243e+00 1.352282e+00 2.129343e+00 2.158854e+00 2.265469e+00 2.261098e+00 2.052362e+00 2.103357e+00 2.024290e+00 1.786843e+00 5.956870e-04
<GCONST> 8.683778e+01
<MIXTURE> 93 6.122769e-03
<MEAN> 25
 -6.822781e+00 -9.501710e-01 -2.401083e+00 5.800698e+00 5.909416e+00 3.929677e+00 6.123256e+00 3.605072e+00 4.123535e+00 2.505653e+00 1.822341e+00 3.710564e+00 -6.159073e-02 -1.542955e-01 -2.567127e-01 -3.313177e-01 -3.340787e-01 -2.848911e-01 -2.167045e-01 -1.741678e-01 -1.661538e-01 -1.503371e-01 -1.045872e-01 -3.670691e-02 -2.204223e-06
<VARIANCE> 25
 9.091811e+00 6.126471e+00 8.178239e+00 1.136160e+01 1.148074e+01 1.601127e+01 1.526254e+01 1.643951e+01 1.475662e+01 1.454175e+01 1.678560e+01 1.345440e+01 8.265153e-02 1.533366e-01 2.638396e-01 3.802778e-01 4.975593e-01 6.418160e-01 7.796541e-01 8.863617e-01 9.166437e-01 8.758096e-01 8.914588e-01 9.188704e-01 1.002084e-06
<GCONST> 5.361512e+01
<MIXTURE> 94 6.122769e-03
<MEAN> 25
 -6.822781e+00 -9.501710e-01 -2.401083e+00 5.800698e+00 5.909416e+00 3.929677e+00 6.123256e+00 3.605072e+00 4.123535e+00 2.505653e+00 1.822341e+00 3.710564e+00 -6.159073e-02 -1.542955e-01 -2.567127e-01 -3.313177e-01 -3.340787e-01 -2.848911e-01 -2.167045e-01 -1.741678e-01 -1.661538e-01 -1.503371e-01 -1.045872e-01 -3.670691e-02 -2.204223e-06
<VARIANCE> 25
 9.091811e+00 6.126471e+00 8.178239e+00 1.136160e+01 1.148074e+01 1.601127e+01 1.526254e+01 1.643951e+01 1.475662e+01 1.454175e+01 1.678560e+01 1.345440e+01 8.265153e-02 1.533366e-01 2.638396e-01 3.802778e-01 4.975593e-01 6.418160e-01 7.796541e-01 8.863617e-01 9.166437e-01 8.758096e-01 8.914588e-01 9.188704e-01 1.002084e-06
<GCONST> 5.361512e+01
<MIXTURE> 95 5.258835e-03
<MEAN> 25
 -5.815988e+00 -7.433506e-01 -1.994047e+00 4.874749e+00 4.195847e+00 2.820897e+00 4.184813e+00 1.603579e+00 2.238716e+00 8.682202e-01 1.212365e+00 2.585330e+00 1.433823e-01 1.453270e-01 8.878553e-02 -8.328681e-02 -3.711438e-01 -7.135594e-01 -1.055055e+00 -1.273355e+00 -1.262021e+00 -9.970360e-01 -6.538516e-01 -3.052589e-01 -1.336904e-04
<VARIANCE> 25
 1.019291e+01 6.699837e+00 1.219963e+01 1.279217e+01 1.435195e+01 1.904163e+01 1.788266e+01 1.739820e+01 1.541255e+01 1.538372e+01 1.991113e+01 1.442607e+01 2.086262e-01 2.933031e-01 4.546857e-01 6.261452e-01 8.060820e-01 8.944734e-01 9.075541e-01 9.286043e-01 9.670492e-01 1.081919e+00 1.158111e+00 1.109151e+00 4.212208e-05
<GCONST> 6.337290e+01
<MIXTURE> 96 7.034694e-03
<MEAN> 25
 -5.092548e+00 -4.766917e-01 -2.234740e+00 5.131142e+00 3.822147e+00 1.783280e+00 3.534529e+00 1.730523e+00 2.501524e+00 9.447222e-01 1.149970e+00 2.791903e+00 -2.994529e-02 8.333459e-02 2.111616e-01 3.994456e-01 5.453957e-01 4.975218e-01 2.407316e-01 -1.242570e-01 -4.647439e-01 -6.663615e-01 -6.172709e-01 -3.622619e-01 -3.377942e-05
<VARIANCE> 25
 1.092013e+01 9.986010e+00 1.278897e+01 1.436419e+01 1.524823e+01 1.968696e+01 1.799485e+01 1.985786e+01 1.812219e+01 1.651276e+01 1.961808e+01 1.487735e+01 1.194629e-01 2.196260e-01 3.147835e-01 3.990672e-01 4.987321e-01 6.568514e-01 8.646304e-01 9.886419e-01 9.568750e-01 8.877658e-01 8.906716e-01 9.374527e-01 1.056726e-06
<GCONST> 5.772094e+01
<MIXTURE> 97 7.034694e-03
<MEAN> 25
 -5.092548e+00 -4.766917e-01 -2.234740e+00 5.131142e+00 3.822147e+00 1.783280e+00 3.534529e+00 1.730523e+00 2.501524e+00 9.447222e-01 1.149970e+00 2.791903e+00 -2.994529e-02 8.333459e-02 2.111616e-01 3.994456e-01 5.453957e-01 4.975218e-01 2.407316e-01 -1.242570e-01 -4.647439e-01 -6.663615e-01 -6.172709e-01 -3.622619e-01 -3.377942e-05
<VARIANCE> 25
 1.092013e+01 9.986010e+00 1.278897e+01 1.436419e+01 1.524823e+01 1.968696e+01 1.799485e+01 1.985786e+01 1.812219e+01 1.651276e+01 1.961808e+01 1.487735e+01 1.194629e-01 2.196260e-01 3.147835e-01 3.990672e-01 4.987321e-01 6.568514e-01 8.646304e-01 9.886419e-01 9.568750e-01 8.877658e-01 8.906716e-01 9.374527e-01 1.056726e-06
<GCONST> 5.772094e+01
<MIXTURE> 98 9.917808e-03
<MEAN> 25
 -1.040135e+00 8.066654e-01 -9.159095e-01 4.567195e+00 3.288427e+00 1.720660e+00 3.355366e+00 5.663359e-01 2.361125e+00 4.109505e-01 3.907863e-01 1.700045e+00 -1.902671e+00 -1.529137e+00 -1.222602e+00 2.293184e-01 4.853386e-01 9.852200e-01 1.426516e+00 1.140408e+00 1.655497e+00 9.092993e-01 1.330224e+00 7.304027e-01 -2.730211e-02
<VARIANCE> 25
 2.006777e+01 2.053467e+01 4.214829e+01 2.788216e+01 3.751432e+01 3.526325e+01 3.017066e+01 3.074949e+01 2.702488e+01 2.855803e+01 2.351737e+01 2.427146e+01 1.382867e+00 1.311168e+00 2.269240e+00 2.179152e+00 2.561222e+00 2.630982e+00 2.748733e+00 3.267971e+00 2.289135e+00 2.776767e+00 2.423259e+00 2.160819e+00 2.373164e-03
<GCONST> 8.981150e+01
<MIXTURE> 99 6.696178e-03
<MEAN> 25
 -6.957047e+00 1.010169e+01 6.023868e+00 3.568134e+00 9.741085e-01 -5.006877e+00 -1.078556e+00 -4.402431e+00 -2.966032e+00 -4.006774e+00 -1.763483e+00 5.324814e-01 6.197388e-01 -9.337451e-01 4.388690e-01 -4.997859e-01 -1.111545e+00 -6.157655e-01 -2.838027e-01 -2.597435e-01 -2.184706e-01 -1.512910e-02 1.151570e-01 2.056931e-01 1.238876e-02
<VARIANCE> 25
 3.677084e+01 2.550022e+01 5.267122e+01 2.992822e+01 3.430224e+01 3.438656e+01 3.145172e+01 2.846886e+01 2.870539e+01 2.685801e+01 1.970930e+01 2.747412e+01 2.101522e+00 2.524168e+00 1.579613e+00 1.839658e+00 2.526392e+00 2.152906e+00 1.526864e+00 1.553636e+00 1.765674e+00 1.529769e+00 1.526655e+00 1.218274e+00 1.604332e-03
<GCONST> 8.743719e+01
<MIXTURE> 100 4.498084e-03
<MEAN> 25
 -1.606906e+00 6.297294e+00 1.031809e+01 -7.381630e+00 -1.063388e+01 -4.992756e+00 -4.830532e+00 -9.977138e+00 -4.606318e+00 -9.416111e-01 -2.703289e+00 -2.610800e+00 2.897449e+00 -1.241512e+00 1.313232e+00 -2.119993e+00 -3.428944e+00 -7.674704e-01 -1.253895e+00 -7.558520e-01 -1.497838e+00 3.700312e-01 -1.644519e+00 -2.924694e-01 2.071702e-03
<VARIANCE> 25
 1.349668e+01 2.121049e+01 2.253772e+01 2.665125e+01 2.437377e+01 2.390238e+01 2.958695e+01 2.164964e+01 2.806194e+01 2.276186e+01 2.231184e+01 2.180967e+01 1.803158e+00 3.917636e+00 2.960090e+00 4.477847e+00 4.135104e+00 4.533504e+00 4.029382e+00 4.563379e+00 4.144526e+00 3.866615e+00 3.936424e+00 3.240931e+00 1.650912e-03
<GCONST> 9.277462e+01
<MIXTURE> 101 6.007792e-03
<MEAN> 25
 7.515193e+00 -3.779499e+00 -6.557478e+00 -6.208673e+00 6.459980e-02 -1.894688e+00 -1.110757e+01 -1.357894e+00 1.063033e+00 4.023690e+00 -1.801717e+00 -6.344456e+00 5.681245e-01 5.625178e-01 -1.313262e+00 -1.411995e+00 8.658584e-01 2.367895e+00 1.100261e-01 -1.250413e+00 -1.069400e+00 1.121679e+00 1.319524e+00 -5.326144e-01 -3.775025e-03
<VARIANCE> 25
 8.529350e+00 1.454886e+01 2.590549e+01 3.560604e+01 3.115224e+01 4.066166e+01 4.027674e+01 3.228373e+01 3.365494e+01 4.264299e+01 4.327438e+01 2.483703e+01 2.728316e-01 6.404702e-01 1.326643e+00 1.434048e+00 1.496741e+00 1.884727e+00 1.803351e+00 2.153143e+00 2.523989e+00 2.358735e+00 1.641922e+00 1.700602e+00 3.174495e-04
<GCONST> 8.220632e+01
<MIXTURE> 102 6.007792e-03
<MEAN> 25
 7.515193e+00 -3.779499e+00 -6.557478e+00 -6.208673e+00 6.459980e-02 -1.894688e+00 -1.110757e+01 -1.357894e+00 1.063033e+00 4.023690e+00 -1.801717e+00 -6.344456e+00 5.681245e-01 5.625178e-01 -1.313262e+00 -1.411995e+00 8.658584e-01 2.367895e+00 1.100261e-01 -1.250413e+00 -1.069400e+00 1.121679e+00 1.319524e+00 -5.326144e-01 -3.775025e-03
<VARIANCE> 25
 8.529350e+00 1.454886e+01 2.590549e+01 3.560604e+01 3.115224e+01 4.066166e+01 4.027674e+01 3.228373e+01 3.365494e+01 4.264299e+01 4.327438e+01 2.483703e+01 2.728316e-01 6.404702e-01 1.326643e+00 1.434048e+00 1.496741e+00 1.884727e+00 1.803351e+00 2.153143e+00 2.523989e+00 2.358735e+00 1.641922e+00 1.700602e+00 3.174495e-04
<GCONST> 8.220632e+01
<MIXTURE> 103 5.694618e-03
<MEAN> 25
 3.324110e+00 -9.470267e+00 -6.098379e+00 -3.080213e+00 -1.339899e+00 -1.978502e+00 2.435236e+00 2.474341e+00 -4.590095e+00 -9.272621e+00 -5.048932e+00 3.758267e-01 -1.590907e-01 -1.480184e+00 -9.770127e-01 3.723219e-01 1.216149e+00 1.020056e+00 1.530983e-01 -2.660952e-01 -7.814610e-01 -9.574613e-01 -4.516570e-02 1.206276e-01 2.669098e-02
<VARIANCE> 25
 1.075779e+01 2.024026e+01 2.317666e+01 3.155327e+01 4.783271e+01 3.494254e+01 4.619427e+01 3.688168e+01 4.201228e+01 2.942762e+01 3.002013e+01 2.636401e+01 6.418144e-01 1.260524e+00 1.535607e+00 1.932306e+00 2.916454e+00 2.407355e+00 2.883580e+00 2.567002e+00 2.551519e+00 2.536557e+00 2.123491e+00 2.008845e+00 8.166283e-04
<GCONST> 8.761499e+01
<MIXTURE> 104 5.694618e-03
<MEAN> 25
 3.324110e+00 -9.470267e+00 -6.098379e+00 -3.080213e+00 -1.339899e+00 -1.978502e+00 2.435236e+00 2.474341e+00 -4.590095e+00 -9.272621e+00 -5.048932e+00 3.758267e-01 -1.590907e-01 -1.480184e+00 -9.770127e-01 3.723219e-01 1.216149e+00 1.020056e+00 1.530983e-01 -2.660952e-01 -7.814610e-01 -9.574613e-01 -4.516570e-02 1.206276e-01 2.669098e-02
<VARIANCE> 25
 1.075779e+01 2.024026e+01 2.317666e+01 3.155327e+01 4.783271e+01 3.494254e+01 4.619427e+01 3.688168e+01 4.201228e+01 2.942762e+01 3.002013e+01 2.636401e+01 6.418144e-01 1.260524e+00 1.535607e+00 1.932306e+00 2.916454e+00 2.407355e+00 2.883580e+00 2.567002e+00 2.551519e+00 2.536557e+00 2.123491e+00 2.008845e+00 8.166283e-04
<GCONST> 8.761499e+01
<MIXTURE> 105 4.710235e-03
<MEAN> 25
 2.301807e+00 -1.915928e+00 8.675696e+00 -9.152411e-01 -1.169460e+01 -5.204696e+00 -4.943871e+00 -3.687925e-01 -3.433747e+00 -4.699279e+00 2.593096e+00 -2.360001e+00 -8.430548e-03 9.533915e-03 7.104058e-02 -1.373912e-01 1.286975e-02 -2.376542e-03 5.786555e-02 1.410735e-03 -1.084284e-01 3.425272e-02 6.309307e-02 -4.373385e-02 -1.461602e-03
<VARIANCE> 25
 1.169061e+01 2.544534e+01 3.948660e+01 5.415915e+01 3.463181e+01 4.605268e+01 4.049560e+01 3.862248e+01 4.391894e+01 4.729316e+01 4.185809e+01 3.417495e+01 7.541519e-02 2.110491e-01 3.820128e-01 2.953421e-01 3.304974e-01 4.593367e-01 4.679715e-01 4.853095e-01 5.283619e-01 4.860038e-01 4.043318e-01 3.846757e-01 8.685486e-05
<GCONST> 6.668278e+01
<MIXTURE> 106 4.710235e-03
<MEAN> 25
 2.301807e+00 -1.915928e+00 8.675696e+00 -9.152411e-01 -1.169460e+01 -5.204696e+00 -4.943871e+00 -3.687925e-01 -3.433747e+00 -4.699279e+00 2.593096e+00 -2.360001e+00 -8.430548e-03 9.533915e-03 7.104058e-02 -1.373912e-01 1.286975e-02 -2.376542e-03 5.786555e-02 1.410735e-03 -1.084284e-01 3.425272e-02 6.309307e-02 -4.373385e-02 -1.461602e-03
<VARIANCE> 25
 1.169061e+01 2.544534e+01 3.948660e+01 5.415915e+01 3.463181e+01 4.605268e+01 4.049560e+01 3.862248e+01 4.391894e+01 4.729316e+01 4.185809e+01 3.417495e+01 7.541519e-02 2.110491e-01 3.820128e-01 2.953421e-01 3.304974e-01 4.593367e-01 4.679715e-01 4.853095e-01 5.283619e-01 4.860038e-01 4.043318e-01 3.846757e-01 8.685486e-05
<GCONST> 6.668278e+01
<MIXTURE> 107 5.452374e-03
<MEAN> 25
 8.810605e+00 -2.046810e+00 -7.137405e+00 -9.798948e+00 2.159534e+00 2.279285e+00 -8.877434e+00 -4.125027e+00 -1.499952e+00 4.518474e+00 7.334024e-01 -4.737826e+00 -5.443003e-01 -6.592633e-01 7.959854e-01 1.919897e+00 1.395903e-01 -1.916686e+00 -7.587184e-01 8.920445e-01 1.756498e+00 -1.294145e-01 -1.685396e+00 -5.310922e-01 -4.500336e-03
<VARIANCE> 25
 8.396689e+00 1.868431e+01 3.073415e+01 3.983389e+01 3.205914e+01 3.747539e+01 4.593263e+01 3.370912e+01 4.391642e+01 4.619105e+01 4.593702e+01 2.820949e+01 3.446591e-01 9.421527e-01 1.437763e+00 2.317808e+00 2.081230e+00 2.576067e+00 2.520532e+00 2.283465e+00 2.052109e+00 2.945959e+00 1.730555e+00 2.519027e+00 6.809841e-04
<GCONST> 8.681872e+01
<MIXTURE> 108 5.452374e-03
<MEAN> 25
 8.810605e+00 -2.046810e+00 -7.137405e+00 -9.798948e+00 2.159534e+00 2.279285e+00 -8.877434e+00 -4.125027e+00 -1.499952e+00 4.518474e+00 7.334024e-01 -4.737826e+00 -5.443003e-01 -6.592633e-01 7.959854e-01 1.919897e+00 1.395903e-01 -1.916686e+00 -7.587184e-01 8.920445e-01 1.756498e+00 -1.294145e-01 -1.685396e+00 -5.310922e-01 -4.500336e-03
<VARIANCE> 25
 8.396689e+00 1.868431e+01 3.073415e+01 3.983389e+01 3.205914e+01 3.747539e+01 4.593263e+01 3.370912e+01 4.391642e+01 4.619105e+01 4.593702e+01 2.820949e+01 3.446591e-01 9.421527e-01 1.437763e+00 2.317808e+00 2.081230e+00 2.576067e+00 2.520532e+00 2.283465e+00 2.052109e+00 2.945959e+00 1.730555e+00 2.519027e+00 6.809841e-04
<GCONST> 8.681872e+01
<MIXTURE> 109 6.661064e-03
<MEAN> 25
 4.208668e+00 -1.024100e+01 -8.141989e+00 -1.634503e+00 2.674116e+00 -1.159561e-01 1.376803e-01 1.844636e+00 -2.426597e+00 -7.798295e+00 -5.969996e+00 8.167071e-02 -5.258243e-02 -1.473888e-01 1.654753e-02 2.359734e-01 1.788026e-01 7.074184e-02 -6.515441e-02 -7.295649e-02 -8.541011e-02 -1.593671e-01 2.377907e-01 1.104929e-02 -3.635437e-03
<VARIANCE> 25
 9.056333e+00 1.886528e+01 1.978450e+01 3.109174e+01 3.885282e+01 3.593778e+01 4.499471e+01 3.641706e+01 4.409544e+01 3.936765e+01 3.460174e+01 2.684969e+01 1.909187e-01 4.080026e-01 5.597496e-01 6.112978e-01 1.214414e+00 9.942538e-01 1.257278e+00 1.067841e+00 1.120715e+00 9.212690e-01 8.506851e-01 8.688447e-01 1.741656e-04
<GCONST> 7.437858e+01
<MIXTURE> 110 6.661064e-03
<MEAN> 25
 4.208668e+00 -1.024100e+01 -8.141989e+00 -1.634503e+00 2.674116e+00 -1.159561e-01 1.376803e-01 1.844636e+00 -2.426597e+00 -7.798295e+00 -5.969996e+00 8.167071e-02 -5.258243e-02 -1.473888e-01 1.654753e-02 2.359734e-01 1.788026e-01 7.074184e-02 -6.515441e-02 -7.295649e-02 -8.541011e-02 -1.593671e-01 2.377907e-01 1.104929e-02 -3.635437e-03
<VARIANCE> 25
 9.056333e+00 1.886528e+01 1.978450e+01 3.109174e+01 3.885282e+01 3.593778e+01 4.499471e+01 3.641706e+01 4.409544e+01 3.936765e+01 3.460174e+01 2.684969e+01 1.909187e-01 4.080026e-01 5.597496e-01 6.112978e-01 1.214414e+00 9.942538e-01 1.257278e+00 1.067841e+00 1.120715e+00 9.212690e-01 8.506851e-01 8.688447e-01 1.741656e-04
<GCONST> 7.437858e+01
<MIXTURE> 111 4.337247e-03
<MEAN> 25
 -4.491220e+00 -1.044735e+00 -1.703852e+00 1.641580e+00 8.330283e-01 8.789359e-01 3.751923e-01 -1.471634e-02 2.924117e-01 -5.419229e-01 -5.786079e-01 1.814563e+00 -2.269310e-02 -4.332848e-02 -6.898148e-02 -7.758763e-02 -5.798044e-03 9.314720e-03 -1.553983e-02 -6.042090e-02 -1.572699e-01 -2.568128e-01 -2.313340e-01 -1.015901e-01 -1.869943e-04
<VARIANCE> 25
 6.829059e+00 5.474919e+00 9.934434e+00 9.214625e+00 1.334387e+01 2.341166e+01 1.446596e+01 1.453279e+01 1.271526e+01 1.184971e+01 1.334405e+01 1.223993e+01 7.714961e-02 1.655168e-01 2.701442e-01 4.116454e-01 6.083480e-01 6.933582e-01 7.849264e-01 8.424791e-01 8.847733e-01 9.657919e-01 9.003124e-01 8.338318e-01 2.297527e-05
<GCONST> 5.632952e+01
<MIXTURE> 112 4.337247e-03
<MEAN> 25
 -4.491220e+00 -1.044735e+00 -1.703852e+00 1.641580e+00 8.330283e-01 8.789359e-01 3.751923e-01 -1.471634e-02 2.924117e-01 -5.419229e-01 -5.786079e-01 1.814563e+00 -2.269310e-02 -4.332848e-02 -6.898148e-02 -7.758763e-02 -5.798044e-03 9.314720e-03 -1.553983e-02 -6.042090e-02 -1.572699e-01 -2.568128e-01 -2.313340e-01 -1.015901e-01 -1.869943e-04
<VARIANCE> 25
 6.829059e+00 5.474919e+00 9.934434e+00 9.214625e+00 1.334387e+01 2.341166e+01 1.446596e+01 1.453279e+01 1.271526e+01 1.184971e+01 1.334405e+01 1.223993e+01 7.714961e-02 1.655168e-01 2.701442e-01 4.116454e-01 6.083480e-01 6.933582e-01 7.849264e-01 8.424791e-01 8.847733e-01 9.657919e-01 9.003124e-01 8.338318e-01 2.297527e-05
<GCONST> 5.632952e+01
<MIXTURE> 113 5.938666e-03
<MEAN> 25
 9.987009e+00 1.607687e+00 -7.841569e+00 -1.695760e+01 -6.222739e-01 5.290707e+00 -5.716595e+00 -1.618130e+00 -6.137167e+00 8.903438e-01 6.359314e-01 -6.619999e-01 8.244039e-03 4.213729e-03 -4.868611e-02 -1.424275e-01 1.570417e-01 1.144711e-01 5.636947e-02 -2.127247e-02 4.350207e-02 5.226042e-02 6.293342e-02 -2.853608e-02 -4.893314e-04
<VARIANCE> 25
 8.117835e+00 1.515132e+01 3.532125e+01 3.151598e+01 4.940765e+01 3.227731e+01 3.822365e+01 3.598031e+01 3.587941e+01 5.954716e+01 3.445827e+01 2.782473e+01 1.115260e-01 2.941504e-01 2.927119e-01 6.443560e-01 5.834963e-01 6.364003e-01 7.083625e-01 8.092828e-01 9.911873e-01 9.395927e-01 8.107949e-01 7.367787e-01 1.291673e-04
<GCONST> 7.073450e+01
<MIXTURE> 114 5.938666e-03
<MEAN> 25
 9.987009e+00 1.607687e+00 -7.841569e+00 -1.695760e+01 -6.222739e-01 5.290707e+00 -5.716595e+00 -1.618130e+00 -6.137167e+00 8.903438e-01 6.359314e-01 -6.619999e-01 8.244039e-03 4.213729e-03 -4.868611e-02 -1.424275e-01 1.570417e-01 1.144711e-01 5.636947e-02 -2.127247e-02 4.350207e-02 5.226042e-02 6.293342e-02 -2.853608e-02 -4.893314e-04
<VARIANCE> 25
 8.117835e+00 1.515132e+01 3.532125e+01 3.151598e+01 4.940765e+01 3.227731e+01 3.822365e+01 3.598031e+01 3.587941e+01 5.954716e+01 3.445827e+01 2.782473e+01 1.115260e-01 2.941504e-01 2.927119e-01 6.443560e-01 5.834963e-01 6.364003e-01 7.083625e-01 8.092828e-01 9.911873e-01 9.395927e-01 8.107949e-01 7.367787e-01 1.291673e-04
<GCONST> 7.073450e+01
<MIXTURE> 115 2.935202e-03
<MEAN> 25
 -4.032013e+00 -7.561100e-01 -3.106748e+00 3.654063e+00 2.409211e+00 -4.288350e-01 2.234478e+00 4.057314e-01 1.393739e+00 -1.887623e-02 4.120755e-02 2.681779e+00 3.155883e-02 -7.253025e-02 -2.306686e-01 -4.386393e-01 -6.316956e-01 -6.695157e-01 -5.920663e-01 -5.089348e-01 -4.871114e-01 -4.584634e-01 -3.449813e-01 -1.645536e-01 -5.476186e-06
<VARIANCE> 25
 9.259908e+00 9.897691e+00 1.352367e+01 1.270551e+01 1.350211e+01 1.755084e+01 1.707067e+01 2.085209e+01 1.795263e+01 1.720049e+01 1.918106e+01 1.470049e+01 2.035992e-01 3.455683e-01 4.851260e-01 5.611511e-01 6.374894e-01 7.982437e-01 1.007253e+00 1.130320e+00 1.074510e+00 9.977241e-01 1.026642e+00 1.064212e+00 1.006183e-06
<GCONST> 6.017628e+01
<MIXTURE> 116 2.935202e-03
<MEAN> 25
 -4.032013e+00 -7.561100e-01 -3.106748e+00 3.654063e+00 2.409211e+00 -4.288350e-01 2.234478e+00 4.057314e-01 1.393739e+00 -1.887623e-02 4.120755e-02 2.681779e+00 3.155883e-02 -7.253025e-02 -2.306686e-01 -4.386393e-01 -6.316956e-01 -6.695157e-01 -5.920663e-01 -5.089348e-01 -4.871114e-01 -4.584634e-01 -3.449813e-01 -1.645536e-01 -5.476186e-06
<VARIANCE> 25
 9.259908e+00 9.897691e+00 1.352367e+01 1.270551e+01 1.350211e+01 1.755084e+01 1.707067e+01 2.085209e+01 1.795263e+01 1.720049e+01 1.918106e+01 1.470049e+01 2.035992e-01 3.455683e-01 4.851260e-01 5.611511e-01 6.374894e-01 7.982437e-01 1.007253e+00 1.130320e+00 1.074510e+00 9.977241e-01 1.026642e+00 1.064212e+00 1.006183e-06
<GCONST> 6.017628e+01
<MIXTURE> 117 6.506003e-03
<MEAN> 25
 -4.647656e+00 1.397037e+00 9.883337e-01 9.714012e+00 6.298961e+00 6.434222e+00 6.470090e+00 4.896759e+00 6.446966e+00 4.804539e+00 6.323403e+00 2.876245e+00 -7.880263e-02 -2.131885e-01 -3.350173e-01 -4.023822e-01 -3.714599e-01 -3.136790e-01 -2.638638e-01 -3.120599e-01 -3.262509e-01 -3.852123e-01 -2.612904e-01 -1.125610e-01 6.959119e-06
<VARIANCE> 25
 6.944059e+00 1.048456e+01 9.598531e+00 1.386421e+01 1.512386e+01 1.594551e+01 1.728213e+01 1.795236e+01 1.610387e+01 1.656079e+01 1.632001e+01 1.513713e+01 2.101234e-01 3.132322e-01 4.274927e-01 6.082302e-01 8.370257e-01 1.024737e+00 1.155993e+00 1.203723e+00 1.321353e+00 1.188558e+00 1.133939e+00 1.088945e+00 1.042423e-06
<GCONST> 6.044147e+01
<MIXTURE> 118 6.506003e-03
<MEAN> 25
 -4.647656e+00 1.397037e+00 9.883337e-01 9.714012e+00 6.298961e+00 6.434222e+00 6.470090e+00 4.896759e+00 6.446966e+00 4.804539e+00 6.323403e+00 2.876245e+00 -7.880263e-02 -2.131885e-01 -3.350173e-01 -4.023822e-01 -3.714599e-01 -3.136790e-01 -2.638638e-01 -3.120599e-01 -3.262509e-01 -3.852123e-01 -2.612904e-01 -1.125610e-01 6.959119e-06
<VARIANCE> 25
 6.944059e+00 1.048456e+01 9.598531e+00 1.386421e+01 1.512386e+01 1.594551e+01 1.728213e+01 1.795236e+01 1.610387e+01 1.656079e+01 1.632001e+01 1.513713e+01 2.101234e-01 3.132322e-01 4.274927e-01 6.082302e-01 8.370257e-01 1.024737e+00 1.155993e+00 1.203723e+00 1.321353e+00 1.188558e+00 1.133939e+00 1.088945e+00 1.042423e-06
<GCONST> 6.044147e+01
<MIXTURE> 119 4.297961e-03
<MEAN> 25
 -5.009313e+00 -7.527301e+00 2.087799e+00 1.933084e+00 1.729330e+00 -8.341328e-02 5.295339e+00 4.945550e+00 1.325104e+00 6.927066e-01 6.367702e+00 1.629501e+00 -6.022813e-02 -7.950679e-02 7.067243e-02 -5.574789e-02 -1.201374e-01 -2.097244e-01 -1.058071e-01 -4.670219e-02 -1.410756e-01 -2.221749e-01 -1.450828e-01 -7.132170e-02 1.595030e-03
<VARIANCE> 25
 8.030025e+00 9.355410e+00 1.585472e+01 1.900128e+01 2.517359e+01 2.329777e+01 2.380313e+01 3.916964e+01 2.440984e+01 2.918893e+01 2.026074e+01 1.951950e+01 1.532378e-01 2.756978e-01 4.538334e-01 5.986364e-01 8.254536e-01 9.759961e-01 1.061615e+00 1.233252e+00 1.285951e+00 1.459256e+00 1.281698e+00 1.066506e+00 2.343789e-04
<GCONST> 6.990418e+01
<MIXTURE> 120 4.297961e-03
<MEAN> 25
 -5.009313e+00 -7.527301e+00 2.087799e+00 1.933084e+00 1.729330e+00 -8.341328e-02 5.295339e+00 4.945550e+00 1.325104e+00 6.927066e-01 6.367702e+00 1.629501e+00 -6.022813e-02 -7.950679e-02 7.067243e-02 -5.574789e-02 -1.201374e-01 -2.097244e-01 -1.058071e-01 -4.670219e-02 -1.410756e-01 -2.221749e-01 -1.450828e-01 -7.132170e-02 1.595030e-03
<VARIANCE> 25
 8.030025e+00 9.355410e+00 1.585472e+01 1.900128e+01 2.517359e+01 2.329777e+01 2.380313e+01 3.916964e+01 2.440984e+01 2.918893e+01 2.026074e+01 1.951950e+01 1.532378e-01 2.756978e-01 4.538334e-01 5.986364e-01 8.254536e-01 9.759961e-01 1.061615e+00 1.233252e+00 1.285951e+00 1.459256e+00 1.281698e+00 1.066506e+00 2.343789e-04
<GCONST> 6.990418e+01
<MIXTURE> 121 4.567511e-03
<MEAN> 25
 2.056058e-01 -2.525329e+00 5.151646e+00 -1.289838e+01 -1.264435e+01 -1.666626e+00 1.000320e+00 -5.110018e+00 -4.197038e+00 -4.909069e-01 -5.505468e+00 -4.311007e+00 2.403780e-02 1.322123e-01 -4.136048e-02 7.948420e-02 1.587466e-01 7.836796e-02 -7.972004e-02 -1.831411e-01 -2.689215e-01 -2.585953e-01 -1.152241e-01 9.394014e-04 -7.431820e-03
<VARIANCE> 25
 7.740143e+00 1.560530e+01 1.727735e+01 2.041679e+01 2.442167e+01 2.924798e+01 2.953797e+01 2.458750e+01 3.529453e+01 2.834639e+01 1.975989e+01 2.119283e+01 1.549743e-01 6.429999e-01 6.229391e-01 7.046472e-01 7.707620e-01 1.149710e+00 1.117965e+00 1.120497e+00 1.217626e+00 1.194983e+00 9.428537e-01 8.716266e-01 2.108829e-04
<GCONST> 7.140099e+01
<MIXTURE> 122 4.567511e-03
<MEAN> 25
 2.056058e-01 -2.525329e+00 5.151646e+00 -1.289838e+01 -1.264435e+01 -1.666626e+00 1.000320e+00 -5.110018e+00 -4.197038e+00 -4.909069e-01 -5.505468e+00 -4.311007e+00 2.403780e-02 1.322123e-01 -4.136048e-02 7.948420e-02 1.587466e-01 7.836796e-02 -7.972004e-02 -1.831411e-01 -2.689215e-01 -2.585953e-01 -1.152241e-01 9.394014e-04 -7.431820e-03
<VARIANCE> 25
 7.740143e+00 1.560530e+01 1.727735e+01 2.041679e+01 2.442167e+01 2.924798e+01 2.953797e+01 2.458750e+01 3.529453e+01 2.834639e+01 1.975989e+01 2.119283e+01 1.549743e-01 6.429999e-01 6.229391e-01 7.046472e-01 7.707620e-01 1.149710e+00 1.117965e+00 1.120497e+00 1.217626e+00 1.194983e+00 9.428537e-01 8.716266e-01 2.108829e-04
<GCONST> 7.140099e+01
<MIXTURE> 123 4.393044e-03
<MEAN> 25
 -4.263198e+00 9.513898e-01 8.560045e-02 6.187343e+00 5.275854e+00 3.510381e+00 3.299632e+00 4.376136e-01 3.087427e-01 -5.414433e-01 1.771353e-02 8.240652e-01 -4.821476e-01 -7.762589e-01 -8.648568e-01 -6.183549e-01 -2.586202e-01 6.804805e-02 3.802654e-01 6.507117e-01 7.971476e-01 7.684926e-01 7.193167e-01 5.278335e-01 -2.920181e-03
<VARIANCE> 25
 1.048320e+01 1.026344e+01 1.603189e+01 1.724634e+01 2.200516e+01 2.750337e+01 2.192922e+01 1.902071e+01 1.936230e+01 1.765412e+01 2.223635e+01 1.974335e+01 3.736451e-01 3.632078e-01 5.129552e-01 7.289608e-01 9.774442e-01 1.157856e+00 1.200677e+00 1.186561e+00 1.163977e+00 1.177134e+00 1.208707e+00 1.203785e+00 9.844059e-05
<GCONST> 6.956590e+01
<MIXTURE> 124 4.069876e-03
<MEAN> 25
 -6.564518e+00 -1.209533e+00 -2.922730e+00 5.106462e+00 4.972271e+00 3.391754e+00 5.390673e+00 2.564885e+00 3.194057e+00 1.279039e+00 1.128242e+00 3.044295e+00 -2.048289e-01 -3.229784e-01 -3.620469e-01 -2.166685e-01 1.280251e-01 5.194316e-01 8.103057e-01 8.599724e-01 6.548293e-01 3.271360e-01 7.209362e-02 -2.501670e-02 4.230285e-05
<VARIANCE> 25
 1.100773e+01 7.000001e+00 1.114126e+01 1.243202e+01 1.210934e+01 1.983288e+01 1.551484e+01 1.707259e+01 1.544277e+01 1.607046e+01 1.920303e+01 1.444606e+01 1.048070e-01 1.681350e-01 2.703330e-01 4.176639e-01 5.930803e-01 7.066306e-01 7.480530e-01 8.141066e-01 9.085807e-01 9.814681e-01 1.008231e+00 9.926710e-01 1.798190e-05
<GCONST> 5.879728e+01
<MIXTURE> 125 4.069876e-03
<MEAN> 25
 -6.564518e+00 -1.209533e+00 -2.922730e+00 5.106462e+00 4.972271e+00 3.391754e+00 5.390673e+00 2.564885e+00 3.194057e+00 1.279039e+00 1.128242e+00 3.044295e+00 -2.048289e-01 -3.229784e-01 -3.620469e-01 -2.166685e-01 1.280251e-01 5.194316e-01 8.103057e-01 8.599724e-01 6.548293e-01 3.271360e-01 7.209362e-02 -2.501670e-02 4.230285e-05
<VARIANCE> 25
 1.100773e+01 7.000001e+00 1.114126e+01 1.243202e+01 1.210934e+01 1.983288e+01 1.551484e+01 1.707259e+01 1.544277e+01 1.607046e+01 1.920303e+01 1.444606e+01 1.048070e-01 1.681350e-01 2.703330e-01 4.176639e-01 5.930803e-01 7.066306e-01 7.480530e-01 8.141066e-01 9.085807e-01 9.814681e-01 1.008231e+00 9.926710e-01 1.798190e-05
<GCONST> 5.879728e+01
<MIXTURE> 126 2.402244e-03
<MEAN> 25
 -3.954989e+00 -6.952233e+00 -4.878497e+00 2.119809e+00 3.683189e+00 -3.228999e+00 4.714197e-01 2.543774e+00 3.196590e+00 -3.254645e+00 -1.418052e+00 3.041041e+00 -1.798207e-02 1.318408e-02 -3.530907e-02 -1.547488e-01 -2.317377e-01 -3.798065e-01 -2.892550e-01 -2.127857e-01 -1.594110e-01 -2.125657e-01 -1.827753e-01 1.440991e-02 -2.658968e-03
<VARIANCE> 25
 7.123415e+00 1.163141e+01 1.459567e+01 1.427452e+01 2.667717e+01 2.202441e+01 2.304027e+01 3.668211e+01 2.943684e+01 2.986045e+01 2.080540e+01 1.809247e+01 1.623035e-01 3.405533e-01 4.589330e-01 5.232245e-01 8.313963e-01 9.408332e-01 1.050309e+00 1.246842e+00 1.268105e+00 1.515277e+00 1.298010e+00 1.125898e+00 2.372190e-04
<GCONST> 6.991621e+01
<MIXTURE> 127 2.402244e-03
<MEAN> 25
 -3.954989e+00 -6.952233e+00 -4.878497e+00 2.119809e+00 3.683189e+00 -3.228999e+00 4.714197e-01 2.543774e+00 3.196590e+00 -3.254645e+00 -1.418052e+00 3.041041e+00 -1.798207e-02 1.318408e-02 -3.530907e-02 -1.547488e-01 -2.317377e-01 -3.798065e-01 -2.892550e-01 -2.127857e-01 -1.594110e-01 -2.125657e-01 -1.827753e-01 1.440991e-02 -2.658968e-03
<VARIANCE> 25
 7.123415e+00 1.163141e+01 1.459567e+01 1.427452e+01 2.667717e+01 2.202441e+01 2.304027e+01 3.668211e+01 2.943684e+01 2.986045e+01 2.080540e+01 1.809247e+01 1.623035e-01 3.405533e-01 4.589330e-01 5.232245e-01 8.313963e-01 9.408332e-01 1.050309e+00 1.246842e+00 1.268105e+00 1.515277e+00 1.298010e+00 1.125898e+00 2.372190e-04
<GCONST> 6.991621e+01
<MIXTURE> 128 3.790457e-03
<MEAN> 25
 -3.932388e+00 1.542619e+00 -3.400664e-01 6.574028e+00 3.620562e+00 1.860596e+00 3.578733e+00 2.369149e+00 3.964786e+00 3.699192e+00 3.770772e+00 3.525402e+00 -3.958775e-01 -1.970986e-01 9.855380e-02 7.263978e-01 1.184454e+00 1.135140e+00 7.175790e-01 1.311414e-01 -4.387471e-01 -7.885339e-01 -7.026065e-01 -3.935676e-01 -3.669758e-05
<VARIANCE> 25
 1.020808e+01 1.171589e+01 1.498347e+01 1.931661e+01 2.004800e+01 2.120548e+01 2.430319e+01 2.468190e+01 2.641042e+01 2.387327e+01 2.679026e+01 1.821342e+01 8.922117e-01 1.146183e+00 1.365425e+00 1.502434e+00 1.580516e+00 1.862841e+00 2.248472e+00 2.324492e+00 2.148358e+00 1.857442e+00 1.743832e+00 1.747932e+00 1.001754e-06
<GCONST> 7.364394e+01
<TRANSP> 3
 0.000000e+00 1.000000e+00 0.000000e+00
 0.000000e+00 9.999990e-01 9.999998e-07
 0.000000e+00 0.000000e+00 0.000000e+00
<ENDHMM>
