~o
<STREAMINFO> 1 25
<VECSIZE> 25<NULLD><MFCC_E_D_N><DIAGC>
~h "jmodel"
<BEGINHMM>
<NUMSTATES> 3
<STATE> 2
<NUMMIXES> 128
<MIXTURE> 1 5.748963e-03
<MEAN> 25
 -2.584680e+00 3.182244e+00 2.309275e+00 8.756335e+00 4.374051e+00 3.451348e+00 4.062509e+00 3.935781e+00 5.834243e+00 5.250821e+00 5.884610e+00 3.081184e+00 -2.004115e+00 -1.634703e+00 -8.640985e-01 1.076188e+00 1.560440e+00 2.231825e+00 2.153945e+00 2.084618e+00 1.693212e+00 1.269070e+00 1.566820e+00 6.133086e-01 -4.691195e-02
<VARIANCE> 25
 1.006080e+01 1.175858e+01 1.496473e+01 1.867574e+01 2.319231e+01 2.215257e+01 2.188995e+01 2.197287e+01 2.100234e+01 2.254916e+01 2.094045e+01 1.707966e+01 1.789464e+00 2.111470e+00 3.025392e+00 3.209626e+00 3.739131e+00 3.357916e+00 3.320943e+00 3.381334e+00 3.521266e+00 3.727488e+00 3.515181e+00 2.833668e+00 3.121311e-03
<GCONST> 8.846549e+01
<MIXTURE> 2 4.549242e-03
<MEAN> 25
 -5.008554e+00 1.997104e+00 7.670964e-01 9.838529e+00 6.761785e+00 7.736073e+00 7.967348e+00 6.365370e+00 8.180674e+00 5.971920e+00 7.588097e+00 3.187596e+00 -8.099497e-02 8.004935e-02 1.486080e-01 1.973319e-01 2.728121e-01 3.042819e-01 3.092711e-01 2.482350e-01 3.185873e-01 2.990842e-01 1.834143e-01 3.534516e-02 8.198569e-05
<VARIANCE> 25
 6.537163e+00 1.262915e+01 1.028303e+01 1.459451e+01 1.600207e+01 1.518456e+01 1.579031e+01 2.081973e+01 1.585116e+01 1.784265e+01 1.661425e+01 1.392106e+01 1.225016e-01 2.369316e-01 3.308929e-01 4.558986e-01 6.419969e-01 7.775774e-01 9.603977e-01 1.086535e+00 1.024250e+00 1.017272e+00 1.051917e+00 9.925427e-01 1.140184e-06
<GCONST> 5.806504e+01
<MIXTURE> 3 4.549242e-03
<MEAN> 25
 -5.008554e+00 1.997104e+00 7.670964e-01 9.838529e+00 6.761785e+00 7.736073e+00 7.967348e+00 6.365370e+00 8.180674e+00 5.971920e+00 7.588097e+00 3.187596e+00 -8.099497e-02 8.004935e-02 1.486080e-01 1.973319e-01 2.728121e-01 3.042819e-01 3.092711e-01 2.482350e-01 3.185873e-01 2.990842e-01 1.834143e-01 3.534516e-02 8.198569e-05
<VARIANCE> 25
 6.537163e+00 1.262915e+01 1.028303e+01 1.459451e+01 1.600207e+01 1.518456e+01 1.579031e+01 2.081973e+01 1.585116e+01 1.784265e+01 1.661425e+01 1.392106e+01 1.225016e-01 2.369316e-01 3.308929e-01 4.558986e-01 6.419969e-01 7.775774e-01 9.603977e-01 1.086535e+00 1.024250e+00 1.017272e+00 1.051917e+00 9.925427e-01 1.140184e-06
<GCONST> 5.806504e+01
<MIXTURE> 4 1.671429e-02
<MEAN> 25
 3.164033e+00 2.861830e+00 -4.362361e+00 7.349762e-01 5.138928e+00 1.174385e+00 9.085010e-01 -6.864773e-01 1.926163e+00 1.487555e+00 -2.143791e+00 -2.878143e-01 -2.550612e+00 1.409363e+00 1.549708e+00 3.300866e+00 9.222282e-01 4.904905e-01 1.567904e+00 1.038980e+00 1.088069e+00 1.919895e-01 9.734021e-01 7.967696e-01 -1.059573e-01
<VARIANCE> 25
 1.958987e+01 2.803163e+01 2.931561e+01 3.880919e+01 4.722035e+01 7.872665e+01 6.413704e+01 5.182831e+01 5.173909e+01 5.672503e+01 4.589518e+01 3.320718e+01 2.447057e+00 4.830526e+00 3.750613e+00 4.952007e+00 4.541705e+00 5.512839e+00 5.482349e+00 5.039038e+00 5.517562e+00 6.173063e+00 6.118925e+00 4.080736e+00 5.530850e-03
<GCONST> 1.044145e+02
<MIXTURE> 5 3.206198e-03
<MEAN> 25
 -3.503106e+00 3.000818e+00 -1.634767e-01 8.897329e+00 6.680663e+00 6.845303e+00 7.521340e+00 4.176658e+00 5.431275e+00 3.407551e+00 5.147072e+00 2.531071e+00 -3.193913e-01 5.762866e-01 1.148376e+00 1.095107e+00 4.156641e-01 -1.685931e-01 -3.327357e-01 -3.905649e-02 4.934142e-01 5.688568e-01 3.041928e-01 1.931674e-01 -4.332447e-05
<VARIANCE> 25
 9.117885e+00 1.653595e+01 2.480940e+01 2.490218e+01 1.791407e+01 1.904222e+01 2.014219e+01 1.999733e+01 1.999059e+01 2.015308e+01 2.282344e+01 1.561509e+01 1.064736e+00 1.361376e+00 1.246220e+00 1.635226e+00 2.105142e+00 2.186608e+00 2.967139e+00 2.146308e+00 2.119446e+00 2.094650e+00 2.005642e+00 1.724991e+00 1.031237e-06
<GCONST> 7.450236e+01
<MIXTURE> 6 5.475854e-03
<MEAN> 25
 9.665755e+00 -7.060897e-01 -6.608799e+00 -1.071591e+01 -1.873801e+00 6.323523e+00 -5.633438e+00 -5.287297e+00 -3.963563e+00 2.549231e+00 4.930179e+00 -1.697636e+00 4.366358e-01 8.009980e-01 -3.868165e-01 -1.609193e+00 -5.856332e-01 1.301401e+00 1.587808e+00 2.798267e-01 -1.101873e+00 -1.054534e+00 1.694215e-01 1.143240e+00 -4.859437e-03
<VARIANCE> 25
 8.218566e+00 1.674503e+01 2.217997e+01 4.082621e+01 3.437981e+01 3.066990e+01 4.244891e+01 3.574867e+01 3.846295e+01 4.222952e+01 4.114328e+01 2.799518e+01 3.092529e-01 9.415796e-01 9.050081e-01 2.091407e+00 1.515612e+00 1.892231e+00 1.799176e+00 2.081577e+00 2.363117e+00 2.464026e+00 2.394331e+00 1.398737e+00 6.725468e-04
<GCONST> 8.385168e+01
<MIXTURE> 7 5.475854e-03
<MEAN> 25
 9.665755e+00 -7.060897e-01 -6.608799e+00 -1.071591e+01 -1.873801e+00 6.323523e+00 -5.633438e+00 -5.287297e+00 -3.963563e+00 2.549231e+00 4.930179e+00 -1.697636e+00 4.366358e-01 8.009980e-01 -3.868165e-01 -1.609193e+00 -5.856332e-01 1.301401e+00 1.587808e+00 2.798267e-01 -1.101873e+00 -1.054534e+00 1.694215e-01 1.143240e+00 -4.859437e-03
<VARIANCE> 25
 8.218566e+00 1.674503e+01 2.217997e+01 4.082621e+01 3.437981e+01 3.066990e+01 4.244891e+01 3.574867e+01 3.846295e+01 4.222952e+01 4.114328e+01 2.799518e+01 3.092529e-01 9.415796e-01 9.050081e-01 2.091407e+00 1.515612e+00 1.892231e+00 1.799176e+00 2.081577e+00 2.363117e+00 2.464026e+00 2.394331e+00 1.398737e+00 6.725468e-04
<GCONST> 8.385168e+01
<MIXTURE> 8 1.165917e-02
<MEAN> 25
 -4.720006e+00 1.419679e+00 1.199160e+00 9.577864e+00 6.616343e+00 6.289471e+00 6.427900e+00 5.671531e+00 6.721508e+00 5.519899e+00 6.548794e+00 3.176166e+00 -6.203373e-01 -1.416064e+00 -1.055572e+00 -1.687664e+00 -2.247952e-01 -9.344616e-01 -1.872892e-01 -2.762757e-01 -2.340507e-01 -1.804995e-01 -2.272797e-01 8.415730e-02 9.745020e-02
<VARIANCE> 25
 9.211605e+00 9.967851e+00 1.204121e+01 1.589862e+01 1.657660e+01 1.557204e+01 1.807601e+01 1.738240e+01 1.706018e+01 1.796578e+01 1.867096e+01 1.387006e+01 2.721534e+00 2.805181e+00 3.868545e+00 3.862256e+00 3.424879e+00 3.295948e+00 3.159943e+00 3.098585e+00 2.868709e+00 2.633695e+00 2.441383e+00 1.885832e+00 6.712809e-03
<GCONST> 8.629424e+01
<MIXTURE> 9 1.199672e-02
<MEAN> 25
 9.297129e+00 3.334648e+00 -6.210432e+00 -1.064428e+01 -2.171347e+00 4.917712e+00 -2.213669e+00 -2.325656e+00 -5.422356e+00 -1.122629e+00 6.452699e-01 -7.136314e-02 1.426410e+00 -1.322820e-01 -4.944314e-01 -2.716665e+00 -1.632158e+00 8.600012e-01 -9.463187e-01 -2.101957e-01 -1.794422e-01 -5.604471e-01 5.880825e-01 -1.501878e-01 7.306317e-02
<VARIANCE> 25
 1.211723e+01 2.156454e+01 3.324958e+01 5.320353e+01 4.989621e+01 3.229272e+01 4.280527e+01 5.178846e+01 4.178581e+01 4.310357e+01 3.643224e+01 2.703953e+01 2.089906e+00 2.430728e+00 4.532191e+00 4.846336e+00 4.983544e+00 4.061570e+00 4.268341e+00 6.029735e+00 4.993966e+00 4.088259e+00 4.053957e+00 2.778289e+00 2.199725e-03
<GCONST> 9.875714e+01
<MIXTURE> 10 6.596976e-03
<MEAN> 25
 8.205175e-01 7.634362e+00 5.374983e+00 7.148430e+00 1.588003e+00 -2.117442e+00 -5.170268e-01 -1.686928e+00 8.751112e-01 8.583766e-01 8.378587e-01 6.571041e-01 -1.924872e+00 -6.726191e-01 -4.588491e-01 3.027597e+00 2.463021e+00 2.710131e+00 2.374154e+00 2.277128e+00 1.861478e+00 1.544459e+00 2.335624e+00 5.247254e-01 -1.381152e-01
<VARIANCE> 25
 1.954022e+01 2.068326e+01 2.231349e+01 2.906048e+01 3.830956e+01 3.497766e+01 3.515203e+01 3.384459e+01 2.761559e+01 2.905560e+01 2.695940e+01 2.501685e+01 2.234437e+00 3.427921e+00 5.535184e+00 5.170793e+00 5.551549e+00 4.469807e+00 4.698984e+00 4.845107e+00 4.388123e+00 5.021922e+00 4.441949e+00 3.190518e+00 2.699955e-03
<GCONST> 9.746297e+01
<MIXTURE> 11 1.633820e-02
<MEAN> 25
 7.564709e+00 4.204677e+00 3.587293e+00 5.312689e+00 -3.135779e+00 -2.738394e+00 -2.477413e+00 -6.627900e+00 -3.316040e+00 -6.915074e-02 -2.881196e+00 -2.185499e+00 -3.074903e-01 5.951449e-01 1.712946e-01 2.859538e-01 5.469146e-01 -4.385767e-02 4.022703e-01 -1.408753e-01 -1.198394e-01 -9.091502e-02 -5.501385e-02 9.603602e-02 -1.716279e-02
<VARIANCE> 25
 1.193001e+01 2.366239e+01 1.961701e+01 2.979945e+01 3.825128e+01 4.680122e+01 4.639675e+01 4.216872e+01 4.657776e+01 3.445623e+01 3.497224e+01 2.787983e+01 9.183307e-01 1.278654e+00 1.725115e+00 2.112015e+00 2.111179e+00 2.079598e+00 2.384842e+00 2.839598e+00 2.305765e+00 2.015858e+00 1.920890e+00 1.627891e+00 9.632734e-04
<GCONST> 8.787013e+01
<MIXTURE> 12 5.904134e-03
<MEAN> 25
 1.075864e+01 3.687367e+00 -4.513041e+00 -1.600919e+01 -8.661564e+00 8.646879e+00 -8.664287e-01 -1.923238e+00 -1.732715e+00 -4.851541e+00 1.760642e+00 6.918802e-01 6.575663e-02 2.900088e-01 8.064825e-02 -3.751261e-01 -3.031607e-01 3.313862e-02 3.114254e-01 4.433828e-01 1.409305e-01 -3.917271e-01 -3.914249e-01 5.886786e-02 -6.256212e-03
<VARIANCE> 25
 8.854609e+00 2.160124e+01 2.327532e+01 3.492990e+01 4.215117e+01 3.082335e+01 4.181615e+01 4.876256e+01 4.388700e+01 3.748973e+01 3.787072e+01 2.893372e+01 2.465914e-01 6.885610e-01 6.832784e-01 1.175785e+00 1.192577e+00 1.052018e+00 1.174314e+00 1.384241e+00 1.235239e+00 1.229562e+00 1.224073e+00 9.576634e-01 5.765865e-04
<GCONST> 7.893504e+01
<MIXTURE> 13 5.904134e-03
<MEAN> 25
 1.075864e+01 3.687367e+00 -4.513041e+00 -1.600919e+01 -8.661564e+00 8.646879e+00 -8.664287e-01 -1.923238e+00 -1.732715e+00 -4.851541e+00 1.760642e+00 6.918802e-01 6.575663e-02 2.900088e-01 8.064825e-02 -3.751261e-01 -3.031607e-01 3.313862e-02 3.114254e-01 4.433828e-01 1.409305e-01 -3.917271e-01 -3.914249e-01 5.886786e-02 -6.256212e-03
<VARIANCE> 25
 8.854609e+00 2.160124e+01 2.327532e+01 3.492990e+01 4.215117e+01 3.082335e+01 4.181615e+01 4.876256e+01 4.388700e+01 3.748973e+01 3.787072e+01 2.893372e+01 2.465914e-01 6.885610e-01 6.832784e-01 1.175785e+00 1.192577e+00 1.052018e+00 1.174314e+00 1.384241e+00 1.235239e+00 1.229562e+00 1.224073e+00 9.576634e-01 5.765865e-04
<GCONST> 7.893504e+01
<MIXTURE> 14 6.488954e-03
<MEAN> 25
 -4.254835e+00 1.186788e+00 -2.714455e+00 9.573137e+00 7.507960e+00 7.674805e+00 7.526585e+00 7.463442e+00 8.534033e+00 2.405928e+00 5.966427e+00 4.848177e+00 -2.501321e-01 2.443266e-01 3.976934e-01 3.040869e-01 -1.748855e-02 4.521464e-02 1.199848e-01 6.656109e-02 -3.054865e-02 3.497696e-01 4.880807e-01 1.220560e-01 -8.099811e-03
<VARIANCE> 25
 5.962296e+00 1.487025e+01 1.883745e+01 1.766273e+01 1.539456e+01 1.552109e+01 2.154678e+01 1.888938e+01 1.814400e+01 2.439910e+01 1.617414e+01 1.840530e+01 6.026468e-01 1.548813e+00 1.298699e+00 1.615855e+00 2.175882e+00 1.943600e+00 2.402073e+00 2.563440e+00 2.351857e+00 1.810187e+00 2.739183e+00 2.162812e+00 6.735063e-04
<GCONST> 7.936967e+01
<MIXTURE> 15 2.475190e-03
<MEAN> 25
 -5.399694e+00 -6.210502e-01 -2.826400e-01 7.449478e+00 5.709334e+00 5.666620e+00 6.043598e+00 5.076314e+00 5.241003e+00 4.076032e+00 5.438085e+00 2.582709e+00 -1.226410e-01 -3.734117e-02 7.876718e-02 2.362426e-01 4.800397e-01 7.906369e-01 1.064853e+00 1.173700e+00 1.038613e+00 7.570578e-01 4.378992e-01 1.834549e-01 -1.415270e-04
<VARIANCE> 25
 6.939616e+00 5.593269e+00 9.415827e+00 1.314207e+01 1.391767e+01 1.421636e+01 1.477643e+01 1.543667e+01 1.436513e+01 1.448119e+01 1.523819e+01 1.249548e+01 1.233625e-01 2.086321e-01 3.169560e-01 5.010610e-01 7.014157e-01 7.937932e-01 7.578199e-01 7.937415e-01 9.310680e-01 1.012033e+00 1.095572e+00 1.106790e+00 2.811588e-05
<GCONST> 5.878849e+01
<MIXTURE> 16 2.475190e-03
<MEAN> 25
 -5.399694e+00 -6.210502e-01 -2.826400e-01 7.449478e+00 5.709334e+00 5.666620e+00 6.043598e+00 5.076314e+00 5.241003e+00 4.076032e+00 5.438085e+00 2.582709e+00 -1.226410e-01 -3.734117e-02 7.876718e-02 2.362426e-01 4.800397e-01 7.906369e-01 1.064853e+00 1.173700e+00 1.038613e+00 7.570578e-01 4.378992e-01 1.834549e-01 -1.415270e-04
<VARIANCE> 25
 6.939616e+00 5.593269e+00 9.415827e+00 1.314207e+01 1.391767e+01 1.421636e+01 1.477643e+01 1.543667e+01 1.436513e+01 1.448119e+01 1.523819e+01 1.249548e+01 1.233625e-01 2.086321e-01 3.169560e-01 5.010610e-01 7.014157e-01 7.937932e-01 7.578199e-01 7.937415e-01 9.310680e-01 1.012033e+00 1.095572e+00 1.106790e+00 2.811588e-05
<GCONST> 5.878849e+01
<MIXTURE> 17 9.518312e-03
<MEAN> 25
 3.481848e+00 -2.190673e+00 6.567760e+00 2.236428e+00 -6.506811e+00 -4.831539e+00 -4.029581e+00 -2.046139e-01 -1.972137e+00 -4.138033e+00 1.536263e-01 4.134556e-01 -5.741410e-01 -1.337737e+00 1.472054e+00 -2.170839e+00 -2.373639e+00 -1.983298e-01 -7.129096e-01 1.505492e+00 -1.255473e+00 2.623866e-01 1.052004e+00 5.995826e-01 8.996019e-02
<VARIANCE> 25
 1.248621e+01 2.843337e+01 2.491999e+01 3.131303e+01 3.994550e+01 5.008440e+01 4.483984e+01 3.945414e+01 3.366833e+01 2.643080e+01 2.167911e+01 2.428718e+01 1.495425e+00 2.448993e+00 3.583327e+00 2.513776e+00 3.754992e+00 4.206603e+00 6.082559e+00 5.158502e+00 5.776792e+00 4.262503e+00 2.642950e+00 2.363595e+00 2.170598e-03
<GCONST> 9.522068e+01
<MIXTURE> 18 1.221018e-02
<MEAN> 25
 3.259783e+00 4.696307e+00 7.185752e+00 3.915506e+00 -4.204452e+00 -8.547154e+00 -1.655893e+00 -1.736330e+00 -3.711138e+00 -2.719927e+00 -1.323033e+00 1.198614e+00 -9.140823e-01 2.317030e+00 -3.491689e-01 1.894598e+00 3.117020e+00 1.189533e+00 1.187302e+00 -6.344159e-01 8.241810e-01 2.915570e-01 -1.949503e-01 -1.303422e-01 -1.118789e-01
<VARIANCE> 25
 1.709551e+01 2.388052e+01 3.212891e+01 2.735866e+01 3.767910e+01 3.350605e+01 3.802533e+01 3.404588e+01 4.279046e+01 3.249788e+01 2.987698e+01 3.054141e+01 2.413837e+00 2.896037e+00 4.268687e+00 3.597969e+00 3.866065e+00 4.547519e+00 4.788614e+00 5.261043e+00 4.349985e+00 4.017913e+00 4.061700e+00 3.186922e+00 4.345560e-03
<GCONST> 9.785068e+01
<MIXTURE> 19 9.912824e-03
<MEAN> 25
 -9.569224e+00 3.866461e+00 -1.501655e-01 2.501954e+00 4.744367e+00 1.876010e+00 4.754749e+00 1.964879e-01 2.811805e+00 1.031205e+00 1.893507e+00 1.461289e+00 1.905947e+00 1.435110e+00 1.978148e+00 7.928088e-01 -8.684792e-01 -9.606251e-01 -1.207392e+00 -1.630190e+00 -1.735125e+00 -1.027753e+00 -1.151716e+00 -1.063631e+00 7.304720e-03
<VARIANCE> 25
 4.419051e+01 3.701980e+01 3.888930e+01 4.883945e+01 2.698371e+01 4.293516e+01 2.837237e+01 2.959739e+01 2.493862e+01 2.254967e+01 3.126555e+01 1.806097e+01 1.922779e+00 2.248976e+00 1.885936e+00 1.934089e+00 2.116165e+00 2.337849e+00 2.092914e+00 2.190808e+00 1.794582e+00 1.715861e+00 2.031585e+00 1.560272e+00 2.015667e-03
<GCONST> 8.930412e+01
<MIXTURE> 20 6.308331e-03
<MEAN> 25
 -1.388868e+01 8.098257e+00 3.370823e-01 5.723040e+00 5.199193e+00 1.860421e-01 6.613713e+00 -1.004515e+00 4.181109e-01 -9.894527e-02 2.127522e+00 5.154630e-01 -3.145878e+00 -9.602999e-01 -1.685700e+00 1.954854e-01 1.290092e+00 1.857127e+00 1.923440e+00 2.176257e+00 2.383625e+00 1.902542e+00 1.683873e+00 9.547096e-01 4.824823e-02
<VARIANCE> 25
 1.912791e+01 2.133984e+01 2.885489e+01 3.165414e+01 2.593163e+01 3.048136e+01 3.178915e+01 4.136098e+01 2.429537e+01 2.566138e+01 2.299007e+01 1.946484e+01 2.016786e+00 1.808959e+00 1.620062e+00 2.223812e+00 2.491646e+00 2.473678e+00 1.892502e+00 2.342257e+00 2.198927e+00 2.513253e+00 1.819896e+00 1.561561e+00 1.544777e-03
<GCONST> 8.733353e+01
<MIXTURE> 21 7.928653e-03
<MEAN> 25
 3.812575e+00 -5.096151e+00 6.466782e+00 -1.865745e+00 -1.040565e+01 -8.095412e+00 -4.213098e+00 4.755645e+00 -3.085434e+00 -2.768847e+00 3.523350e-02 7.949714e-01 -6.481735e-01 1.266377e+00 2.333339e+00 -6.348948e-02 -1.319529e+00 2.421414e-01 2.356998e-01 -1.484324e+00 -1.589956e+00 1.386213e-01 1.161173e+00 3.820728e-01 -1.180450e-02
<VARIANCE> 25
 7.888489e+00 1.619039e+01 3.269935e+01 2.502047e+01 2.594909e+01 3.254639e+01 4.435874e+01 3.588116e+01 4.230141e+01 2.682563e+01 2.791488e+01 2.007573e+01 3.366972e-01 9.752055e-01 1.722281e+00 1.170260e+00 2.356913e+00 2.325980e+00 3.527048e+00 2.142468e+00 2.421672e+00 2.427642e+00 1.831041e+00 1.946894e+00 4.250243e-04
<GCONST> 8.356821e+01
<MIXTURE> 22 8.827789e-03
<MEAN> 25
 -1.764269e+01 7.392111e+00 -3.858492e+00 6.954817e+00 5.051937e+00 2.141212e+00 9.245721e+00 8.070980e-01 5.044314e+00 2.615439e+00 5.155453e+00 1.489446e+00 -2.351991e-01 -2.243180e-01 -2.055175e-01 -9.978384e-02 5.013496e-02 7.143384e-02 1.900855e-01 2.246711e-01 3.556311e-01 2.249482e-01 2.341082e-01 1.217710e-01 7.173174e-03
<VARIANCE> 25
 7.794165e+00 1.520413e+01 1.615744e+01 2.360645e+01 2.182202e+01 2.190574e+01 2.149065e+01 2.529266e+01 1.838085e+01 2.228204e+01 2.000575e+01 1.298255e+01 1.049752e+00 1.201614e+00 1.349463e+00 1.467356e+00 1.272674e+00 1.493975e+00 1.447171e+00 1.482747e+00 1.681836e+00 1.497590e+00 1.382979e+00 1.454516e+00 1.788658e-03
<GCONST> 7.832611e+01
<MIXTURE> 23 6.455497e-03
<MEAN> 25
 7.705314e+00 2.265805e+00 2.861405e+00 2.533534e+00 -4.652783e+00 -3.556765e+00 -4.191164e+00 -6.196612e+00 -3.387917e+00 -8.810699e-01 -4.346745e+00 -2.011091e+00 5.121055e-02 1.526592e-01 2.118533e-02 5.019918e-02 -3.229256e-02 4.966683e-02 -2.619861e-02 -3.872485e-03 -3.681803e-02 2.677854e-02 8.174547e-03 3.881453e-03 -3.731259e-03
<VARIANCE> 25
 1.097207e+01 2.320933e+01 2.421898e+01 3.928174e+01 3.860738e+01 5.498565e+01 5.645067e+01 5.900237e+01 4.579000e+01 4.528814e+01 4.685512e+01 3.863865e+01 1.167537e-01 2.951570e-01 3.940464e-01 4.827274e-01 5.978920e-01 7.172437e-01 8.054605e-01 8.931546e-01 8.871233e-01 8.558098e-01 8.081090e-01 7.658378e-01 9.325460e-05
<GCONST> 7.301556e+01
<MIXTURE> 24 6.455497e-03
<MEAN> 25
 7.705314e+00 2.265805e+00 2.861405e+00 2.533534e+00 -4.652783e+00 -3.556765e+00 -4.191164e+00 -6.196612e+00 -3.387917e+00 -8.810699e-01 -4.346745e+00 -2.011091e+00 5.121055e-02 1.526592e-01 2.118533e-02 5.019918e-02 -3.229256e-02 4.966683e-02 -2.619861e-02 -3.872485e-03 -3.681803e-02 2.677854e-02 8.174547e-03 3.881453e-03 -3.731259e-03
<VARIANCE> 25
 1.097207e+01 2.320933e+01 2.421898e+01 3.928174e+01 3.860738e+01 5.498565e+01 5.645067e+01 5.900237e+01 4.579000e+01 4.528814e+01 4.685512e+01 3.863865e+01 1.167537e-01 2.951570e-01 3.940464e-01 4.827274e-01 5.978920e-01 7.172437e-01 8.054605e-01 8.931546e-01 8.871233e-01 8.558098e-01 8.081090e-01 7.658378e-01 9.325460e-05
<GCONST> 7.301556e+01
<MIXTURE> 25 1.118642e-02
<MEAN> 25
 1.605546e-01 2.578652e+00 1.523654e+01 -1.714582e+00 -1.178855e+01 -1.875428e+00 -5.790618e+00 -1.074371e+00 -7.826037e+00 -4.323609e+00 2.839145e+00 -5.928087e-01 -1.462738e-01 6.728905e-01 7.554426e-02 1.319112e-01 4.039395e-01 -2.425674e-01 5.589788e-01 -3.459947e-01 -2.720644e-01 8.028520e-02 -3.563364e-01 4.016698e-02 -1.442689e-02
<VARIANCE> 25
 6.776587e+00 2.304712e+01 2.139792e+01 2.299150e+01 2.451919e+01 3.280736e+01 2.391601e+01 3.136168e+01 2.608223e+01 3.014863e+01 2.048856e+01 2.341539e+01 4.576307e-01 1.228455e+00 1.118432e+00 1.131379e+00 1.994761e+00 2.087039e+00 1.889110e+00 1.573661e+00 1.238837e+00 1.272886e+00 1.396730e+00 1.090222e+00 9.984552e-04
<GCONST> 7.948915e+01
<MIXTURE> 26 7.727677e-03
<MEAN> 25
 1.885751e+00 -4.554650e+00 -1.041027e+01 -1.254418e+00 8.654534e+00 6.928566e+00 5.317503e+00 -1.089748e+00 2.686721e+00 -7.700655e-01 -2.861709e+00 -1.664747e+00 -6.979966e-01 6.838642e-01 2.467775e-01 8.319678e-01 -3.176320e-02 2.627717e-01 3.724439e-01 5.196475e-01 5.218942e-01 7.473936e-03 6.249457e-01 4.367623e-01 -5.329368e-02
<VARIANCE> 25
 2.214157e+01 4.470803e+01 2.180373e+01 6.451508e+01 3.522760e+01 4.575338e+01 4.509898e+01 4.077660e+01 3.946495e+01 4.579092e+01 3.511981e+01 4.026637e+01 1.386370e+00 1.808376e+00 1.732131e+00 1.962040e+00 2.429866e+00 2.093906e+00 2.202786e+00 2.481240e+00 2.214873e+00 2.119627e+00 2.522595e+00 1.885757e+00 2.917279e-03
<GCONST> 9.248613e+01
<MIXTURE> 27 7.727677e-03
<MEAN> 25
 1.885751e+00 -4.554650e+00 -1.041027e+01 -1.254418e+00 8.654534e+00 6.928566e+00 5.317503e+00 -1.089748e+00 2.686721e+00 -7.700655e-01 -2.861709e+00 -1.664747e+00 -6.979966e-01 6.838642e-01 2.467775e-01 8.319678e-01 -3.176320e-02 2.627717e-01 3.724439e-01 5.196475e-01 5.218942e-01 7.473936e-03 6.249457e-01 4.367623e-01 -5.329368e-02
<VARIANCE> 25
 2.214157e+01 4.470803e+01 2.180373e+01 6.451508e+01 3.522760e+01 4.575338e+01 4.509898e+01 4.077660e+01 3.946495e+01 4.579092e+01 3.511981e+01 4.026637e+01 1.386370e+00 1.808376e+00 1.732131e+00 1.962040e+00 2.429866e+00 2.093906e+00 2.202786e+00 2.481240e+00 2.214873e+00 2.119627e+00 2.522595e+00 1.885757e+00 2.917279e-03
<GCONST> 9.248613e+01
<MIXTURE> 28 5.036674e-03
<MEAN> 25
 -5.456747e+00 9.635793e-02 -1.576992e+00 6.635337e+00 5.252882e+00 3.582735e+00 5.461580e+00 3.085571e+00 3.937227e+00 2.400116e+00 2.679603e+00 3.250028e+00 -1.181873e-01 2.264747e-01 5.272443e-01 7.767138e-01 8.190517e-01 7.012526e-01 5.249402e-01 3.792894e-01 4.362153e-01 4.837370e-01 3.693123e-01 1.848735e-01 -5.688119e-06
<VARIANCE> 25
 1.034378e+01 9.038541e+00 1.206862e+01 1.475762e+01 1.463752e+01 1.801394e+01 1.811069e+01 1.910450e+01 1.706377e+01 1.659309e+01 2.060413e+01 1.505124e+01 2.553119e-01 3.367026e-01 4.052221e-01 4.701626e-01 6.184837e-01 8.417649e-01 1.059597e+00 1.160326e+00 1.104174e+00 1.022928e+00 1.030935e+00 1.062545e+00 1.006027e-06
<GCONST> 6.031667e+01
<MIXTURE> 29 5.036674e-03
<MEAN> 25
 -5.456747e+00 9.635793e-02 -1.576992e+00 6.635337e+00 5.252882e+00 3.582735e+00 5.461580e+00 3.085571e+00 3.937227e+00 2.400116e+00 2.679603e+00 3.250028e+00 -1.181873e-01 2.264747e-01 5.272443e-01 7.767138e-01 8.190517e-01 7.012526e-01 5.249402e-01 3.792894e-01 4.362153e-01 4.837370e-01 3.693123e-01 1.848735e-01 -5.688119e-06
<VARIANCE> 25
 1.034378e+01 9.038541e+00 1.206862e+01 1.475762e+01 1.463752e+01 1.801394e+01 1.811069e+01 1.910450e+01 1.706377e+01 1.659309e+01 2.060413e+01 1.505124e+01 2.553119e-01 3.367026e-01 4.052221e-01 4.701626e-01 6.184837e-01 8.417649e-01 1.059597e+00 1.160326e+00 1.104174e+00 1.022928e+00 1.030935e+00 1.062545e+00 1.006027e-06
<GCONST> 6.031667e+01
<MIXTURE> 30 8.917812e-03
<MEAN> 25
 -4.918579e+00 1.968386e+00 -4.746877e-02 9.403912e+00 7.713698e+00 7.985344e+00 7.659941e+00 5.839742e+00 7.060219e+00 3.570653e+00 6.602942e+00 3.520020e+00 -2.813809e-02 5.883052e-02 1.239092e-01 2.845690e-02 3.059737e-02 -1.374577e-03 -1.297713e-02 -7.583333e-03 -2.449389e-02 -2.615868e-02 1.337024e-01 8.290318e-02 -6.387271e-04
<VARIANCE> 25
 5.906983e+00 2.091794e+01 1.073764e+01 1.141361e+01 1.303288e+01 1.561577e+01 1.545450e+01 2.147827e+01 1.413744e+01 1.968414e+01 1.875983e+01 1.271078e+01 8.349756e-02 2.092972e-01 2.804557e-01 4.112215e-01 6.805357e-01 7.786944e-01 7.004220e-01 7.805453e-01 9.024293e-01 8.353711e-01 9.875266e-01 9.423823e-01 4.314500e-05
<GCONST> 5.994460e+01
<MIXTURE> 31 4.136493e-03
<MEAN> 25
 -3.316492e+00 -5.637514e+00 -4.322243e-03 4.935313e+00 3.715347e+00 1.745544e+00 5.285037e+00 6.695831e+00 2.801942e+00 1.191690e+00 6.525964e+00 3.233603e+00 2.496681e-01 4.792210e-01 -2.063736e-01 3.063184e-01 1.301978e-01 4.232212e-01 1.912529e-01 6.637423e-03 3.612179e-01 3.777992e-01 1.084255e-01 1.110228e-01 -1.835253e-02
<VARIANCE> 25
 7.108669e+00 1.553567e+01 1.779742e+01 1.816857e+01 2.520437e+01 2.408100e+01 2.365166e+01 2.529940e+01 2.625049e+01 2.807533e+01 2.020175e+01 1.930900e+01 1.907619e-01 4.973287e-01 6.015177e-01 7.623597e-01 9.801747e-01 1.086910e+00 1.215155e+00 1.398074e+00 1.380438e+00 1.309122e+00 1.244141e+00 1.142668e+00 2.550677e-04
<GCONST> 7.192970e+01
<MIXTURE> 32 4.136493e-03
<MEAN> 25
 -3.316492e+00 -5.637514e+00 -4.322243e-03 4.935313e+00 3.715347e+00 1.745544e+00 5.285037e+00 6.695831e+00 2.801942e+00 1.191690e+00 6.525964e+00 3.233603e+00 2.496681e-01 4.792210e-01 -2.063736e-01 3.063184e-01 1.301978e-01 4.232212e-01 1.912529e-01 6.637423e-03 3.612179e-01 3.777992e-01 1.084255e-01 1.110228e-01 -1.835253e-02
<VARIANCE> 25
 7.108669e+00 1.553567e+01 1.779742e+01 1.816857e+01 2.520437e+01 2.408100e+01 2.365166e+01 2.529940e+01 2.625049e+01 2.807533e+01 2.020175e+01 1.930900e+01 1.907619e-01 4.973287e-01 6.015177e-01 7.623597e-01 9.801747e-01 1.086910e+00 1.215155e+00 1.398074e+00 1.380438e+00 1.309122e+00 1.244141e+00 1.142668e+00 2.550677e-04
<GCONST> 7.192970e+01
<MIXTURE> 33 1.508826e-02
<MEAN> 25
 5.777121e+00 -5.371841e+00 -6.936188e-01 -2.778237e+00 -4.021598e+00 -5.490834e+00 -8.362315e+00 3.785912e+00 1.359497e+00 1.000184e+00 -5.642024e+00 -1.847151e+00 6.305808e-01 -1.185433e+00 -2.587671e+00 -1.253692e+00 7.129363e-01 1.633878e+00 -7.250308e-01 1.463897e+00 6.018752e-01 9.380633e-01 -6.222407e-01 -1.644788e+00 3.747734e-02
<VARIANCE> 25
 8.212010e+00 1.762948e+01 2.966015e+01 2.710955e+01 3.909434e+01 3.354448e+01 3.741455e+01 4.211872e+01 3.057386e+01 3.711345e+01 3.659487e+01 2.625269e+01 8.603931e-01 1.724647e+00 2.041169e+00 2.419149e+00 4.193297e+00 2.796568e+00 3.431185e+00 5.651659e+00 3.397805e+00 3.477330e+00 3.248839e+00 3.019282e+00 1.228754e-03
<GCONST> 9.152428e+01
<MIXTURE> 34 1.588179e-02
<MEAN> 25
 8.520535e+00 -7.213376e-01 2.145591e-01 1.585696e+00 -2.980108e+00 -1.616345e+00 -6.541072e+00 -3.884634e+00 -1.109765e+00 3.178821e-01 -2.360582e+00 -3.823247e+00 -4.371258e-02 1.357558e+00 1.400782e+00 2.106213e+00 1.747079e-01 -4.775563e-02 9.426078e-01 -1.857553e+00 -7.983654e-01 -4.896922e-02 -2.113729e-01 3.158697e-01 -6.300692e-02
<VARIANCE> 25
 7.743512e+00 3.135626e+01 2.593535e+01 4.516892e+01 4.016662e+01 4.279990e+01 5.168698e+01 5.186247e+01 6.265668e+01 3.970264e+01 4.903739e+01 2.858425e+01 1.217700e+00 1.726927e+00 3.856220e+00 3.827495e+00 5.747715e+00 5.162530e+00 5.204596e+00 5.591853e+00 5.183144e+00 4.933522e+00 4.849099e+00 3.289504e+00 1.060251e-03
<GCONST> 9.827114e+01
<MIXTURE> 35 1.467755e-02
<MEAN> 25
 -2.143327e+00 -5.105821e+00 -9.744824e+00 1.186564e-01 9.644971e+00 8.089073e-01 1.855057e+00 2.125995e+00 1.615302e+00 4.292730e+00 1.863616e-01 1.691278e+00 5.708746e-01 -1.184162e+00 -1.302497e+00 -1.345876e+00 4.072470e-01 -7.378072e-01 -7.632852e-01 -1.177028e-01 -1.781113e-01 1.400832e-01 -6.365371e-01 -5.144792e-01 1.041594e-01
<VARIANCE> 25
 1.894619e+01 2.979353e+01 4.376821e+01 6.060244e+01 4.107063e+01 5.610762e+01 5.093270e+01 4.643580e+01 4.937174e+01 3.940660e+01 3.580916e+01 3.095378e+01 3.374086e+00 3.575845e+00 6.997069e+00 5.413147e+00 5.108249e+00 5.531662e+00 4.980067e+00 4.599403e+00 4.948643e+00 4.396722e+00 3.948424e+00 3.677241e+00 5.441670e-03
<GCONST> 1.034004e+02
<MIXTURE> 36 1.093293e-02
<MEAN> 25
 4.668093e+00 -6.039967e+00 5.965618e+00 1.492490e+00 -1.007358e+01 -7.830248e+00 -9.169558e+00 6.201583e+00 -2.729985e+00 -1.998438e+00 1.611524e+00 -1.779512e+00 2.066448e-01 8.213004e-02 -8.317320e-01 4.277835e-02 1.014473e+00 -2.053725e-01 6.283261e-02 8.417603e-02 9.773503e-03 6.324450e-01 -3.701462e-01 -3.025485e-01 -1.187024e-02
<VARIANCE> 25
 7.032933e+00 1.909511e+01 1.925648e+01 1.996954e+01 2.377943e+01 2.551945e+01 4.466119e+01 4.334717e+01 3.482372e+01 2.856101e+01 2.054116e+01 2.271626e+01 4.588016e-01 5.173591e-01 1.138477e+00 9.405525e-01 1.582166e+00 1.867366e+00 2.877655e+00 2.335398e+00 2.481562e+00 1.484909e+00 1.395381e+00 1.088877e+00 5.264357e-04
<GCONST> 7.961539e+01
<MIXTURE> 37 1.246826e-02
<MEAN> 25
 4.806941e-01 7.704497e+00 1.188252e+01 -5.375386e+00 -7.894176e+00 -1.252738e+00 -4.773242e+00 -7.976993e+00 -4.135383e+00 -9.055168e-01 -3.769396e+00 -1.013692e+00 1.183283e-01 7.527858e-01 -1.352645e+00 3.459532e+00 2.108666e+00 -3.518691e-01 1.241136e+00 1.949206e-01 5.576003e-01 -3.531268e-01 5.198660e-01 -1.266708e-01 -9.164674e-02
<VARIANCE> 25
 1.525051e+01 2.481315e+01 2.982285e+01 4.887571e+01 3.323482e+01 3.154009e+01 4.398076e+01 3.600146e+01 4.084042e+01 3.443637e+01 3.601577e+01 3.067040e+01 2.894912e+00 3.436956e+00 2.860132e+00 4.133537e+00 4.665995e+00 3.608024e+00 4.369726e+00 4.650200e+00 3.307329e+00 3.450015e+00 3.686386e+00 2.664424e+00 3.904587e-03
<GCONST> 9.752186e+01
<MIXTURE> 38 1.154525e-02
<MEAN> 25
 -4.180717e+00 9.684983e+00 3.965971e+00 3.458970e+00 1.882239e+00 -7.447237e+00 1.722711e+00 -5.133382e+00 -2.758006e+00 -4.027364e+00 -1.731066e+00 -5.734706e-01 -3.937268e+00 1.393875e+00 -9.420704e-01 1.165478e+00 2.403582e+00 1.299574e+00 2.392713e+00 1.813685e-01 1.182857e+00 1.797841e-01 1.241044e+00 2.861260e-01 3.836146e-02
<VARIANCE> 25
 2.347828e+01 2.365694e+01 3.446749e+01 2.781661e+01 3.670230e+01 4.186400e+01 4.173737e+01 4.209018e+01 3.449291e+01 2.519197e+01 1.765073e+01 2.555647e+01 2.487612e+00 3.309536e+00 3.472773e+00 4.260278e+00 3.508569e+00 4.637537e+00 3.701662e+00 4.873850e+00 3.696461e+00 3.805175e+00 3.429577e+00 2.369742e+00 1.864105e-03
<GCONST> 9.575819e+01
<MIXTURE> 39 9.501865e-03
<MEAN> 25
 1.339586e+00 2.462563e+00 1.025089e+01 -9.065289e+00 -1.124497e+01 -1.104571e+00 -3.080067e+00 -6.454574e+00 -4.461559e+00 8.245491e-01 -3.625825e+00 -2.205308e+00 -7.264450e-01 1.514027e+00 1.615860e+00 -1.355523e+00 7.573229e-02 1.199223e+00 -1.175753e+00 -1.260487e+00 4.382029e-01 4.307080e-01 -5.040132e-01 1.470495e-01 8.782217e-04
<VARIANCE> 25
 8.770045e+00 3.071676e+01 3.112205e+01 3.904870e+01 3.677452e+01 4.273435e+01 4.441339e+01 3.432048e+01 4.099132e+01 3.274265e+01 3.570660e+01 2.936085e+01 6.800865e-01 1.536424e+00 1.498027e+00 2.945099e+00 2.409056e+00 2.827597e+00 3.061417e+00 2.712080e+00 2.440667e+00 2.595350e+00 2.085653e+00 2.064123e+00 1.179670e-03
<GCONST> 8.961867e+01
<MIXTURE> 40 1.030800e-02
<MEAN> 25
 -8.448207e+00 2.948145e+00 -1.845854e+00 8.484987e+00 4.452912e+00 6.086423e+00 5.362831e+00 4.319943e+00 5.578445e+00 3.100719e+00 5.446252e+00 2.014988e+00 -1.091170e-01 -1.601179e-01 7.639728e-02 -1.712947e-01 -2.067740e-01 -1.487105e-01 1.228146e-01 1.137475e-01 -1.676998e-02 2.087007e-02 1.052022e-01 3.268927e-02 3.014446e-03
<VARIANCE> 25
 3.739126e+01 2.064514e+01 2.825179e+01 2.525486e+01 2.370688e+01 1.846320e+01 2.011878e+01 1.811560e+01 1.790548e+01 2.070755e+01 1.692950e+01 1.290984e+01 6.150456e-01 7.888517e-01 9.054505e-01 1.102405e+00 1.091248e+00 1.299681e+00 1.386832e+00 1.583384e+00 1.257480e+00 1.143614e+00 1.415228e+00 1.056802e+00 7.139734e-04
<GCONST> 7.638078e+01
<MIXTURE> 41 6.713375e-03
<MEAN> 25
 1.303920e+00 1.701983e+00 1.046291e+01 -6.885890e+00 -1.035592e+01 -3.963224e+00 -2.556802e+00 -4.935005e+00 -4.617742e+00 2.583070e+00 -1.763605e+00 -8.140438e-01 1.095483e-01 -8.196457e-01 1.654409e+00 -3.525081e+00 -2.464027e+00 -1.072290e-01 -5.458218e-01 -2.928495e-01 -8.335107e-01 1.122678e+00 -1.062586e+00 9.350353e-02 8.612182e-02
<VARIANCE> 25
 1.156648e+01 2.991842e+01 3.215769e+01 3.981020e+01 3.940091e+01 4.095960e+01 3.731974e+01 3.048605e+01 3.289928e+01 2.873846e+01 3.161621e+01 2.798993e+01 3.201548e+00 3.491181e+00 3.900198e+00 3.809953e+00 4.819725e+00 5.789305e+00 4.713552e+00 4.699859e+00 3.962882e+00 4.212537e+00 3.829141e+00 3.177269e+00 2.904650e-03
<GCONST> 9.802013e+01
<MIXTURE> 42 1.106211e-02
<MEAN> 25
 -1.841875e+00 4.532872e+00 4.532510e+00 2.891614e+00 5.739160e-01 -7.112239e+00 -7.217855e-01 -2.899314e+00 -1.260198e+00 -1.953596e+00 -2.172939e+00 1.190346e+00 4.008904e+00 -7.402208e-01 1.429031e+00 5.547643e-02 -2.814732e+00 -1.320943e+00 -2.456049e+00 -5.410028e-01 -8.883617e-01 -3.659993e-01 8.089156e-02 -8.360940e-01 1.229369e-02
<VARIANCE> 25
 3.161016e+01 2.384162e+01 4.334512e+01 2.810439e+01 3.482355e+01 4.349191e+01 3.345083e+01 3.145085e+01 2.619608e+01 2.620721e+01 1.896682e+01 1.762370e+01 3.287065e+00 5.428553e+00 5.440929e+00 4.261154e+00 4.124764e+00 5.823169e+00 4.757459e+00 5.151213e+00 4.385324e+00 4.937133e+00 4.658921e+00 3.298441e+00 4.183880e-03
<GCONST> 9.903563e+01
<MIXTURE> 43 7.108249e-03
<MEAN> 25
 3.185149e+00 -6.316776e+00 -2.108421e+00 -5.140443e+00 -7.356497e+00 -3.507369e+00 3.892656e+00 1.267746e+00 -5.043216e+00 -6.976859e+00 -4.317402e+00 -1.266393e+00 2.301179e-01 2.140973e+00 1.921092e+00 -1.025950e-01 -1.466711e+00 -7.865099e-01 -9.827692e-01 -7.741207e-01 8.416985e-01 1.432099e+00 3.379491e-01 5.063988e-02 -4.524335e-02
<VARIANCE> 25
 9.466893e+00 1.935698e+01 2.820566e+01 3.475181e+01 3.799274e+01 3.693215e+01 3.622357e+01 3.963763e+01 3.921843e+01 3.881265e+01 2.611756e+01 2.908422e+01 6.887029e-01 1.263986e+00 1.551145e+00 2.505678e+00 2.411647e+00 2.368068e+00 2.630841e+00 2.988606e+00 2.619708e+00 2.618045e+00 2.312719e+00 1.937438e+00 9.320359e-04
<GCONST> 8.799271e+01
<MIXTURE> 44 7.328289e-03
<MEAN> 25
 -1.513283e+01 1.880841e+00 3.590473e+00 -3.209908e+00 3.386355e+00 1.704043e+00 1.756843e-01 1.927235e+00 1.655121e+00 -9.429766e-01 1.678250e+00 1.964733e+00 -1.772983e-01 2.669018e-02 1.306595e-01 2.907116e-01 -8.801155e-02 2.020739e-01 5.098639e-01 1.254525e-01 2.502317e-01 1.460584e-01 8.923440e-02 7.396381e-02 3.603909e-03
<VARIANCE> 25
 4.158310e+01 2.944344e+01 3.711150e+01 2.965447e+01 2.901811e+01 3.329206e+01 2.664157e+01 3.654729e+01 2.738360e+01 2.686066e+01 2.669919e+01 1.892728e+01 1.200219e+00 1.572947e+00 1.437841e+00 1.308835e+00 2.106469e+00 1.602376e+00 1.521235e+00 1.610590e+00 1.539242e+00 1.474646e+00 1.353598e+00 1.234262e+00 1.282212e-03
<GCONST> 8.469493e+01
<MIXTURE> 45 1.364932e-02
<MEAN> 25
 -1.239016e+01 3.479381e+00 -1.332302e+00 2.846454e+00 5.750908e+00 6.899253e-02 4.822116e+00 2.722154e+00 3.277903e+00 2.133767e+00 2.368574e+00 2.574618e+00 -2.915492e+00 5.786098e-01 -4.929903e-01 -5.404627e-01 1.870304e-01 4.372160e-03 4.640398e-01 6.959721e-02 -5.483018e-02 -6.500121e-02 2.579119e-01 9.539582e-02 1.182640e-01
<VARIANCE> 25
 3.365561e+01 3.041167e+01 3.134250e+01 3.474327e+01 3.128561e+01 2.916267e+01 2.980776e+01 2.844968e+01 2.495987e+01 2.353924e+01 2.781446e+01 1.555387e+01 2.470132e+00 3.065773e+00 2.857194e+00 2.668094e+00 2.488857e+00 2.688450e+00 2.306290e+00 2.261565e+00 2.156032e+00 2.111618e+00 1.970837e+00 1.636473e+00 4.126559e-03
<GCONST> 9.068033e+01
<MIXTURE> 46 9.336259e-03
<MEAN> 25
 -9.403729e+00 2.445007e+00 1.011997e+00 7.449835e+00 5.971141e+00 3.345654e+00 7.244411e+00 4.218044e+00 5.702873e+00 4.503586e+00 4.978597e+00 2.876258e+00 1.038928e+00 -2.431248e-01 6.736805e-02 9.932184e-01 5.868592e-01 9.107568e-01 3.761216e-01 6.730244e-01 4.586306e-01 4.893831e-01 6.714555e-01 5.452215e-01 -1.035051e-01
<VARIANCE> 25
 3.430775e+01 4.356406e+01 3.921732e+01 4.948860e+01 5.000801e+01 4.137602e+01 3.748569e+01 3.811812e+01 3.309836e+01 3.147077e+01 2.815786e+01 1.996780e+01 3.846829e+00 4.073681e+00 3.836343e+00 4.056824e+00 4.142248e+00 3.697621e+00 3.353229e+00 3.047854e+00 2.934971e+00 2.813495e+00 2.359888e+00 1.794658e+00 7.927027e-03
<GCONST> 9.827449e+01
<MIXTURE> 47 7.116147e-03
<MEAN> 25
 7.492384e+00 -7.125236e+00 -7.513663e+00 -7.464448e+00 1.082773e+00 1.322678e+00 -2.124922e+00 1.082327e+00 1.533275e+00 1.873352e+00 -3.480485e+00 -6.501190e+00 -1.522726e-01 -1.207791e+00 -6.399075e-01 -7.463138e-01 5.027561e-01 9.811392e-01 1.051938e+00 3.587651e-01 2.065845e-01 -9.604897e-01 -7.225309e-01 -3.424569e-01 2.930056e-02
<VARIANCE> 25
 9.544054e+00 1.855617e+01 1.784499e+01 3.720472e+01 3.239953e+01 4.763293e+01 4.146484e+01 3.846333e+01 4.660146e+01 5.345867e+01 5.119628e+01 2.824027e+01 4.413633e-01 6.912519e-01 1.022512e+00 2.157510e+00 1.785391e+00 2.002847e+00 2.159145e+00 2.282125e+00 1.938472e+00 2.418099e+00 2.139828e+00 1.810447e+00 4.978649e-04
<GCONST> 8.520210e+01
<MIXTURE> 48 7.116147e-03
<MEAN> 25
 7.492384e+00 -7.125236e+00 -7.513663e+00 -7.464448e+00 1.082773e+00 1.322678e+00 -2.124922e+00 1.082327e+00 1.533275e+00 1.873352e+00 -3.480485e+00 -6.501190e+00 -1.522726e-01 -1.207791e+00 -6.399075e-01 -7.463138e-01 5.027561e-01 9.811392e-01 1.051938e+00 3.587651e-01 2.065845e-01 -9.604897e-01 -7.225309e-01 -3.424569e-01 2.930056e-02
<VARIANCE> 25
 9.544054e+00 1.855617e+01 1.784499e+01 3.720472e+01 3.239953e+01 4.763293e+01 4.146484e+01 3.846333e+01 4.660146e+01 5.345867e+01 5.119628e+01 2.824027e+01 4.413633e-01 6.912519e-01 1.022512e+00 2.157510e+00 1.785391e+00 2.002847e+00 2.159145e+00 2.282125e+00 1.938472e+00 2.418099e+00 2.139828e+00 1.810447e+00 4.978649e-04
<GCONST> 8.520210e+01
<MIXTURE> 49 5.548473e-03
<MEAN> 25
 -5.140244e+00 2.166870e+00 -4.882483e-01 8.591891e+00 6.443588e+00 6.444852e+00 6.595928e+00 3.970165e+00 5.594252e+00 3.063323e+00 5.291834e+00 2.756469e+00 2.798317e-01 6.626089e-01 7.862656e-01 3.341372e-01 -1.902604e-01 -6.782066e-01 -1.065488e+00 -1.002226e+00 -8.216429e-01 -4.870868e-01 -4.072378e-01 -2.719784e-01 -7.818800e-04
<VARIANCE> 25
 8.073926e+00 1.832267e+01 1.414148e+01 1.471223e+01 1.398488e+01 1.909058e+01 2.079033e+01 1.866933e+01 1.561613e+01 1.662922e+01 2.049267e+01 1.194321e+01 2.573275e-01 2.898790e-01 3.486849e-01 5.620389e-01 7.300828e-01 8.521312e-01 1.106346e+00 9.071683e-01 1.081980e+00 1.185712e+00 1.062298e+00 1.366754e+00 1.800649e-05
<GCONST> 6.389050e+01
<MIXTURE> 50 6.234641e-03
<MEAN> 25
 -4.673326e+00 1.435041e-01 -1.461562e+00 6.219834e+00 4.237250e+00 2.322806e+00 3.735707e+00 1.994981e+00 2.819356e+00 1.388755e+00 2.176100e+00 2.856297e+00 5.503716e-02 1.762549e-01 9.792549e-02 -1.781322e-01 -5.129279e-01 -6.115214e-01 -4.219176e-01 -5.201642e-02 4.395431e-01 7.724214e-01 7.383536e-01 4.452656e-01 -2.370146e-06
<VARIANCE> 25
 1.048928e+01 1.154153e+01 1.431731e+01 1.538236e+01 1.531202e+01 1.886205e+01 1.861647e+01 1.955552e+01 1.875245e+01 1.748375e+01 2.174640e+01 1.516863e+01 1.445927e-01 2.404627e-01 3.777257e-01 5.149828e-01 5.993349e-01 7.339660e-01 9.567834e-01 1.117151e+00 1.058911e+00 9.103027e-01 9.133454e-01 9.886343e-01 1.031979e-06
<GCONST> 5.961858e+01
<MIXTURE> 51 6.234641e-03
<MEAN> 25
 -4.673326e+00 1.435041e-01 -1.461562e+00 6.219834e+00 4.237250e+00 2.322806e+00 3.735707e+00 1.994981e+00 2.819356e+00 1.388755e+00 2.176100e+00 2.856297e+00 5.503716e-02 1.762549e-01 9.792549e-02 -1.781322e-01 -5.129279e-01 -6.115214e-01 -4.219176e-01 -5.201642e-02 4.395431e-01 7.724214e-01 7.383536e-01 4.452656e-01 -2.370146e-06
<VARIANCE> 25
 1.048928e+01 1.154153e+01 1.431731e+01 1.538236e+01 1.531202e+01 1.886205e+01 1.861647e+01 1.955552e+01 1.875245e+01 1.748375e+01 2.174640e+01 1.516863e+01 1.445927e-01 2.404627e-01 3.777257e-01 5.149828e-01 5.993349e-01 7.339660e-01 9.567834e-01 1.117151e+00 1.058911e+00 9.103027e-01 9.133454e-01 9.886343e-01 1.031979e-06
<GCONST> 5.961858e+01
<MIXTURE> 52 6.367945e-03
<MEAN> 25
 1.012130e+01 2.040728e+00 -6.199102e+00 -1.428892e+01 -4.213236e+00 8.536684e+00 -2.745543e+00 -3.063947e+00 -4.410091e+00 -2.125016e+00 3.351869e+00 7.414771e-01 -3.858145e-01 -4.792974e-01 -7.008023e-02 1.138390e+00 1.339418e+00 -4.720759e-01 -6.012028e-01 -6.584737e-01 4.304517e-02 1.245765e+00 3.863369e-01 -5.448157e-01 -1.382172e-02
<VARIANCE> 25
 9.288234e+00 2.054273e+01 2.531012e+01 3.861440e+01 4.577825e+01 3.070408e+01 4.656885e+01 4.891156e+01 4.302307e+01 4.606228e+01 3.996088e+01 3.000666e+01 4.493943e-01 1.480963e+00 1.309659e+00 2.764125e+00 2.327126e+00 2.199719e+00 2.986634e+00 2.798055e+00 3.003852e+00 2.667053e+00 2.519969e+00 2.276547e+00 1.547112e-03
<GCONST> 8.973499e+01
<MIXTURE> 53 6.367945e-03
<MEAN> 25
 1.012130e+01 2.040728e+00 -6.199102e+00 -1.428892e+01 -4.213236e+00 8.536684e+00 -2.745543e+00 -3.063947e+00 -4.410091e+00 -2.125016e+00 3.351869e+00 7.414771e-01 -3.858145e-01 -4.792974e-01 -7.008023e-02 1.138390e+00 1.339418e+00 -4.720759e-01 -6.012028e-01 -6.584737e-01 4.304517e-02 1.245765e+00 3.863369e-01 -5.448157e-01 -1.382172e-02
<VARIANCE> 25
 9.288234e+00 2.054273e+01 2.531012e+01 3.861440e+01 4.577825e+01 3.070408e+01 4.656885e+01 4.891156e+01 4.302307e+01 4.606228e+01 3.996088e+01 3.000666e+01 4.493943e-01 1.480963e+00 1.309659e+00 2.764125e+00 2.327126e+00 2.199719e+00 2.986634e+00 2.798055e+00 3.003852e+00 2.667053e+00 2.519969e+00 2.276547e+00 1.547112e-03
<GCONST> 8.973499e+01
<MIXTURE> 54 7.368620e-03
<MEAN> 25
 -4.018159e+00 1.346315e+00 -7.130798e-01 8.292469e+00 6.771829e+00 5.204648e+00 4.951653e+00 4.190339e+00 4.158269e+00 3.137290e+00 4.686159e+00 2.381768e+00 -2.240876e-03 1.545354e-02 2.538468e-02 5.454044e-02 3.862076e-02 7.751495e-02 -1.295708e-02 7.271799e-02 5.997715e-02 -4.717453e-02 5.732172e-02 -4.301924e-02 -1.666400e-05
<VARIANCE> 25
 8.780955e+00 1.867999e+01 8.196966e+00 1.632608e+01 1.218745e+01 1.426081e+01 1.109390e+01 1.089525e+01 1.015570e+01 1.341011e+01 1.584989e+01 1.111590e+01 3.608868e-02 9.090005e-02 1.662799e-01 2.051278e-01 2.936571e-01 4.435587e-01 4.393612e-01 4.839183e-01 6.181899e-01 4.878901e-01 5.166294e-01 4.983372e-01 1.353701e-06
<GCONST> 4.722899e+01
<MIXTURE> 55 7.368620e-03
<MEAN> 25
 -4.018159e+00 1.346315e+00 -7.130798e-01 8.292469e+00 6.771829e+00 5.204648e+00 4.951653e+00 4.190339e+00 4.158269e+00 3.137290e+00 4.686159e+00 2.381768e+00 -2.240876e-03 1.545354e-02 2.538468e-02 5.454044e-02 3.862076e-02 7.751495e-02 -1.295708e-02 7.271799e-02 5.997715e-02 -4.717453e-02 5.732172e-02 -4.301924e-02 -1.666400e-05
<VARIANCE> 25
 8.780955e+00 1.867999e+01 8.196966e+00 1.632608e+01 1.218745e+01 1.426081e+01 1.109390e+01 1.089525e+01 1.015570e+01 1.341011e+01 1.584989e+01 1.111590e+01 3.608868e-02 9.090005e-02 1.662799e-01 2.051278e-01 2.936571e-01 4.435587e-01 4.393612e-01 4.839183e-01 6.181899e-01 4.878901e-01 5.166294e-01 4.983372e-01 1.353701e-06
<GCONST> 4.722899e+01
<MIXTURE> 56 6.132464e-03
<MEAN> 25
 7.235110e+00 -7.106585e+00 -8.558228e+00 -1.180060e+01 4.352025e+00 5.586825e+00 -1.883934e-01 -1.865066e+00 -1.453660e-01 1.878863e+00 -2.970526e+00 -5.850750e+00 -1.133834e-01 2.553914e-02 -1.114755e-01 -4.640954e-03 4.651298e-01 1.451101e-01 9.551036e-02 -2.818678e-01 -2.198918e-02 -3.588193e-02 -7.696596e-02 5.694907e-03 -9.246331e-03
<VARIANCE> 25
 7.231644e+00 1.655126e+01 1.486128e+01 5.484124e+01 2.926034e+01 4.618017e+01 5.656355e+01 3.280580e+01 3.505085e+01 3.058947e+01 3.392792e+01 2.525142e+01 1.899448e-01 3.304581e-01 3.582962e-01 6.709068e-01 7.765763e-01 8.718154e-01 9.454799e-01 7.712545e-01 6.993022e-01 7.999067e-01 8.993075e-01 7.443255e-01 2.119809e-04
<GCONST> 7.155938e+01
<MIXTURE> 57 6.132464e-03
<MEAN> 25
 7.235110e+00 -7.106585e+00 -8.558228e+00 -1.180060e+01 4.352025e+00 5.586825e+00 -1.883934e-01 -1.865066e+00 -1.453660e-01 1.878863e+00 -2.970526e+00 -5.850750e+00 -1.133834e-01 2.553914e-02 -1.114755e-01 -4.640954e-03 4.651298e-01 1.451101e-01 9.551036e-02 -2.818678e-01 -2.198918e-02 -3.588193e-02 -7.696596e-02 5.694907e-03 -9.246331e-03
<VARIANCE> 25
 7.231644e+00 1.655126e+01 1.486128e+01 5.484124e+01 2.926034e+01 4.618017e+01 5.656355e+01 3.280580e+01 3.505085e+01 3.058947e+01 3.392792e+01 2.525142e+01 1.899448e-01 3.304581e-01 3.582962e-01 6.709068e-01 7.765763e-01 8.718154e-01 9.454799e-01 7.712545e-01 6.993022e-01 7.999067e-01 8.993075e-01 7.443255e-01 2.119809e-04
<GCONST> 7.155938e+01
<MIXTURE> 58 6.172147e-03
<MEAN> 25
 2.117544e+00 -3.412868e+00 8.273257e+00 -4.984706e+00 -1.337915e+01 -4.877098e+00 -8.823059e-01 1.726632e+00 -3.787785e+00 1.386171e+00 7.333713e-01 -2.811805e-01 -8.292338e-02 7.931284e-02 -1.204177e-01 -1.362983e-01 -2.555632e-02 3.302774e-01 4.600166e-01 1.856453e-01 -1.420003e-02 -6.421246e-03 -8.997452e-02 -1.921711e-01 -5.462102e-03
<VARIANCE> 25
 6.546723e+00 1.361596e+01 1.943138e+01 2.320362e+01 1.991303e+01 4.072773e+01 4.183047e+01 3.411903e+01 3.708952e+01 2.483340e+01 1.921819e+01 1.760435e+01 2.589253e-01 8.083575e-01 6.544620e-01 8.491586e-01 7.727195e-01 1.530213e+00 1.228619e+00 1.302118e+00 9.353681e-01 8.389248e-01 8.187402e-01 8.725716e-01 6.172897e-04
<GCONST> 7.367673e+01
<MIXTURE> 59 6.172147e-03
<MEAN> 25
 2.117544e+00 -3.412868e+00 8.273257e+00 -4.984706e+00 -1.337915e+01 -4.877098e+00 -8.823059e-01 1.726632e+00 -3.787785e+00 1.386171e+00 7.333713e-01 -2.811805e-01 -8.292338e-02 7.931284e-02 -1.204177e-01 -1.362983e-01 -2.555632e-02 3.302774e-01 4.600166e-01 1.856453e-01 -1.420003e-02 -6.421246e-03 -8.997452e-02 -1.921711e-01 -5.462102e-03
<VARIANCE> 25
 6.546723e+00 1.361596e+01 1.943138e+01 2.320362e+01 1.991303e+01 4.072773e+01 4.183047e+01 3.411903e+01 3.708952e+01 2.483340e+01 1.921819e+01 1.760435e+01 2.589253e-01 8.083575e-01 6.544620e-01 8.491586e-01 7.727195e-01 1.530213e+00 1.228619e+00 1.302118e+00 9.353681e-01 8.389248e-01 8.187402e-01 8.725716e-01 6.172897e-04
<GCONST> 7.367673e+01
<MIXTURE> 60 4.479129e-03
<MEAN> 25
 -4.264397e+00 -6.645819e-01 -1.085437e+00 3.698460e+00 1.731923e+00 2.118879e+00 1.638316e+00 1.532678e+00 2.159979e+00 1.263951e+00 2.385623e+00 1.916442e+00 -2.851421e-02 5.638226e-02 1.011888e-01 1.300876e-01 1.294094e-01 1.294334e-01 1.788463e-01 3.226040e-01 5.450600e-01 6.646817e-01 5.564348e-01 3.036653e-01 -3.911374e-04
<VARIANCE> 25
 6.931823e+00 4.524232e+00 1.028182e+01 1.131955e+01 1.357624e+01 1.699895e+01 1.400031e+01 1.187607e+01 1.273872e+01 1.319734e+01 1.593959e+01 1.229365e+01 8.693083e-02 1.683849e-01 2.794079e-01 4.319111e-01 5.865176e-01 7.281209e-01 8.281783e-01 8.988486e-01 9.026695e-01 8.356435e-01 8.393547e-01 8.633363e-01 2.295787e-05
<GCONST> 5.633638e+01
<MIXTURE> 61 4.479129e-03
<MEAN> 25
 -4.264397e+00 -6.645819e-01 -1.085437e+00 3.698460e+00 1.731923e+00 2.118879e+00 1.638316e+00 1.532678e+00 2.159979e+00 1.263951e+00 2.385623e+00 1.916442e+00 -2.851421e-02 5.638226e-02 1.011888e-01 1.300876e-01 1.294094e-01 1.294334e-01 1.788463e-01 3.226040e-01 5.450600e-01 6.646817e-01 5.564348e-01 3.036653e-01 -3.911374e-04
<VARIANCE> 25
 6.931823e+00 4.524232e+00 1.028182e+01 1.131955e+01 1.357624e+01 1.699895e+01 1.400031e+01 1.187607e+01 1.273872e+01 1.319734e+01 1.593959e+01 1.229365e+01 8.693083e-02 1.683849e-01 2.794079e-01 4.319111e-01 5.865176e-01 7.281209e-01 8.281783e-01 8.988486e-01 9.026695e-01 8.356435e-01 8.393547e-01 8.633363e-01 2.295787e-05
<GCONST> 5.633638e+01
<MIXTURE> 62 3.278034e-03
<MEAN> 25
 -5.061633e+00 1.246637e+00 8.982605e-01 8.877820e+00 6.100787e+00 5.024990e+00 5.493736e+00 4.172264e+00 5.102488e+00 3.821014e+00 4.861775e+00 2.972987e+00 -9.912900e-01 -1.159432e+00 -9.315748e-01 -2.761799e-01 4.102516e-01 9.997385e-01 1.369507e+00 1.537728e+00 1.451674e+00 1.243797e+00 1.075685e+00 7.550794e-01 -1.286227e-03
<VARIANCE> 25
 9.765830e+00 9.824580e+00 1.389074e+01 1.671480e+01 1.719803e+01 1.730123e+01 1.940702e+01 1.997194e+01 1.942992e+01 1.899163e+01 2.202053e+01 1.467317e+01 4.037080e-01 4.287601e-01 5.731408e-01 7.677546e-01 1.047594e+00 1.191395e+00 1.246457e+00 1.278054e+00 1.358154e+00 1.348771e+00 1.392001e+00 1.402938e+00 1.648652e-05
<GCONST> 6.767667e+01
<MIXTURE> 63 4.351215e-03
<MEAN> 25
 -4.251705e+00 -2.085586e+00 -5.100815e+00 2.718501e+00 3.309663e+00 -2.066645e-01 3.396260e+00 1.313051e+00 2.974501e+00 -1.086217e+00 -9.023123e-01 2.273472e+00 -8.210149e-02 2.921479e-01 4.704890e-01 4.258944e-01 3.430611e-01 3.392853e-01 4.190795e-01 2.145361e-01 1.476081e-01 3.367067e-01 2.236660e-01 1.573909e-01 -3.912337e-03
<VARIANCE> 25
 8.434531e+00 1.582893e+01 1.720278e+01 1.771857e+01 1.741114e+01 2.685679e+01 2.586269e+01 2.722235e+01 2.803455e+01 2.117306e+01 1.995586e+01 1.710278e+01 2.653392e-01 4.557784e-01 6.483321e-01 7.691725e-01 9.149240e-01 1.158051e+00 1.183768e+00 1.340131e+00 1.331982e+00 1.440741e+00 1.327060e+00 1.222199e+00 1.768628e-04
<GCONST> 7.169050e+01
<MIXTURE> 64 4.351215e-03
<MEAN> 25
 -4.251705e+00 -2.085586e+00 -5.100815e+00 2.718501e+00 3.309663e+00 -2.066645e-01 3.396260e+00 1.313051e+00 2.974501e+00 -1.086217e+00 -9.023123e-01 2.273472e+00 -8.210149e-02 2.921479e-01 4.704890e-01 4.258944e-01 3.430611e-01 3.392853e-01 4.190795e-01 2.145361e-01 1.476081e-01 3.367067e-01 2.236660e-01 1.573909e-01 -3.912337e-03
<VARIANCE> 25
 8.434531e+00 1.582893e+01 1.720278e+01 1.771857e+01 1.741114e+01 2.685679e+01 2.586269e+01 2.722235e+01 2.803455e+01 2.117306e+01 1.995586e+01 1.710278e+01 2.653392e-01 4.557784e-01 6.483321e-01 7.691725e-01 9.149240e-01 1.158051e+00 1.183768e+00 1.340131e+00 1.331982e+00 1.440741e+00 1.327060e+00 1.222199e+00 1.768628e-04
<GCONST> 7.169050e+01
<MIXTURE> 65 1.721197e-02
<MEAN> 25
 7.709833e+00 1.762860e+00 1.964039e+00 8.559603e-01 -5.420605e+00 -4.549063e+00 -5.899946e+00 -6.303840e+00 -3.624568e+00 -2.229855e+00 -5.498461e+00 -1.763127e+00 1.558633e-01 1.380883e-01 2.793051e-02 1.424600e-01 -2.271667e-01 3.165101e-01 -1.245869e-01 -1.468517e-01 2.299823e-01 -2.290674e-02 3.553304e-02 -1.622947e-01 -4.103016e-03
<VARIANCE> 25
 1.108012e+01 2.101813e+01 2.515385e+01 3.466154e+01 3.938255e+01 5.991938e+01 5.557338e+01 6.540314e+01 5.400356e+01 5.538865e+01 5.407910e+01 4.854762e+01 5.466233e-01 9.824673e-01 1.575873e+00 1.724852e+00 2.004954e+00 2.145085e+00 2.499186e+00 2.906169e+00 2.416646e+00 2.389714e+00 2.386217e+00 2.062632e+00 4.082907e-04
<GCONST> 8.937270e+01
<MIXTURE> 66 1.191532e-02
<MEAN> 25
 6.444452e+00 -4.794952e+00 -4.315724e+00 -4.266891e+00 -6.253447e-02 -4.910545e+00 -7.203247e+00 1.255841e+00 6.097114e-01 -9.382210e-01 -5.816381e+00 -3.352275e+00 1.140266e-01 1.419794e+00 2.106413e+00 2.143886e+00 -1.637159e+00 -1.161110e+00 -3.468757e-01 -6.994545e-01 2.655041e-01 -4.893825e-01 -1.459445e-02 1.182790e+00 -6.199016e-02
<VARIANCE> 25
 7.670367e+00 1.948822e+01 2.844985e+01 2.806848e+01 4.321365e+01 4.897175e+01 4.550413e+01 4.363821e+01 4.740121e+01 5.767500e+01 3.259335e+01 2.900053e+01 1.218253e+00 2.158918e+00 2.026821e+00 2.048384e+00 4.020226e+00 3.824942e+00 4.573320e+00 4.479033e+00 5.101878e+00 4.557197e+00 4.005202e+00 2.628033e+00 1.313225e-03
<GCONST> 9.466087e+01
<MIXTURE> 67 1.559142e-02
<MEAN> 25
 8.032962e+00 1.149940e+00 -6.414415e+00 -9.406663e+00 2.436813e+00 4.713387e+00 -1.910350e+00 -2.929363e+00 -3.204367e+00 1.437675e+00 -6.038367e-02 -2.187953e+00 -1.082778e+00 2.115466e+00 8.362635e-01 3.415709e+00 1.330668e+00 -3.120502e-01 1.277261e+00 1.923843e-01 5.045626e-01 1.302874e-01 -3.825670e-01 5.520051e-01 -1.324365e-01
<VARIANCE> 25
 1.439238e+01 4.052946e+01 2.805931e+01 6.383750e+01 5.552202e+01 6.202831e+01 6.344005e+01 4.769103e+01 5.778569e+01 5.109659e+01 4.794932e+01 4.142687e+01 1.861304e+00 3.350392e+00 3.047577e+00 4.494030e+00 3.861407e+00 4.052020e+00 4.035765e+00 4.415832e+00 5.235434e+00 4.270634e+00 4.443450e+00 3.205372e+00 2.629326e-03
<GCONST> 1.014506e+02
<MIXTURE> 68 1.485092e-02
<MEAN> 25
 -1.883317e+00 -2.657478e+00 -3.698291e+00 1.049497e+00 5.126117e+00 -6.555873e-01 2.149712e+00 1.072886e+00 2.342870e+00 1.172141e+00 5.489276e-01 1.259274e+00 2.717275e+00 3.473978e-01 1.849197e-01 -2.400948e+00 -2.407218e+00 -1.678743e+00 -2.523298e+00 -1.546400e+00 -1.725697e+00 -1.287563e+00 -1.940135e+00 -9.743899e-01 9.294847e-02
<VARIANCE> 25
 2.430043e+01 3.198573e+01 5.586256e+01 4.981177e+01 4.314379e+01 5.125353e+01 4.218140e+01 4.456917e+01 3.849114e+01 4.306641e+01 3.486594e+01 2.760602e+01 1.744570e+00 3.972222e+00 5.757498e+00 5.742816e+00 4.378741e+00 5.507046e+00 5.632437e+00 5.190714e+00 4.665049e+00 5.235900e+00 4.682989e+00 3.258921e+00 6.818284e-03
<GCONST> 1.029822e+02
<MIXTURE> 69 1.204884e-02
<MEAN> 25
 4.290169e+00 -4.238214e+00 -1.615524e+00 -3.694043e+00 -3.528049e+00 -8.702589e+00 -1.816236e+00 1.958909e+00 -3.027473e-01 -3.618886e+00 -5.685658e+00 1.757345e+00 1.677951e+00 -2.580261e+00 -1.439069e+00 -2.202870e+00 -9.911390e-01 -1.094538e-01 -7.339561e-01 1.197024e+00 -4.621746e-01 -7.207341e-01 -2.245554e+00 -1.097623e-01 6.784022e-02
<VARIANCE> 25
 8.166543e+00 1.900651e+01 3.897053e+01 2.352250e+01 3.671907e+01 3.330680e+01 4.289391e+01 2.830234e+01 3.417172e+01 3.633221e+01 2.686662e+01 2.817885e+01 3.037444e+00 3.109137e+00 2.907303e+00 3.668106e+00 5.572455e+00 4.643985e+00 6.166284e+00 6.359569e+00 5.020905e+00 6.969951e+00 3.845956e+00 3.243677e+00 2.495386e-03
<GCONST> 9.739716e+01
<MIXTURE> 70 1.329190e-02
<MEAN> 25
 7.537488e+00 -2.127733e+00 -3.849324e+00 -3.613038e+00 -4.340213e-01 -6.690403e-01 -7.557920e+00 -4.067439e+00 3.232525e-01 3.141443e+00 2.417907e-01 -4.940747e+00 1.856974e+00 -1.114577e+00 -8.229529e-01 -2.254477e+00 -1.475839e+00 1.155254e+00 -1.248279e+00 1.949820e-02 2.930317e-01 5.415040e-02 6.028252e-01 -1.402513e+00 5.810792e-02
<VARIANCE> 25
 9.799471e+00 2.201407e+01 2.804453e+01 4.547826e+01 3.577871e+01 4.275116e+01 4.951700e+01 4.317105e+01 4.727105e+01 3.448039e+01 4.708086e+01 2.633940e+01 3.478191e+00 3.132072e+00 4.561861e+00 4.866817e+00 5.069959e+00 6.205953e+00 6.895787e+00 7.555618e+00 5.976434e+00 5.340703e+00 5.864653e+00 4.207730e+00 2.473372e-03
<GCONST> 1.015487e+02
<MIXTURE> 71 1.406903e-02
<MEAN> 25
 6.111423e+00 4.923560e+00 4.139876e+00 3.265823e+00 -3.357402e+00 -3.509746e+00 -3.235665e+00 -6.810115e+00 -4.407125e+00 -2.814993e+00 -5.129016e+00 -3.249940e+00 -1.539583e+00 -6.377072e-01 -2.174809e-01 -1.720261e+00 1.108963e+00 -9.850565e-02 1.137412e-01 1.507231e+00 2.174802e-01 -2.293287e-01 7.494201e-01 1.749206e-01 4.078376e-02
<VARIANCE> 25
 1.951310e+01 2.736291e+01 2.358821e+01 4.333413e+01 3.951992e+01 4.618683e+01 4.195771e+01 3.989870e+01 3.943542e+01 4.427350e+01 3.545848e+01 3.296749e+01 1.700437e+00 3.066948e+00 5.315940e+00 4.738736e+00 4.504776e+00 4.599638e+00 4.875777e+00 5.194072e+00 4.710328e+00 3.963539e+00 3.534468e+00 3.191935e+00 1.411502e-03
<GCONST> 9.854626e+01
<MIXTURE> 72 8.134747e-03
<MEAN> 25
 3.802285e+00 -3.745958e+00 5.405698e+00 -2.446040e+00 -1.039671e+01 -9.563756e+00 -2.542006e+00 2.058262e+00 -4.901385e+00 -2.127985e+00 -1.940356e+00 5.844206e-01 9.262518e-01 -7.827116e-01 -2.567785e+00 4.656805e-01 2.113519e+00 -6.329086e-01 -1.294002e+00 1.529312e+00 1.785837e+00 -5.857537e-01 -1.286540e+00 3.947045e-01 -5.843747e-03
<VARIANCE> 25
 1.067950e+01 1.959561e+01 3.276664e+01 3.803533e+01 3.197838e+01 3.338229e+01 4.134284e+01 3.734274e+01 4.349753e+01 4.132420e+01 3.873604e+01 2.834433e+01 4.323188e-01 1.017177e+00 2.013376e+00 1.454024e+00 2.217431e+00 2.400870e+00 3.086260e+00 2.732131e+00 2.648423e+00 2.942565e+00 2.007077e+00 2.127483e+00 5.447458e-04
<GCONST> 8.727544e+01
<MIXTURE> 73 1.213625e-02
<MEAN> 25
 -5.631006e+00 -7.996581e-01 -1.305250e+00 4.899123e+00 4.244587e+00 2.343812e+00 5.520758e+00 3.427781e+00 4.375298e+00 3.419528e+00 4.269962e+00 3.011323e+00 8.056420e-01 -1.035517e+00 -9.380742e-01 -2.642910e+00 -1.260033e+00 -1.748624e+00 -9.085277e-01 -5.053307e-01 -9.220891e-01 -7.003477e-01 -1.104289e+00 -2.841419e-01 1.545261e-01
<VARIANCE> 25
 1.284673e+01 1.344868e+01 1.517469e+01 2.274340e+01 2.331269e+01 2.473228e+01 2.035639e+01 2.026626e+01 1.775411e+01 1.911472e+01 2.274283e+01 1.568537e+01 4.040908e+00 3.093572e+00 5.977105e+00 4.679986e+00 6.144597e+00 4.558790e+00 4.312084e+00 4.245081e+00 3.893331e+00 4.223980e+00 3.534210e+00 2.669054e+00 4.347145e-03
<GCONST> 9.272919e+01
<MIXTURE> 74 1.756491e-02
<MEAN> 25
 3.969033e+00 -2.277142e+00 6.255918e+00 -1.056984e+00 -8.718116e+00 -7.414129e+00 -5.115591e+00 3.197393e-01 -3.026611e+00 -2.586694e+00 -2.121553e+00 1.290245e+00 -2.037358e-01 2.203037e+00 2.203219e-01 1.675345e+00 1.305578e+00 1.851490e-01 7.615883e-01 -2.000619e+00 9.367599e-01 -5.543432e-01 -1.489618e-01 1.892442e-01 -7.766545e-02
<VARIANCE> 25
 9.883538e+00 2.285906e+01 4.396706e+01 3.113908e+01 3.294146e+01 3.408253e+01 4.655905e+01 3.615875e+01 7.000613e+01 3.215703e+01 2.952418e+01 2.712423e+01 1.956434e+00 1.951254e+00 3.201675e+00 1.899361e+00 4.304754e+00 3.092421e+00 4.731204e+00 3.816062e+00 4.381556e+00 3.601918e+00 2.657909e+00 2.534945e+00 1.774336e-03
<GCONST> 9.440517e+01
<MIXTURE> 75 9.711651e-03
<MEAN> 25
 2.897131e+00 -2.663917e+00 1.066441e+01 1.747108e+00 -1.214183e+01 -6.547743e+00 -6.638250e+00 -5.774548e-01 -3.045193e+00 -4.319595e+00 2.176161e+00 6.341952e-01 1.603334e+00 -1.779472e+00 1.193026e-02 -4.615757e-01 -2.370156e+00 -2.881938e-01 -1.977436e+00 1.633977e+00 -6.352047e-01 -1.124138e-01 1.187680e+00 -7.968537e-01 4.720089e-02
<VARIANCE> 25
 9.763672e+00 2.158097e+01 2.512778e+01 2.267293e+01 2.608111e+01 3.315676e+01 4.459628e+01 3.811727e+01 4.040854e+01 2.580268e+01 2.240572e+01 1.945424e+01 2.088679e+00 1.665071e+00 3.818399e+00 2.119155e+00 3.161807e+00 3.673752e+00 4.240546e+00 4.728770e+00 3.882711e+00 3.133558e+00 2.837421e+00 2.436102e+00 1.561292e-03
<GCONST> 9.162794e+01
<MIXTURE> 76 1.052359e-02
<MEAN> 25
 -6.385388e+00 -3.899437e-01 -3.999239e+00 3.425843e+00 4.047077e+00 1.068687e+00 5.191854e+00 8.637947e-02 3.449594e+00 -4.471222e-01 1.898444e+00 1.818181e+00 -1.333396e-04 -7.329199e-01 -1.690113e-01 -7.902616e-01 -5.396789e-01 -5.566245e-01 -5.530117e-01 -1.025679e-01 -2.058115e-01 -2.443449e-01 -2.460213e-01 -2.639544e-01 2.096855e-02
<VARIANCE> 25
 3.084349e+01 2.998995e+01 3.216185e+01 2.703534e+01 2.966586e+01 3.174344e+01 2.761881e+01 4.220374e+01 2.355274e+01 2.644137e+01 2.227586e+01 1.839392e+01 1.048219e+00 1.141702e+00 1.785635e+00 1.100451e+00 1.478194e+00 1.860462e+00 1.862397e+00 1.894997e+00 2.052349e+00 1.580664e+00 1.328762e+00 1.217485e+00 1.025607e-03
<GCONST> 8.380625e+01
<MIXTURE> 77 1.244626e-02
<MEAN> 25
 -4.966275e-01 8.411115e+00 1.242489e+01 -1.134321e+01 -7.029291e+00 8.547425e-01 -9.176106e+00 -7.136080e+00 -3.310616e+00 -2.436697e-01 -4.607582e+00 -1.380617e+00 6.353603e-02 1.472343e-01 5.872983e-02 2.472487e-01 -2.256899e-02 7.420618e-02 -6.226578e-02 -5.155036e-02 7.370319e-02 -4.101694e-02 1.254941e-02 1.178974e-01 -9.751006e-03
<VARIANCE> 25
 1.043462e+01 2.131212e+01 2.689404e+01 4.397222e+01 3.328173e+01 3.395084e+01 3.648893e+01 3.262218e+01 3.651440e+01 3.254246e+01 3.700988e+01 3.455927e+01 2.991719e-01 8.005575e-01 6.455209e-01 1.064495e+00 1.234370e+00 9.945102e-01 1.278229e+00 1.074871e+00 1.036438e+00 1.042361e+00 9.786302e-01 9.132811e-01 5.436253e-04
<GCONST> 7.793890e+01
<MIXTURE> 78 9.702551e-03
<MEAN> 25
 -1.096461e+01 2.155982e+00 -2.408679e+00 2.199504e+00 4.674949e+00 -2.786076e+00 5.576521e+00 3.825433e-01 3.102161e+00 2.283983e-01 -5.861974e-02 2.492179e+00 2.176557e+00 -4.474480e-01 3.980491e-01 5.435158e-01 1.684467e-01 -2.133811e-02 -5.027613e-01 -1.324044e-01 1.281438e-01 6.721190e-02 -2.659198e-01 -4.022504e-01 -5.158520e-02
<VARIANCE> 25
 4.019939e+01 3.267560e+01 2.932994e+01 2.953667e+01 3.621429e+01 3.320203e+01 3.953369e+01 4.251979e+01 2.793226e+01 2.610390e+01 2.280046e+01 1.886533e+01 4.126018e+00 2.448840e+00 2.776368e+00 2.656575e+00 2.624424e+00 3.547774e+00 3.027282e+00 2.655759e+00 2.304162e+00 1.997658e+00 1.996765e+00 2.032172e+00 4.277930e-03
<GCONST> 9.316653e+01
<MIXTURE> 79 1.156824e-02
<MEAN> 25
 2.403991e+00 1.594177e+00 9.197982e+00 -6.589369e+00 -1.207989e+01 -1.825338e+00 -1.929844e+00 -6.423996e+00 -6.605969e+00 3.157390e-01 -3.521657e+00 -3.263515e+00 1.214878e+00 -5.131938e-01 -1.429119e+00 2.345835e+00 3.924398e-01 -1.472922e+00 5.487759e-01 8.709094e-01 -4.348359e-01 -5.396256e-01 3.494458e-01 2.801786e-01 -3.630060e-02
<VARIANCE> 25
 1.421919e+01 2.408708e+01 3.767231e+01 4.962123e+01 3.321062e+01 4.332322e+01 4.270700e+01 3.717418e+01 3.894242e+01 3.962813e+01 4.371225e+01 3.073920e+01 9.480293e-01 2.281706e+00 1.889175e+00 2.091693e+00 2.495721e+00 2.803719e+00 3.223059e+00 3.577858e+00 2.506025e+00 2.724867e+00 2.322377e+00 2.021749e+00 1.227113e-03
<GCONST> 9.180374e+01
<MIXTURE> 80 7.550998e-03
<MEAN> 25
 -1.422747e+01 4.423373e+00 2.437674e-01 3.069149e+00 3.151332e+00 7.622022e-01 7.275858e+00 1.553853e+00 2.498174e+00 1.524231e+00 4.920946e+00 1.170563e+00 4.270459e+00 -1.149503e-01 1.486269e+00 -9.707906e-01 -2.778651e+00 -3.033280e+00 -2.464488e+00 -1.935511e+00 -1.822026e+00 -1.594239e+00 -1.611896e+00 -6.082289e-01 -4.257350e-02
<VARIANCE> 25
 2.034925e+01 1.986404e+01 3.292614e+01 3.193627e+01 3.177182e+01 3.030055e+01 3.244447e+01 3.368481e+01 2.543701e+01 3.345200e+01 2.438461e+01 1.643219e+01 2.172766e+00 2.509978e+00 2.626240e+00 3.967796e+00 3.185478e+00 3.173241e+00 2.944275e+00 2.987519e+00 2.699030e+00 2.519165e+00 2.534180e+00 1.967040e+00 1.407809e-03
<GCONST> 9.099792e+01
<MIXTURE> 81 8.025434e-03
<MEAN> 25
 -1.116335e+00 4.050220e+00 1.018458e+01 -1.473971e+01 -9.071772e+00 -1.430517e+00 -6.758058e+00 -8.423485e+00 -4.121568e+00 -4.198907e-01 -7.568131e+00 -2.224591e+00 1.343815e-01 -5.872876e-01 -4.087273e-03 -5.556137e-01 -4.652773e-01 3.361834e-01 3.139009e-01 1.394890e-01 -1.427583e-01 1.074267e-01 -4.683104e-01 -1.247602e-01 1.154221e-02
<VARIANCE> 25
 1.012821e+01 3.281366e+01 2.636637e+01 3.038930e+01 3.364513e+01 3.044528e+01 4.532941e+01 2.825226e+01 3.826555e+01 3.178498e+01 2.523550e+01 3.108408e+01 7.700945e-01 2.273657e+00 1.541612e+00 2.863296e+00 2.659092e+00 2.121960e+00 3.291584e+00 2.286354e+00 2.349861e+00 2.530403e+00 2.292321e+00 2.071862e+00 1.181407e-03
<GCONST> 8.868798e+01
<MIXTURE> 82 8.213053e-03
<MEAN> 25
 -9.963266e+00 -3.903251e+00 1.638510e+00 -2.971813e+00 3.114319e+00 6.712334e-01 1.996732e+00 9.341916e-01 2.977694e+00 1.727273e+00 1.743461e+00 3.082580e+00 -1.313213e+00 -1.259196e-01 2.902481e-01 -2.603672e+00 -1.105370e+00 -1.264850e+00 -1.014379e+00 -8.697464e-01 -3.170445e-01 -4.781194e-01 -3.167006e-01 -9.541625e-02 1.783822e-01
<VARIANCE> 25
 1.802769e+01 2.493659e+01 3.236786e+01 3.087756e+01 3.302054e+01 3.228430e+01 3.178454e+01 3.300601e+01 3.085356e+01 2.513129e+01 3.078022e+01 1.751803e+01 3.757177e+00 3.050857e+00 3.317380e+00 3.268959e+00 3.561793e+00 3.286887e+00 2.944748e+00 3.015988e+00 2.795040e+00 2.490292e+00 2.448570e+00 1.865493e+00 3.440327e-03
<GCONST> 9.308720e+01
<MIXTURE> 83 1.167529e-02
<MEAN> 25
 -1.976332e+01 5.736764e+00 -1.803947e+00 -1.724473e-01 7.848314e+00 -1.311865e+00 6.044485e+00 2.499963e+00 1.334253e+00 1.982555e+00 7.444488e-01 2.901637e+00 -6.022791e-03 -4.418573e-01 -3.855979e-02 -3.334175e-01 -4.444155e-01 -1.262308e-01 -1.098596e-01 -8.195396e-02 7.412175e-03 -2.294846e-02 3.842191e-03 -6.625649e-02 3.992694e-03
<VARIANCE> 25
 9.503415e+00 1.629323e+01 2.707274e+01 2.204544e+01 2.032407e+01 2.358306e+01 2.567348e+01 2.796717e+01 2.073787e+01 2.242740e+01 2.246498e+01 1.382390e+01 1.032036e+00 8.855413e-01 1.248520e+00 1.039838e+00 1.332228e+00 1.248502e+00 1.286540e+00 1.436651e+00 1.422374e+00 1.306107e+00 1.279619e+00 1.237643e+00 9.474299e-04
<GCONST> 7.742183e+01
<MIXTURE> 84 1.066614e-02
<MEAN> 25
 1.120226e+00 9.012293e+00 7.161430e+00 7.937045e+00 2.834906e+00 -1.111379e+00 -1.453942e+00 -4.575757e+00 -4.120307e+00 -2.952840e+00 -2.437482e+00 -1.601243e+00 -1.786379e+00 -1.143181e+00 -1.213123e+00 1.277435e+00 2.243678e+00 1.498991e+00 1.475555e+00 1.261898e+00 1.167246e+00 3.830131e-01 4.359144e-01 4.162189e-01 -7.066838e-02
<VARIANCE> 25
 2.360277e+01 1.817962e+01 2.197366e+01 2.412767e+01 2.882147e+01 3.094409e+01 2.838460e+01 2.686143e+01 2.516985e+01 2.503774e+01 2.337704e+01 2.436136e+01 2.087904e+00 2.641216e+00 3.822628e+00 3.273931e+00 3.253406e+00 3.355352e+00 3.292308e+00 3.450607e+00 3.480109e+00 3.237073e+00 3.576244e+00 2.784801e+00 3.558219e-03
<GCONST> 9.263887e+01
<MIXTURE> 85 7.591393e-03
<MEAN> 25
 -2.580932e+00 8.440627e+00 5.199456e+00 3.454710e+00 -1.807089e+00 -5.483643e+00 -2.035795e+00 -7.099062e+00 -2.803308e+00 -3.741529e+00 -9.374003e-01 -2.004051e+00 3.715405e+00 -3.088486e-01 1.605072e+00 -1.661444e+00 -3.008235e+00 -2.946381e+00 -3.073857e+00 -1.900535e+00 -2.044034e+00 -8.991640e-01 -2.481025e+00 -6.881185e-01 2.120925e-02
<VARIANCE> 25
 3.390508e+01 2.813272e+01 3.282458e+01 4.571305e+01 3.816971e+01 6.275529e+01 2.854209e+01 2.717195e+01 2.301893e+01 2.107183e+01 2.306917e+01 1.825144e+01 2.381086e+00 4.700840e+00 3.280764e+00 4.748877e+00 3.916363e+00 3.687250e+00 3.246490e+00 3.686081e+00 3.226140e+00 3.718088e+00 3.227615e+00 2.921899e+00 5.338986e-03
<GCONST> 9.659205e+01
<MIXTURE> 86 1.273941e-02
<MEAN> 25
 -4.972884e+00 -1.190782e+00 -8.142267e-01 6.360318e+00 5.022993e+00 4.676320e+00 5.323055e+00 4.589633e+00 4.684039e+00 3.891262e+00 5.327526e+00 2.712950e+00 -7.214135e-03 -9.824142e-03 -3.693769e-02 -6.602482e-02 -1.184178e-01 -1.832409e-01 -2.645365e-01 -3.283174e-01 -3.537937e-01 -3.169484e-01 -2.263973e-01 -1.018213e-01 -5.568844e-04
<VARIANCE> 25
 7.861436e+00 5.752179e+00 1.006022e+01 1.241678e+01 1.583441e+01 1.432075e+01 1.352006e+01 1.318072e+01 1.328881e+01 1.436734e+01 1.433284e+01 1.279481e+01 9.967847e-02 1.940446e-01 3.180023e-01 4.820542e-01 6.379668e-01 7.381835e-01 7.439868e-01 7.715014e-01 8.299635e-01 8.844675e-01 9.211338e-01 9.151834e-01 5.343012e-05
<GCONST> 5.821030e+01
<MIXTURE> 87 1.100681e-02
<MEAN> 25
 -2.764067e+00 4.721034e+00 2.985225e+00 7.318496e+00 5.546533e+00 -2.317189e-01 1.644307e+00 -1.782294e+00 -1.004240e+00 -1.160247e+00 -8.792251e-01 -3.918553e-01 -1.670081e+00 -3.043331e+00 -2.010866e+00 -2.409279e+00 -3.973396e-01 -4.587819e-01 3.746732e-01 1.350384e+00 1.331053e+00 9.943498e-01 7.377043e-01 1.012980e+00 1.077943e-01
<VARIANCE> 25
 3.576828e+01 2.974686e+01 3.202102e+01 3.247269e+01 2.591207e+01 3.465914e+01 3.178035e+01 3.045052e+01 2.379606e+01 2.187407e+01 2.280372e+01 2.291341e+01 4.530221e+00 3.382994e+00 3.473391e+00 3.512625e+00 4.794290e+00 6.697608e+00 4.148390e+00 3.859253e+00 3.099770e+00 3.105210e+00 3.390891e+00 2.353142e+00 4.611316e-03
<GCONST> 9.648759e+01
<MIXTURE> 88 1.256585e-02
<MEAN> 25
 -4.214908e+00 -2.579611e-01 -2.130810e+00 5.980184e+00 5.274170e+00 3.925749e+00 4.861351e+00 3.265762e+00 4.219446e+00 1.583131e+00 3.068687e+00 2.882084e+00 4.018079e-02 6.502935e-02 3.132881e-01 4.373910e-01 2.992744e-01 1.173657e-01 -2.400751e-01 -1.291946e-01 -2.388186e-01 -2.728183e-01 -2.033489e-01 -1.521111e-01 -5.268608e-03
<VARIANCE> 25
 8.099201e+00 1.185911e+01 1.594954e+01 2.072486e+01 2.042840e+01 2.039201e+01 1.915784e+01 2.192801e+01 1.937528e+01 1.863346e+01 1.862005e+01 1.527634e+01 1.168337e+00 2.018032e+00 2.058433e+00 2.129053e+00 2.370521e+00 2.435773e+00 3.064214e+00 2.577094e+00 2.312763e+00 2.305863e+00 2.209924e+00 2.154826e+00 1.286646e-03
<GCONST> 8.265861e+01
<MIXTURE> 89 9.333527e-03
<MEAN> 25
 5.906371e+00 -6.968622e+00 -3.487679e+00 -2.946085e+00 -2.229149e+00 -5.019549e+00 -6.393868e+00 4.774051e+00 2.933024e+00 -1.790742e+00 -6.467451e+00 -3.309608e+00 -4.693295e-01 1.234283e-01 1.889413e+00 9.169081e-01 -1.940131e+00 -1.329125e+00 6.529537e-01 1.026228e+00 -4.965848e-01 -1.414885e+00 5.884410e-01 1.465772e+00 -5.827846e-03
<VARIANCE> 25
 8.260785e+00 2.396475e+01 2.843097e+01 2.759469e+01 3.574779e+01 4.026929e+01 5.385802e+01 4.182704e+01 3.713994e+01 4.730733e+01 3.555404e+01 2.948490e+01 3.961625e-01 7.639591e-01 1.402490e+00 1.203992e+00 1.817529e+00 2.657783e+00 2.726205e+00 2.257300e+00 2.731286e+00 2.044083e+00 2.354801e+00 1.365948e+00 3.480343e-04
<GCONST> 8.496399e+01
<MIXTURE> 90 7.114505e-03
<MEAN> 25
 2.460353e+00 -9.713392e+00 -4.742588e+00 -3.959481e+00 -3.410292e+00 -1.810549e+00 3.327670e+00 1.224315e+00 -7.510308e+00 -1.018003e+01 -3.431551e+00 -7.356533e-01 -1.625343e-01 9.048967e-01 1.168802e+00 -8.500257e-01 -1.614565e+00 -2.039280e-01 6.343755e-01 -2.115612e-01 -1.659548e-01 7.299266e-01 1.892227e-01 -5.458428e-01 -1.110939e-02
<VARIANCE> 25
 8.500630e+00 1.774840e+01 1.978803e+01 2.801632e+01 3.690596e+01 3.207067e+01 3.880057e+01 3.677572e+01 3.523368e+01 2.796971e+01 2.691462e+01 2.604957e+01 2.232642e-01 6.152655e-01 7.840569e-01 1.043278e+00 1.465696e+00 1.603353e+00 1.803997e+00 1.649240e+00 1.806235e+00 1.686270e+00 1.500535e+00 1.308754e+00 2.146261e-04
<GCONST> 7.816740e+01
<MIXTURE> 91 7.852945e-03
<MEAN> 25
 6.364682e+00 -7.671413e+00 -8.475926e+00 -5.120521e+00 3.814318e+00 -1.435800e-01 -2.327807e+00 8.787118e-01 7.071289e-01 -2.691827e+00 -5.045261e+00 -5.169122e+00 2.625796e-01 9.874480e-01 1.951151e-01 4.545245e-01 -8.685667e-02 -5.237355e-01 -3.880090e-01 -1.223649e-01 -8.399366e-02 4.213319e-01 -7.659133e-02 2.131895e-01 -3.472094e-02
<VARIANCE> 25
 9.996211e+00 2.223276e+01 2.005705e+01 4.015056e+01 3.583710e+01 5.459345e+01 5.454718e+01 4.015701e+01 5.129595e+01 6.600507e+01 3.961071e+01 4.075594e+01 4.397386e-01 8.943756e-01 1.116840e+00 1.364557e+00 2.219985e+00 2.394478e+00 2.342068e+00 2.403113e+00 2.246135e+00 2.265614e+00 2.065395e+00 1.792606e+00 5.853822e-04
<GCONST> 8.720612e+01
<MIXTURE> 92 7.852945e-03
<MEAN> 25
 6.364682e+00 -7.671413e+00 -8.475926e+00 -5.120521e+00 3.814318e+00 -1.435800e-01 -2.327807e+00 8.787118e-01 7.071289e-01 -2.691827e+00 -5.045261e+00 -5.169122e+00 2.625796e-01 9.874480e-01 1.951151e-01 4.545245e-01 -8.685667e-02 -5.237355e-01 -3.880090e-01 -1.223649e-01 -8.399366e-02 4.213319e-01 -7.659133e-02 2.131895e-01 -3.472094e-02
<VARIANCE> 25
 9.996211e+00 2.223276e+01 2.005705e+01 4.015056e+01 3.583710e+01 5.459345e+01 5.454718e+01 4.015701e+01 5.129595e+01 6.600507e+01 3.961071e+01 4.075594e+01 4.397386e-01 8.943756e-01 1.116840e+00 1.364557e+00 2.219985e+00 2.394478e+00 2.342068e+00 2.403113e+00 2.246135e+00 2.265614e+00 2.065395e+00 1.792606e+00 5.853822e-04
<GCONST> 8.720612e+01
<MIXTURE> 93 6.122769e-03
<MEAN> 25
 -6.825695e+00 -9.585407e-01 -2.401949e+00 5.799094e+00 5.908967e+00 3.924337e+00 6.123902e+00 3.608332e+00 4.119833e+00 2.508773e+00 1.819612e+00 3.705760e+00 -6.164693e-02 -1.543740e-01 -2.573769e-01 -3.316031e-01 -3.336367e-01 -2.842351e-01 -2.177444e-01 -1.741273e-01 -1.666163e-01 -1.506436e-01 -1.042605e-01 -3.556323e-02 -3.796203e-06
<VARIANCE> 25
 9.091694e+00 6.053377e+00 8.184019e+00 1.136944e+01 1.149177e+01 1.598838e+01 1.527362e+01 1.644388e+01 1.475638e+01 1.454042e+01 1.679032e+01 1.344684e+01 8.271112e-02 1.533892e-01 2.637554e-01 3.805274e-01 4.978008e-01 6.425558e-01 7.792295e-01 8.873326e-01 9.166073e-01 8.760158e-01 8.922451e-01 9.177455e-01 1.000456e-06
<GCONST> 5.360645e+01
<MIXTURE> 94 6.122769e-03
<MEAN> 25
 -6.825695e+00 -9.585407e-01 -2.401949e+00 5.799094e+00 5.908967e+00 3.924337e+00 6.123902e+00 3.608332e+00 4.119833e+00 2.508773e+00 1.819612e+00 3.705760e+00 -6.164693e-02 -1.543740e-01 -2.573769e-01 -3.316031e-01 -3.336367e-01 -2.842351e-01 -2.177444e-01 -1.741273e-01 -1.666163e-01 -1.506436e-01 -1.042605e-01 -3.556323e-02 -3.796203e-06
<VARIANCE> 25
 9.091694e+00 6.053377e+00 8.184019e+00 1.136944e+01 1.149177e+01 1.598838e+01 1.527362e+01 1.644388e+01 1.475638e+01 1.454042e+01 1.679032e+01 1.344684e+01 8.271112e-02 1.533892e-01 2.637554e-01 3.805274e-01 4.978008e-01 6.425558e-01 7.792295e-01 8.873326e-01 9.166073e-01 8.760158e-01 8.922451e-01 9.177455e-01 1.000456e-06
<GCONST> 5.360645e+01
<MIXTURE> 95 5.258835e-03
<MEAN> 25
 -5.828414e+00 -7.349070e-01 -1.991612e+00 4.899539e+00 4.226006e+00 2.810825e+00 4.176287e+00 1.663877e+00 2.228795e+00 8.701355e-01 1.198753e+00 2.596077e+00 1.454388e-01 1.472618e-01 8.563788e-02 -8.312010e-02 -3.776999e-01 -7.171798e-01 -1.055810e+00 -1.281969e+00 -1.264186e+00 -9.917982e-01 -6.496453e-01 -3.081922e-01 -1.484849e-04
<VARIANCE> 25
 1.023261e+01 6.512259e+00 1.223622e+01 1.279208e+01 1.397810e+01 1.833970e+01 1.791899e+01 1.692270e+01 1.542324e+01 1.542991e+01 1.998259e+01 1.437193e+01 2.094246e-01 2.937023e-01 4.541063e-01 6.292667e-01 8.010955e-01 8.966960e-01 9.121636e-01 9.241919e-01 9.708396e-01 1.076022e+00 1.159651e+00 1.115457e+00 4.201036e-05
<GCONST> 6.327349e+01
<MIXTURE> 96 7.034694e-03
<MEAN> 25
 -5.100955e+00 -4.252845e-01 -2.241428e+00 5.174814e+00 3.877864e+00 1.818172e+00 3.560380e+00 1.795685e+00 2.463256e+00 9.548994e-01 1.164913e+00 2.842581e+00 -3.059844e-02 8.890045e-02 2.133587e-01 4.050180e-01 5.394824e-01 4.997869e-01 2.456448e-01 -1.268412e-01 -4.623748e-01 -6.491261e-01 -6.078358e-01 -3.687931e-01 -1.202714e-05
<VARIANCE> 25
 1.098691e+01 9.986670e+00 1.285448e+01 1.428417e+01 1.502666e+01 1.970070e+01 1.814732e+01 1.928133e+01 1.799168e+01 1.657148e+01 1.981299e+01 1.453235e+01 1.204722e-01 2.184203e-01 3.165143e-01 3.971665e-01 4.942635e-01 6.594260e-01 8.667530e-01 9.958104e-01 9.556201e-01 8.649331e-01 8.865380e-01 9.395965e-01 1.005857e-06
<GCONST> 5.760356e+01
<MIXTURE> 97 7.034694e-03
<MEAN> 25
 -5.100955e+00 -4.252845e-01 -2.241428e+00 5.174814e+00 3.877864e+00 1.818172e+00 3.560380e+00 1.795685e+00 2.463256e+00 9.548994e-01 1.164913e+00 2.842581e+00 -3.059844e-02 8.890045e-02 2.133587e-01 4.050180e-01 5.394824e-01 4.997869e-01 2.456448e-01 -1.268412e-01 -4.623748e-01 -6.491261e-01 -6.078358e-01 -3.687931e-01 -1.202714e-05
<VARIANCE> 25
 1.098691e+01 9.986670e+00 1.285448e+01 1.428417e+01 1.502666e+01 1.970070e+01 1.814732e+01 1.928133e+01 1.799168e+01 1.657148e+01 1.981299e+01 1.453235e+01 1.204722e-01 2.184203e-01 3.165143e-01 3.971665e-01 4.942635e-01 6.594260e-01 8.667530e-01 9.958104e-01 9.556201e-01 8.649331e-01 8.865380e-01 9.395965e-01 1.005857e-06
<GCONST> 5.760356e+01
<MIXTURE> 98 9.917808e-03
<MEAN> 25
 -1.643730e+00 1.321155e+00 -9.223476e-01 4.473275e+00 3.744416e+00 2.366807e+00 3.625462e+00 9.450487e-01 1.923372e+00 4.337375e-01 8.439712e-01 8.792610e-01 -1.726658e+00 -1.471863e+00 -1.025729e+00 8.117612e-02 5.085071e-01 8.387992e-01 1.195159e+00 1.430955e+00 1.749305e+00 1.087471e+00 1.289427e+00 8.761585e-01 -3.104301e-02
<VARIANCE> 25
 1.378893e+01 2.069963e+01 3.716154e+01 3.107116e+01 4.138461e+01 3.919896e+01 3.306032e+01 3.591645e+01 2.835538e+01 3.185768e+01 2.548243e+01 2.283136e+01 1.367319e+00 1.456520e+00 2.277578e+00 2.395422e+00 2.912927e+00 2.873163e+00 2.816758e+00 2.673128e+00 2.583844e+00 2.884124e+00 2.723818e+00 2.215627e+00 2.484000e-03
<GCONST> 9.063293e+01
<MIXTURE> 99 6.696178e-03
<MEAN> 25
 -6.585030e+00 9.590867e+00 5.988515e+00 2.521751e+00 1.307018e+00 -6.067929e+00 -3.493078e-01 -5.351343e+00 -2.733891e+00 -4.320244e+00 -1.326533e+00 5.111163e-01 4.731948e-01 -7.544653e-01 1.676970e-01 -3.140086e-01 -8.743562e-01 -1.583214e-01 -2.679564e-01 -8.220365e-02 -3.842454e-01 1.832420e-03 1.517564e-01 1.694849e-01 8.140815e-03
<VARIANCE> 25
 2.903510e+01 2.168986e+01 5.612950e+01 2.746770e+01 3.004728e+01 3.157525e+01 3.398801e+01 3.207225e+01 2.744572e+01 2.331473e+01 1.747850e+01 2.573831e+01 1.928084e+00 2.008774e+00 1.505150e+00 1.587971e+00 2.359091e+00 2.168353e+00 1.687446e+00 1.874913e+00 2.010902e+00 2.053647e+00 1.136141e+00 1.123278e+00 1.444099e-03
<GCONST> 8.628358e+01
<MIXTURE> 100 4.498084e-03
<MEAN> 25
 -1.625642e+00 6.345583e+00 1.025817e+01 -7.366567e+00 -1.055089e+01 -5.219165e+00 -4.860981e+00 -9.856460e+00 -4.645541e+00 -9.596631e-01 -2.652600e+00 -2.560238e+00 2.920055e+00 -1.338088e+00 1.268011e+00 -2.170416e+00 -3.386475e+00 -7.729202e-01 -1.238446e+00 -7.520321e-01 -1.473084e+00 3.972310e-01 -1.668104e+00 -2.485043e-01 3.182141e-03
<VARIANCE> 25
 1.338818e+01 2.066826e+01 2.203201e+01 2.633591e+01 2.507936e+01 2.423644e+01 2.883002e+01 2.186993e+01 2.718248e+01 2.271640e+01 2.227963e+01 2.196262e+01 1.763203e+00 4.161286e+00 2.909181e+00 4.210958e+00 4.151240e+00 4.453179e+00 3.953272e+00 4.469528e+00 4.084110e+00 3.938289e+00 3.838862e+00 3.227552e+00 1.706422e-03
<GCONST> 9.261720e+01
<MIXTURE> 101 6.007792e-03
<MEAN> 25
 8.120249e+00 -4.198778e+00 -5.610535e+00 -5.538012e+00 4.446808e-01 -1.646224e+00 -1.092930e+01 -1.443523e+00 2.447344e-01 3.267894e+00 -9.354583e-01 -5.507550e+00 6.711800e-01 7.806860e-01 -1.352464e+00 -1.414711e+00 1.062758e+00 2.174171e+00 3.354740e-01 -1.696550e+00 -9.573550e-01 1.036734e+00 1.435418e+00 -3.450006e-01 -9.532398e-03
<VARIANCE> 25
 8.028369e+00 1.795028e+01 2.697012e+01 4.251989e+01 3.206925e+01 3.192421e+01 3.296680e+01 4.018588e+01 3.983242e+01 3.809966e+01 5.594736e+01 2.100009e+01 2.939470e-01 6.912122e-01 1.030063e+00 1.562404e+00 1.523347e+00 1.886044e+00 2.424018e+00 2.162469e+00 2.077144e+00 1.904030e+00 1.660943e+00 1.693259e+00 5.082883e-04
<GCONST> 8.289513e+01
<MIXTURE> 102 6.007792e-03
<MEAN> 25
 8.120249e+00 -4.198778e+00 -5.610535e+00 -5.538012e+00 4.446808e-01 -1.646224e+00 -1.092930e+01 -1.443523e+00 2.447344e-01 3.267894e+00 -9.354583e-01 -5.507550e+00 6.711800e-01 7.806860e-01 -1.352464e+00 -1.414711e+00 1.062758e+00 2.174171e+00 3.354740e-01 -1.696550e+00 -9.573550e-01 1.036734e+00 1.435418e+00 -3.450006e-01 -9.532398e-03
<VARIANCE> 25
 8.028369e+00 1.795028e+01 2.697012e+01 4.251989e+01 3.206925e+01 3.192421e+01 3.296680e+01 4.018588e+01 3.983242e+01 3.809966e+01 5.594736e+01 2.100009e+01 2.939470e-01 6.912122e-01 1.030063e+00 1.562404e+00 1.523347e+00 1.886044e+00 2.424018e+00 2.162469e+00 2.077144e+00 1.904030e+00 1.660943e+00 1.693259e+00 5.082883e-04
<GCONST> 8.289513e+01
<MIXTURE> 103 5.694618e-03
<MEAN> 25
 3.348097e+00 -9.415850e+00 -6.094806e+00 -3.059699e+00 -1.370552e+00 -1.968012e+00 2.415143e+00 2.504380e+00 -4.546666e+00 -9.197147e+00 -5.035192e+00 3.428197e-01 -1.545519e-01 -1.484760e+00 -9.784006e-01 3.700888e-01 1.196753e+00 1.030003e+00 1.473188e-01 -2.559840e-01 -7.761604e-01 -9.416758e-01 -3.278277e-02 1.205067e-01 2.694973e-02
<VARIANCE> 25
 1.045311e+01 2.081433e+01 2.291179e+01 3.150821e+01 4.817535e+01 3.478181e+01 4.676001e+01 3.789349e+01 4.214763e+01 2.981746e+01 3.008722e+01 2.619855e+01 6.420875e-01 1.250643e+00 1.561185e+00 1.933075e+00 2.933473e+00 2.400030e+00 2.891944e+00 2.588380e+00 2.560085e+00 2.504892e+00 2.090084e+00 2.000155e+00 8.025425e-04
<GCONST> 8.763200e+01
<MIXTURE> 104 5.694618e-03
<MEAN> 25
 3.348097e+00 -9.415850e+00 -6.094806e+00 -3.059699e+00 -1.370552e+00 -1.968012e+00 2.415143e+00 2.504380e+00 -4.546666e+00 -9.197147e+00 -5.035192e+00 3.428197e-01 -1.545519e-01 -1.484760e+00 -9.784006e-01 3.700888e-01 1.196753e+00 1.030003e+00 1.473188e-01 -2.559840e-01 -7.761604e-01 -9.416758e-01 -3.278277e-02 1.205067e-01 2.694973e-02
<VARIANCE> 25
 1.045311e+01 2.081433e+01 2.291179e+01 3.150821e+01 4.817535e+01 3.478181e+01 4.676001e+01 3.789349e+01 4.214763e+01 2.981746e+01 3.008722e+01 2.619855e+01 6.420875e-01 1.250643e+00 1.561185e+00 1.933075e+00 2.933473e+00 2.400030e+00 2.891944e+00 2.588380e+00 2.560085e+00 2.504892e+00 2.090084e+00 2.000155e+00 8.025425e-04
<GCONST> 8.763200e+01
<MIXTURE> 105 4.710235e-03
<MEAN> 25
 2.087718e+00 -2.261619e+00 9.191176e+00 -2.942283e+00 -1.148706e+01 -4.765017e+00 -4.969844e+00 5.977390e-01 -4.813181e+00 -2.523443e+00 1.392932e+00 -1.056101e+00 3.365911e-03 1.560363e-01 -5.040877e-03 2.584031e-02 3.662739e-02 7.044549e-02 -3.442164e-02 -5.716544e-02 -1.091600e-02 -3.930543e-02 1.152278e-02 -1.273431e-02 -4.169692e-03
<VARIANCE> 25
 1.165094e+01 2.881553e+01 3.734154e+01 3.824690e+01 3.382072e+01 5.178966e+01 3.640515e+01 4.452357e+01 3.725093e+01 3.678826e+01 3.613433e+01 2.703115e+01 7.979897e-02 2.663702e-01 3.415473e-01 2.718958e-01 3.252072e-01 4.604452e-01 4.598700e-01 5.091820e-01 4.468569e-01 3.873552e-01 3.972214e-01 3.783815e-01 9.967708e-05
<GCONST> 6.555252e+01
<MIXTURE> 106 4.710235e-03
<MEAN> 25
 2.087718e+00 -2.261619e+00 9.191176e+00 -2.942283e+00 -1.148706e+01 -4.765017e+00 -4.969844e+00 5.977390e-01 -4.813181e+00 -2.523443e+00 1.392932e+00 -1.056101e+00 3.365911e-03 1.560363e-01 -5.040877e-03 2.584031e-02 3.662739e-02 7.044549e-02 -3.442164e-02 -5.716544e-02 -1.091600e-02 -3.930543e-02 1.152278e-02 -1.273431e-02 -4.169692e-03
<VARIANCE> 25
 1.165094e+01 2.881553e+01 3.734154e+01 3.824690e+01 3.382072e+01 5.178966e+01 3.640515e+01 4.452357e+01 3.725093e+01 3.678826e+01 3.613433e+01 2.703115e+01 7.979897e-02 2.663702e-01 3.415473e-01 2.718958e-01 3.252072e-01 4.604452e-01 4.598700e-01 5.091820e-01 4.468569e-01 3.873552e-01 3.972214e-01 3.783815e-01 9.967708e-05
<GCONST> 6.555252e+01
<MIXTURE> 107 5.452374e-03
<MEAN> 25
 8.642069e+00 -2.311463e+00 -8.040417e+00 -9.562730e+00 1.965502e+00 2.958468e+00 -8.639091e+00 -4.554003e+00 -8.865963e-01 3.391887e+00 8.568857e-01 -5.075225e+00 -6.098006e-01 -7.684377e-01 8.355323e-01 1.771482e+00 2.254007e-01 -2.011741e+00 -9.207341e-01 8.487284e-01 1.766912e+00 4.705399e-02 -1.658342e+00 -8.199554e-01 -1.779919e-03
<VARIANCE> 25
 9.241451e+00 2.046690e+01 2.834360e+01 4.281035e+01 3.576078e+01 3.847343e+01 5.118683e+01 3.626473e+01 4.579895e+01 4.175051e+01 5.138231e+01 3.036054e+01 3.557074e-01 9.683959e-01 1.462304e+00 2.423267e+00 2.286116e+00 2.827495e+00 2.616989e+00 2.541703e+00 2.298014e+00 3.032147e+00 1.944800e+00 2.206719e+00 7.032904e-04
<GCONST> 8.805088e+01
<MIXTURE> 108 5.452374e-03
<MEAN> 25
 8.642069e+00 -2.311463e+00 -8.040417e+00 -9.562730e+00 1.965502e+00 2.958468e+00 -8.639091e+00 -4.554003e+00 -8.865963e-01 3.391887e+00 8.568857e-01 -5.075225e+00 -6.098006e-01 -7.684377e-01 8.355323e-01 1.771482e+00 2.254007e-01 -2.011741e+00 -9.207341e-01 8.487284e-01 1.766912e+00 4.705399e-02 -1.658342e+00 -8.199554e-01 -1.779919e-03
<VARIANCE> 25
 9.241451e+00 2.046690e+01 2.834360e+01 4.281035e+01 3.576078e+01 3.847343e+01 5.118683e+01 3.626473e+01 4.579895e+01 4.175051e+01 5.138231e+01 3.036054e+01 3.557074e-01 9.683959e-01 1.462304e+00 2.423267e+00 2.286116e+00 2.827495e+00 2.616989e+00 2.541703e+00 2.298014e+00 3.032147e+00 1.944800e+00 2.206719e+00 7.032904e-04
<GCONST> 8.805088e+01
<MIXTURE> 109 6.661064e-03
<MEAN> 25
 4.212737e+00 -1.020628e+01 -7.774519e+00 -1.145459e+00 1.725916e+00 -3.612887e-01 -5.875753e-01 2.409551e+00 -2.366675e+00 -7.259356e+00 -5.680689e+00 3.222482e-02 -4.500635e-03 -1.107819e-01 -4.074836e-02 2.868567e-01 9.960508e-02 2.325646e-01 -1.571680e-01 -1.064465e-01 -4.174554e-02 -2.260421e-01 3.182063e-01 4.485937e-02 -3.443548e-03
<VARIANCE> 25
 8.377310e+00 1.746165e+01 2.052776e+01 2.933524e+01 4.602906e+01 3.438261e+01 4.476250e+01 3.846043e+01 4.210950e+01 4.372586e+01 2.902204e+01 2.610926e+01 1.817155e-01 3.900407e-01 5.670862e-01 5.896761e-01 1.249422e+00 1.022605e+00 1.228069e+00 1.040624e+00 1.054058e+00 9.744282e-01 9.289370e-01 8.299378e-01 1.659752e-04
<GCONST> 7.411041e+01
<MIXTURE> 110 6.661064e-03
<MEAN> 25
 4.212737e+00 -1.020628e+01 -7.774519e+00 -1.145459e+00 1.725916e+00 -3.612887e-01 -5.875753e-01 2.409551e+00 -2.366675e+00 -7.259356e+00 -5.680689e+00 3.222482e-02 -4.500635e-03 -1.107819e-01 -4.074836e-02 2.868567e-01 9.960508e-02 2.325646e-01 -1.571680e-01 -1.064465e-01 -4.174554e-02 -2.260421e-01 3.182063e-01 4.485937e-02 -3.443548e-03
<VARIANCE> 25
 8.377310e+00 1.746165e+01 2.052776e+01 2.933524e+01 4.602906e+01 3.438261e+01 4.476250e+01 3.846043e+01 4.210950e+01 4.372586e+01 2.902204e+01 2.610926e+01 1.817155e-01 3.900407e-01 5.670862e-01 5.896761e-01 1.249422e+00 1.022605e+00 1.228069e+00 1.040624e+00 1.054058e+00 9.744282e-01 9.289370e-01 8.299378e-01 1.659752e-04
<GCONST> 7.411041e+01
<MIXTURE> 111 4.337247e-03
<MEAN> 25
 -4.473810e+00 -9.062811e-01 -1.720983e+00 1.688125e+00 9.647673e-01 9.642374e-01 3.142789e-01 2.109168e-01 8.895716e-02 -5.413928e-01 -6.301028e-01 1.964544e+00 -2.107085e-02 -3.248036e-02 -7.232778e-02 -7.354598e-02 -3.729199e-02 6.397995e-03 -1.116028e-03 -5.924271e-02 -1.404605e-01 -2.029684e-01 -1.901426e-01 -1.064624e-01 -2.144912e-04
<VARIANCE> 25
 7.001661e+00 4.977131e+00 1.021289e+01 9.407441e+00 1.310900e+01 2.384474e+01 1.466639e+01 1.316744e+01 1.160102e+01 1.191191e+01 1.362923e+01 1.158847e+01 7.917967e-02 1.635711e-01 2.752705e-01 4.205320e-01 5.694603e-01 7.053970e-01 8.006053e-01 8.582740e-01 8.927987e-01 8.559449e-01 8.621238e-01 8.478547e-01 2.231746e-05
<GCONST> 5.597956e+01
<MIXTURE> 112 4.337247e-03
<MEAN> 25
 -4.473810e+00 -9.062811e-01 -1.720983e+00 1.688125e+00 9.647673e-01 9.642374e-01 3.142789e-01 2.109168e-01 8.895716e-02 -5.413928e-01 -6.301028e-01 1.964544e+00 -2.107085e-02 -3.248036e-02 -7.232778e-02 -7.354598e-02 -3.729199e-02 6.397995e-03 -1.116028e-03 -5.924271e-02 -1.404605e-01 -2.029684e-01 -1.901426e-01 -1.064624e-01 -2.144912e-04
<VARIANCE> 25
 7.001661e+00 4.977131e+00 1.021289e+01 9.407441e+00 1.310900e+01 2.384474e+01 1.466639e+01 1.316744e+01 1.160102e+01 1.191191e+01 1.362923e+01 1.158847e+01 7.917967e-02 1.635711e-01 2.752705e-01 4.205320e-01 5.694603e-01 7.053970e-01 8.006053e-01 8.582740e-01 8.927987e-01 8.559449e-01 8.621238e-01 8.478547e-01 2.231746e-05
<GCONST> 5.597956e+01
<MIXTURE> 113 5.938666e-03
<MEAN> 25
 9.715988e+00 1.113170e+00 -8.721224e+00 -1.735304e+01 -3.730643e-01 6.129278e+00 -4.581180e+00 -1.622612e+00 -5.702895e+00 -1.358415e-01 9.701851e-02 -3.523724e-01 -8.027161e-03 7.054389e-03 -5.964440e-02 -1.058826e-01 1.493342e-01 1.557226e-01 8.441963e-03 4.318681e-03 -3.648692e-02 -6.778753e-02 1.940254e-01 1.765101e-02 -2.230100e-03
<VARIANCE> 25
 9.045938e+00 1.993658e+01 2.755910e+01 3.279209e+01 5.418302e+01 3.399014e+01 4.271992e+01 3.660011e+01 3.471083e+01 4.447015e+01 3.418105e+01 2.664980e+01 1.183941e-01 3.115680e-01 2.982374e-01 5.970783e-01 6.131927e-01 6.146671e-01 8.261346e-01 8.223163e-01 9.053257e-01 8.551720e-01 6.954238e-01 6.847242e-01 1.245651e-04
<GCONST> 7.060139e+01
<MIXTURE> 114 5.938666e-03
<MEAN> 25
 9.715988e+00 1.113170e+00 -8.721224e+00 -1.735304e+01 -3.730643e-01 6.129278e+00 -4.581180e+00 -1.622612e+00 -5.702895e+00 -1.358415e-01 9.701851e-02 -3.523724e-01 -8.027161e-03 7.054389e-03 -5.964440e-02 -1.058826e-01 1.493342e-01 1.557226e-01 8.441963e-03 4.318681e-03 -3.648692e-02 -6.778753e-02 1.940254e-01 1.765101e-02 -2.230100e-03
<VARIANCE> 25
 9.045938e+00 1.993658e+01 2.755910e+01 3.279209e+01 5.418302e+01 3.399014e+01 4.271992e+01 3.660011e+01 3.471083e+01 4.447015e+01 3.418105e+01 2.664980e+01 1.183941e-01 3.115680e-01 2.982374e-01 5.970783e-01 6.131927e-01 6.146671e-01 8.261346e-01 8.223163e-01 9.053257e-01 8.551720e-01 6.954238e-01 6.847242e-01 1.245651e-04
<GCONST> 7.060139e+01
<MIXTURE> 115 2.935202e-03
<MEAN> 25
 -4.031508e+00 -7.523134e-01 -3.108292e+00 3.656949e+00 2.413549e+00 -4.277790e-01 2.235019e+00 4.127970e-01 1.388240e+00 -1.980280e-02 4.044602e-02 2.687725e+00 3.161651e-02 -7.211528e-02 -2.307798e-01 -4.386980e-01 -6.334474e-01 -6.703678e-01 -5.921516e-01 -5.095131e-01 -4.866898e-01 -4.566612e-01 -3.437370e-01 -1.649531e-01 -3.168033e-06
<VARIANCE> 25
 9.267219e+00 9.883682e+00 1.353192e+01 1.270435e+01 1.348816e+01 1.756121e+01 1.708409e+01 2.080719e+01 1.793073e+01 1.721353e+01 1.919555e+01 1.466582e+01 2.037629e-01 3.456421e-01 4.855044e-01 5.616056e-01 6.341601e-01 7.979911e-01 1.008026e+00 1.130844e+00 1.075163e+00 9.943575e-01 1.025555e+00 1.064796e+00 1.000000e-06
<GCONST> 6.016114e+01
<MIXTURE> 116 2.935202e-03
<MEAN> 25
 -4.031508e+00 -7.523134e-01 -3.108292e+00 3.656949e+00 2.413549e+00 -4.277790e-01 2.235019e+00 4.127970e-01 1.388240e+00 -1.980280e-02 4.044602e-02 2.687725e+00 3.161651e-02 -7.211528e-02 -2.307798e-01 -4.386980e-01 -6.334474e-01 -6.703678e-01 -5.921516e-01 -5.095131e-01 -4.866898e-01 -4.566612e-01 -3.437370e-01 -1.649531e-01 -3.168033e-06
<VARIANCE> 25
 9.267219e+00 9.883682e+00 1.353192e+01 1.270435e+01 1.348816e+01 1.756121e+01 1.708409e+01 2.080719e+01 1.793073e+01 1.721353e+01 1.919555e+01 1.466582e+01 2.037629e-01 3.456421e-01 4.855044e-01 5.616056e-01 6.341601e-01 7.979911e-01 1.008026e+00 1.130844e+00 1.075163e+00 9.943575e-01 1.025555e+00 1.064796e+00 1.000000e-06
<GCONST> 6.016114e+01
<MIXTURE> 117 6.506003e-03
<MEAN> 25
 -4.710082e+00 1.454891e+00 9.401684e-01 9.743683e+00 6.272124e+00 6.457201e+00 6.558205e+00 4.877477e+00 6.371125e+00 4.792704e+00 6.405531e+00 2.770416e+00 -8.475532e-02 -2.017172e-01 -3.373830e-01 -4.166996e-01 -3.401845e-01 -2.581722e-01 -2.255192e-01 -3.638417e-01 -3.883237e-01 -3.410887e-01 -2.301140e-01 -1.105682e-01 -1.929589e-05
<VARIANCE> 25
 6.973650e+00 1.077235e+01 9.691397e+00 1.370251e+01 1.515128e+01 1.557637e+01 1.722758e+01 1.802603e+01 1.584638e+01 1.619656e+01 1.607475e+01 1.442833e+01 2.114702e-01 3.281968e-01 4.276493e-01 6.037579e-01 8.430151e-01 1.069243e+00 1.298941e+00 1.298402e+00 1.199357e+00 1.176841e+00 1.160715e+00 1.085825e+00 1.065291e-06
<GCONST> 6.057197e+01
<MIXTURE> 118 6.506003e-03
<MEAN> 25
 -4.710082e+00 1.454891e+00 9.401684e-01 9.743683e+00 6.272124e+00 6.457201e+00 6.558205e+00 4.877477e+00 6.371125e+00 4.792704e+00 6.405531e+00 2.770416e+00 -8.475532e-02 -2.017172e-01 -3.373830e-01 -4.166996e-01 -3.401845e-01 -2.581722e-01 -2.255192e-01 -3.638417e-01 -3.883237e-01 -3.410887e-01 -2.301140e-01 -1.105682e-01 -1.929589e-05
<VARIANCE> 25
 6.973650e+00 1.077235e+01 9.691397e+00 1.370251e+01 1.515128e+01 1.557637e+01 1.722758e+01 1.802603e+01 1.584638e+01 1.619656e+01 1.607475e+01 1.442833e+01 2.114702e-01 3.281968e-01 4.276493e-01 6.037579e-01 8.430151e-01 1.069243e+00 1.298941e+00 1.298402e+00 1.199357e+00 1.176841e+00 1.160715e+00 1.085825e+00 1.065291e-06
<GCONST> 6.057197e+01
<MIXTURE> 119 4.297961e-03
<MEAN> 25
 -4.975618e+00 -7.634093e+00 2.230941e+00 2.016853e+00 2.239671e+00 2.077320e-01 5.275532e+00 5.939548e+00 1.166839e+00 9.674506e-01 6.613637e+00 1.570053e+00 -4.995941e-02 -7.933098e-02 3.734704e-02 -5.722494e-02 -1.261453e-01 -1.799217e-01 -6.899448e-02 -1.386112e-02 -9.188140e-02 -1.120251e-01 -5.515413e-02 -5.815460e-02 1.111754e-03
<VARIANCE> 25
 8.501385e+00 9.817900e+00 1.657143e+01 2.018666e+01 2.286584e+01 2.320519e+01 2.499778e+01 2.648889e+01 2.504385e+01 2.807466e+01 2.040309e+01 2.041120e+01 1.604226e-01 2.824770e-01 4.597989e-01 6.328236e-01 8.034881e-01 1.003845e+00 1.099933e+00 1.277882e+00 1.285848e+00 1.245864e+00 1.192417e+00 1.112445e+00 2.316077e-04
<GCONST> 6.972105e+01
<MIXTURE> 120 4.297961e-03
<MEAN> 25
 -4.975618e+00 -7.634093e+00 2.230941e+00 2.016853e+00 2.239671e+00 2.077320e-01 5.275532e+00 5.939548e+00 1.166839e+00 9.674506e-01 6.613637e+00 1.570053e+00 -4.995941e-02 -7.933098e-02 3.734704e-02 -5.722494e-02 -1.261453e-01 -1.799217e-01 -6.899448e-02 -1.386112e-02 -9.188140e-02 -1.120251e-01 -5.515413e-02 -5.815460e-02 1.111754e-03
<VARIANCE> 25
 8.501385e+00 9.817900e+00 1.657143e+01 2.018666e+01 2.286584e+01 2.320519e+01 2.499778e+01 2.648889e+01 2.504385e+01 2.807466e+01 2.040309e+01 2.041120e+01 1.604226e-01 2.824770e-01 4.597989e-01 6.328236e-01 8.034881e-01 1.003845e+00 1.099933e+00 1.277882e+00 1.285848e+00 1.245864e+00 1.192417e+00 1.112445e+00 2.316077e-04
<GCONST> 6.972105e+01
<MIXTURE> 121 4.567511e-03
<MEAN> 25
 2.023853e-01 -2.511176e+00 5.208300e+00 -1.282329e+01 -1.265926e+01 -1.640000e+00 9.084624e-01 -5.007739e+00 -4.266815e+00 -4.891942e-01 -5.440689e+00 -4.264404e+00 2.275094e-02 1.426683e-01 -4.400982e-02 8.235297e-02 1.609260e-01 7.528222e-02 -7.534798e-02 -1.851704e-01 -2.677631e-01 -2.576880e-01 -1.215395e-01 3.886670e-03 -7.561136e-03
<VARIANCE> 25
 7.662367e+00 1.552316e+01 1.741602e+01 2.080846e+01 2.420712e+01 2.911750e+01 3.008272e+01 2.535551e+01 3.542247e+01 2.807169e+01 2.005489e+01 2.122614e+01 1.537965e-01 6.480088e-01 6.183855e-01 6.992492e-01 7.652360e-01 1.156582e+00 1.117204e+00 1.114234e+00 1.207341e+00 1.181619e+00 9.445437e-01 8.669188e-01 2.105660e-04
<GCONST> 7.141134e+01
<MIXTURE> 122 4.567511e-03
<MEAN> 25
 2.023853e-01 -2.511176e+00 5.208300e+00 -1.282329e+01 -1.265926e+01 -1.640000e+00 9.084624e-01 -5.007739e+00 -4.266815e+00 -4.891942e-01 -5.440689e+00 -4.264404e+00 2.275094e-02 1.426683e-01 -4.400982e-02 8.235297e-02 1.609260e-01 7.528222e-02 -7.534798e-02 -1.851704e-01 -2.677631e-01 -2.576880e-01 -1.215395e-01 3.886670e-03 -7.561136e-03
<VARIANCE> 25
 7.662367e+00 1.552316e+01 1.741602e+01 2.080846e+01 2.420712e+01 2.911750e+01 3.008272e+01 2.535551e+01 3.542247e+01 2.807169e+01 2.005489e+01 2.122614e+01 1.537965e-01 6.480088e-01 6.183855e-01 6.992492e-01 7.652360e-01 1.156582e+00 1.117204e+00 1.114234e+00 1.207341e+00 1.181619e+00 9.445437e-01 8.669188e-01 2.105660e-04
<GCONST> 7.141134e+01
<MIXTURE> 123 4.393044e-03
<MEAN> 25
 -4.238777e+00 9.796131e-01 -6.024435e-02 6.274239e+00 5.268237e+00 3.533626e+00 3.344110e+00 6.502315e-01 5.705200e-01 -5.908402e-01 -5.636187e-02 8.456743e-01 -4.760835e-01 -7.772118e-01 -8.426182e-01 -6.071913e-01 -2.812343e-01 5.152639e-02 3.843787e-01 6.676600e-01 7.930455e-01 7.858877e-01 7.118075e-01 5.505326e-01 -2.729643e-03
<VARIANCE> 25
 1.031843e+01 1.012388e+01 1.675111e+01 1.737347e+01 2.165387e+01 2.687807e+01 2.167932e+01 2.115429e+01 2.251523e+01 1.744378e+01 2.229565e+01 1.947728e+01 3.668167e-01 3.551799e-01 5.260154e-01 7.258835e-01 9.950332e-01 1.140893e+00 1.181531e+00 1.185756e+00 1.147870e+00 1.192892e+00 1.207173e+00 1.232751e+00 9.904278e-05
<GCONST> 6.976575e+01
<MIXTURE> 124 4.069876e-03
<MEAN> 25
 -6.450026e+00 -1.085916e+00 -3.107565e+00 5.369987e+00 4.975787e+00 3.400433e+00 5.449955e+00 2.913585e+00 3.573091e+00 1.086226e+00 1.019148e+00 3.071011e+00 -2.039171e-01 -3.375134e-01 -3.367730e-01 -2.096241e-01 7.342383e-02 4.868549e-01 8.019339e-01 8.876150e-01 6.378370e-01 3.651423e-01 8.585375e-02 3.323404e-02 1.419196e-04
<VARIANCE> 25
 1.092897e+01 7.133058e+00 1.158873e+01 1.374443e+01 1.177981e+01 1.910519e+01 1.515902e+01 1.947482e+01 1.847856e+01 1.651205e+01 1.921651e+01 1.411201e+01 1.017467e-01 1.680042e-01 2.767519e-01 4.052308e-01 6.643169e-01 7.454522e-01 7.239645e-01 8.343848e-01 8.916317e-01 9.992122e-01 1.032279e+00 1.098727e+00 1.860368e-05
<GCONST> 5.945580e+01
<MIXTURE> 125 4.069876e-03
<MEAN> 25
 -6.450026e+00 -1.085916e+00 -3.107565e+00 5.369987e+00 4.975787e+00 3.400433e+00 5.449955e+00 2.913585e+00 3.573091e+00 1.086226e+00 1.019148e+00 3.071011e+00 -2.039171e-01 -3.375134e-01 -3.367730e-01 -2.096241e-01 7.342383e-02 4.868549e-01 8.019339e-01 8.876150e-01 6.378370e-01 3.651423e-01 8.585375e-02 3.323404e-02 1.419196e-04
<VARIANCE> 25
 1.092897e+01 7.133058e+00 1.158873e+01 1.374443e+01 1.177981e+01 1.910519e+01 1.515902e+01 1.947482e+01 1.847856e+01 1.651205e+01 1.921651e+01 1.411201e+01 1.017467e-01 1.680042e-01 2.767519e-01 4.052308e-01 6.643169e-01 7.454522e-01 7.239645e-01 8.343848e-01 8.916317e-01 9.992122e-01 1.032279e+00 1.098727e+00 1.860368e-05
<GCONST> 5.945580e+01
<MIXTURE> 126 2.402244e-03
<MEAN> 25
 -3.788105e+00 -6.913420e+00 -5.292090e+00 2.332821e+00 4.271240e+00 -3.227520e+00 9.268896e-02 3.563938e+00 3.366415e+00 -2.701327e+00 -1.429899e+00 3.049499e+00 -2.157940e-03 -8.233966e-03 -3.389522e-02 -1.583810e-01 -3.211593e-01 -3.899637e-01 -2.712446e-01 -1.527932e-01 -1.116513e-01 -1.110025e-01 -9.759057e-02 -2.773066e-02 -1.454795e-03
<VARIANCE> 25
 7.437155e+00 1.280468e+01 1.383611e+01 1.526327e+01 2.465703e+01 2.372859e+01 2.291177e+01 2.854733e+01 3.146869e+01 2.617569e+01 2.175590e+01 1.917023e+01 1.704148e-01 3.520910e-01 4.842032e-01 5.662830e-01 7.554262e-01 9.942546e-01 1.121340e+00 1.268209e+00 1.326207e+00 1.316715e+00 1.212559e+00 1.150242e+00 2.103342e-04
<GCONST> 6.983993e+01
<MIXTURE> 127 2.402244e-03
<MEAN> 25
 -3.788105e+00 -6.913420e+00 -5.292090e+00 2.332821e+00 4.271240e+00 -3.227520e+00 9.268896e-02 3.563938e+00 3.366415e+00 -2.701327e+00 -1.429899e+00 3.049499e+00 -2.157940e-03 -8.233966e-03 -3.389522e-02 -1.583810e-01 -3.211593e-01 -3.899637e-01 -2.712446e-01 -1.527932e-01 -1.116513e-01 -1.110025e-01 -9.759057e-02 -2.773066e-02 -1.454795e-03
<VARIANCE> 25
 7.437155e+00 1.280468e+01 1.383611e+01 1.526327e+01 2.465703e+01 2.372859e+01 2.291177e+01 2.854733e+01 3.146869e+01 2.617569e+01 2.175590e+01 1.917023e+01 1.704148e-01 3.520910e-01 4.842032e-01 5.662830e-01 7.554262e-01 9.942546e-01 1.121340e+00 1.268209e+00 1.326207e+00 1.316715e+00 1.212559e+00 1.150242e+00 2.103342e-04
<GCONST> 6.983993e+01
<MIXTURE> 128 3.790457e-03
<MEAN> 25
 -3.908987e+00 1.831690e+00 -5.448439e-01 6.575060e+00 3.723079e+00 2.140022e+00 3.591655e+00 2.260209e+00 4.281433e+00 3.437663e+00 3.914065e+00 3.713723e+00 -3.789717e-01 -2.549319e-01 9.105073e-02 7.740102e-01 1.181643e+00 1.036235e+00 5.286956e-01 1.468461e-01 -3.462306e-01 -8.084402e-01 -7.674320e-01 -3.229029e-01 5.195653e-05
<VARIANCE> 25
 9.763932e+00 1.278254e+01 1.513584e+01 1.845464e+01 1.932267e+01 2.178264e+01 2.339689e+01 2.378986e+01 2.730677e+01 2.417455e+01 2.595395e+01 1.817738e+01 8.571272e-01 1.176943e+00 1.304864e+00 1.497745e+00 1.509258e+00 1.981024e+00 2.954865e+00 2.252844e+00 2.236059e+00 1.793734e+00 1.781791e+00 1.766596e+00 1.147939e-06
<GCONST> 7.394711e+01
<TRANSP> 3
 0.000000e+00 1.000000e+00 0.000000e+00
 0.000000e+00 9.999990e-01 9.999998e-07
 0.000000e+00 0.000000e+00 0.000000e+00
<ENDHMM>
