~o
<STREAMINFO> 1 25
<VECSIZE> 25<NULLD><MFCC_E_D_N><DIAGC>
~h "jmodel"
<BEGINHMM>
<NUMSTATES> 3
<STATE> 2
<NUMMIXES> 128
<MIXTURE> 1 5.748963e-03
<MEAN> 25
 -2.592031e+00 3.200341e+00 2.302589e+00 8.737459e+00 4.362602e+00 3.431215e+00 4.070644e+00 3.920968e+00 5.844611e+00 5.248666e+00 5.889948e+00 3.088604e+00 -2.000561e+00 -1.630652e+00 -8.612676e-01 1.075190e+00 1.561112e+00 2.232891e+00 2.151783e+00 2.078593e+00 1.689540e+00 1.263307e+00 1.561338e+00 6.101065e-01 -4.685690e-02
<VARIANCE> 25
 1.007018e+01 1.186780e+01 1.498145e+01 1.876832e+01 2.318000e+01 2.224484e+01 2.187429e+01 2.202875e+01 2.106040e+01 2.250217e+01 2.092522e+01 1.709235e+01 1.792548e+00 2.113938e+00 3.023159e+00 3.204040e+00 3.730475e+00 3.352364e+00 3.317190e+00 3.389394e+00 3.519950e+00 3.735030e+00 3.526459e+00 2.833122e+00 3.116008e-03
<GCONST> 8.848851e+01
<MIXTURE> 2 4.549242e-03
<MEAN> 25
 -4.936939e+00 1.396170e+00 9.446683e-01 9.803238e+00 6.757507e+00 7.353807e+00 7.918698e+00 6.905158e+00 8.411678e+00 6.289054e+00 7.580491e+00 3.175721e+00 -6.174256e-02 4.299204e-02 1.401124e-01 2.257708e-01 2.785617e-01 2.822437e-01 2.861426e-01 3.049812e-01 3.194397e-01 2.895114e-01 2.127858e-01 6.080223e-02 -1.501404e-07
<VARIANCE> 25
 7.062462e+00 9.180802e+00 1.063477e+01 1.620423e+01 1.729156e+01 1.562315e+01 1.692918e+01 1.835400e+01 1.640540e+01 1.752870e+01 1.799112e+01 1.473573e+01 1.237077e-01 2.233001e-01 3.318879e-01 4.597603e-01 6.492708e-01 8.016734e-01 9.222408e-01 1.001962e+00 1.089998e+00 1.083508e+00 1.073383e+00 1.026274e+00 9.958450e-07
<GCONST> 5.809011e+01
<MIXTURE> 3 4.549242e-03
<MEAN> 25
 -4.936939e+00 1.396170e+00 9.446683e-01 9.803238e+00 6.757507e+00 7.353807e+00 7.918698e+00 6.905158e+00 8.411678e+00 6.289054e+00 7.580491e+00 3.175721e+00 -6.174256e-02 4.299204e-02 1.401124e-01 2.257708e-01 2.785617e-01 2.822437e-01 2.861426e-01 3.049812e-01 3.194397e-01 2.895114e-01 2.127858e-01 6.080223e-02 -1.501404e-07
<VARIANCE> 25
 7.062462e+00 9.180802e+00 1.063477e+01 1.620423e+01 1.729156e+01 1.562315e+01 1.692918e+01 1.835400e+01 1.640540e+01 1.752870e+01 1.799112e+01 1.473573e+01 1.237077e-01 2.233001e-01 3.318879e-01 4.597603e-01 6.492708e-01 8.016734e-01 9.222408e-01 1.001962e+00 1.089998e+00 1.083508e+00 1.073383e+00 1.026274e+00 9.958450e-07
<GCONST> 5.809011e+01
<MIXTURE> 4 1.671429e-02
<MEAN> 25
 3.127733e+00 2.569237e+00 -2.349350e+00 2.344754e+00 3.771961e+00 4.067699e-01 -4.822960e-01 -1.960113e+00 3.100263e+00 1.439336e+00 -4.419167e+00 -5.874776e-01 -2.796696e+00 1.511788e+00 1.388487e+00 2.682567e+00 8.780340e-01 2.788654e-01 2.483294e+00 4.364090e-01 9.864915e-01 7.579378e-01 9.741098e-01 5.971952e-01 -1.039195e-01
<VARIANCE> 25
 1.840602e+01 2.361333e+01 4.389211e+01 3.878688e+01 4.058784e+01 5.677719e+01 5.830354e+01 6.201556e+01 5.290437e+01 5.385589e+01 6.047495e+01 3.192568e+01 2.076289e+00 4.219079e+00 3.500461e+00 4.621575e+00 4.424844e+00 4.975359e+00 8.370701e+00 5.501417e+00 5.321458e+00 5.339838e+00 5.671313e+00 4.058386e+00 5.323891e-03
<GCONST> 1.040402e+02
<MIXTURE> 5 3.206198e-03
<MEAN> 25
 -3.475479e+00 2.344382e+00 5.629491e-01 9.230466e+00 6.513288e+00 5.963453e+00 7.019231e+00 4.645499e+00 5.587766e+00 3.965507e+00 4.700658e+00 2.623745e+00 -3.354745e-01 7.606606e-01 1.211813e+00 1.029185e+00 3.170467e-01 -1.236155e-01 -1.247294e-01 4.737611e-02 4.643018e-01 6.636390e-01 4.681750e-01 5.232530e-02 -3.984999e-05
<VARIANCE> 25
 1.015467e+01 1.471760e+01 2.303626e+01 2.664710e+01 2.116554e+01 2.412146e+01 2.001847e+01 2.013920e+01 2.127083e+01 2.136695e+01 2.361400e+01 1.599842e+01 1.186985e+00 1.218203e+00 1.332776e+00 1.635339e+00 2.235565e+00 2.344289e+00 2.317792e+00 2.230772e+00 2.264296e+00 2.203129e+00 2.208310e+00 1.883261e+00 9.831379e-07
<GCONST> 7.530917e+01
<MIXTURE> 6 5.475854e-03
<MEAN> 25
 9.599691e+00 -5.622868e-01 -6.190249e+00 -1.052345e+01 -1.931213e+00 6.979991e+00 -6.481636e+00 -4.985004e+00 -4.656244e+00 8.191754e-01 5.776576e+00 -1.861805e+00 4.459910e-01 8.239303e-01 -3.698047e-01 -1.598823e+00 -6.668431e-01 1.418918e+00 1.629780e+00 3.435692e-01 -1.301019e+00 -1.125847e+00 3.208418e-01 1.193968e+00 -6.139098e-03
<VARIANCE> 25
 7.799559e+00 1.487921e+01 2.203378e+01 3.554290e+01 3.202253e+01 2.717101e+01 4.174086e+01 3.337995e+01 4.059129e+01 3.982513e+01 4.334901e+01 2.684634e+01 2.880127e-01 7.700918e-01 8.293468e-01 1.887890e+00 1.392274e+00 1.799798e+00 1.769740e+00 1.859115e+00 2.223251e+00 1.741713e+00 2.089402e+00 1.267148e+00 5.294929e-04
<GCONST> 8.165556e+01
<MIXTURE> 7 5.475854e-03
<MEAN> 25
 9.599691e+00 -5.622868e-01 -6.190249e+00 -1.052345e+01 -1.931213e+00 6.979991e+00 -6.481636e+00 -4.985004e+00 -4.656244e+00 8.191754e-01 5.776576e+00 -1.861805e+00 4.459910e-01 8.239303e-01 -3.698047e-01 -1.598823e+00 -6.668431e-01 1.418918e+00 1.629780e+00 3.435692e-01 -1.301019e+00 -1.125847e+00 3.208418e-01 1.193968e+00 -6.139098e-03
<VARIANCE> 25
 7.799559e+00 1.487921e+01 2.203378e+01 3.554290e+01 3.202253e+01 2.717101e+01 4.174086e+01 3.337995e+01 4.059129e+01 3.982513e+01 4.334901e+01 2.684634e+01 2.880127e-01 7.700918e-01 8.293468e-01 1.887890e+00 1.392274e+00 1.799798e+00 1.769740e+00 1.859115e+00 2.223251e+00 1.741713e+00 2.089402e+00 1.267148e+00 5.294929e-04
<GCONST> 8.165556e+01
<MIXTURE> 8 1.165917e-02
<MEAN> 25
 -5.074439e+00 1.856056e+00 8.840183e-01 9.381310e+00 6.784898e+00 6.125534e+00 6.839077e+00 5.033601e+00 6.909379e+00 4.930775e+00 6.423091e+00 3.636714e+00 -4.850670e-01 -1.639284e+00 -1.152654e+00 -1.715232e+00 -3.517885e-01 -8.024162e-01 -9.931509e-02 -3.501878e-01 -1.821741e-01 -1.249340e-01 -3.356890e-01 9.236989e-02 1.013155e-01
<VARIANCE> 25
 9.571734e+00 1.144438e+01 1.211159e+01 1.500728e+01 1.555820e+01 1.439987e+01 1.781618e+01 1.960952e+01 1.600026e+01 2.011741e+01 1.811191e+01 1.538919e+01 2.719942e+00 3.093822e+00 3.638030e+00 3.425339e+00 3.305323e+00 3.186806e+00 2.921279e+00 2.825591e+00 2.726123e+00 2.434866e+00 2.342754e+00 1.749139e+00 6.145460e-03
<GCONST> 8.584743e+01
<MIXTURE> 9 1.199672e-02
<MEAN> 25
 9.417962e+00 2.824008e+00 -6.892051e+00 -1.075528e+01 -1.119467e+00 5.327569e+00 -1.051307e+00 -2.889440e+00 -4.695205e+00 -5.335147e-01 -4.869390e-01 -6.598508e-01 1.424745e+00 -3.898132e-01 -7.566457e-01 -2.843591e+00 -1.778802e+00 9.696413e-01 -9.797698e-01 -4.638548e-01 -1.929066e-01 -2.476891e-01 4.474607e-01 -5.060902e-01 8.004334e-02
<VARIANCE> 25
 1.101007e+01 2.117950e+01 3.270670e+01 5.394167e+01 5.440491e+01 2.943043e+01 4.741088e+01 4.775871e+01 3.910941e+01 3.968071e+01 4.145300e+01 2.610945e+01 1.936101e+00 2.576752e+00 4.450068e+00 5.716571e+00 4.850892e+00 3.778744e+00 3.947143e+00 5.781069e+00 4.519674e+00 4.525850e+00 3.985673e+00 3.210847e+00 3.015482e-03
<GCONST> 9.895496e+01
<MIXTURE> 10 6.596976e-03
<MEAN> 25
 8.296790e-01 7.638168e+00 5.378847e+00 7.149061e+00 1.584171e+00 -2.123854e+00 -4.731176e-01 -1.701802e+00 8.889925e-01 8.480521e-01 8.026254e-01 6.730232e-01 -1.926287e+00 -6.544418e-01 -4.607696e-01 3.007630e+00 2.463059e+00 2.704886e+00 2.377218e+00 2.255304e+00 1.856005e+00 1.528876e+00 2.330476e+00 5.160808e-01 -1.376219e-01
<VARIANCE> 25
 1.946777e+01 2.061420e+01 2.231087e+01 2.896178e+01 3.813000e+01 3.487654e+01 3.540037e+01 3.378289e+01 2.769934e+01 2.895174e+01 2.718204e+01 2.509021e+01 2.228625e+00 3.462432e+00 5.510824e+00 5.213265e+00 5.529813e+00 4.457770e+00 4.718672e+00 4.898126e+00 4.376397e+00 5.046967e+00 4.427621e+00 3.188046e+00 2.731644e-03
<GCONST> 9.749018e+01
<MIXTURE> 11 1.633820e-02
<MEAN> 25
 7.613245e+00 4.410296e+00 3.391615e+00 5.113297e+00 -3.561355e+00 -2.400153e+00 -2.178004e+00 -6.487864e+00 -3.018026e+00 1.216128e-01 -2.637089e+00 -2.056352e+00 -2.882532e-01 5.847857e-01 1.439933e-01 2.715444e-01 5.531077e-01 -1.479480e-02 2.716244e-01 -1.687617e-01 -1.883276e-01 -2.834471e-02 -1.565098e-01 1.915372e-01 -1.842702e-02
<VARIANCE> 25
 1.240518e+01 2.362766e+01 2.082381e+01 3.110740e+01 3.934497e+01 4.023330e+01 4.879141e+01 4.271226e+01 5.002423e+01 3.455604e+01 3.405685e+01 2.897773e+01 9.144298e-01 1.274154e+00 1.677869e+00 2.161176e+00 2.052829e+00 2.170751e+00 2.078010e+00 2.690815e+00 2.107813e+00 1.903335e+00 1.850308e+00 1.571943e+00 1.005865e-03
<GCONST> 8.767131e+01
<MIXTURE> 12 5.904134e-03
<MEAN> 25
 1.071120e+01 3.635765e+00 -4.478898e+00 -1.585611e+01 -8.558033e+00 8.791942e+00 -1.045642e+00 -1.889410e+00 -2.066355e+00 -4.941672e+00 2.055025e+00 6.073092e-01 6.101089e-02 2.936748e-01 8.092757e-02 -3.985353e-01 -3.273913e-01 7.133988e-02 3.043932e-01 4.581808e-01 1.222071e-01 -3.713707e-01 -3.864402e-01 5.581355e-02 -6.020520e-03
<VARIANCE> 25
 8.721866e+00 2.077325e+01 2.270177e+01 3.466743e+01 4.147117e+01 3.080696e+01 4.133027e+01 4.760599e+01 4.661082e+01 3.640859e+01 3.944102e+01 2.851274e+01 2.411710e-01 6.704869e-01 6.667016e-01 1.171180e+00 1.170074e+00 1.093620e+00 1.143583e+00 1.352750e+00 1.220451e+00 1.197397e+00 1.189001e+00 9.340996e-01 5.645016e-04
<GCONST> 7.863197e+01
<MIXTURE> 13 5.904134e-03
<MEAN> 25
 1.071120e+01 3.635765e+00 -4.478898e+00 -1.585611e+01 -8.558033e+00 8.791942e+00 -1.045642e+00 -1.889410e+00 -2.066355e+00 -4.941672e+00 2.055025e+00 6.073092e-01 6.101089e-02 2.936748e-01 8.092757e-02 -3.985353e-01 -3.273913e-01 7.133988e-02 3.043932e-01 4.581808e-01 1.222071e-01 -3.713707e-01 -3.864402e-01 5.581355e-02 -6.020520e-03
<VARIANCE> 25
 8.721866e+00 2.077325e+01 2.270177e+01 3.466743e+01 4.147117e+01 3.080696e+01 4.133027e+01 4.760599e+01 4.661082e+01 3.640859e+01 3.944102e+01 2.851274e+01 2.411710e-01 6.704869e-01 6.667016e-01 1.171180e+00 1.170074e+00 1.093620e+00 1.143583e+00 1.352750e+00 1.220451e+00 1.197397e+00 1.189001e+00 9.340996e-01 5.645016e-04
<GCONST> 7.863197e+01
<MIXTURE> 14 6.488954e-03
<MEAN> 25
 -4.340816e+00 -2.780156e-01 -3.984690e-01 8.828534e+00 7.544784e+00 7.281309e+00 7.832137e+00 7.180817e+00 7.325839e+00 5.163319e+00 6.728065e+00 4.104578e+00 -2.724535e-01 2.057344e-01 3.662993e-01 3.124033e-01 1.392219e-02 5.984792e-02 8.618303e-02 1.577356e-01 2.891383e-01 5.331124e-01 5.095428e-01 8.427559e-02 -9.663709e-03
<VARIANCE> 25
 9.190212e+00 1.430266e+01 1.913921e+01 1.875616e+01 2.098508e+01 2.011171e+01 2.172899e+01 2.138944e+01 2.021308e+01 2.433821e+01 2.247738e+01 1.580054e+01 9.460428e-01 1.631792e+00 1.752119e+00 1.910071e+00 2.215930e+00 2.251224e+00 2.240184e+00 2.238005e+00 2.263675e+00 2.482089e+00 2.226970e+00 1.813993e+00 1.026615e-03
<GCONST> 8.206862e+01
<MIXTURE> 15 2.475190e-03
<MEAN> 25
 -5.430513e+00 -6.111126e-01 -2.123957e-01 7.357582e+00 5.724351e+00 5.687144e+00 6.071393e+00 4.960091e+00 5.188176e+00 4.154903e+00 5.485592e+00 2.564994e+00 -1.233052e-01 -3.134881e-02 7.479140e-02 2.417715e-01 4.905591e-01 7.832182e-01 1.075982e+00 1.182656e+00 1.056792e+00 7.554377e-01 4.164310e-01 1.562270e-01 -7.009153e-05
<VARIANCE> 25
 6.965581e+00 5.851216e+00 9.026723e+00 1.279084e+01 1.402724e+01 1.429084e+01 1.489530e+01 1.493088e+01 1.417422e+01 1.413896e+01 1.511139e+01 1.261050e+01 1.253503e-01 2.066776e-01 3.187183e-01 5.019803e-01 6.972699e-01 7.932320e-01 7.645242e-01 7.888468e-01 9.070735e-01 1.020108e+00 1.069768e+00 1.039086e+00 2.792577e-05
<GCONST> 5.861732e+01
<MIXTURE> 16 2.475190e-03
<MEAN> 25
 -5.430513e+00 -6.111126e-01 -2.123957e-01 7.357582e+00 5.724351e+00 5.687144e+00 6.071393e+00 4.960091e+00 5.188176e+00 4.154903e+00 5.485592e+00 2.564994e+00 -1.233052e-01 -3.134881e-02 7.479140e-02 2.417715e-01 4.905591e-01 7.832182e-01 1.075982e+00 1.182656e+00 1.056792e+00 7.554377e-01 4.164310e-01 1.562270e-01 -7.009153e-05
<VARIANCE> 25
 6.965581e+00 5.851216e+00 9.026723e+00 1.279084e+01 1.402724e+01 1.429084e+01 1.489530e+01 1.493088e+01 1.417422e+01 1.413896e+01 1.511139e+01 1.261050e+01 1.253503e-01 2.066776e-01 3.187183e-01 5.019803e-01 6.972699e-01 7.932320e-01 7.645242e-01 7.888468e-01 9.070735e-01 1.020108e+00 1.069768e+00 1.039086e+00 2.792577e-05
<GCONST> 5.861732e+01
<MIXTURE> 17 9.518312e-03
<MEAN> 25
 3.901200e+00 -1.219674e+00 5.421822e+00 2.355721e+00 -5.940168e+00 -5.032006e+00 -2.441720e+00 -4.682984e-01 -3.372805e+00 -2.812653e+00 4.239122e-01 5.261094e-02 -4.083936e-01 -1.608686e+00 1.555406e+00 -1.920175e+00 -2.671524e+00 5.682953e-02 -4.499080e-01 1.094001e+00 -6.694365e-01 4.164411e-01 1.304167e+00 5.569916e-01 8.798463e-02
<VARIANCE> 25
 1.360130e+01 2.824819e+01 2.746694e+01 3.218335e+01 4.012915e+01 4.658459e+01 4.026175e+01 2.879937e+01 2.957544e+01 2.741931e+01 2.610926e+01 2.289062e+01 1.847804e+00 2.990736e+00 3.739356e+00 2.566669e+00 3.795016e+00 4.511863e+00 5.475707e+00 4.144310e+00 3.797675e+00 4.723206e+00 2.886110e+00 2.272181e+00 2.096951e-03
<GCONST> 9.489667e+01
<MIXTURE> 18 1.221018e-02
<MEAN> 25
 3.864620e+00 4.451193e+00 6.563995e+00 4.481164e+00 -4.042336e+00 -7.905666e+00 -5.421549e-01 -1.029180e+00 -2.255340e+00 -2.172645e+00 -2.212496e+00 1.379021e+00 -7.844995e-01 2.429297e+00 -3.779235e-01 1.633023e+00 3.144029e+00 1.497380e+00 1.353137e+00 -6.101173e-01 8.191547e-01 5.524524e-02 -8.161163e-02 -1.043816e-01 -1.183471e-01
<VARIANCE> 25
 1.324702e+01 2.715518e+01 2.812443e+01 2.454738e+01 3.388410e+01 2.707953e+01 4.200851e+01 2.794302e+01 4.213056e+01 2.681233e+01 3.158717e+01 2.778639e+01 1.993246e+00 2.484231e+00 3.863283e+00 3.613975e+00 3.346997e+00 3.608823e+00 4.466327e+00 3.650732e+00 3.837904e+00 3.786077e+00 3.739208e+00 3.015795e+00 3.471563e-03
<GCONST> 9.502104e+01
<MIXTURE> 19 9.912824e-03
<MEAN> 25
 -1.005767e+01 2.067418e+00 -2.270850e-02 6.383476e-01 3.969131e+00 1.974180e+00 4.061397e+00 2.449666e-01 2.604308e+00 1.092495e+00 8.864610e-01 2.387231e+00 1.812456e+00 1.556850e+00 1.998165e+00 7.525207e-01 -1.083356e+00 -1.094412e+00 -1.077643e+00 -1.369590e+00 -1.473073e+00 -1.135685e+00 -8.390191e-01 -7.301709e-01 1.665643e-03
<VARIANCE> 25
 5.419968e+01 2.976160e+01 4.891809e+01 5.249562e+01 3.433551e+01 3.060021e+01 3.372737e+01 3.496628e+01 2.721780e+01 2.816151e+01 2.776681e+01 1.891925e+01 2.713865e+00 2.398129e+00 2.162400e+00 2.263158e+00 2.467208e+00 2.113716e+00 2.368609e+00 2.348796e+00 1.988302e+00 1.921301e+00 2.067544e+00 1.629435e+00 2.254684e-03
<GCONST> 9.140836e+01
<MIXTURE> 20 6.308331e-03
<MEAN> 25
 -1.399373e+01 7.440596e+00 1.455959e+00 4.872649e+00 4.764681e+00 1.840379e+00 5.320508e+00 7.283254e-01 1.287093e+00 4.958388e-01 2.719006e+00 7.231103e-02 -3.428351e+00 -1.011501e+00 -1.468832e+00 1.323320e-01 1.374004e+00 2.044585e+00 1.931451e+00 1.991588e+00 2.199147e+00 1.822498e+00 1.505654e+00 9.234139e-01 5.330377e-02
<VARIANCE> 25
 1.904596e+01 2.143186e+01 3.084131e+01 4.608550e+01 2.803151e+01 2.533119e+01 2.694304e+01 2.862129e+01 2.626270e+01 2.616674e+01 2.270110e+01 2.011049e+01 2.052996e+00 2.152533e+00 1.782109e+00 2.668892e+00 2.686157e+00 2.081146e+00 2.291071e+00 2.114951e+00 2.036185e+00 2.735615e+00 2.327063e+00 1.791220e+00 1.971384e-03
<GCONST> 8.834795e+01
<MIXTURE> 21 7.928653e-03
<MEAN> 25
 3.977325e+00 -5.161930e+00 6.009470e+00 -2.048199e+00 -1.038570e+01 -8.221880e+00 -3.077537e+00 5.600775e+00 -2.735297e+00 -2.528291e+00 2.381199e-01 3.708673e-03 -7.030031e-01 1.170509e+00 2.515263e+00 -1.770723e-01 -1.637029e+00 2.901326e-01 7.887469e-01 -1.332695e+00 -1.842491e+00 3.000959e-01 1.289103e+00 3.467782e-01 -1.002456e-02
<VARIANCE> 25
 7.691435e+00 1.847098e+01 2.651389e+01 2.587771e+01 2.504218e+01 3.100191e+01 3.807526e+01 4.640973e+01 3.937777e+01 3.126100e+01 2.937094e+01 2.110473e+01 3.299551e-01 9.696220e-01 1.636788e+00 1.228741e+00 1.987664e+00 1.920463e+00 3.576140e+00 2.377218e+00 1.988397e+00 2.230649e+00 1.782464e+00 2.027375e+00 4.086800e-04
<GCONST> 8.312166e+01
<MIXTURE> 22 8.827789e-03
<MEAN> 25
 -1.788060e+01 7.139584e+00 -4.062775e+00 7.330409e+00 4.584260e+00 2.756613e+00 8.418975e+00 1.740414e+00 5.408139e+00 3.281841e+00 5.702729e+00 1.215107e+00 -3.159700e-01 -2.184615e-01 -1.280140e-01 -1.439495e-01 -1.235226e-02 1.436044e-01 1.918119e-01 1.734071e-01 2.495857e-01 1.982497e-01 1.650620e-01 1.967905e-01 9.003546e-03
<VARIANCE> 25
 8.489148e+00 1.688671e+01 1.786831e+01 2.557495e+01 2.285528e+01 2.130675e+01 1.953306e+01 1.863210e+01 1.810631e+01 2.092987e+01 1.912343e+01 1.391140e+01 1.093844e+00 1.377465e+00 1.355570e+00 1.565441e+00 1.425844e+00 1.524763e+00 1.529017e+00 1.529236e+00 1.604328e+00 1.542320e+00 1.369464e+00 1.168723e+00 1.743569e-03
<GCONST> 7.845597e+01
<MIXTURE> 23 6.455497e-03
<MEAN> 25
 7.909391e+00 2.206304e+00 2.779472e+00 2.126996e+00 -4.627110e+00 -2.690298e+00 -4.929066e+00 -6.346196e+00 -3.647869e+00 -9.875780e-01 -3.367383e+00 -2.566055e+00 1.596924e-02 1.767195e-01 1.899567e-02 7.375485e-02 -2.606220e-02 6.135422e-02 -1.102527e-03 -8.397603e-02 4.998046e-02 5.185239e-03 -1.303791e-02 2.725165e-02 -4.258226e-03
<VARIANCE> 25
 9.931906e+00 2.239119e+01 2.469722e+01 4.055046e+01 3.743008e+01 5.548482e+01 6.421463e+01 5.292552e+01 4.657316e+01 4.485435e+01 5.692645e+01 4.182981e+01 1.202332e-01 2.823233e-01 3.804210e-01 4.739072e-01 5.891558e-01 7.022253e-01 7.626166e-01 8.718833e-01 8.696968e-01 8.727558e-01 8.137736e-01 7.267182e-01 8.400823e-05
<GCONST> 7.287761e+01
<MIXTURE> 24 6.455497e-03
<MEAN> 25
 7.909391e+00 2.206304e+00 2.779472e+00 2.126996e+00 -4.627110e+00 -2.690298e+00 -4.929066e+00 -6.346196e+00 -3.647869e+00 -9.875780e-01 -3.367383e+00 -2.566055e+00 1.596924e-02 1.767195e-01 1.899567e-02 7.375485e-02 -2.606220e-02 6.135422e-02 -1.102527e-03 -8.397603e-02 4.998046e-02 5.185239e-03 -1.303791e-02 2.725165e-02 -4.258226e-03
<VARIANCE> 25
 9.931906e+00 2.239119e+01 2.469722e+01 4.055046e+01 3.743008e+01 5.548482e+01 6.421463e+01 5.292552e+01 4.657316e+01 4.485435e+01 5.692645e+01 4.182981e+01 1.202332e-01 2.823233e-01 3.804210e-01 4.739072e-01 5.891558e-01 7.022253e-01 7.626166e-01 8.718833e-01 8.696968e-01 8.727558e-01 8.137736e-01 7.267182e-01 8.400823e-05
<GCONST> 7.287761e+01
<MIXTURE> 25 1.118642e-02
<MEAN> 25
 3.793788e-01 3.209767e+00 1.672107e+01 -6.256335e-01 -1.135425e+01 -1.805468e+00 -5.005186e+00 -2.655279e+00 -7.372077e+00 -5.192277e+00 4.057361e+00 -1.720938e+00 -1.066182e-01 3.791803e-01 1.472270e-01 1.031297e-01 2.230063e-01 9.559365e-03 1.310015e-01 -7.931525e-02 -2.212470e-01 1.473871e-02 -5.013466e-02 -5.306715e-02 -1.133525e-02
<VARIANCE> 25
 8.676976e+00 2.279251e+01 2.022394e+01 3.236649e+01 3.012912e+01 3.939084e+01 2.608623e+01 3.017892e+01 3.169336e+01 3.633514e+01 2.000100e+01 2.707866e+01 5.959894e-01 1.472315e+00 1.435123e+00 1.378273e+00 2.247599e+00 2.139087e+00 1.760095e+00 1.721812e+00 1.477205e+00 1.678676e+00 1.312649e+00 1.296530e+00 1.295727e-03
<GCONST> 8.283060e+01
<MIXTURE> 26 7.727677e-03
<MEAN> 25
 1.763867e+00 -4.653759e+00 -1.069440e+01 -8.556134e-01 7.913192e+00 5.246323e+00 4.520085e+00 -8.231226e-01 3.056002e+00 -2.822661e-01 -3.595500e+00 -1.365116e+00 -7.252703e-01 6.271161e-01 2.281572e-01 3.638764e-01 1.784209e-01 3.181037e-01 4.879582e-01 1.394538e-01 3.177046e-01 1.383590e-01 7.510771e-01 5.802446e-01 -5.251139e-02
<VARIANCE> 25
 2.283736e+01 4.359043e+01 2.284523e+01 5.516286e+01 3.454559e+01 3.714164e+01 4.283778e+01 3.954237e+01 3.755178e+01 5.048248e+01 4.191462e+01 4.319355e+01 1.438972e+00 1.737270e+00 1.988410e+00 2.438297e+00 2.143075e+00 2.112752e+00 2.699777e+00 2.556517e+00 2.146400e+00 2.134892e+00 2.708387e+00 2.042075e+00 3.104859e-03
<GCONST> 9.302436e+01
<MIXTURE> 27 7.727677e-03
<MEAN> 25
 1.763867e+00 -4.653759e+00 -1.069440e+01 -8.556134e-01 7.913192e+00 5.246323e+00 4.520085e+00 -8.231226e-01 3.056002e+00 -2.822661e-01 -3.595500e+00 -1.365116e+00 -7.252703e-01 6.271161e-01 2.281572e-01 3.638764e-01 1.784209e-01 3.181037e-01 4.879582e-01 1.394538e-01 3.177046e-01 1.383590e-01 7.510771e-01 5.802446e-01 -5.251139e-02
<VARIANCE> 25
 2.283736e+01 4.359043e+01 2.284523e+01 5.516286e+01 3.454559e+01 3.714164e+01 4.283778e+01 3.954237e+01 3.755178e+01 5.048248e+01 4.191462e+01 4.319355e+01 1.438972e+00 1.737270e+00 1.988410e+00 2.438297e+00 2.143075e+00 2.112752e+00 2.699777e+00 2.556517e+00 2.146400e+00 2.134892e+00 2.708387e+00 2.042075e+00 3.104859e-03
<GCONST> 9.302436e+01
<MIXTURE> 28 5.036674e-03
<MEAN> 25
 -5.514134e+00 2.051995e-01 -1.624255e+00 6.531463e+00 5.223133e+00 3.422702e+00 5.558478e+00 3.113687e+00 4.117258e+00 2.420890e+00 2.598891e+00 3.297556e+00 -1.245944e-01 2.168864e-01 5.263582e-01 7.784390e-01 8.228281e-01 6.909577e-01 5.178654e-01 3.905208e-01 4.117416e-01 4.612079e-01 3.857635e-01 1.891333e-01 2.935663e-05
<VARIANCE> 25
 1.031286e+01 9.496910e+00 1.197400e+01 1.473364e+01 1.451106e+01 1.784399e+01 1.847913e+01 1.853369e+01 1.811039e+01 1.641702e+01 2.026085e+01 1.486950e+01 2.536830e-01 3.330749e-01 3.969972e-01 4.540829e-01 6.055111e-01 8.356448e-01 1.046018e+00 1.117183e+00 1.121388e+00 1.020031e+00 1.033345e+00 1.052290e+00 1.060398e-06
<GCONST> 6.025129e+01
<MIXTURE> 29 5.036674e-03
<MEAN> 25
 -5.514134e+00 2.051995e-01 -1.624255e+00 6.531463e+00 5.223133e+00 3.422702e+00 5.558478e+00 3.113687e+00 4.117258e+00 2.420890e+00 2.598891e+00 3.297556e+00 -1.245944e-01 2.168864e-01 5.263582e-01 7.784390e-01 8.228281e-01 6.909577e-01 5.178654e-01 3.905208e-01 4.117416e-01 4.612079e-01 3.857635e-01 1.891333e-01 2.935663e-05
<VARIANCE> 25
 1.031286e+01 9.496910e+00 1.197400e+01 1.473364e+01 1.451106e+01 1.784399e+01 1.847913e+01 1.853369e+01 1.811039e+01 1.641702e+01 2.026085e+01 1.486950e+01 2.536830e-01 3.330749e-01 3.969972e-01 4.540829e-01 6.055111e-01 8.356448e-01 1.046018e+00 1.117183e+00 1.121388e+00 1.020031e+00 1.033345e+00 1.052290e+00 1.060398e-06
<GCONST> 6.025129e+01
<MIXTURE> 30 8.917812e-03
<MEAN> 25
 -4.769738e+00 5.661151e-01 2.705129e-01 8.830873e+00 7.986032e+00 6.939514e+00 7.434781e+00 6.295803e+00 6.576869e+00 4.214153e+00 6.850058e+00 3.917700e+00 -2.607999e-02 4.955062e-02 4.616233e-02 1.219490e-01 1.092262e-01 1.017526e-01 -8.625824e-03 -9.228116e-02 -3.753699e-02 -2.371179e-02 1.332318e-01 2.223521e-02 -1.112233e-03
<VARIANCE> 25
 6.933782e+00 1.389737e+01 1.067811e+01 1.349918e+01 1.474362e+01 1.826961e+01 1.850742e+01 1.938931e+01 1.540444e+01 2.061814e+01 2.021570e+01 1.458298e+01 8.958936e-02 1.932720e-01 3.047580e-01 4.772931e-01 5.970276e-01 6.905770e-01 7.211573e-01 8.377967e-01 8.649960e-01 9.026982e-01 9.037480e-01 8.149964e-01 5.039142e-05
<GCONST> 6.058914e+01
<MIXTURE> 31 4.136493e-03
<MEAN> 25
 -3.345806e+00 -5.471322e+00 2.196653e-02 4.905908e+00 3.717814e+00 1.576663e+00 5.213821e+00 6.577507e+00 2.877914e+00 1.206709e+00 6.385716e+00 3.165138e+00 2.488856e-01 4.809842e-01 -2.113425e-01 3.013054e-01 1.235841e-01 4.295445e-01 1.915573e-01 -3.815434e-03 3.785856e-01 3.805661e-01 1.047431e-01 1.247582e-01 -1.850584e-02
<VARIANCE> 25
 7.138930e+00 1.761458e+01 1.729292e+01 1.844580e+01 2.577552e+01 2.424711e+01 2.339058e+01 2.545118e+01 2.658088e+01 2.781816e+01 2.180186e+01 1.847509e+01 1.895240e-01 4.900519e-01 5.940841e-01 7.569103e-01 9.584141e-01 1.106848e+00 1.211541e+00 1.401469e+00 1.329959e+00 1.312908e+00 1.258686e+00 1.127666e+00 2.524992e-04
<GCONST> 7.201371e+01
<MIXTURE> 32 4.136493e-03
<MEAN> 25
 -3.345806e+00 -5.471322e+00 2.196653e-02 4.905908e+00 3.717814e+00 1.576663e+00 5.213821e+00 6.577507e+00 2.877914e+00 1.206709e+00 6.385716e+00 3.165138e+00 2.488856e-01 4.809842e-01 -2.113425e-01 3.013054e-01 1.235841e-01 4.295445e-01 1.915573e-01 -3.815434e-03 3.785856e-01 3.805661e-01 1.047431e-01 1.247582e-01 -1.850584e-02
<VARIANCE> 25
 7.138930e+00 1.761458e+01 1.729292e+01 1.844580e+01 2.577552e+01 2.424711e+01 2.339058e+01 2.545118e+01 2.658088e+01 2.781816e+01 2.180186e+01 1.847509e+01 1.895240e-01 4.900519e-01 5.940841e-01 7.569103e-01 9.584141e-01 1.106848e+00 1.211541e+00 1.401469e+00 1.329959e+00 1.312908e+00 1.258686e+00 1.127666e+00 2.524992e-04
<GCONST> 7.201371e+01
<MIXTURE> 33 1.508826e-02
<MEAN> 25
 6.579559e+00 -4.073412e+00 -1.697368e+00 -1.922919e+00 -1.638095e+00 -5.956686e+00 -8.170373e+00 2.518281e+00 1.169526e+00 -6.204179e-01 -4.267569e+00 -3.051305e+00 7.121194e-01 -1.044845e+00 -2.481430e+00 -1.994422e+00 1.500834e+00 1.582418e+00 -9.090231e-01 3.599969e-01 1.088042e+00 8.084749e-01 -2.818946e-01 -1.435794e+00 3.327964e-02
<VARIANCE> 25
 8.990346e+00 1.920819e+01 3.073204e+01 3.770929e+01 3.957382e+01 4.226621e+01 5.604452e+01 4.847660e+01 4.706578e+01 4.066483e+01 3.688877e+01 2.596048e+01 1.089196e+00 1.880333e+00 2.024262e+00 2.134704e+00 4.276884e+00 3.400075e+00 4.082977e+00 5.783974e+00 3.489398e+00 4.459465e+00 3.113158e+00 2.415929e+00 1.497635e-03
<GCONST> 9.418238e+01
<MIXTURE> 34 1.588179e-02
<MEAN> 25
 8.411406e+00 -6.574262e-01 1.330438e+00 1.595692e+00 -2.554039e+00 -9.654979e-01 -9.086746e+00 -4.275048e+00 -1.354959e+00 -1.020536e+00 -2.553299e+00 -3.954990e+00 -2.981146e-01 1.354482e+00 1.598760e+00 2.392533e+00 -8.093277e-02 -6.072468e-02 1.365332e+00 -1.936896e+00 -1.202679e-01 2.220680e-01 -1.249469e+00 6.080666e-01 -6.209682e-02
<VARIANCE> 25
 7.745849e+00 2.833498e+01 3.289386e+01 4.244584e+01 3.600760e+01 4.271457e+01 8.574541e+01 5.053599e+01 4.661040e+01 4.255559e+01 4.272682e+01 2.767345e+01 1.436804e+00 1.749592e+00 3.669620e+00 3.414162e+00 4.740324e+00 5.001796e+00 6.990726e+00 5.661176e+00 6.951077e+00 4.278623e+00 6.349964e+00 3.856599e+00 1.038924e-03
<GCONST> 9.897511e+01
<MIXTURE> 35 1.467755e-02
<MEAN> 25
 -2.594972e+00 -4.375300e+00 -1.003166e+01 -8.611194e-01 1.091421e+01 6.114056e-01 2.370763e+00 1.327864e+00 2.309554e+00 3.288735e+00 -2.372441e+00 2.496400e+00 7.037488e-01 -1.509699e+00 -1.039112e+00 -6.600453e-01 7.080380e-01 -1.081502e+00 -8.396351e-01 3.445469e-01 -3.192441e-01 -1.766659e-01 -1.227112e+00 -4.666494e-01 1.131656e-01
<VARIANCE> 25
 1.762427e+01 3.638746e+01 3.611852e+01 4.894745e+01 4.926053e+01 4.374572e+01 4.901936e+01 4.079137e+01 3.829309e+01 3.205710e+01 4.561873e+01 2.320908e+01 3.404749e+00 3.501639e+00 5.804923e+00 6.666852e+00 5.145559e+00 4.487117e+00 4.067977e+00 4.808462e+00 4.621710e+00 3.974447e+00 3.817877e+00 2.787806e+00 4.524929e-03
<GCONST> 1.013664e+02
<MIXTURE> 36 1.093293e-02
<MEAN> 25
 4.894063e+00 -3.711137e+00 7.190798e+00 2.756799e+00 -1.000991e+01 -8.935167e+00 -6.597835e+00 3.510669e+00 -3.065265e+00 -3.990793e+00 2.321145e+00 2.325887e-01 4.054967e-01 1.275542e-01 -9.597249e-01 -1.283306e-01 1.105258e+00 9.208815e-03 -5.652098e-01 1.717356e-02 6.219198e-01 5.088294e-01 -6.069966e-01 -2.049176e-01 -1.902552e-02
<VARIANCE> 25
 8.321221e+00 1.440269e+01 1.911541e+01 2.712665e+01 2.930017e+01 2.931741e+01 4.593571e+01 3.425208e+01 4.166029e+01 3.080747e+01 2.552923e+01 2.338988e+01 4.356956e-01 7.078946e-01 1.825334e+00 1.244030e+00 1.657229e+00 1.592434e+00 2.527441e+00 1.463760e+00 1.904363e+00 1.604201e+00 1.397903e+00 1.457616e+00 7.647948e-04
<GCONST> 8.122549e+01
<MIXTURE> 37 1.246826e-02
<MEAN> 25
 5.472847e-01 7.703173e+00 1.202234e+01 -5.407805e+00 -7.957493e+00 -1.026461e+00 -5.027316e+00 -8.347595e+00 -3.585194e+00 -9.040750e-01 -3.753928e+00 -1.257052e+00 1.428918e-01 6.762680e-01 -1.328476e+00 3.563443e+00 1.967043e+00 -2.967741e-01 1.156013e+00 4.081333e-01 5.264549e-01 -3.080542e-01 5.239472e-01 -9.029230e-02 -9.467317e-02
<VARIANCE> 25
 1.574922e+01 2.610461e+01 3.057967e+01 5.232122e+01 3.402648e+01 3.202694e+01 4.435986e+01 3.532464e+01 4.006232e+01 3.555790e+01 3.814325e+01 3.076443e+01 3.058034e+00 3.433817e+00 3.031692e+00 4.073977e+00 4.621493e+00 3.722382e+00 4.547834e+00 3.831232e+00 3.446191e+00 3.614578e+00 3.877975e+00 2.773901e+00 3.887458e-03
<GCONST> 9.793941e+01
<MIXTURE> 38 1.154525e-02
<MEAN> 25
 -4.947289e+00 8.541228e+00 5.807191e+00 4.598758e+00 1.846269e-01 -4.092650e+00 7.124041e-01 -3.993126e+00 -2.100064e+00 -2.557866e+00 -1.737152e+00 -8.099539e-01 -4.448284e+00 1.083496e+00 -3.008322e-01 1.128939e+00 1.978281e+00 1.152611e+00 2.224719e+00 7.947381e-01 -5.293841e-03 1.621689e-01 1.448187e+00 4.023079e-02 4.608434e-02
<VARIANCE> 25
 3.063499e+01 2.409242e+01 3.476276e+01 3.611839e+01 4.130217e+01 3.259027e+01 3.793806e+01 3.852174e+01 3.342810e+01 2.771675e+01 2.440890e+01 2.892902e+01 1.939963e+00 3.335005e+00 3.083981e+00 4.571275e+00 4.850016e+00 4.481601e+00 4.934353e+00 3.787253e+00 7.306314e+00 4.704373e+00 4.094303e+00 2.804493e+00 1.913548e-03
<GCONST> 9.780888e+01
<MIXTURE> 39 9.501865e-03
<MEAN> 25
 1.360426e+00 2.554633e+00 1.021395e+01 -9.170674e+00 -1.129856e+01 -9.850798e-01 -2.970579e+00 -6.502941e+00 -4.529579e+00 8.900167e-01 -3.633698e+00 -2.256830e+00 -7.277112e-01 1.514671e+00 1.629012e+00 -1.391591e+00 6.694776e-02 1.207814e+00 -1.197457e+00 -1.235853e+00 4.267975e-01 4.454876e-01 -5.042782e-01 1.272660e-01 1.273281e-03
<VARIANCE> 25
 8.927766e+00 3.035699e+01 3.159825e+01 3.831633e+01 3.693530e+01 4.252368e+01 4.420896e+01 3.400850e+01 3.947554e+01 3.302968e+01 3.628965e+01 2.944843e+01 6.869027e-01 1.550461e+00 1.510505e+00 2.913092e+00 2.436090e+00 2.837620e+00 3.040636e+00 2.773234e+00 2.419463e+00 2.599720e+00 2.107843e+00 2.057656e+00 1.181892e-03
<GCONST> 8.964575e+01
<MIXTURE> 40 1.030800e-02
<MEAN> 25
 -8.679293e+00 3.683451e+00 -1.299075e+00 7.349226e+00 4.239118e+00 4.355355e+00 5.815821e+00 2.785628e+00 5.442437e+00 3.634496e+00 5.253600e+00 1.942155e+00 -8.470702e-02 -2.674357e-01 -8.182683e-02 -8.670943e-02 6.040078e-02 1.272137e-01 3.275139e-02 -4.350253e-02 -5.811094e-02 -1.033492e-01 -4.174107e-02 3.451630e-02 1.421478e-03
<VARIANCE> 25
 3.406145e+01 2.327699e+01 2.484597e+01 2.520747e+01 2.507432e+01 2.331916e+01 1.929617e+01 2.179001e+01 1.652065e+01 1.825981e+01 1.773738e+01 1.361494e+01 6.116242e-01 7.408346e-01 8.566908e-01 9.807690e-01 1.261307e+00 1.377105e+00 1.162841e+00 1.234711e+00 1.150264e+00 1.155129e+00 1.360060e+00 1.097723e+00 7.322282e-04
<GCONST> 7.608469e+01
<MIXTURE> 41 6.713375e-03
<MEAN> 25
 1.337013e+00 1.737363e+00 1.043085e+01 -6.867193e+00 -1.046420e+01 -3.856106e+00 -2.495409e+00 -4.983026e+00 -4.673742e+00 2.640215e+00 -1.715097e+00 -9.512129e-01 8.976925e-02 -7.645617e-01 1.713608e+00 -3.537760e+00 -2.485010e+00 -1.103081e-01 -5.142186e-01 -3.384989e-01 -8.406489e-01 1.081544e+00 -1.023828e+00 8.517250e-02 8.628700e-02
<VARIANCE> 25
 1.166706e+01 2.965464e+01 3.262781e+01 4.060258e+01 3.842733e+01 4.003171e+01 3.686206e+01 2.998538e+01 3.279581e+01 2.862841e+01 3.170781e+01 2.701007e+01 3.173335e+00 3.299089e+00 3.823241e+00 3.802848e+00 4.952061e+00 5.822105e+00 4.689344e+00 4.550004e+00 3.978368e+00 4.207904e+00 3.852714e+00 3.198751e+00 2.924692e-03
<GCONST> 9.786811e+01
<MIXTURE> 42 1.106211e-02
<MEAN> 25
 -2.190731e+00 4.201886e+00 3.807814e+00 4.654658e+00 7.547432e-01 -6.744180e+00 -8.472734e-01 -3.751647e+00 -2.837674e-01 -1.740519e+00 -2.658168e+00 6.800132e-01 4.296501e+00 -2.417228e-01 1.301087e+00 -2.403353e-03 -2.999147e+00 -1.001794e+00 -2.663547e+00 -4.760819e-01 -7.467663e-01 -3.987883e-01 9.477963e-01 -1.126795e+00 1.499600e-02
<VARIANCE> 25
 3.407251e+01 1.814398e+01 4.296179e+01 2.866432e+01 3.452964e+01 3.203110e+01 3.348800e+01 3.555369e+01 2.920666e+01 2.324848e+01 1.795492e+01 1.556137e+01 3.656145e+00 4.523320e+00 9.172520e+00 4.907020e+00 9.616365e+00 5.100314e+00 6.548562e+00 4.594508e+00 5.909969e+00 4.234661e+00 3.973298e+00 2.754192e+00 4.009769e-03
<GCONST> 9.973682e+01
<MIXTURE> 43 7.108249e-03
<MEAN> 25
 3.164974e+00 -6.304543e+00 -2.243685e+00 -5.189640e+00 -7.402663e+00 -3.409346e+00 4.133170e+00 1.314817e+00 -5.065821e+00 -7.078096e+00 -4.320739e+00 -1.247836e+00 2.365850e-01 2.164238e+00 1.910561e+00 -1.327174e-01 -1.427965e+00 -7.960886e-01 -9.669027e-01 -7.788429e-01 8.222940e-01 1.465783e+00 3.416604e-01 2.078176e-02 -4.514647e-02
<VARIANCE> 25
 9.601794e+00 1.970704e+01 2.741041e+01 3.517574e+01 3.837220e+01 3.663783e+01 3.330090e+01 3.978284e+01 3.964654e+01 3.881583e+01 2.653191e+01 2.952340e+01 6.906303e-01 1.248652e+00 1.581165e+00 2.488612e+00 2.377481e+00 2.381764e+00 2.657722e+00 3.024526e+00 2.606311e+00 2.579837e+00 2.330236e+00 1.917599e+00 9.438206e-04
<GCONST> 8.797798e+01
<MIXTURE> 44 7.328289e-03
<MEAN> 25
 -1.529706e+01 1.777375e+00 3.670249e+00 -2.886579e+00 2.159505e+00 1.965776e+00 1.629044e+00 1.052033e+00 2.327493e+00 -9.484947e-01 1.962378e+00 2.579262e+00 -2.098541e-01 -1.570625e-01 1.235827e-01 5.327378e-01 -2.548851e-01 4.474015e-02 4.545726e-01 -1.003264e-01 1.036545e-01 7.779867e-02 9.475834e-02 1.387064e-01 5.605235e-03
<VARIANCE> 25
 4.183574e+01 2.874216e+01 3.148495e+01 2.782808e+01 3.281770e+01 3.327152e+01 3.538787e+01 4.322588e+01 2.730278e+01 2.747830e+01 2.478742e+01 1.909658e+01 1.087573e+00 1.555948e+00 1.203187e+00 1.676161e+00 2.345767e+00 2.177009e+00 1.477906e+00 1.828582e+00 1.561600e+00 1.515832e+00 1.385031e+00 1.114799e+00 1.202346e-03
<GCONST> 8.534814e+01
<MIXTURE> 45 1.364932e-02
<MEAN> 25
 -1.245574e+01 3.785721e+00 -2.791099e-01 1.763723e+00 5.203862e+00 7.083882e-01 5.509700e+00 2.407818e+00 3.807317e+00 1.742632e+00 2.620497e+00 3.041301e+00 -2.903841e+00 1.984722e-01 -4.700010e-01 -5.215461e-01 8.068416e-02 1.705856e-01 6.322330e-01 1.391732e-01 1.669470e-01 -1.107882e-01 1.463289e-01 1.936838e-01 1.101764e-01
<VARIANCE> 25
 3.392300e+01 2.778185e+01 3.250354e+01 3.638423e+01 2.950385e+01 3.159529e+01 3.014574e+01 2.425834e+01 2.357426e+01 2.257454e+01 2.429156e+01 1.527673e+01 2.535638e+00 3.541668e+00 2.455060e+00 2.511302e+00 2.490600e+00 2.542999e+00 2.598379e+00 2.116169e+00 2.300272e+00 1.875371e+00 2.023230e+00 1.642950e+00 4.005997e-03
<GCONST> 9.020407e+01
<MIXTURE> 46 9.336259e-03
<MEAN> 25
 -9.594604e+00 2.296840e+00 1.080303e+00 6.876193e+00 4.321184e+00 1.643031e+00 7.285834e+00 3.706286e+00 6.925462e+00 4.083491e+00 4.692912e+00 3.856904e+00 1.145876e+00 -1.503687e-01 -2.232436e-01 8.783804e-01 1.042858e+00 9.692181e-01 2.481275e-01 6.282378e-01 5.666289e-01 3.264250e-01 4.121753e-01 3.857134e-01 -9.429806e-02
<VARIANCE> 25
 3.354948e+01 4.338842e+01 3.519711e+01 4.370646e+01 5.092008e+01 4.108595e+01 3.371636e+01 3.109804e+01 3.583151e+01 2.730919e+01 2.962386e+01 2.070764e+01 3.626857e+00 3.210783e+00 3.380935e+00 3.766045e+00 4.461286e+00 3.886459e+00 3.406746e+00 3.626742e+00 2.658356e+00 2.686986e+00 2.149651e+00 1.480743e+00 6.904458e-03
<GCONST> 9.698926e+01
<MIXTURE> 47 7.116147e-03
<MEAN> 25
 7.482563e+00 -7.260332e+00 -8.258697e+00 -6.371790e+00 1.254969e+00 1.563584e+00 -2.122504e+00 5.275385e-01 2.794938e+00 3.954789e-01 -4.651361e+00 -6.653571e+00 -1.893454e-01 -1.265239e+00 -6.779243e-01 -4.078556e-01 5.242542e-01 7.903819e-01 6.768836e-01 3.249423e-01 1.085939e-01 -8.477818e-01 -4.248914e-01 -5.494071e-01 3.138572e-02
<VARIANCE> 25
 1.037161e+01 2.045591e+01 2.251147e+01 3.560946e+01 3.759109e+01 5.567761e+01 4.576361e+01 4.339795e+01 4.081955e+01 4.441858e+01 4.719935e+01 3.129021e+01 4.817272e-01 7.243795e-01 1.069541e+00 1.802503e+00 1.984599e+00 2.071603e+00 2.650962e+00 2.583044e+00 2.032546e+00 2.206222e+00 2.098216e+00 1.974072e+00 6.051306e-04
<GCONST> 8.648457e+01
<MIXTURE> 48 7.116147e-03
<MEAN> 25
 7.482563e+00 -7.260332e+00 -8.258697e+00 -6.371790e+00 1.254969e+00 1.563584e+00 -2.122504e+00 5.275385e-01 2.794938e+00 3.954789e-01 -4.651361e+00 -6.653571e+00 -1.893454e-01 -1.265239e+00 -6.779243e-01 -4.078556e-01 5.242542e-01 7.903819e-01 6.768836e-01 3.249423e-01 1.085939e-01 -8.477818e-01 -4.248914e-01 -5.494071e-01 3.138572e-02
<VARIANCE> 25
 1.037161e+01 2.045591e+01 2.251147e+01 3.560946e+01 3.759109e+01 5.567761e+01 4.576361e+01 4.339795e+01 4.081955e+01 4.441858e+01 4.719935e+01 3.129021e+01 4.817272e-01 7.243795e-01 1.069541e+00 1.802503e+00 1.984599e+00 2.071603e+00 2.650962e+00 2.583044e+00 2.032546e+00 2.206222e+00 2.098216e+00 1.974072e+00 6.051306e-04
<GCONST> 8.648457e+01
<MIXTURE> 49 5.548473e-03
<MEAN> 25
 -5.141266e+00 6.468865e-01 -7.228468e-03 8.277622e+00 6.268847e+00 5.544854e+00 6.142374e+00 4.236952e+00 5.032305e+00 3.609037e+00 4.971135e+00 3.004168e+00 3.481655e-01 6.431870e-01 6.952660e-01 3.613053e-01 -1.701828e-01 -6.299794e-01 -9.889725e-01 -1.125605e+00 -9.603688e-01 -6.760646e-01 -4.551719e-01 -2.598813e-01 -2.009917e-04
<VARIANCE> 25
 9.503139e+00 1.166192e+01 1.467507e+01 1.646671e+01 1.567114e+01 1.670199e+01 1.889008e+01 2.082739e+01 1.770345e+01 1.853726e+01 2.014304e+01 1.444240e+01 2.797224e-01 2.593805e-01 3.637897e-01 5.967579e-01 8.531517e-01 1.013035e+00 9.859355e-01 1.014395e+00 1.097184e+00 1.177728e+00 1.288703e+00 1.187547e+00 1.593324e-05
<GCONST> 6.448937e+01
<MIXTURE> 50 6.234641e-03
<MEAN> 25
 -4.678044e+00 1.622536e-01 -1.452860e+00 6.160967e+00 4.183397e+00 2.196076e+00 3.704431e+00 1.982920e+00 2.832207e+00 1.458485e+00 2.188587e+00 2.852582e+00 4.999337e-02 1.821691e-01 9.939234e-02 -1.694212e-01 -5.024133e-01 -6.184109e-01 -4.363415e-01 -4.606250e-02 4.425921e-01 7.668469e-01 7.562883e-01 4.317150e-01 -1.675377e-05
<VARIANCE> 25
 1.047366e+01 1.169201e+01 1.424017e+01 1.550558e+01 1.544827e+01 1.932414e+01 1.846020e+01 1.934051e+01 1.875498e+01 1.775756e+01 2.161994e+01 1.509822e+01 1.488916e-01 2.437010e-01 3.781207e-01 5.214818e-01 6.055363e-01 7.314760e-01 9.643620e-01 1.113255e+00 1.053885e+00 9.098035e-01 9.535547e-01 1.007768e+00 9.978415e-07
<GCONST> 5.974226e+01
<MIXTURE> 51 6.234641e-03
<MEAN> 25
 -4.678044e+00 1.622536e-01 -1.452860e+00 6.160967e+00 4.183397e+00 2.196076e+00 3.704431e+00 1.982920e+00 2.832207e+00 1.458485e+00 2.188587e+00 2.852582e+00 4.999337e-02 1.821691e-01 9.939234e-02 -1.694212e-01 -5.024133e-01 -6.184109e-01 -4.363415e-01 -4.606250e-02 4.425921e-01 7.668469e-01 7.562883e-01 4.317150e-01 -1.675377e-05
<VARIANCE> 25
 1.047366e+01 1.169201e+01 1.424017e+01 1.550558e+01 1.544827e+01 1.932414e+01 1.846020e+01 1.934051e+01 1.875498e+01 1.775756e+01 2.161994e+01 1.509822e+01 1.488916e-01 2.437010e-01 3.781207e-01 5.214818e-01 6.055363e-01 7.314760e-01 9.643620e-01 1.113255e+00 1.053885e+00 9.098035e-01 9.535547e-01 1.007768e+00 9.978415e-07
<GCONST> 5.974226e+01
<MIXTURE> 52 6.367945e-03
<MEAN> 25
 1.002105e+01 1.847018e+00 -6.047036e+00 -1.424490e+01 -4.066967e+00 8.761457e+00 -2.990316e+00 -2.972229e+00 -4.818760e+00 -2.203806e+00 3.855358e+00 4.243754e-01 -3.684857e-01 -5.372138e-01 -7.936998e-02 1.112936e+00 1.353257e+00 -5.247112e-01 -6.600283e-01 -5.863712e-01 8.650130e-02 1.347492e+00 3.619095e-01 -5.803372e-01 -1.216061e-02
<VARIANCE> 25
 8.928808e+00 1.998871e+01 2.431081e+01 3.646688e+01 4.361054e+01 2.979192e+01 4.509169e+01 4.635764e+01 4.338504e+01 4.377287e+01 4.191301e+01 2.996788e+01 4.287041e-01 1.451344e+00 1.238761e+00 2.624244e+00 2.206653e+00 2.127982e+00 2.872305e+00 2.736048e+00 2.869518e+00 2.688216e+00 2.400766e+00 2.170919e+00 1.505218e-03
<GCONST> 8.892599e+01
<MIXTURE> 53 6.367945e-03
<MEAN> 25
 1.002105e+01 1.847018e+00 -6.047036e+00 -1.424490e+01 -4.066967e+00 8.761457e+00 -2.990316e+00 -2.972229e+00 -4.818760e+00 -2.203806e+00 3.855358e+00 4.243754e-01 -3.684857e-01 -5.372138e-01 -7.936998e-02 1.112936e+00 1.353257e+00 -5.247112e-01 -6.600283e-01 -5.863712e-01 8.650130e-02 1.347492e+00 3.619095e-01 -5.803372e-01 -1.216061e-02
<VARIANCE> 25
 8.928808e+00 1.998871e+01 2.431081e+01 3.646688e+01 4.361054e+01 2.979192e+01 4.509169e+01 4.635764e+01 4.338504e+01 4.377287e+01 4.191301e+01 2.996788e+01 4.287041e-01 1.451344e+00 1.238761e+00 2.624244e+00 2.206653e+00 2.127982e+00 2.872305e+00 2.736048e+00 2.869518e+00 2.688216e+00 2.400766e+00 2.170919e+00 1.505218e-03
<GCONST> 8.892599e+01
<MIXTURE> 54 7.368620e-03
<MEAN> 25
 -3.665282e+00 9.237169e-02 -6.953139e-01 8.009690e+00 6.502387e+00 4.611565e+00 4.723602e+00 4.593422e+00 4.097878e+00 3.581085e+00 4.452851e+00 2.366499e+00 -3.094637e-03 2.671423e-02 3.463314e-02 4.911288e-02 5.766358e-02 4.908623e-02 3.831432e-02 2.650995e-02 2.168354e-02 2.010159e-02 2.109884e-02 -2.834310e-03 -9.376111e-06
<VARIANCE> 25
 9.229275e+00 1.057870e+01 9.266250e+00 1.817674e+01 1.334899e+01 1.348624e+01 1.224813e+01 1.122034e+01 1.157549e+01 1.349221e+01 1.773716e+01 1.271698e+01 4.111453e-02 8.695812e-02 1.535369e-01 2.257053e-01 3.120706e-01 3.949905e-01 4.596014e-01 5.209253e-01 5.518356e-01 5.221858e-01 5.182057e-01 5.214185e-01 1.003716e-06
<GCONST> 4.735683e+01
<MIXTURE> 55 7.368620e-03
<MEAN> 25
 -3.665282e+00 9.237169e-02 -6.953139e-01 8.009690e+00 6.502387e+00 4.611565e+00 4.723602e+00 4.593422e+00 4.097878e+00 3.581085e+00 4.452851e+00 2.366499e+00 -3.094637e-03 2.671423e-02 3.463314e-02 4.911288e-02 5.766358e-02 4.908623e-02 3.831432e-02 2.650995e-02 2.168354e-02 2.010159e-02 2.109884e-02 -2.834310e-03 -9.376111e-06
<VARIANCE> 25
 9.229275e+00 1.057870e+01 9.266250e+00 1.817674e+01 1.334899e+01 1.348624e+01 1.224813e+01 1.122034e+01 1.157549e+01 1.349221e+01 1.773716e+01 1.271698e+01 4.111453e-02 8.695812e-02 1.535369e-01 2.257053e-01 3.120706e-01 3.949905e-01 4.596014e-01 5.209253e-01 5.518356e-01 5.221858e-01 5.182057e-01 5.214185e-01 1.003716e-06
<GCONST> 4.735683e+01
<MIXTURE> 56 6.132464e-03
<MEAN> 25
 7.532367e+00 -6.527329e+00 -8.733218e+00 -8.340187e+00 3.767142e+00 4.056948e+00 -3.156880e+00 -1.530613e+00 1.322541e+00 6.515447e-01 -1.568193e+00 -7.405480e+00 -3.830838e-02 4.534874e-02 -9.675938e-02 4.074373e-02 1.904232e-01 1.142706e-01 1.110608e-01 -1.979028e-01 1.988802e-04 -9.156391e-02 -5.653958e-02 -4.893734e-03 -6.624179e-03
<VARIANCE> 25
 8.743741e+00 2.263439e+01 2.130072e+01 4.003682e+01 3.164161e+01 4.804277e+01 7.103162e+01 3.459127e+01 4.193922e+01 3.533757e+01 4.935136e+01 3.006960e+01 2.048998e-01 4.140457e-01 4.543695e-01 7.308280e-01 8.173154e-01 1.108415e+00 8.836729e-01 9.238421e-01 8.826598e-01 9.092874e-01 1.030007e+00 7.447420e-01 2.268235e-04
<GCONST> 7.497269e+01
<MIXTURE> 57 6.132464e-03
<MEAN> 25
 7.532367e+00 -6.527329e+00 -8.733218e+00 -8.340187e+00 3.767142e+00 4.056948e+00 -3.156880e+00 -1.530613e+00 1.322541e+00 6.515447e-01 -1.568193e+00 -7.405480e+00 -3.830838e-02 4.534874e-02 -9.675938e-02 4.074373e-02 1.904232e-01 1.142706e-01 1.110608e-01 -1.979028e-01 1.988802e-04 -9.156391e-02 -5.653958e-02 -4.893734e-03 -6.624179e-03
<VARIANCE> 25
 8.743741e+00 2.263439e+01 2.130072e+01 4.003682e+01 3.164161e+01 4.804277e+01 7.103162e+01 3.459127e+01 4.193922e+01 3.533757e+01 4.935136e+01 3.006960e+01 2.048998e-01 4.140457e-01 4.543695e-01 7.308280e-01 8.173154e-01 1.108415e+00 8.836729e-01 9.238421e-01 8.826598e-01 9.092874e-01 1.030007e+00 7.447420e-01 2.268235e-04
<GCONST> 7.497269e+01
<MIXTURE> 58 6.172147e-03
<MEAN> 25
 2.570230e+00 -3.925201e+00 7.422843e+00 -5.553108e+00 -1.268148e+01 -5.413536e+00 3.475058e-01 2.886247e+00 -3.210245e+00 2.645940e+00 9.019789e-01 -1.866428e-01 -1.057482e-01 8.270438e-02 -6.397685e-02 -2.789147e-01 -3.535377e-02 -3.484067e-02 5.143059e-01 5.670321e-02 2.776126e-02 1.016210e-01 -1.292724e-01 -5.373678e-02 -1.189643e-02
<VARIANCE> 25
 6.534664e+00 2.043118e+01 1.933562e+01 2.217180e+01 1.810898e+01 3.693852e+01 2.944496e+01 3.825063e+01 3.255461e+01 2.389870e+01 1.719580e+01 1.700876e+01 2.492079e-01 7.456204e-01 8.348732e-01 8.970488e-01 9.250592e-01 1.308641e+00 1.046715e+00 1.189860e+00 9.500328e-01 8.684968e-01 8.391896e-01 6.789165e-01 9.002803e-04
<GCONST> 7.344018e+01
<MIXTURE> 59 6.172147e-03
<MEAN> 25
 2.570230e+00 -3.925201e+00 7.422843e+00 -5.553108e+00 -1.268148e+01 -5.413536e+00 3.475058e-01 2.886247e+00 -3.210245e+00 2.645940e+00 9.019789e-01 -1.866428e-01 -1.057482e-01 8.270438e-02 -6.397685e-02 -2.789147e-01 -3.535377e-02 -3.484067e-02 5.143059e-01 5.670321e-02 2.776126e-02 1.016210e-01 -1.292724e-01 -5.373678e-02 -1.189643e-02
<VARIANCE> 25
 6.534664e+00 2.043118e+01 1.933562e+01 2.217180e+01 1.810898e+01 3.693852e+01 2.944496e+01 3.825063e+01 3.255461e+01 2.389870e+01 1.719580e+01 1.700876e+01 2.492079e-01 7.456204e-01 8.348732e-01 8.970488e-01 9.250592e-01 1.308641e+00 1.046715e+00 1.189860e+00 9.500328e-01 8.684968e-01 8.391896e-01 6.789165e-01 9.002803e-04
<GCONST> 7.344018e+01
<MIXTURE> 60 4.479129e-03
<MEAN> 25
 -4.267061e+00 -6.566419e-01 -1.089407e+00 3.705469e+00 1.743232e+00 2.112358e+00 1.637781e+00 1.531025e+00 2.168965e+00 1.257275e+00 2.385749e+00 1.924555e+00 -2.868415e-02 5.724495e-02 1.008306e-01 1.294527e-01 1.286198e-01 1.298099e-01 1.786948e-01 3.215941e-01 5.451462e-01 6.629930e-01 5.561641e-01 3.033269e-01 -4.040325e-04
<VARIANCE> 25
 6.927924e+00 4.567030e+00 1.028055e+01 1.134097e+01 1.365744e+01 1.700836e+01 1.397996e+01 1.184346e+01 1.278933e+01 1.321769e+01 1.591902e+01 1.232783e+01 8.684051e-02 1.685313e-01 2.791539e-01 4.317392e-01 5.863043e-01 7.272030e-01 8.272217e-01 8.984361e-01 9.015999e-01 8.364298e-01 8.381112e-01 8.615435e-01 2.305303e-05
<GCONST> 5.635193e+01
<MIXTURE> 61 4.479129e-03
<MEAN> 25
 -4.267061e+00 -6.566419e-01 -1.089407e+00 3.705469e+00 1.743232e+00 2.112358e+00 1.637781e+00 1.531025e+00 2.168965e+00 1.257275e+00 2.385749e+00 1.924555e+00 -2.868415e-02 5.724495e-02 1.008306e-01 1.294527e-01 1.286198e-01 1.298099e-01 1.786948e-01 3.215941e-01 5.451462e-01 6.629930e-01 5.561641e-01 3.033269e-01 -4.040325e-04
<VARIANCE> 25
 6.927924e+00 4.567030e+00 1.028055e+01 1.134097e+01 1.365744e+01 1.700836e+01 1.397996e+01 1.184346e+01 1.278933e+01 1.321769e+01 1.591902e+01 1.232783e+01 8.684051e-02 1.685313e-01 2.791539e-01 4.317392e-01 5.863043e-01 7.272030e-01 8.272217e-01 8.984361e-01 9.015999e-01 8.364298e-01 8.381112e-01 8.615435e-01 2.305303e-05
<GCONST> 5.635193e+01
<MIXTURE> 62 3.278034e-03
<MEAN> 25
 -5.138257e+00 1.505946e+00 8.501505e-01 8.616537e+00 6.180921e+00 4.955663e+00 5.530844e+00 3.902961e+00 5.154085e+00 3.770879e+00 4.974279e+00 3.082643e+00 -9.843102e-01 -1.152657e+00 -9.444156e-01 -2.689336e-01 4.277445e-01 9.523903e-01 1.356674e+00 1.544586e+00 1.454503e+00 1.234477e+00 1.011063e+00 7.559609e-01 -1.312870e-03
<VARIANCE> 25
 9.580148e+00 1.143001e+01 1.348324e+01 1.726358e+01 1.687026e+01 1.712961e+01 1.910111e+01 1.889727e+01 1.893038e+01 1.891991e+01 2.098908e+01 1.477030e+01 3.973483e-01 4.221018e-01 5.433229e-01 7.535839e-01 1.003928e+00 1.229373e+00 1.257057e+00 1.234671e+00 1.299433e+00 1.320895e+00 1.431143e+00 1.351576e+00 1.652202e-05
<GCONST> 6.742638e+01
<MIXTURE> 63 4.351215e-03
<MEAN> 25
 -4.344183e+00 -3.048829e-01 -4.326370e+00 3.004680e+00 3.389222e+00 -8.972928e-01 3.788047e+00 1.125369e+00 3.732455e+00 -3.420139e-01 -9.823717e-01 2.980598e+00 -1.261740e-01 3.898769e-01 3.638344e-01 4.269801e-01 4.255148e-01 5.325433e-01 3.263061e-01 -1.027724e-01 7.778461e-02 2.724148e-01 1.688380e-01 2.232295e-01 -7.206167e-03
<VARIANCE> 25
 7.688704e+00 2.361860e+01 1.470092e+01 2.181590e+01 2.462608e+01 2.712557e+01 2.300384e+01 2.457622e+01 2.574596e+01 2.209364e+01 2.098739e+01 1.544276e+01 2.454927e-01 3.897857e-01 5.833347e-01 6.362771e-01 8.221835e-01 1.237005e+00 1.221249e+00 1.372879e+00 1.259262e+00 1.271183e+00 1.460982e+00 1.173889e+00 1.865091e-04
<GCONST> 7.150442e+01
<MIXTURE> 64 4.351215e-03
<MEAN> 25
 -4.344183e+00 -3.048829e-01 -4.326370e+00 3.004680e+00 3.389222e+00 -8.972928e-01 3.788047e+00 1.125369e+00 3.732455e+00 -3.420139e-01 -9.823717e-01 2.980598e+00 -1.261740e-01 3.898769e-01 3.638344e-01 4.269801e-01 4.255148e-01 5.325433e-01 3.263061e-01 -1.027724e-01 7.778461e-02 2.724148e-01 1.688380e-01 2.232295e-01 -7.206167e-03
<VARIANCE> 25
 7.688704e+00 2.361860e+01 1.470092e+01 2.181590e+01 2.462608e+01 2.712557e+01 2.300384e+01 2.457622e+01 2.574596e+01 2.209364e+01 2.098739e+01 1.544276e+01 2.454927e-01 3.897857e-01 5.833347e-01 6.362771e-01 8.221835e-01 1.237005e+00 1.221249e+00 1.372879e+00 1.259262e+00 1.271183e+00 1.460982e+00 1.173889e+00 1.865091e-04
<GCONST> 7.150442e+01
<MIXTURE> 65 1.721197e-02
<MEAN> 25
 8.020597e+00 2.059851e+00 1.941451e+00 6.261472e-01 -5.379563e+00 -4.297488e+00 -5.983558e+00 -6.760687e+00 -3.846415e+00 -2.303845e+00 -5.420270e+00 -1.973906e+00 1.723789e-01 1.219059e-01 1.986568e-02 1.408825e-01 -1.766385e-01 2.647546e-01 -1.160782e-01 -1.768004e-01 1.926916e-01 7.856430e-03 -5.008626e-02 -1.480038e-01 -4.609222e-03
<VARIANCE> 25
 1.000850e+01 1.938278e+01 2.581433e+01 3.618767e+01 3.839685e+01 5.874076e+01 5.976095e+01 5.913263e+01 5.590399e+01 5.804420e+01 5.806591e+01 5.176120e+01 5.554243e-01 9.528355e-01 1.630980e+00 1.815424e+00 2.010303e+00 2.216697e+00 2.303042e+00 2.977021e+00 2.445698e+00 2.488739e+00 2.436939e+00 2.131804e+00 4.231802e-04
<GCONST> 8.959342e+01
<MIXTURE> 66 1.191532e-02
<MEAN> 25
 6.957015e+00 -4.236275e+00 -6.242178e+00 -4.058864e+00 1.112761e+00 -3.763373e+00 -7.499519e+00 1.437104e+00 3.620887e-01 -2.593976e+00 -6.907310e+00 -3.438612e+00 -1.825346e-01 1.784049e+00 2.342327e+00 2.088437e+00 -8.605123e-01 -1.376842e+00 6.219536e-02 -3.858855e-01 4.629882e-02 -1.347399e-01 -4.626801e-01 1.014937e+00 -6.648482e-02
<VARIANCE> 25
 8.180087e+00 2.008027e+01 2.953519e+01 3.171984e+01 3.341207e+01 5.548862e+01 5.359759e+01 3.970924e+01 4.707388e+01 5.916546e+01 3.841806e+01 3.192173e+01 1.210312e+00 2.273215e+00 2.109827e+00 2.479651e+00 4.499274e+00 3.858518e+00 3.986493e+00 4.738230e+00 4.085000e+00 4.720564e+00 3.837980e+00 2.938856e+00 1.448287e-03
<GCONST> 9.542735e+01
<MIXTURE> 67 1.559142e-02
<MEAN> 25
 8.805618e+00 1.824631e+00 -6.003071e+00 -7.240730e+00 8.983998e-01 2.984414e+00 -3.718244e+00 -1.885054e+00 -3.432249e+00 5.649774e-01 -1.674927e+00 -1.890947e+00 -1.143456e+00 1.934417e+00 1.056895e+00 2.856126e+00 1.482158e+00 -5.917664e-01 1.430736e+00 -2.267152e-02 3.271269e-01 4.520158e-01 -2.982990e-01 4.826426e-01 -1.315538e-01
<VARIANCE> 25
 1.084391e+01 3.597852e+01 2.955645e+01 6.047222e+01 4.507325e+01 4.934022e+01 5.887746e+01 4.969721e+01 6.048173e+01 5.414104e+01 7.403315e+01 4.345736e+01 2.034322e+00 3.242891e+00 3.143865e+00 4.521362e+00 4.176000e+00 4.215529e+00 4.554129e+00 4.823972e+00 5.219742e+00 4.703288e+00 4.725863e+00 3.611372e+00 2.828113e-03
<GCONST> 1.019290e+02
<MIXTURE> 68 1.485092e-02
<MEAN> 25
 -1.077383e+00 -2.254925e+00 -4.402535e+00 1.664466e+00 6.772626e+00 -2.039917e-01 4.221996e+00 1.332828e+00 2.074042e+00 4.339491e-01 -1.273183e+00 2.601171e+00 2.962091e+00 3.409329e-01 5.549619e-02 -2.358235e+00 -2.146999e+00 -1.292671e+00 -1.768877e+00 -1.335276e+00 -1.852186e+00 -7.570823e-01 -1.850505e+00 -1.262420e+00 1.089577e-01
<VARIANCE> 25
 2.998814e+01 3.203607e+01 5.137486e+01 4.365688e+01 4.008538e+01 4.696328e+01 5.184489e+01 3.563032e+01 3.736924e+01 4.250850e+01 3.731754e+01 2.103214e+01 1.656190e+00 3.526509e+00 6.406933e+00 8.986427e+00 7.140902e+00 4.776025e+00 5.460084e+00 4.745398e+00 3.949677e+00 5.983530e+00 5.716001e+00 2.680648e+00 6.334299e-03
<GCONST> 1.030602e+02
<MIXTURE> 69 1.204884e-02
<MEAN> 25
 4.774097e+00 -4.311013e+00 -3.368963e+00 -3.262433e+00 -2.625645e+00 -7.256300e+00 -2.690760e-01 2.398814e+00 -6.345773e-01 -4.818062e+00 -5.917197e+00 1.166169e+00 1.761321e+00 -2.077238e+00 -1.340749e+00 -2.187857e+00 -5.104387e-01 -3.546267e-01 -5.949916e-01 5.955788e-01 -7.250360e-01 -1.153126e+00 -2.248387e+00 -2.647045e-01 6.169648e-02
<VARIANCE> 25
 8.639012e+00 2.119005e+01 2.598552e+01 2.669374e+01 5.083416e+01 3.899321e+01 5.550441e+01 3.211759e+01 3.842654e+01 3.749224e+01 2.994292e+01 2.386620e+01 3.480248e+00 3.273874e+00 3.282894e+00 3.528723e+00 5.639415e+00 4.763310e+00 6.919015e+00 5.802279e+00 5.685305e+00 6.832739e+00 4.450796e+00 3.631054e+00 2.397929e-03
<GCONST> 9.889622e+01
<MIXTURE> 70 1.329190e-02
<MEAN> 25
 7.899864e+00 -2.023865e+00 -5.133879e+00 -2.521226e+00 3.773518e-01 7.367786e-01 -6.404370e+00 -5.110410e+00 -7.366839e-02 2.380069e+00 -1.597759e+00 -4.746174e+00 1.952827e+00 -1.180360e+00 -1.312760e+00 -2.177899e+00 -1.912860e+00 1.814281e+00 -1.984345e+00 -1.983216e-01 -2.220685e-01 1.325358e-01 1.164591e+00 -1.482382e+00 4.870890e-02
<VARIANCE> 25
 8.963332e+00 1.700059e+01 3.590072e+01 4.222105e+01 3.905267e+01 4.042876e+01 6.675739e+01 3.536609e+01 3.572976e+01 3.227155e+01 7.161362e+01 2.170118e+01 3.376843e+00 2.495291e+00 4.235906e+00 5.363204e+00 5.643910e+00 5.339878e+00 6.144583e+00 8.297782e+00 6.790848e+00 4.698624e+00 5.554662e+00 3.073157e+00 2.232286e-03
<GCONST> 1.006144e+02
<MIXTURE> 71 1.406903e-02
<MEAN> 25
 6.217142e+00 5.434125e+00 4.083233e+00 3.039372e+00 -2.937164e+00 -3.145649e+00 -2.673491e+00 -6.735272e+00 -4.377709e+00 -2.811306e+00 -5.283995e+00 -3.089427e+00 -1.524059e+00 -7.147424e-01 -3.464083e-01 -1.773900e+00 1.006112e+00 2.104997e-03 1.421898e-01 1.395540e+00 1.434251e-01 -1.747859e-01 8.006407e-01 1.564254e-01 4.227650e-02
<VARIANCE> 25
 1.824847e+01 2.486068e+01 2.329129e+01 4.236807e+01 4.204969e+01 3.915707e+01 4.774987e+01 3.900261e+01 3.784103e+01 4.276874e+01 3.438919e+01 3.283878e+01 1.703412e+00 2.872407e+00 5.095118e+00 4.580496e+00 4.660321e+00 4.763066e+00 4.716064e+00 5.347714e+00 4.453776e+00 3.848178e+00 3.616300e+00 3.103027e+00 1.367205e-03
<GCONST> 9.804304e+01
<MIXTURE> 72 8.134747e-03
<MEAN> 25
 3.769945e+00 -3.888144e+00 6.958205e+00 -3.245464e-01 -1.003143e+01 -9.790697e+00 -3.739613e+00 3.101527e+00 -7.186991e+00 -2.933007e+00 -6.639295e-01 2.078169e-01 9.426697e-01 -8.165148e-01 -2.534166e+00 1.793448e-01 2.183040e+00 -8.810066e-01 -1.667829e+00 1.616601e+00 1.809621e+00 -6.235420e-01 -1.097720e+00 4.962929e-01 -9.210317e-04
<VARIANCE> 25
 8.795096e+00 1.599958e+01 3.599332e+01 4.705724e+01 2.751245e+01 2.797026e+01 4.128831e+01 3.600152e+01 5.465689e+01 3.614046e+01 3.762817e+01 2.450183e+01 3.512154e-01 8.543131e-01 1.871578e+00 1.494212e+00 1.814178e+00 2.333969e+00 3.097570e+00 2.386584e+00 2.178382e+00 2.559594e+00 1.853930e+00 1.847742e+00 6.212246e-04
<GCONST> 8.552744e+01
<MIXTURE> 73 1.213625e-02
<MEAN> 25
 -5.447852e+00 1.738635e-01 -2.183695e+00 4.676331e+00 5.186060e+00 2.709095e+00 6.009231e+00 1.999316e+00 4.885446e+00 2.418024e+00 3.332118e+00 3.456963e+00 1.160397e+00 -1.374309e+00 -1.003887e+00 -2.618090e+00 -7.991848e-01 -1.273169e+00 -5.268416e-01 -2.930496e-01 -1.064699e+00 -6.190707e-01 -1.339416e+00 -3.832699e-01 1.572960e-01
<VARIANCE> 25
 1.064640e+01 1.948248e+01 1.700952e+01 2.314652e+01 2.326752e+01 1.985806e+01 1.757821e+01 2.111911e+01 1.554772e+01 1.947083e+01 2.079425e+01 1.375349e+01 4.410229e+00 3.326460e+00 4.935941e+00 5.178928e+00 6.152244e+00 4.449814e+00 4.109313e+00 4.174380e+00 3.378041e+00 3.786071e+00 3.230950e+00 2.368257e+00 3.632754e-03
<GCONST> 9.172324e+01
<MIXTURE> 74 1.756491e-02
<MEAN> 25
 3.388561e+00 -1.543244e+00 4.919734e+00 -2.923171e+00 -9.355428e+00 -8.742118e+00 -6.913416e-01 2.243834e+00 -3.635840e+00 -5.808947e-02 -1.230519e+00 5.028238e-01 -5.534427e-02 2.147784e+00 -4.124596e-01 1.533572e+00 1.197198e+00 -1.211447e-01 8.245277e-01 -1.282308e+00 1.085543e+00 -2.457932e-01 -3.077155e-01 1.791420e-01 -8.653368e-02
<VARIANCE> 25
 8.785924e+00 1.744531e+01 2.689633e+01 3.020356e+01 2.408589e+01 2.819972e+01 3.756560e+01 3.395726e+01 4.754152e+01 3.458548e+01 3.003701e+01 2.385292e+01 1.311427e+00 1.318029e+00 2.639642e+00 1.630168e+00 2.950959e+00 2.828254e+00 3.603133e+00 2.602471e+00 5.602804e+00 2.581685e+00 2.467197e+00 2.208980e+00 1.186253e-03
<GCONST> 8.932760e+01
<MIXTURE> 75 9.711651e-03
<MEAN> 25
 2.751856e+00 -1.424543e+00 1.052178e+01 2.417079e+00 -1.176967e+01 -7.226034e+00 -4.546797e+00 -1.010613e-01 -5.386328e+00 -3.927070e+00 2.895139e+00 -3.460498e-01 1.667308e+00 -1.684626e+00 5.238421e-01 -4.484540e-01 -2.512457e+00 -4.770554e-01 -1.371401e+00 1.073977e+00 -3.620095e-01 -3.447425e-01 1.008479e+00 -3.839598e-01 4.413282e-02
<VARIANCE> 25
 9.556540e+00 1.553575e+01 3.131702e+01 2.703458e+01 2.374508e+01 3.042035e+01 2.609615e+01 2.673930e+01 3.612881e+01 2.863625e+01 1.865251e+01 2.005155e+01 2.106282e+00 1.710516e+00 4.680730e+00 2.239531e+00 4.816955e+00 3.874717e+00 3.666832e+00 3.013932e+00 3.872814e+00 3.157051e+00 2.689706e+00 2.444195e+00 1.624319e-03
<GCONST> 9.060977e+01
<MIXTURE> 76 1.052359e-02
<MEAN> 25
 -7.312093e+00 -3.386553e-01 -2.586932e+00 3.139959e+00 4.329897e+00 2.216613e+00 5.198308e+00 9.128099e-01 3.372117e+00 6.103199e-01 1.494547e+00 2.928031e+00 -1.210830e-01 -5.351715e-01 -2.128800e-01 -5.703240e-01 -6.421794e-01 -8.277838e-01 -6.041362e-01 -5.068044e-01 -5.501217e-01 -4.650388e-01 -3.155360e-01 -1.160196e-01 1.890070e-02
<VARIANCE> 25
 3.842188e+01 3.084403e+01 3.067466e+01 3.169207e+01 3.080150e+01 2.917284e+01 3.121666e+01 3.154959e+01 2.304555e+01 2.552619e+01 2.481667e+01 1.770103e+01 9.686489e-01 1.168119e+00 1.319718e+00 1.392101e+00 1.640110e+00 1.666140e+00 1.596898e+00 1.938639e+00 1.484102e+00 1.463361e+00 1.594985e+00 1.167770e+00 1.158632e-03
<GCONST> 8.356374e+01
<MIXTURE> 77 1.244626e-02
<MEAN> 25
 -4.672555e-01 8.586844e+00 1.245347e+01 -1.161257e+01 -7.008509e+00 9.506425e-01 -9.272660e+00 -7.237125e+00 -3.367228e+00 -1.971641e-01 -4.654774e+00 -1.483548e+00 6.767927e-02 1.384950e-01 7.316979e-02 2.506408e-01 -2.117136e-02 7.905614e-02 -6.454074e-02 -6.221115e-02 8.238291e-02 -4.491662e-02 2.552042e-02 1.188531e-01 -9.944084e-03
<VARIANCE> 25
 1.043640e+01 2.005004e+01 2.765707e+01 4.166687e+01 3.317451e+01 3.385749e+01 3.679805e+01 3.175874e+01 3.536341e+01 3.320430e+01 3.756843e+01 3.493916e+01 2.989510e-01 7.791889e-01 6.453034e-01 1.085468e+00 1.238453e+00 9.860507e-01 1.222956e+00 1.073583e+00 1.043184e+00 1.065621e+00 9.710302e-01 9.223796e-01 5.407893e-04
<GCONST> 7.780797e+01
<MIXTURE> 78 9.702551e-03
<MEAN> 25
 -1.170359e+01 5.897584e-01 -2.391333e-01 3.508764e+00 2.647778e+00 -2.054077e+00 5.881202e+00 1.775408e+00 3.583752e+00 -2.994704e-01 -3.788229e-01 3.834862e+00 2.169698e+00 -1.182350e-01 -1.448196e-01 7.332946e-01 5.935218e-01 -1.160582e-01 -5.438485e-01 2.178192e-01 4.730470e-01 1.668271e-01 -4.568007e-01 -4.490041e-01 -5.724508e-02
<VARIANCE> 25
 4.003635e+01 3.083785e+01 3.086505e+01 3.162665e+01 5.003214e+01 2.963354e+01 3.559615e+01 3.201664e+01 2.992651e+01 2.840120e+01 2.515536e+01 1.878181e+01 4.343901e+00 1.991999e+00 2.449423e+00 2.998676e+00 3.861760e+00 3.574827e+00 3.148206e+00 3.464317e+00 2.824596e+00 1.851521e+00 2.127650e+00 1.647543e+00 4.385831e-03
<GCONST> 9.383790e+01
<MIXTURE> 79 1.156824e-02
<MEAN> 25
 2.378743e+00 1.522858e+00 9.067170e+00 -6.570309e+00 -1.204387e+01 -1.974346e+00 -1.873026e+00 -6.272066e+00 -6.650385e+00 4.507121e-01 -3.471081e+00 -3.265811e+00 1.188602e+00 -4.950049e-01 -1.439654e+00 2.320247e+00 3.718456e-01 -1.489350e+00 5.447856e-01 8.586941e-01 -3.868456e-01 -5.519360e-01 3.589754e-01 2.646770e-01 -3.708594e-02
<VARIANCE> 25
 1.406274e+01 2.384640e+01 3.838960e+01 4.940050e+01 3.284990e+01 4.386801e+01 4.216806e+01 3.805108e+01 3.861397e+01 4.003762e+01 4.322096e+01 3.019485e+01 9.801428e-01 2.275426e+00 1.860814e+00 2.105943e+00 2.434134e+00 2.772969e+00 3.149868e+00 3.525867e+00 2.628778e+00 2.687463e+00 2.281367e+00 2.014075e+00 1.255731e-03
<GCONST> 9.176589e+01
<MIXTURE> 80 7.550998e-03
<MEAN> 25
 -1.461111e+01 3.980045e+00 6.945875e-01 2.866120e+00 2.445914e+00 1.412353e+00 6.403549e+00 2.489455e+00 2.718455e+00 2.366378e+00 4.847668e+00 1.188522e+00 4.283778e+00 -1.687379e-02 1.636009e+00 -1.133739e+00 -2.887761e+00 -2.777114e+00 -2.322438e+00 -2.021171e+00 -1.973241e+00 -1.684343e+00 -1.649824e+00 -6.020023e-01 -4.418361e-02
<VARIANCE> 25
 2.094310e+01 1.984669e+01 3.446940e+01 3.474895e+01 3.017505e+01 2.919629e+01 2.832100e+01 2.862075e+01 2.675212e+01 2.885537e+01 2.686840e+01 1.811967e+01 2.366530e+00 2.665124e+00 2.676524e+00 4.121785e+00 3.398966e+00 2.703561e+00 3.024502e+00 3.203218e+00 2.755885e+00 2.700624e+00 2.781380e+00 2.144977e+00 1.514031e-03
<GCONST> 9.141239e+01
<MIXTURE> 81 8.025434e-03
<MEAN> 25
 -1.118581e+00 4.067304e+00 1.018019e+01 -1.480476e+01 -9.080966e+00 -1.422698e+00 -6.767505e+00 -8.426407e+00 -4.151576e+00 -4.160831e-01 -7.575184e+00 -2.246905e+00 1.338995e-01 -5.872746e-01 -2.670377e-03 -5.564665e-01 -4.640837e-01 3.351754e-01 3.198579e-01 1.369613e-01 -1.403914e-01 1.066214e-01 -4.695022e-01 -1.252904e-01 1.151198e-02
<VARIANCE> 25
 1.015261e+01 3.280777e+01 2.645168e+01 2.926326e+01 3.370548e+01 3.052444e+01 4.544971e+01 2.825636e+01 3.799607e+01 3.189070e+01 2.529856e+01 3.105246e+01 7.722399e-01 2.277444e+00 1.546081e+00 2.872725e+00 2.663385e+00 2.126266e+00 3.280941e+00 2.288023e+00 2.355586e+00 2.539209e+00 2.298735e+00 2.078598e+00 1.183504e-03
<GCONST> 8.868609e+01
<MIXTURE> 82 8.213053e-03
<MEAN> 25
 -9.964609e+00 -3.871900e+00 1.610001e+00 -2.968688e+00 3.116613e+00 6.970800e-01 2.047761e+00 9.077412e-01 2.997910e+00 1.718611e+00 1.731391e+00 3.106690e+00 -1.304708e+00 -1.377361e-01 2.876784e-01 -2.589999e+00 -1.097828e+00 -1.259823e+00 -1.005925e+00 -8.650115e-01 -3.204276e-01 -4.839124e-01 -3.295467e-01 -9.490307e-02 1.779206e-01
<VARIANCE> 25
 1.817840e+01 2.508828e+01 3.264055e+01 3.079808e+01 3.289135e+01 3.226423e+01 3.217691e+01 3.305120e+01 3.076802e+01 2.505725e+01 3.065211e+01 1.749167e+01 3.770043e+00 3.061220e+00 3.301966e+00 3.290477e+00 3.579252e+00 3.278085e+00 2.949817e+00 3.038804e+00 2.791159e+00 2.484953e+00 2.470819e+00 1.856905e+00 3.479931e-03
<GCONST> 9.313760e+01
<MIXTURE> 83 1.167529e-02
<MEAN> 25
 -2.001534e+01 5.337852e+00 -1.561768e+00 -5.426723e-01 7.602960e+00 -9.505097e-01 5.804541e+00 2.993338e+00 1.363108e+00 2.031864e+00 7.339517e-01 3.048470e+00 -5.130431e-02 -4.894596e-01 8.016143e-03 -3.207802e-01 -5.568155e-01 -1.361069e-01 -1.187829e-01 -1.815019e-01 -5.778268e-02 -7.074377e-02 -6.293553e-02 -3.198582e-02 5.358788e-03
<VARIANCE> 25
 8.617483e+00 1.693023e+01 2.942853e+01 2.251284e+01 2.246264e+01 2.616800e+01 2.542744e+01 2.296352e+01 2.083928e+01 2.247975e+01 2.261106e+01 1.503154e+01 1.056475e+00 9.648603e-01 1.207309e+00 1.108202e+00 1.439481e+00 1.279852e+00 1.280720e+00 1.608852e+00 1.332623e+00 1.311082e+00 1.225654e+00 1.047873e+00 8.998809e-04
<GCONST> 7.758929e+01
<MIXTURE> 84 1.066614e-02
<MEAN> 25
 1.230643e+00 9.049456e+00 7.244987e+00 7.907566e+00 2.739119e+00 -1.080340e+00 -8.130114e-01 -4.439072e+00 -3.854280e+00 -2.827058e+00 -2.405349e+00 -1.118830e+00 -1.819552e+00 -9.883853e-01 -1.172168e+00 1.151154e+00 2.303535e+00 1.579828e+00 1.445750e+00 1.148111e+00 1.170502e+00 2.640986e-01 5.302687e-01 3.194959e-01 -6.894082e-02
<VARIANCE> 25
 2.233011e+01 1.715765e+01 2.077572e+01 2.314313e+01 2.755158e+01 2.736107e+01 3.367716e+01 2.498479e+01 2.583769e+01 2.397062e+01 2.260651e+01 2.763658e+01 2.027451e+00 2.946219e+00 3.697788e+00 3.365939e+00 3.160728e+00 3.265827e+00 3.349351e+00 3.517442e+00 3.339448e+00 3.323274e+00 3.579945e+00 2.785505e+00 3.474347e-03
<GCONST> 9.245083e+01
<MIXTURE> 85 7.591393e-03
<MEAN> 25
 -3.128904e+00 7.879552e+00 5.733231e+00 1.313484e+00 -3.489594e+00 -5.319022e+00 -2.953659e+00 -6.130933e+00 -3.543089e+00 -3.191754e+00 -4.841364e-01 -1.903413e+00 3.943057e+00 3.227646e-01 1.750275e+00 -2.087594e+00 -3.407214e+00 -2.581184e+00 -2.885315e+00 -2.336305e+00 -2.239681e+00 -1.261910e+00 -2.295998e+00 -6.136870e-01 9.259766e-03
<VARIANCE> 25
 4.267064e+01 2.344524e+01 3.645952e+01 3.845921e+01 3.969576e+01 4.116372e+01 3.251791e+01 2.792745e+01 2.661894e+01 2.610216e+01 2.617616e+01 2.052531e+01 2.701251e+00 4.318360e+00 4.085559e+00 5.177237e+00 4.463697e+00 3.877131e+00 3.851844e+00 3.990200e+00 3.899550e+00 4.034719e+00 3.953077e+00 3.480944e+00 5.439351e-03
<GCONST> 9.839654e+01
<MIXTURE> 86 1.273941e-02
<MEAN> 25
 -5.031679e+00 -9.391391e-01 -9.235982e-01 6.445987e+00 5.241727e+00 4.437517e+00 5.224780e+00 4.411568e+00 4.802388e+00 3.642912e+00 5.261144e+00 2.876926e+00 -1.194865e-02 7.332239e-03 -4.723622e-02 -6.775569e-02 -1.189401e-01 -1.624282e-01 -2.498148e-01 -3.428741e-01 -3.431966e-01 -3.335970e-01 -1.896244e-01 -8.784501e-02 -8.919220e-04
<VARIANCE> 25
 7.676478e+00 7.216785e+00 1.000751e+01 1.231315e+01 1.653211e+01 1.536879e+01 1.351339e+01 1.330749e+01 1.333339e+01 1.552608e+01 1.411464e+01 1.311212e+01 9.718581e-02 1.945038e-01 3.173339e-01 4.740241e-01 6.207247e-01 7.235231e-01 7.304795e-01 7.435334e-01 8.224927e-01 8.583764e-01 9.279504e-01 8.906468e-01 5.469157e-05
<GCONST> 5.843255e+01
<MIXTURE> 87 1.100681e-02
<MEAN> 25
 -3.210947e+00 4.915888e+00 3.456735e+00 5.954967e+00 5.308122e+00 1.019722e+00 2.508845e+00 -1.433186e+00 -5.593448e-01 -1.457786e+00 -6.697168e-01 1.738601e-01 -2.123149e+00 -2.733495e+00 -1.960752e+00 -2.165310e+00 6.143837e-03 3.587199e-02 3.914366e-01 1.263472e+00 1.254485e+00 9.169555e-01 1.001448e+00 8.433580e-01 1.042338e-01
<VARIANCE> 25
 3.658334e+01 2.762291e+01 2.822691e+01 3.820708e+01 2.611781e+01 2.870556e+01 2.956429e+01 2.608451e+01 2.399346e+01 2.616485e+01 2.466741e+01 2.113161e+01 4.195564e+00 2.905288e+00 3.594609e+00 3.338906e+00 4.890451e+00 4.365764e+00 4.217028e+00 3.650445e+00 4.277976e+00 3.290927e+00 3.602795e+00 2.687429e+00 4.582203e-03
<GCONST> 9.612461e+01
<MIXTURE> 88 1.256585e-02
<MEAN> 25
 -4.848383e+00 -5.699803e-01 -1.674423e+00 5.908042e+00 5.749510e+00 3.066556e+00 5.007569e+00 2.560930e+00 4.415325e+00 1.418829e+00 2.174806e+00 3.187773e+00 1.306084e-02 3.873573e-01 1.528094e-01 5.796356e-01 5.533891e-01 2.063405e-01 -1.250364e-01 -1.480523e-01 -3.685954e-01 -4.272523e-01 -2.011511e-01 -1.815069e-01 -2.185740e-02
<VARIANCE> 25
 8.297319e+00 1.329587e+01 1.273666e+01 1.876463e+01 2.402248e+01 1.802213e+01 1.618262e+01 1.815889e+01 1.654612e+01 2.066922e+01 2.246665e+01 1.475671e+01 1.121690e+00 1.519113e+00 1.832785e+00 2.055343e+00 2.608499e+00 2.420711e+00 2.259315e+00 2.227768e+00 2.376180e+00 2.287983e+00 2.190615e+00 1.729304e+00 2.343063e-03
<GCONST> 8.180590e+01
<MIXTURE> 89 9.333527e-03
<MEAN> 25
 6.052068e+00 -7.422850e+00 -2.603156e+00 -3.481659e+00 -1.745196e+00 -5.140834e+00 -7.829462e+00 6.404198e+00 2.048269e+00 -1.415294e+00 -5.254289e+00 -3.973164e+00 -6.573233e-01 5.288908e-02 2.045273e+00 9.038855e-01 -1.986626e+00 -1.758673e+00 1.098846e+00 1.462692e+00 -6.931151e-01 -1.250507e+00 -1.664421e-02 1.684399e+00 -1.360186e-03
<VARIANCE> 25
 7.344820e+00 2.230243e+01 2.842572e+01 2.463542e+01 3.050469e+01 3.462413e+01 5.672738e+01 5.189168e+01 3.727312e+01 3.970241e+01 3.112351e+01 2.869374e+01 3.075558e-01 7.255018e-01 1.198350e+00 1.148431e+00 1.691010e+00 1.921370e+00 2.531492e+00 2.080190e+00 2.065541e+00 1.716059e+00 2.886877e+00 1.242221e+00 3.362020e-04
<GCONST> 8.284496e+01
<MIXTURE> 90 7.114505e-03
<MEAN> 25
 2.448867e+00 -9.724324e+00 -4.751048e+00 -3.978959e+00 -3.385745e+00 -1.814306e+00 3.363774e+00 1.185268e+00 -7.533076e+00 -1.021318e+01 -3.428630e+00 -7.395625e-01 -1.637199e-01 9.088281e-01 1.169040e+00 -8.540481e-01 -1.613047e+00 -2.118530e-01 6.451194e-01 -2.101256e-01 -1.689913e-01 7.369857e-01 1.832055e-01 -5.497872e-01 -1.114434e-02
<VARIANCE> 25
 8.490791e+00 1.777689e+01 1.986191e+01 2.801470e+01 3.684192e+01 3.217057e+01 3.853532e+01 3.645016e+01 3.520452e+01 2.774187e+01 2.700162e+01 2.613163e+01 2.237093e-01 6.128041e-01 7.866078e-01 1.042634e+00 1.469751e+00 1.591319e+00 1.780503e+00 1.654430e+00 1.810004e+00 1.678000e+00 1.495253e+00 1.308675e+00 2.150127e-04
<GCONST> 7.813575e+01
<MIXTURE> 91 7.852945e-03
<MEAN> 25
 6.545976e+00 -7.677335e+00 -8.880359e+00 -4.809235e+00 3.626648e+00 3.008138e-01 -2.353350e+00 6.276859e-01 6.779115e-01 -2.825826e+00 -5.208524e+00 -5.234413e+00 2.190562e-01 1.018844e+00 2.666978e-01 4.139203e-01 3.504935e-02 -6.476158e-01 -4.620619e-01 6.763896e-02 -1.108974e-01 3.200027e-01 -1.603846e-01 2.474110e-01 -3.497889e-02
<VARIANCE> 25
 1.008799e+01 2.162902e+01 2.069507e+01 4.101567e+01 3.576733e+01 5.623407e+01 5.240347e+01 3.813110e+01 4.968898e+01 6.157867e+01 3.792073e+01 3.959598e+01 4.549057e-01 8.635013e-01 1.195123e+00 1.344669e+00 2.301328e+00 2.415840e+00 2.362539e+00 2.822007e+00 2.139131e+00 2.471993e+00 1.960769e+00 1.764495e+00 5.665927e-04
<GCONST> 8.720648e+01
<MIXTURE> 92 7.852945e-03
<MEAN> 25
 6.545976e+00 -7.677335e+00 -8.880359e+00 -4.809235e+00 3.626648e+00 3.008138e-01 -2.353350e+00 6.276859e-01 6.779115e-01 -2.825826e+00 -5.208524e+00 -5.234413e+00 2.190562e-01 1.018844e+00 2.666978e-01 4.139203e-01 3.504935e-02 -6.476158e-01 -4.620619e-01 6.763896e-02 -1.108974e-01 3.200027e-01 -1.603846e-01 2.474110e-01 -3.497889e-02
<VARIANCE> 25
 1.008799e+01 2.162902e+01 2.069507e+01 4.101567e+01 3.576733e+01 5.623407e+01 5.240347e+01 3.813110e+01 4.968898e+01 6.157867e+01 3.792073e+01 3.959598e+01 4.549057e-01 8.635013e-01 1.195123e+00 1.344669e+00 2.301328e+00 2.415840e+00 2.362539e+00 2.822007e+00 2.139131e+00 2.471993e+00 1.960769e+00 1.764495e+00 5.665927e-04
<GCONST> 8.720648e+01
<MIXTURE> 93 6.122769e-03
<MEAN> 25
 -6.838162e+00 -9.093689e-01 -2.400344e+00 5.785448e+00 5.939983e+00 3.916382e+00 6.165755e+00 3.609498e+00 4.165675e+00 2.500858e+00 1.838723e+00 3.743618e+00 -6.164077e-02 -1.525253e-01 -2.555225e-01 -3.277900e-01 -3.240304e-01 -2.801506e-01 -2.179408e-01 -1.767997e-01 -1.758830e-01 -1.555492e-01 -9.583282e-02 -4.249985e-02 -3.879496e-06
<VARIANCE> 25
 9.053073e+00 6.368817e+00 8.134533e+00 1.131297e+01 1.159799e+01 1.588533e+01 1.542516e+01 1.633175e+01 1.495811e+01 1.445506e+01 1.676109e+01 1.357016e+01 8.239575e-02 1.529230e-01 2.626702e-01 3.802328e-01 5.078474e-01 6.405525e-01 7.751113e-01 8.833248e-01 9.226764e-01 8.739688e-01 8.970180e-01 9.218837e-01 9.990223e-07
<GCONST> 5.367071e+01
<MIXTURE> 94 6.122769e-03
<MEAN> 25
 -6.838162e+00 -9.093689e-01 -2.400344e+00 5.785448e+00 5.939983e+00 3.916382e+00 6.165755e+00 3.609498e+00 4.165675e+00 2.500858e+00 1.838723e+00 3.743618e+00 -6.164077e-02 -1.525253e-01 -2.555225e-01 -3.277900e-01 -3.240304e-01 -2.801506e-01 -2.179408e-01 -1.767997e-01 -1.758830e-01 -1.555492e-01 -9.583282e-02 -4.249985e-02 -3.879496e-06
<VARIANCE> 25
 9.053073e+00 6.368817e+00 8.134533e+00 1.131297e+01 1.159799e+01 1.588533e+01 1.542516e+01 1.633175e+01 1.495811e+01 1.445506e+01 1.676109e+01 1.357016e+01 8.239575e-02 1.529230e-01 2.626702e-01 3.802328e-01 5.078474e-01 6.405525e-01 7.751113e-01 8.833248e-01 9.226764e-01 8.739688e-01 8.970180e-01 9.218837e-01 9.990223e-07
<GCONST> 5.367071e+01
<MIXTURE> 95 5.258835e-03
<MEAN> 25
 -5.795408e+00 -6.099531e-01 -2.076321e+00 4.848353e+00 4.297490e+00 2.825324e+00 4.241286e+00 1.521424e+00 2.271831e+00 9.460195e-01 1.247958e+00 2.612289e+00 1.368816e-01 1.546983e-01 1.020886e-01 -7.875066e-02 -3.680405e-01 -7.153468e-01 -1.051067e+00 -1.279041e+00 -1.264108e+00 -9.770287e-01 -6.381577e-01 -2.866696e-01 -2.966420e-04
<VARIANCE> 25
 1.019876e+01 7.246754e+00 1.253610e+01 1.316211e+01 1.406630e+01 1.815705e+01 1.795761e+01 1.790245e+01 1.535727e+01 1.607271e+01 1.989024e+01 1.421477e+01 2.111661e-01 2.917459e-01 4.732246e-01 6.210929e-01 7.924095e-01 9.028367e-01 9.142330e-01 9.095514e-01 9.596387e-01 1.071592e+00 1.157226e+00 1.126973e+00 4.327554e-05
<GCONST> 6.353952e+01
<MIXTURE> 96 7.034694e-03
<MEAN> 25
 -5.172402e+00 -2.743217e-01 -2.271606e+00 5.129340e+00 3.942469e+00 1.784383e+00 3.743670e+00 1.832164e+00 2.668469e+00 9.838184e-01 1.162541e+00 2.944482e+00 -3.684970e-02 8.408252e-02 2.154186e-01 4.061942e-01 5.482657e-01 4.970931e-01 2.481037e-01 -1.222720e-01 -4.799531e-01 -6.480008e-01 -5.739225e-01 -3.599108e-01 1.560244e-05
<VARIANCE> 25
 1.097221e+01 1.077089e+01 1.263401e+01 1.398344e+01 1.510219e+01 1.909158e+01 1.924276e+01 1.887267e+01 1.938807e+01 1.627147e+01 1.945703e+01 1.469817e+01 1.207796e-01 2.140412e-01 3.105766e-01 3.887594e-01 4.864280e-01 6.449872e-01 8.524457e-01 9.791963e-01 9.464667e-01 8.460683e-01 9.140112e-01 9.374652e-01 1.044413e-06
<GCONST> 5.760427e+01
<MIXTURE> 97 7.034694e-03
<MEAN> 25
 -5.172402e+00 -2.743217e-01 -2.271606e+00 5.129340e+00 3.942469e+00 1.784383e+00 3.743670e+00 1.832164e+00 2.668469e+00 9.838184e-01 1.162541e+00 2.944482e+00 -3.684970e-02 8.408252e-02 2.154186e-01 4.061942e-01 5.482657e-01 4.970931e-01 2.481037e-01 -1.222720e-01 -4.799531e-01 -6.480008e-01 -5.739225e-01 -3.599108e-01 1.560244e-05
<VARIANCE> 25
 1.097221e+01 1.077089e+01 1.263401e+01 1.398344e+01 1.510219e+01 1.909158e+01 1.924276e+01 1.887267e+01 1.938807e+01 1.627147e+01 1.945703e+01 1.469817e+01 1.207796e-01 2.140412e-01 3.105766e-01 3.887594e-01 4.864280e-01 6.449872e-01 8.524457e-01 9.791963e-01 9.464667e-01 8.460683e-01 9.140112e-01 9.374652e-01 1.044413e-06
<GCONST> 5.760427e+01
<MIXTURE> 98 9.917808e-03
<MEAN> 25
 -1.387135e+00 1.605859e+00 -1.287802e+00 3.806475e+00 3.815589e+00 2.670244e+00 3.653688e+00 1.136607e+00 2.297089e+00 1.263648e+00 1.309801e-02 5.640332e-01 -1.730649e+00 -1.330218e+00 -9.163855e-01 -5.153434e-03 5.457116e-01 8.811302e-01 1.331406e+00 1.238773e+00 1.666419e+00 1.168262e+00 1.561911e+00 1.102383e+00 -3.340145e-02
<VARIANCE> 25
 1.310032e+01 2.103018e+01 3.969066e+01 3.449883e+01 4.028981e+01 3.466334e+01 3.079382e+01 2.921194e+01 2.854906e+01 2.831146e+01 3.064074e+01 2.466222e+01 1.285050e+00 1.573248e+00 2.241529e+00 2.487715e+00 2.693436e+00 2.712379e+00 2.747085e+00 2.847072e+00 2.470604e+00 2.807461e+00 3.057507e+00 2.208807e+00 2.202795e-03
<GCONST> 9.035043e+01
<MIXTURE> 99 6.696178e-03
<MEAN> 25
 -7.752566e+00 9.091368e+00 7.122811e+00 4.346365e+00 3.159587e-01 -4.236987e+00 -1.440199e-01 -5.311491e+00 -3.778279e+00 -4.602167e+00 -1.542664e+00 -2.505705e-02 5.822428e-01 -6.971712e-01 8.294336e-02 -3.225279e-01 -8.414572e-01 -6.378998e-01 -2.941265e-01 -3.603154e-01 2.534042e-02 -1.973639e-01 2.732825e-01 2.246507e-01 1.424260e-02
<VARIANCE> 25
 4.152244e+01 2.700193e+01 4.239589e+01 3.399244e+01 3.500084e+01 3.768737e+01 3.834267e+01 3.323524e+01 2.580525e+01 2.967857e+01 1.853370e+01 2.673315e+01 2.518281e+00 1.648476e+00 1.591564e+00 1.605214e+00 2.921279e+00 2.098603e+00 1.848352e+00 1.492818e+00 1.949477e+00 1.523912e+00 1.197836e+00 1.139805e+00 1.550448e-03
<GCONST> 8.754430e+01
<MIXTURE> 100 4.498084e-03
<MEAN> 25
 -1.598723e+00 6.344604e+00 1.027684e+01 -7.462367e+00 -1.078202e+01 -5.075418e+00 -4.941638e+00 -9.968526e+00 -4.718272e+00 -8.551559e-01 -2.733240e+00 -2.708304e+00 2.917879e+00 -1.260428e+00 1.299756e+00 -2.185915e+00 -3.419605e+00 -7.840767e-01 -1.218753e+00 -8.197291e-01 -1.475550e+00 3.466607e-01 -1.655526e+00 -2.862512e-01 2.019236e-03
<VARIANCE> 25
 1.362697e+01 2.106000e+01 2.246187e+01 2.643104e+01 2.301780e+01 2.372143e+01 2.911055e+01 2.170937e+01 2.748146e+01 2.265158e+01 2.241080e+01 2.134050e+01 1.799079e+00 3.953662e+00 2.920162e+00 4.286195e+00 4.184716e+00 4.537129e+00 4.015375e+00 4.340315e+00 4.167910e+00 3.895979e+00 3.910531e+00 3.224916e+00 1.675215e-03
<GCONST> 9.256899e+01
<MIXTURE> 101 6.007792e-03
<MEAN> 25
 8.085134e+00 -3.657502e+00 -5.275102e+00 -6.263283e+00 1.127146e+00 -1.141355e+00 -1.183888e+01 -1.336994e+00 1.461323e-01 2.573711e+00 -1.145404e+00 -5.581341e+00 6.428042e-01 6.283062e-01 -1.509957e+00 -1.683963e+00 9.836295e-01 2.501091e+00 2.060659e-01 -1.631206e+00 -8.305019e-01 1.027972e+00 1.471381e+00 -5.882335e-01 -4.702016e-03
<VARIANCE> 25
 8.083199e+00 1.465541e+01 3.208816e+01 3.977411e+01 3.182587e+01 3.329553e+01 4.058041e+01 3.530646e+01 4.466835e+01 3.829539e+01 5.397944e+01 2.232710e+01 2.958387e-01 5.870247e-01 1.041702e+00 1.545739e+00 1.602606e+00 2.091458e+00 1.862863e+00 1.910493e+00 2.348098e+00 2.058821e+00 1.618978e+00 1.866478e+00 3.005205e-04
<GCONST> 8.242157e+01
<MIXTURE> 102 6.007792e-03
<MEAN> 25
 8.085134e+00 -3.657502e+00 -5.275102e+00 -6.263283e+00 1.127146e+00 -1.141355e+00 -1.183888e+01 -1.336994e+00 1.461323e-01 2.573711e+00 -1.145404e+00 -5.581341e+00 6.428042e-01 6.283062e-01 -1.509957e+00 -1.683963e+00 9.836295e-01 2.501091e+00 2.060659e-01 -1.631206e+00 -8.305019e-01 1.027972e+00 1.471381e+00 -5.882335e-01 -4.702016e-03
<VARIANCE> 25
 8.083199e+00 1.465541e+01 3.208816e+01 3.977411e+01 3.182587e+01 3.329553e+01 4.058041e+01 3.530646e+01 4.466835e+01 3.829539e+01 5.397944e+01 2.232710e+01 2.958387e-01 5.870247e-01 1.041702e+00 1.545739e+00 1.602606e+00 2.091458e+00 1.862863e+00 1.910493e+00 2.348098e+00 2.058821e+00 1.618978e+00 1.866478e+00 3.005205e-04
<GCONST> 8.242157e+01
<MIXTURE> 103 5.694618e-03
<MEAN> 25
 3.368271e+00 -9.479155e+00 -6.133718e+00 -3.089604e+00 -1.332664e+00 -1.969579e+00 2.439788e+00 2.514511e+00 -4.612344e+00 -9.257804e+00 -5.063810e+00 3.620949e-01 -1.577953e-01 -1.488837e+00 -9.809797e-01 3.753904e-01 1.213326e+00 1.020637e+00 1.587002e-01 -2.672360e-01 -7.812425e-01 -9.466175e-01 -3.462652e-02 1.201249e-01 2.695128e-02
<VARIANCE> 25
 1.034294e+01 2.034772e+01 2.291579e+01 3.168156e+01 4.805341e+01 3.502760e+01 4.640692e+01 3.671221e+01 4.212016e+01 2.932408e+01 3.006172e+01 2.640458e+01 6.437374e-01 1.251684e+00 1.537629e+00 1.940410e+00 2.929004e+00 2.410617e+00 2.891275e+00 2.577081e+00 2.563267e+00 2.523705e+00 2.097861e+00 2.016700e+00 8.073063e-04
<GCONST> 8.757614e+01
<MIXTURE> 104 5.694618e-03
<MEAN> 25
 3.368271e+00 -9.479155e+00 -6.133718e+00 -3.089604e+00 -1.332664e+00 -1.969579e+00 2.439788e+00 2.514511e+00 -4.612344e+00 -9.257804e+00 -5.063810e+00 3.620949e-01 -1.577953e-01 -1.488837e+00 -9.809797e-01 3.753904e-01 1.213326e+00 1.020637e+00 1.587002e-01 -2.672360e-01 -7.812425e-01 -9.466175e-01 -3.462652e-02 1.201249e-01 2.695128e-02
<VARIANCE> 25
 1.034294e+01 2.034772e+01 2.291579e+01 3.168156e+01 4.805341e+01 3.502760e+01 4.640692e+01 3.671221e+01 4.212016e+01 2.932408e+01 3.006172e+01 2.640458e+01 6.437374e-01 1.251684e+00 1.537629e+00 1.940410e+00 2.929004e+00 2.410617e+00 2.891275e+00 2.577081e+00 2.563267e+00 2.523705e+00 2.097861e+00 2.016700e+00 8.073063e-04
<GCONST> 8.757614e+01
<MIXTURE> 105 4.710235e-03
<MEAN> 25
 2.326099e+00 -2.611973e+00 9.279945e+00 -3.726249e+00 -1.137800e+01 -4.967347e+00 -3.981383e+00 9.136761e-01 -4.259145e+00 -2.206629e+00 1.482146e+00 -1.148286e+00 -4.139856e-02 2.692373e-02 4.050795e-02 -1.189254e-01 -2.469469e-02 6.562703e-02 -1.310606e-02 -5.865521e-02 -3.429359e-02 9.049510e-02 3.757375e-02 1.340589e-02 -2.364998e-03
<VARIANCE> 25
 1.153900e+01 3.078691e+01 3.558314e+01 4.400208e+01 3.302974e+01 4.664045e+01 3.658696e+01 5.248608e+01 3.503738e+01 4.098946e+01 3.632549e+01 2.664395e+01 8.712900e-02 1.661392e-01 3.400741e-01 3.189521e-01 3.388172e-01 3.781836e-01 4.728156e-01 5.241041e-01 4.456712e-01 4.211901e-01 3.631270e-01 3.534214e-01 7.912477e-05
<GCONST> 6.514398e+01
<MIXTURE> 106 4.710235e-03
<MEAN> 25
 2.326099e+00 -2.611973e+00 9.279945e+00 -3.726249e+00 -1.137800e+01 -4.967347e+00 -3.981383e+00 9.136761e-01 -4.259145e+00 -2.206629e+00 1.482146e+00 -1.148286e+00 -4.139856e-02 2.692373e-02 4.050795e-02 -1.189254e-01 -2.469469e-02 6.562703e-02 -1.310606e-02 -5.865521e-02 -3.429359e-02 9.049510e-02 3.757375e-02 1.340589e-02 -2.364998e-03
<VARIANCE> 25
 1.153900e+01 3.078691e+01 3.558314e+01 4.400208e+01 3.302974e+01 4.664045e+01 3.658696e+01 5.248608e+01 3.503738e+01 4.098946e+01 3.632549e+01 2.664395e+01 8.712900e-02 1.661392e-01 3.400741e-01 3.189521e-01 3.388172e-01 3.781836e-01 4.728156e-01 5.241041e-01 4.456712e-01 4.211901e-01 3.631270e-01 3.534214e-01 7.912477e-05
<GCONST> 6.514398e+01
<MIXTURE> 107 5.452374e-03
<MEAN> 25
 8.410490e+00 -3.054686e+00 -6.935636e+00 -8.419161e+00 1.444595e+00 3.852893e+00 -1.025777e+01 -3.369253e+00 -2.200778e+00 3.013954e+00 2.111078e+00 -6.302385e+00 -5.230574e-01 -8.408970e-01 9.385448e-01 1.658525e+00 2.598776e-01 -2.102184e+00 -1.111069e+00 1.203816e+00 1.704006e+00 6.714077e-02 -1.862585e+00 -6.234987e-01 -4.069001e-05
<VARIANCE> 25
 7.338795e+00 1.793978e+01 3.239579e+01 4.131354e+01 2.845111e+01 3.447376e+01 5.178789e+01 3.581799e+01 4.068291e+01 3.459684e+01 5.514272e+01 2.706150e+01 2.949479e-01 9.022744e-01 1.299104e+00 1.904706e+00 1.899376e+00 2.491875e+00 2.127898e+00 2.683504e+00 1.967522e+00 3.260048e+00 1.954495e+00 2.155057e+00 5.705866e-04
<GCONST> 8.570457e+01
<MIXTURE> 108 5.452374e-03
<MEAN> 25
 8.410490e+00 -3.054686e+00 -6.935636e+00 -8.419161e+00 1.444595e+00 3.852893e+00 -1.025777e+01 -3.369253e+00 -2.200778e+00 3.013954e+00 2.111078e+00 -6.302385e+00 -5.230574e-01 -8.408970e-01 9.385448e-01 1.658525e+00 2.598776e-01 -2.102184e+00 -1.111069e+00 1.203816e+00 1.704006e+00 6.714077e-02 -1.862585e+00 -6.234987e-01 -4.069001e-05
<VARIANCE> 25
 7.338795e+00 1.793978e+01 3.239579e+01 4.131354e+01 2.845111e+01 3.447376e+01 5.178789e+01 3.581799e+01 4.068291e+01 3.459684e+01 5.514272e+01 2.706150e+01 2.949479e-01 9.022744e-01 1.299104e+00 1.904706e+00 1.899376e+00 2.491875e+00 2.127898e+00 2.683504e+00 1.967522e+00 3.260048e+00 1.954495e+00 2.155057e+00 5.705866e-04
<GCONST> 8.570457e+01
<MIXTURE> 109 6.661064e-03
<MEAN> 25
 4.084120e+00 -1.055283e+01 -8.309608e+00 -1.357776e+00 2.751631e+00 -4.062396e-02 -7.385191e-02 1.454385e+00 -2.571231e+00 -8.372388e+00 -5.386846e+00 6.189064e-02 -3.336181e-02 -1.324656e-01 -3.271339e-02 2.507683e-01 1.970479e-01 1.184603e-01 -1.261810e-01 -1.045024e-01 -4.043690e-02 -1.317697e-01 2.192821e-01 1.166994e-02 -3.512367e-03
<VARIANCE> 25
 9.098982e+00 1.817955e+01 2.001853e+01 3.142025e+01 4.083649e+01 3.681726e+01 4.664516e+01 3.438979e+01 4.605570e+01 3.528064e+01 2.960384e+01 2.819035e+01 1.929764e-01 4.230633e-01 5.383960e-01 6.344107e-01 1.231286e+00 9.943262e-01 1.259371e+00 1.095946e+00 1.117048e+00 9.529521e-01 8.773831e-01 8.856000e-01 1.820875e-04
<GCONST> 7.445956e+01
<MIXTURE> 110 6.661064e-03
<MEAN> 25
 4.084120e+00 -1.055283e+01 -8.309608e+00 -1.357776e+00 2.751631e+00 -4.062396e-02 -7.385191e-02 1.454385e+00 -2.571231e+00 -8.372388e+00 -5.386846e+00 6.189064e-02 -3.336181e-02 -1.324656e-01 -3.271339e-02 2.507683e-01 1.970479e-01 1.184603e-01 -1.261810e-01 -1.045024e-01 -4.043690e-02 -1.317697e-01 2.192821e-01 1.166994e-02 -3.512367e-03
<VARIANCE> 25
 9.098982e+00 1.817955e+01 2.001853e+01 3.142025e+01 4.083649e+01 3.681726e+01 4.664516e+01 3.438979e+01 4.605570e+01 3.528064e+01 2.960384e+01 2.819035e+01 1.929764e-01 4.230633e-01 5.383960e-01 6.344107e-01 1.231286e+00 9.943262e-01 1.259371e+00 1.095946e+00 1.117048e+00 9.529521e-01 8.773831e-01 8.856000e-01 1.820875e-04
<GCONST> 7.445956e+01
<MIXTURE> 111 4.337247e-03
<MEAN> 25
 -4.473988e+00 -9.059442e-01 -1.721209e+00 1.688594e+00 9.653404e-01 9.641765e-01 3.143727e-01 2.110808e-01 8.960146e-02 -5.416217e-01 -6.298376e-01 1.964925e+00 -2.108486e-02 -3.243620e-02 -7.234242e-02 -7.356221e-02 -3.731202e-02 6.431413e-03 -1.090085e-03 -5.927849e-02 -1.404129e-01 -2.029921e-01 -1.900913e-01 -1.064204e-01 -2.152859e-04
<VARIANCE> 25
 7.000950e+00 4.978977e+00 1.021278e+01 9.410975e+00 1.311399e+01 2.384168e+01 1.466571e+01 1.316599e+01 1.160613e+01 1.191202e+01 1.362847e+01 1.159008e+01 7.917509e-02 1.635850e-01 2.752575e-01 4.205149e-01 5.694388e-01 7.053714e-01 8.005499e-01 8.582186e-01 8.927741e-01 8.559096e-01 8.621250e-01 8.478205e-01 2.232070e-05
<GCONST> 5.598059e+01
<MIXTURE> 112 4.337247e-03
<MEAN> 25
 -4.473988e+00 -9.059442e-01 -1.721209e+00 1.688594e+00 9.653404e-01 9.641765e-01 3.143727e-01 2.110808e-01 8.960146e-02 -5.416217e-01 -6.298376e-01 1.964925e+00 -2.108486e-02 -3.243620e-02 -7.234242e-02 -7.356221e-02 -3.731202e-02 6.431413e-03 -1.090085e-03 -5.927849e-02 -1.404129e-01 -2.029921e-01 -1.900913e-01 -1.064204e-01 -2.152859e-04
<VARIANCE> 25
 7.000950e+00 4.978977e+00 1.021278e+01 9.410975e+00 1.311399e+01 2.384168e+01 1.466571e+01 1.316599e+01 1.160613e+01 1.191202e+01 1.362847e+01 1.159008e+01 7.917509e-02 1.635850e-01 2.752575e-01 4.205149e-01 5.694388e-01 7.053714e-01 8.005499e-01 8.582186e-01 8.927741e-01 8.559096e-01 8.621250e-01 8.478205e-01 2.232070e-05
<GCONST> 5.598059e+01
<MIXTURE> 113 5.938666e-03
<MEAN> 25
 9.754938e+00 1.450338e+00 -7.914828e+00 -1.634743e+01 -1.462818e+00 6.851757e+00 -5.648703e+00 -1.290759e+00 -6.744308e+00 -1.288029e+00 1.918506e+00 -9.271441e-01 -2.492927e-02 -1.349882e-02 -4.473877e-02 -1.843608e-01 9.436788e-02 1.600548e-01 2.652778e-03 4.652453e-02 -1.502891e-02 4.267650e-02 1.748756e-01 -4.557753e-02 -3.696119e-04
<VARIANCE> 25
 7.833953e+00 1.451552e+01 2.897603e+01 3.248326e+01 4.614636e+01 3.647800e+01 3.564993e+01 3.360583e+01 3.755231e+01 4.306815e+01 4.386203e+01 2.758108e+01 1.092900e-01 3.008897e-01 2.824558e-01 6.258858e-01 6.220940e-01 6.627092e-01 6.982902e-01 7.655269e-01 8.520798e-01 9.138837e-01 6.380843e-01 6.572977e-01 1.141923e-04
<GCONST> 6.967484e+01
<MIXTURE> 114 5.938666e-03
<MEAN> 25
 9.754938e+00 1.450338e+00 -7.914828e+00 -1.634743e+01 -1.462818e+00 6.851757e+00 -5.648703e+00 -1.290759e+00 -6.744308e+00 -1.288029e+00 1.918506e+00 -9.271441e-01 -2.492927e-02 -1.349882e-02 -4.473877e-02 -1.843608e-01 9.436788e-02 1.600548e-01 2.652778e-03 4.652453e-02 -1.502891e-02 4.267650e-02 1.748756e-01 -4.557753e-02 -3.696119e-04
<VARIANCE> 25
 7.833953e+00 1.451552e+01 2.897603e+01 3.248326e+01 4.614636e+01 3.647800e+01 3.564993e+01 3.360583e+01 3.755231e+01 4.306815e+01 4.386203e+01 2.758108e+01 1.092900e-01 3.008897e-01 2.824558e-01 6.258858e-01 6.220940e-01 6.627092e-01 6.982902e-01 7.655269e-01 8.520798e-01 9.138837e-01 6.380843e-01 6.572977e-01 1.141923e-04
<GCONST> 6.967484e+01
<MIXTURE> 115 2.935202e-03
<MEAN> 25
 -4.031671e+00 -7.515399e-01 -3.108178e+00 3.656746e+00 2.413298e+00 -4.283886e-01 2.235139e+00 4.128782e-01 1.388889e+00 -1.913573e-02 4.091093e-02 2.687793e+00 3.155347e-02 -7.203186e-02 -2.307106e-01 -4.385961e-01 -6.333407e-01 -6.703931e-01 -5.922349e-01 -5.094244e-01 -4.866043e-01 -4.566402e-01 -3.434756e-01 -1.650419e-01 -3.194545e-06
<VARIANCE> 25
 9.266851e+00 9.890527e+00 1.353106e+01 1.270392e+01 1.348815e+01 1.756512e+01 1.708338e+01 2.080564e+01 1.793470e+01 1.721805e+01 1.919703e+01 1.466478e+01 2.037980e-01 3.457130e-01 4.855272e-01 5.616940e-01 6.342548e-01 7.979507e-01 1.008073e+00 1.130855e+00 1.075189e+00 9.942849e-01 1.026382e+00 1.064835e+00 9.999700e-07
<GCONST> 6.016378e+01
<MIXTURE> 116 2.935202e-03
<MEAN> 25
 -4.031671e+00 -7.515399e-01 -3.108178e+00 3.656746e+00 2.413298e+00 -4.283886e-01 2.235139e+00 4.128782e-01 1.388889e+00 -1.913573e-02 4.091093e-02 2.687793e+00 3.155347e-02 -7.203186e-02 -2.307106e-01 -4.385961e-01 -6.333407e-01 -6.703931e-01 -5.922349e-01 -5.094244e-01 -4.866043e-01 -4.566402e-01 -3.434756e-01 -1.650419e-01 -3.194545e-06
<VARIANCE> 25
 9.266851e+00 9.890527e+00 1.353106e+01 1.270392e+01 1.348815e+01 1.756512e+01 1.708338e+01 2.080564e+01 1.793470e+01 1.721805e+01 1.919703e+01 1.466478e+01 2.037980e-01 3.457130e-01 4.855272e-01 5.616940e-01 6.342548e-01 7.979507e-01 1.008073e+00 1.130855e+00 1.075189e+00 9.942849e-01 1.026382e+00 1.064835e+00 9.999700e-07
<GCONST> 6.016378e+01
<MIXTURE> 117 6.506003e-03
<MEAN> 25
 -4.685785e+00 1.171040e+00 1.025982e+00 9.700487e+00 6.312897e+00 6.227833e+00 6.522223e+00 5.032745e+00 6.428296e+00 4.889238e+00 6.359654e+00 2.780518e+00 -7.412953e-02 -2.300782e-01 -3.554419e-01 -4.139128e-01 -3.525656e-01 -2.963786e-01 -2.885152e-01 -3.352611e-01 -4.038557e-01 -3.749636e-01 -2.480418e-01 -1.281784e-01 -1.286706e-05
<VARIANCE> 25
 7.279126e+00 8.939410e+00 9.790128e+00 1.448889e+01 1.573856e+01 1.527574e+01 1.788713e+01 1.779334e+01 1.641279e+01 1.636159e+01 1.658289e+01 1.508938e+01 2.145509e-01 3.060330e-01 4.227106e-01 6.144426e-01 8.667149e-01 1.048615e+00 1.166047e+00 1.222177e+00 1.225959e+00 1.186434e+00 1.177542e+00 1.117681e+00 9.926713e-07
<GCONST> 6.045160e+01
<MIXTURE> 118 6.506003e-03
<MEAN> 25
 -4.685785e+00 1.171040e+00 1.025982e+00 9.700487e+00 6.312897e+00 6.227833e+00 6.522223e+00 5.032745e+00 6.428296e+00 4.889238e+00 6.359654e+00 2.780518e+00 -7.412953e-02 -2.300782e-01 -3.554419e-01 -4.139128e-01 -3.525656e-01 -2.963786e-01 -2.885152e-01 -3.352611e-01 -4.038557e-01 -3.749636e-01 -2.480418e-01 -1.281784e-01 -1.286706e-05
<VARIANCE> 25
 7.279126e+00 8.939410e+00 9.790128e+00 1.448889e+01 1.573856e+01 1.527574e+01 1.788713e+01 1.779334e+01 1.641279e+01 1.636159e+01 1.658289e+01 1.508938e+01 2.145509e-01 3.060330e-01 4.227106e-01 6.144426e-01 8.667149e-01 1.048615e+00 1.166047e+00 1.222177e+00 1.225959e+00 1.186434e+00 1.177542e+00 1.117681e+00 9.926713e-07
<GCONST> 6.045160e+01
<MIXTURE> 119 4.297961e-03
<MEAN> 25
 -4.975604e+00 -7.634604e+00 2.231631e+00 2.016684e+00 2.239658e+00 2.076909e-01 5.275196e+00 5.939720e+00 1.166179e+00 9.677413e-01 6.613795e+00 1.569999e+00 -4.997060e-02 -7.930475e-02 3.729717e-02 -5.719943e-02 -1.261395e-01 -1.799062e-01 -6.905226e-02 -1.393276e-02 -9.186884e-02 -1.120956e-01 -5.516239e-02 -5.818947e-02 1.111537e-03
<VARIANCE> 25
 8.501830e+00 9.813869e+00 1.656435e+01 2.018311e+01 2.286692e+01 2.320597e+01 2.499707e+01 2.648540e+01 2.503766e+01 2.807429e+01 2.040431e+01 2.041005e+01 1.604239e-01 2.824958e-01 4.597518e-01 6.328235e-01 8.034613e-01 1.003837e+00 1.099942e+00 1.277783e+00 1.285858e+00 1.245823e+00 1.192398e+00 1.112438e+00 2.316205e-04
<GCONST> 6.971964e+01
<MIXTURE> 120 4.297961e-03
<MEAN> 25
 -4.975604e+00 -7.634604e+00 2.231631e+00 2.016684e+00 2.239658e+00 2.076909e-01 5.275196e+00 5.939720e+00 1.166179e+00 9.677413e-01 6.613795e+00 1.569999e+00 -4.997060e-02 -7.930475e-02 3.729717e-02 -5.719943e-02 -1.261395e-01 -1.799062e-01 -6.905226e-02 -1.393276e-02 -9.186884e-02 -1.120956e-01 -5.516239e-02 -5.818947e-02 1.111537e-03
<VARIANCE> 25
 8.501830e+00 9.813869e+00 1.656435e+01 2.018311e+01 2.286692e+01 2.320597e+01 2.499707e+01 2.648540e+01 2.503766e+01 2.807429e+01 2.040431e+01 2.041005e+01 1.604239e-01 2.824958e-01 4.597518e-01 6.328235e-01 8.034613e-01 1.003837e+00 1.099942e+00 1.277783e+00 1.285858e+00 1.245823e+00 1.192398e+00 1.112438e+00 2.316205e-04
<GCONST> 6.971964e+01
<MIXTURE> 121 4.567511e-03
<MEAN> 25
 2.086863e-01 -2.527700e+00 5.155212e+00 -1.289993e+01 -1.264552e+01 -1.667414e+00 9.957949e-01 -5.097365e+00 -4.200517e+00 -4.864393e-01 -5.503541e+00 -4.310090e+00 2.388401e-02 1.325173e-01 -4.167414e-02 7.947282e-02 1.583732e-01 7.838625e-02 -7.933217e-02 -1.832112e-01 -2.685219e-01 -2.569928e-01 -1.144672e-01 1.118491e-03 -7.445270e-03
<VARIANCE> 25
 7.730242e+00 1.562716e+01 1.727783e+01 2.036603e+01 2.439619e+01 2.923995e+01 2.953749e+01 2.472290e+01 3.528625e+01 2.833837e+01 1.976081e+01 2.118030e+01 1.549776e-01 6.428358e-01 6.227966e-01 7.046720e-01 7.703131e-01 1.149429e+00 1.117540e+00 1.120495e+00 1.216758e+00 1.192567e+00 9.410200e-01 8.713849e-01 2.110794e-04
<GCONST> 7.139609e+01
<MIXTURE> 122 4.567511e-03
<MEAN> 25
 2.086863e-01 -2.527700e+00 5.155212e+00 -1.289993e+01 -1.264552e+01 -1.667414e+00 9.957949e-01 -5.097365e+00 -4.200517e+00 -4.864393e-01 -5.503541e+00 -4.310090e+00 2.388401e-02 1.325173e-01 -4.167414e-02 7.947282e-02 1.583732e-01 7.838625e-02 -7.933217e-02 -1.832112e-01 -2.685219e-01 -2.569928e-01 -1.144672e-01 1.118491e-03 -7.445270e-03
<VARIANCE> 25
 7.730242e+00 1.562716e+01 1.727783e+01 2.036603e+01 2.439619e+01 2.923995e+01 2.953749e+01 2.472290e+01 3.528625e+01 2.833837e+01 1.976081e+01 2.118030e+01 1.549776e-01 6.428358e-01 6.227966e-01 7.046720e-01 7.703131e-01 1.149429e+00 1.117540e+00 1.120495e+00 1.216758e+00 1.192567e+00 9.410200e-01 8.713849e-01 2.110794e-04
<GCONST> 7.139609e+01
<MIXTURE> 123 4.393044e-03
<MEAN> 25
 -4.599598e+00 1.760149e+00 -3.225663e-01 6.459706e+00 5.987449e+00 3.127991e+00 3.478525e+00 1.800328e-01 1.490223e+00 -6.940756e-01 2.822362e-01 1.335903e+00 -4.352311e-01 -6.936712e-01 -8.944353e-01 -5.350100e-01 -1.485319e-01 3.912315e-02 3.311735e-01 5.625950e-01 6.600037e-01 6.538172e-01 7.276430e-01 6.701055e-01 -4.453723e-03
<VARIANCE> 25
 9.454279e+00 1.267770e+01 1.444580e+01 1.707995e+01 2.225818e+01 2.483251e+01 1.944905e+01 1.662648e+01 2.319111e+01 1.529995e+01 2.386451e+01 1.890910e+01 3.302163e-01 4.046857e-01 4.397180e-01 6.528164e-01 9.356841e-01 1.012879e+00 1.078190e+00 1.263988e+00 1.161768e+00 1.161376e+00 1.324148e+00 1.124356e+00 1.010398e-04
<GCONST> 6.881153e+01
<MIXTURE> 124 4.069876e-03
<MEAN> 25
 -6.577250e+00 -7.010027e-01 -2.948464e+00 5.064786e+00 5.099678e+00 3.314918e+00 5.526916e+00 2.443772e+00 3.604763e+00 1.350009e+00 1.215491e+00 3.322195e+00 -2.256051e-01 -3.376489e-01 -3.531859e-01 -2.140802e-01 1.544310e-01 4.802224e-01 8.476610e-01 8.821425e-01 6.487674e-01 3.476310e-01 4.764628e-02 3.624101e-02 9.486313e-05
<VARIANCE> 25
 1.039539e+01 1.069506e+01 1.055720e+01 1.191669e+01 1.173057e+01 1.885267e+01 1.518426e+01 1.635741e+01 1.724897e+01 1.584184e+01 1.855707e+01 1.493132e+01 1.068175e-01 1.670066e-01 2.683716e-01 3.957342e-01 5.784996e-01 6.988813e-01 7.754282e-01 7.856374e-01 8.648880e-01 9.420733e-01 9.656299e-01 1.007494e+00 1.817394e-05
<GCONST> 5.882355e+01
<MIXTURE> 125 4.069876e-03
<MEAN> 25
 -6.577250e+00 -7.010027e-01 -2.948464e+00 5.064786e+00 5.099678e+00 3.314918e+00 5.526916e+00 2.443772e+00 3.604763e+00 1.350009e+00 1.215491e+00 3.322195e+00 -2.256051e-01 -3.376489e-01 -3.531859e-01 -2.140802e-01 1.544310e-01 4.802224e-01 8.476610e-01 8.821425e-01 6.487674e-01 3.476310e-01 4.764628e-02 3.624101e-02 9.486313e-05
<VARIANCE> 25
 1.039539e+01 1.069506e+01 1.055720e+01 1.191669e+01 1.173057e+01 1.885267e+01 1.518426e+01 1.635741e+01 1.724897e+01 1.584184e+01 1.855707e+01 1.493132e+01 1.068175e-01 1.670066e-01 2.683716e-01 3.957342e-01 5.784996e-01 6.988813e-01 7.754282e-01 7.856374e-01 8.648880e-01 9.420733e-01 9.656299e-01 1.007494e+00 1.817394e-05
<GCONST> 5.882355e+01
<MIXTURE> 126 2.402244e-03
<MEAN> 25
 -3.806455e+00 -6.871499e+00 -5.257268e+00 2.378066e+00 4.320857e+00 -3.232142e+00 8.481807e-02 3.560621e+00 3.389202e+00 -2.703318e+00 -1.451526e+00 3.059722e+00 -1.352994e-03 6.844454e-04 -3.557475e-02 -1.587456e-01 -3.181752e-01 -3.880608e-01 -2.728156e-01 -1.579712e-01 -1.080231e-01 -1.103074e-01 -9.882947e-02 -3.048484e-02 -1.591384e-03
<VARIANCE> 25
 7.418702e+00 1.321545e+01 1.385903e+01 1.552221e+01 2.480334e+01 2.355062e+01 2.263810e+01 2.830201e+01 3.144907e+01 2.608579e+01 2.182725e+01 1.910059e+01 1.698193e-01 3.579369e-01 4.810252e-01 5.632160e-01 7.488519e-01 9.902193e-01 1.115632e+00 1.258304e+00 1.326863e+00 1.309671e+00 1.218779e+00 1.141181e+00 2.115344e-04
<GCONST> 6.983407e+01
<MIXTURE> 127 2.402244e-03
<MEAN> 25
 -3.806455e+00 -6.871499e+00 -5.257268e+00 2.378066e+00 4.320857e+00 -3.232142e+00 8.481807e-02 3.560621e+00 3.389202e+00 -2.703318e+00 -1.451526e+00 3.059722e+00 -1.352994e-03 6.844454e-04 -3.557475e-02 -1.587456e-01 -3.181752e-01 -3.880608e-01 -2.728156e-01 -1.579712e-01 -1.080231e-01 -1.103074e-01 -9.882947e-02 -3.048484e-02 -1.591384e-03
<VARIANCE> 25
 7.418702e+00 1.321545e+01 1.385903e+01 1.552221e+01 2.480334e+01 2.355062e+01 2.263810e+01 2.830201e+01 3.144907e+01 2.608579e+01 2.182725e+01 1.910059e+01 1.698193e-01 3.579369e-01 4.810252e-01 5.632160e-01 7.488519e-01 9.902193e-01 1.115632e+00 1.258304e+00 1.326863e+00 1.309671e+00 1.218779e+00 1.141181e+00 2.115344e-04
<GCONST> 6.983407e+01
<MIXTURE> 128 3.790457e-03
<MEAN> 25
 -4.013191e+00 1.850525e+00 -3.845744e-01 6.345529e+00 3.426896e+00 1.427457e+00 3.559973e+00 2.330878e+00 4.184504e+00 3.908909e+00 3.878731e+00 3.519270e+00 -4.118191e-01 -1.457423e-01 1.211084e-01 7.328669e-01 1.165790e+00 1.045567e+00 6.150402e-01 1.511051e-01 -3.925664e-01 -7.639130e-01 -5.468308e-01 -4.361199e-01 -5.667676e-05
<VARIANCE> 25
 9.954797e+00 1.341129e+01 1.443401e+01 1.974654e+01 2.014940e+01 2.464202e+01 2.337289e+01 2.371916e+01 2.647568e+01 2.393226e+01 2.599559e+01 1.748416e+01 8.625907e-01 1.161589e+00 1.322852e+00 1.443318e+00 1.525204e+00 1.974877e+00 2.402938e+00 2.241534e+00 2.113186e+00 1.796334e+00 2.231430e+00 1.720066e+00 9.707351e-07
<GCONST> 7.385874e+01
<TRANSP> 3
 0.000000e+00 1.000000e+00 0.000000e+00
 0.000000e+00 9.999990e-01 9.999998e-07
 0.000000e+00 0.000000e+00 0.000000e+00
<ENDHMM>
