~o
<STREAMINFO> 1 25
<VECSIZE> 25<NULLD><MFCC_E_D_N><DIAGC>
~h "jmodel"
<BEGINHMM>
<NUMSTATES> 3
<STATE> 2
<NUMMIXES> 128
<MIXTURE> 1 5.748963e-03
<MEAN> 25
 -2.481660e+00 3.247831e+00 1.905975e+00 8.480803e+00 4.332111e+00 3.134452e+00 3.595706e+00 3.457790e+00 5.938731e+00 4.892030e+00 5.760431e+00 3.233304e+00 -2.043587e+00 -1.477895e+00 -8.876675e-01 9.742790e-01 1.538254e+00 2.164154e+00 2.106624e+00 1.888721e+00 1.605373e+00 1.248443e+00 1.491278e+00 5.841463e-01 -5.113744e-02
<VARIANCE> 25
 9.689735e+00 1.125029e+01 1.593312e+01 1.882786e+01 2.159354e+01 2.195831e+01 2.291140e+01 2.288702e+01 1.999271e+01 2.358093e+01 2.009632e+01 1.704870e+01 1.752776e+00 2.240464e+00 2.920606e+00 3.084892e+00 3.578246e+00 3.498650e+00 3.524808e+00 3.712683e+00 3.376201e+00 3.769060e+00 3.371848e+00 2.674809e+00 3.222894e-03
<GCONST> 8.842876e+01
<MIXTURE> 2 4.549242e-03
<MEAN> 25
 -4.944896e+00 1.335411e+00 9.684142e-01 9.837050e+00 6.664049e+00 7.434839e+00 7.890021e+00 6.770084e+00 8.373851e+00 6.228553e+00 7.491224e+00 3.135180e+00 -6.018868e-02 3.544644e-02 1.328454e-01 2.331542e-01 2.589332e-01 2.947984e-01 3.197312e-01 3.232599e-01 3.584743e-01 3.387601e-01 1.912589e-01 8.032820e-02 1.633798e-05
<VARIANCE> 25
 6.927197e+00 8.907927e+00 1.058796e+01 1.567695e+01 1.681645e+01 1.548258e+01 1.662209e+01 1.928711e+01 1.614816e+01 1.755549e+01 1.853052e+01 1.417439e+01 1.232261e-01 2.235307e-01 3.305000e-01 4.847924e-01 6.383709e-01 7.987921e-01 9.740153e-01 9.839980e-01 1.038547e+00 1.144608e+00 1.051808e+00 1.022820e+00 9.893680e-07
<GCONST> 5.801219e+01
<MIXTURE> 3 4.549242e-03
<MEAN> 25
 -4.944896e+00 1.335411e+00 9.684142e-01 9.837050e+00 6.664049e+00 7.434839e+00 7.890021e+00 6.770084e+00 8.373851e+00 6.228553e+00 7.491224e+00 3.135180e+00 -6.018868e-02 3.544644e-02 1.328454e-01 2.331542e-01 2.589332e-01 2.947984e-01 3.197312e-01 3.232599e-01 3.584743e-01 3.387601e-01 1.912589e-01 8.032820e-02 1.633798e-05
<VARIANCE> 25
 6.927197e+00 8.907927e+00 1.058796e+01 1.567695e+01 1.681645e+01 1.548258e+01 1.662209e+01 1.928711e+01 1.614816e+01 1.755549e+01 1.853052e+01 1.417439e+01 1.232261e-01 2.235307e-01 3.305000e-01 4.847924e-01 6.383709e-01 7.987921e-01 9.740153e-01 9.839980e-01 1.038547e+00 1.144608e+00 1.051808e+00 1.022820e+00 9.893680e-07
<GCONST> 5.801219e+01
<MIXTURE> 4 1.671429e-02
<MEAN> 25
 3.352605e+00 4.074468e+00 -3.504960e+00 1.056751e+00 3.611500e+00 -1.998013e+00 4.970976e-01 -1.385587e+00 2.976924e+00 1.746551e+00 -3.049429e+00 -5.640766e-01 -2.326889e+00 1.497707e+00 1.282743e+00 2.940511e+00 6.613653e-01 1.067254e+00 1.191553e+00 3.195346e-01 1.392342e+00 -7.032967e-01 1.720209e+00 5.833616e-01 -1.194976e-01
<VARIANCE> 25
 1.525284e+01 2.269129e+01 1.944910e+01 2.996699e+01 3.245956e+01 7.204939e+01 4.535566e+01 3.750252e+01 4.354713e+01 5.831272e+01 4.479111e+01 2.589117e+01 1.965139e+00 3.573731e+00 3.055039e+00 3.740277e+00 3.188815e+00 5.440071e+00 5.788899e+00 6.485615e+00 4.947394e+00 6.342967e+00 5.130578e+00 3.406388e+00 5.706636e-03
<GCONST> 1.002585e+02
<MIXTURE> 5 3.206198e-03
<MEAN> 25
 -3.371761e+00 2.130914e+00 2.191482e-01 8.715742e+00 6.037840e+00 6.410636e+00 7.540428e+00 5.469421e+00 6.263552e+00 3.260967e+00 4.475482e+00 2.421601e+00 -3.424507e-01 9.107109e-01 1.441219e+00 9.487531e-01 3.268761e-01 -1.138306e-01 -7.954870e-02 -8.804307e-02 5.120549e-01 6.501419e-01 5.427230e-01 1.438075e-01 -7.244087e-05
<VARIANCE> 25
 9.365306e+00 1.278098e+01 2.285046e+01 2.789203e+01 2.231673e+01 1.785273e+01 2.029942e+01 2.452276e+01 2.497690e+01 2.247883e+01 2.223960e+01 1.527404e+01 1.102566e+00 1.384208e+00 1.711010e+00 1.583369e+00 2.091808e+00 2.173337e+00 2.094417e+00 2.232034e+00 2.135356e+00 2.055250e+00 2.077625e+00 1.736448e+00 9.300165e-07
<GCONST> 7.489536e+01
<MIXTURE> 6 5.475854e-03
<MEAN> 25
 9.139668e+00 -1.391792e+00 -6.543391e+00 -1.097996e+01 -2.975063e+00 6.585114e+00 -6.852221e+00 -5.259547e+00 -4.838617e+00 1.703938e+00 5.307312e+00 -1.353770e+00 4.943756e-01 9.768324e-01 -3.376016e-01 -1.674096e+00 -4.306092e-01 1.415858e+00 1.568952e+00 3.403327e-01 -1.541022e+00 -1.290943e+00 2.775549e-01 9.371950e-01 -1.088946e-02
<VARIANCE> 25
 1.049347e+01 1.690250e+01 1.994339e+01 3.365379e+01 3.504949e+01 2.677328e+01 4.275022e+01 3.123443e+01 3.629826e+01 3.351779e+01 4.470788e+01 2.931559e+01 3.446454e-01 8.430902e-01 9.779529e-01 1.846666e+00 1.542457e+00 1.697536e+00 1.619312e+00 1.873968e+00 2.513424e+00 1.847919e+00 2.708473e+00 2.215622e+00 5.139388e-04
<GCONST> 8.313933e+01
<MIXTURE> 7 5.475854e-03
<MEAN> 25
 9.139668e+00 -1.391792e+00 -6.543391e+00 -1.097996e+01 -2.975063e+00 6.585114e+00 -6.852221e+00 -5.259547e+00 -4.838617e+00 1.703938e+00 5.307312e+00 -1.353770e+00 4.943756e-01 9.768324e-01 -3.376016e-01 -1.674096e+00 -4.306092e-01 1.415858e+00 1.568952e+00 3.403327e-01 -1.541022e+00 -1.290943e+00 2.775549e-01 9.371950e-01 -1.088946e-02
<VARIANCE> 25
 1.049347e+01 1.690250e+01 1.994339e+01 3.365379e+01 3.504949e+01 2.677328e+01 4.275022e+01 3.123443e+01 3.629826e+01 3.351779e+01 4.470788e+01 2.931559e+01 3.446454e-01 8.430902e-01 9.779529e-01 1.846666e+00 1.542457e+00 1.697536e+00 1.619312e+00 1.873968e+00 2.513424e+00 1.847919e+00 2.708473e+00 2.215622e+00 5.139388e-04
<GCONST> 8.313933e+01
<MIXTURE> 8 1.165917e-02
<MEAN> 25
 -4.639948e+00 2.168743e+00 9.530285e-01 8.841538e+00 6.352334e+00 5.665127e+00 6.013298e+00 3.957502e+00 8.042695e+00 4.690617e+00 5.640043e+00 2.752288e+00 -4.545915e-01 -1.669385e+00 -9.954723e-01 -1.288323e+00 -3.305292e-01 -1.183547e+00 -4.064508e-02 -3.061008e-01 -4.142677e-01 4.090517e-02 -1.939944e-01 -2.082115e-01 1.003198e-01
<VARIANCE> 25
 7.614462e+00 9.607439e+00 1.047519e+01 1.538187e+01 2.047510e+01 1.187819e+01 1.542112e+01 2.022873e+01 1.787345e+01 1.987136e+01 1.691337e+01 1.045363e+01 2.100516e+00 2.810973e+00 3.577505e+00 4.393559e+00 3.620029e+00 3.434124e+00 3.032007e+00 3.643164e+00 3.131833e+00 2.317751e+00 2.710400e+00 1.705028e+00 6.363918e-03
<GCONST> 8.551474e+01
<MIXTURE> 9 1.199672e-02
<MEAN> 25
 9.186511e+00 2.277006e+00 -5.919301e+00 -9.791475e+00 -2.457464e+00 5.267255e+00 -2.719012e+00 -1.926872e+00 -6.990653e+00 -1.114749e+00 7.845199e-01 -7.597609e-01 1.401498e+00 -1.979991e-01 -4.763757e-01 -2.412912e+00 -1.728437e+00 8.196203e-01 -1.032776e+00 -2.270551e-01 -2.748521e-01 -3.479598e-01 4.882866e-01 -1.575047e-02 6.574976e-02
<VARIANCE> 25
 1.103140e+01 2.526170e+01 3.127209e+01 5.118559e+01 5.065123e+01 3.111307e+01 4.714423e+01 4.824793e+01 5.892823e+01 4.833240e+01 4.662059e+01 3.470840e+01 2.256515e+00 2.289206e+00 3.900697e+00 4.638219e+00 4.333610e+00 3.718277e+00 5.084819e+00 5.654509e+00 6.540488e+00 4.040303e+00 3.753247e+00 2.951527e+00 2.504643e-03
<GCONST> 9.975630e+01
<MIXTURE> 10 6.596976e-03
<MEAN> 25
 9.608921e-01 7.439213e+00 4.631049e+00 6.679930e+00 1.629823e+00 -2.013310e+00 -5.426343e-01 -2.138510e+00 1.631812e+00 9.096763e-01 9.214052e-01 4.645292e-01 -1.857367e+00 -4.692362e-01 -5.422406e-01 2.705504e+00 2.200152e+00 2.615643e+00 2.121203e+00 1.970262e+00 1.850565e+00 1.177390e+00 2.255112e+00 4.684192e-01 -1.418897e-01
<VARIANCE> 25
 1.797123e+01 1.832343e+01 2.596676e+01 2.705613e+01 3.365612e+01 3.317963e+01 3.240596e+01 3.044173e+01 2.759971e+01 2.842499e+01 2.455367e+01 2.509831e+01 2.084389e+00 3.252405e+00 5.037637e+00 5.083701e+00 5.337918e+00 4.266150e+00 5.134965e+00 5.187725e+00 4.023515e+00 6.068517e+00 4.027167e+00 2.845006e+00 2.506962e-03
<GCONST> 9.650960e+01
<MIXTURE> 11 1.633820e-02
<MEAN> 25
 8.001801e+00 3.236044e+00 4.437653e+00 4.640318e+00 -3.933192e+00 -1.479737e+00 -4.412107e-01 -7.922107e+00 -3.837215e+00 9.564167e-01 -2.596891e+00 2.086067e-02 -2.326658e-01 6.539280e-01 1.684930e-01 -2.014329e-01 4.883673e-01 5.550013e-02 3.597121e-01 -2.314076e-01 -3.000188e-01 -2.140407e-02 2.203233e-01 1.593632e-01 -1.788519e-02
<VARIANCE> 25
 8.144480e+00 2.164066e+01 2.362894e+01 2.718431e+01 3.077697e+01 3.585444e+01 4.450993e+01 4.301960e+01 3.639238e+01 3.782816e+01 3.060999e+01 2.926442e+01 1.062276e+00 1.210250e+00 1.393183e+00 2.512547e+00 1.833017e+00 1.856347e+00 1.985503e+00 3.354218e+00 2.248291e+00 3.600790e+00 1.778998e+00 1.268709e+00 9.233372e-04
<GCONST> 8.671532e+01
<MIXTURE> 12 5.904134e-03
<MEAN> 25
 1.087437e+01 2.681423e+00 -4.429114e+00 -1.684604e+01 -8.923007e+00 9.226665e+00 -7.836577e-01 -1.777916e+00 -2.899329e+00 -3.345249e+00 1.106127e-01 1.506789e+00 -1.891408e-02 3.889150e-01 2.814331e-01 -5.536937e-01 -1.340568e-01 -2.122547e-02 3.602130e-01 4.629044e-01 1.481194e-01 -5.142781e-01 -3.575117e-01 -5.159376e-02 -1.165530e-02
<VARIANCE> 25
 7.232026e+00 2.064419e+01 1.952480e+01 3.192795e+01 3.397466e+01 2.564946e+01 3.323025e+01 3.977932e+01 4.299490e+01 3.718865e+01 4.089017e+01 2.678050e+01 2.376681e-01 6.110660e-01 7.384517e-01 1.264393e+00 1.096516e+00 9.782084e-01 1.005694e+00 1.367101e+00 1.020042e+00 1.027293e+00 1.266344e+00 8.116069e-01 5.570069e-04
<GCONST> 7.669231e+01
<MIXTURE> 13 5.904134e-03
<MEAN> 25
 1.087437e+01 2.681423e+00 -4.429114e+00 -1.684604e+01 -8.923007e+00 9.226665e+00 -7.836577e-01 -1.777916e+00 -2.899329e+00 -3.345249e+00 1.106127e-01 1.506789e+00 -1.891408e-02 3.889150e-01 2.814331e-01 -5.536937e-01 -1.340568e-01 -2.122547e-02 3.602130e-01 4.629044e-01 1.481194e-01 -5.142781e-01 -3.575117e-01 -5.159376e-02 -1.165530e-02
<VARIANCE> 25
 7.232026e+00 2.064419e+01 1.952480e+01 3.192795e+01 3.397466e+01 2.564946e+01 3.323025e+01 3.977932e+01 4.299490e+01 3.718865e+01 4.089017e+01 2.678050e+01 2.376681e-01 6.110660e-01 7.384517e-01 1.264393e+00 1.096516e+00 9.782084e-01 1.005694e+00 1.367101e+00 1.020042e+00 1.027293e+00 1.266344e+00 8.116069e-01 5.570069e-04
<GCONST> 7.669231e+01
<MIXTURE> 14 6.488954e-03
<MEAN> 25
 -4.775967e+00 -6.850138e-02 -5.093966e-01 7.924978e+00 6.706609e+00 6.975232e+00 7.936112e+00 7.061016e+00 8.162195e+00 4.144316e+00 6.356574e+00 3.925376e+00 -2.382953e-01 4.112232e-01 4.692165e-01 3.159144e-01 -7.367706e-02 1.380544e-02 -6.768674e-02 1.954440e-01 3.582853e-01 5.130370e-01 7.703670e-01 1.563378e-01 -8.200141e-03
<VARIANCE> 25
 8.049092e+00 1.341424e+01 1.826660e+01 1.663684e+01 1.906004e+01 1.885734e+01 1.766119e+01 2.015563e+01 2.004094e+01 2.340681e+01 1.836595e+01 1.512419e+01 7.661450e-01 1.692962e+00 1.824494e+00 1.678117e+00 2.000414e+00 2.129847e+00 2.464055e+00 2.095505e+00 1.881766e+00 2.210841e+00 2.621918e+00 1.613403e+00 1.003544e-03
<GCONST> 8.031615e+01
<MIXTURE> 15 2.475190e-03
<MEAN> 25
 -5.722685e+00 -3.898540e-01 -1.065096e-01 7.254072e+00 5.494641e+00 5.273070e+00 5.840410e+00 4.468571e+00 5.333847e+00 3.610100e+00 5.372761e+00 2.824561e+00 -1.205576e-01 -2.631857e-02 6.320827e-02 2.705392e-01 4.691132e-01 7.662774e-01 1.108587e+00 1.155182e+00 1.037694e+00 7.805379e-01 3.959977e-01 1.803976e-01 -1.172830e-04
<VARIANCE> 25
 6.633619e+00 6.482918e+00 8.241911e+00 1.204399e+01 1.302774e+01 1.413319e+01 1.470027e+01 1.453905e+01 1.294638e+01 1.508232e+01 1.463406e+01 1.313784e+01 1.162465e-01 1.948195e-01 3.049352e-01 4.928544e-01 6.437105e-01 7.483035e-01 9.469313e-01 7.603483e-01 9.119657e-01 1.053988e+00 1.031191e+00 1.094374e+00 2.846009e-05
<GCONST> 5.829197e+01
<MIXTURE> 16 2.475190e-03
<MEAN> 25
 -5.722685e+00 -3.898540e-01 -1.065096e-01 7.254072e+00 5.494641e+00 5.273070e+00 5.840410e+00 4.468571e+00 5.333847e+00 3.610100e+00 5.372761e+00 2.824561e+00 -1.205576e-01 -2.631857e-02 6.320827e-02 2.705392e-01 4.691132e-01 7.662774e-01 1.108587e+00 1.155182e+00 1.037694e+00 7.805379e-01 3.959977e-01 1.803976e-01 -1.172830e-04
<VARIANCE> 25
 6.633619e+00 6.482918e+00 8.241911e+00 1.204399e+01 1.302774e+01 1.413319e+01 1.470027e+01 1.453905e+01 1.294638e+01 1.508232e+01 1.463406e+01 1.313784e+01 1.162465e-01 1.948195e-01 3.049352e-01 4.928544e-01 6.437105e-01 7.483035e-01 9.469313e-01 7.603483e-01 9.119657e-01 1.053988e+00 1.031191e+00 1.094374e+00 2.846009e-05
<GCONST> 5.829197e+01
<MIXTURE> 17 9.518312e-03
<MEAN> 25
 3.978116e+00 -1.351141e+00 6.442561e+00 1.631384e+00 -6.953693e+00 -6.985967e+00 -2.026832e+00 1.841343e+00 -3.741330e+00 -1.779391e+00 -1.281923e+00 6.299791e-02 -6.182444e-01 -1.132761e+00 1.145688e+00 -1.949069e+00 -2.483408e+00 -1.548943e-01 -6.820905e-01 1.256395e+00 -4.234156e-01 -1.306812e-01 7.056772e-01 1.357426e-01 8.369860e-02
<VARIANCE> 25
 1.384329e+01 3.230056e+01 2.722554e+01 3.711018e+01 4.339284e+01 4.540654e+01 5.350534e+01 4.239393e+01 3.075572e+01 3.026500e+01 2.706705e+01 2.175869e+01 1.757035e+00 2.582830e+00 3.495582e+00 2.573007e+00 3.750538e+00 4.966363e+00 5.526590e+00 6.314950e+00 3.397529e+00 3.189838e+00 2.533175e+00 2.629167e+00 2.022206e-03
<GCONST> 9.575676e+01
<MIXTURE> 18 1.221018e-02
<MEAN> 25
 3.378517e+00 3.407832e+00 6.342768e+00 5.107276e+00 -4.452263e+00 -7.488760e+00 -3.013197e+00 -2.327712e+00 -2.188614e+00 -3.620895e+00 -5.042084e-01 1.270191e+00 -8.402573e-01 2.204427e+00 -4.529755e-01 1.494902e+00 2.710644e+00 1.404690e+00 1.348951e+00 -5.749084e-01 9.363084e-01 8.522021e-01 -1.799485e-01 2.377535e-01 -1.366346e-01
<VARIANCE> 25
 1.865469e+01 2.614079e+01 3.803361e+01 2.069050e+01 4.395628e+01 4.096148e+01 4.502065e+01 3.200696e+01 3.517236e+01 3.627381e+01 2.799778e+01 2.671495e+01 2.814480e+00 2.522629e+00 3.737394e+00 3.436786e+00 3.604826e+00 3.667650e+00 5.654439e+00 4.440719e+00 3.468745e+00 4.733173e+00 4.076602e+00 3.449230e+00 3.581695e-03
<GCONST> 9.747022e+01
<MIXTURE> 19 9.912824e-03
<MEAN> 25
 -9.295609e+00 1.882129e+00 6.088586e-01 8.041014e-01 4.051322e+00 2.401706e+00 3.760117e+00 -3.329722e-01 2.159847e+00 5.228505e-01 2.187167e-01 1.690612e+00 1.948639e+00 1.759098e+00 2.372793e+00 5.273566e-01 -1.223255e+00 -1.225226e+00 -1.306775e+00 -1.266271e+00 -1.485710e+00 -1.241290e+00 -8.924661e-01 -8.189646e-01 4.333526e-03
<VARIANCE> 25
 6.724614e+01 2.510878e+01 4.889067e+01 4.999722e+01 3.018226e+01 4.337115e+01 2.666113e+01 3.125345e+01 2.278831e+01 2.267648e+01 3.008570e+01 1.594779e+01 2.858110e+00 1.866518e+00 2.731450e+00 1.969246e+00 2.305956e+00 1.886450e+00 2.720548e+00 2.047676e+00 2.079208e+00 1.725730e+00 2.790041e+00 1.584363e+00 2.314182e-03
<GCONST> 9.074301e+01
<MIXTURE> 20 6.308331e-03
<MEAN> 25
 -1.425085e+01 8.078938e+00 1.949594e+00 5.376993e+00 5.053834e+00 1.717755e+00 4.468680e+00 8.481597e-01 4.724025e-01 2.390414e-01 2.493344e+00 -3.631279e-01 -3.262517e+00 -9.598994e-01 -1.414121e+00 3.661485e-01 1.604846e+00 2.092706e+00 1.819089e+00 1.917519e+00 2.128698e+00 1.857064e+00 1.427795e+00 9.193549e-01 4.598304e-02
<VARIANCE> 25
 1.836002e+01 2.513320e+01 3.949349e+01 3.966452e+01 2.947065e+01 2.590863e+01 3.219035e+01 2.880592e+01 2.818646e+01 2.827240e+01 2.290968e+01 1.901405e+01 1.924477e+00 2.165908e+00 1.940402e+00 2.334384e+00 2.491398e+00 2.116916e+00 2.354175e+00 2.277825e+00 2.071851e+00 2.700967e+00 2.636420e+00 1.700304e+00 1.727909e-03
<GCONST> 8.880737e+01
<MIXTURE> 21 7.928653e-03
<MEAN> 25
 3.694188e+00 -4.710677e+00 4.750969e+00 -3.123909e+00 -8.717578e+00 -8.438190e+00 -2.173694e+00 6.033439e+00 -5.111209e+00 -1.324238e+00 -1.901050e+00 7.884076e-01 -6.842209e-01 1.343439e+00 2.608881e+00 -3.867432e-02 -1.929217e+00 4.499703e-01 6.122313e-01 -1.391108e+00 -2.309977e+00 8.229395e-01 1.519671e+00 -2.721847e-02 -1.439078e-02
<VARIANCE> 25
 7.477499e+00 1.545924e+01 2.605684e+01 2.706833e+01 3.188985e+01 3.241412e+01 3.438473e+01 4.497334e+01 6.310403e+01 3.790680e+01 3.776109e+01 1.887009e+01 3.656138e-01 8.151882e-01 1.536552e+00 1.024265e+00 2.493975e+00 1.866954e+00 3.191897e+00 2.094205e+00 2.581193e+00 2.921242e+00 1.613505e+00 2.044150e+00 3.338088e-04
<GCONST> 8.377869e+01
<MIXTURE> 22 8.827789e-03
<MEAN> 25
 -1.779532e+01 7.315134e+00 -4.115826e+00 7.500989e+00 4.643783e+00 2.650173e+00 8.295007e+00 1.618163e+00 5.285203e+00 3.095224e+00 5.606497e+00 1.204414e+00 -3.149850e-01 -2.224805e-01 -1.117036e-01 -1.491682e-01 8.727741e-03 1.505391e-01 1.744614e-01 1.884868e-01 2.480531e-01 1.824023e-01 1.606957e-01 2.001300e-01 8.417331e-03
<VARIANCE> 25
 8.716712e+00 1.775639e+01 1.705417e+01 2.524610e+01 2.252869e+01 2.102360e+01 1.957420e+01 1.915995e+01 1.821849e+01 2.250540e+01 1.943973e+01 1.353140e+01 1.071509e+00 1.341491e+00 1.346192e+00 1.540756e+00 1.394405e+00 1.505559e+00 1.481276e+00 1.507996e+00 1.582415e+00 1.543920e+00 1.337761e+00 1.147716e+00 1.720880e-03
<GCONST> 7.832482e+01
<MIXTURE> 23 6.455497e-03
<MEAN> 25
 8.064861e+00 2.424628e+00 3.870738e+00 2.262304e+00 -5.074591e+00 -2.716947e+00 -2.871074e+00 -7.727926e+00 -3.856004e+00 7.144377e-02 -4.065685e+00 -1.354593e+00 1.103097e-02 1.687026e-01 -2.182859e-02 -1.226540e-03 3.722867e-02 -6.223495e-02 1.064243e-01 -2.747537e-02 2.010626e-02 7.119673e-02 -9.110180e-02 1.633169e-01 -3.885547e-03
<VARIANCE> 25
 9.420216e+00 1.983520e+01 2.577097e+01 3.590033e+01 3.342284e+01 4.880359e+01 6.699889e+01 5.801591e+01 4.391130e+01 4.893914e+01 4.297750e+01 3.920196e+01 1.129112e-01 2.911159e-01 3.899532e-01 5.039932e-01 5.391520e-01 7.091752e-01 7.345841e-01 8.854188e-01 8.247907e-01 9.530621e-01 8.482113e-01 7.757431e-01 8.358301e-05
<GCONST> 7.228922e+01
<MIXTURE> 24 6.455497e-03
<MEAN> 25
 8.064861e+00 2.424628e+00 3.870738e+00 2.262304e+00 -5.074591e+00 -2.716947e+00 -2.871074e+00 -7.727926e+00 -3.856004e+00 7.144377e-02 -4.065685e+00 -1.354593e+00 1.103097e-02 1.687026e-01 -2.182859e-02 -1.226540e-03 3.722867e-02 -6.223495e-02 1.064243e-01 -2.747537e-02 2.010626e-02 7.119673e-02 -9.110180e-02 1.633169e-01 -3.885547e-03
<VARIANCE> 25
 9.420216e+00 1.983520e+01 2.577097e+01 3.590033e+01 3.342284e+01 4.880359e+01 6.699889e+01 5.801591e+01 4.391130e+01 4.893914e+01 4.297750e+01 3.920196e+01 1.129112e-01 2.911159e-01 3.899532e-01 5.039932e-01 5.391520e-01 7.091752e-01 7.345841e-01 8.854188e-01 8.247907e-01 9.530621e-01 8.482113e-01 7.757431e-01 8.358301e-05
<GCONST> 7.228922e+01
<MIXTURE> 25 1.118642e-02
<MEAN> 25
 -9.121433e-02 3.894706e+00 1.688352e+01 -1.862340e+00 -1.001314e+01 -1.207373e+00 -6.177392e+00 -1.874989e+00 -7.992439e+00 -6.004519e+00 3.402554e+00 -2.715593e+00 -8.868203e-02 2.192605e-01 1.527176e-01 3.370231e-01 -9.783020e-02 3.804717e-02 -4.563872e-02 -9.951301e-03 -4.222247e-01 1.940550e-01 1.318976e-01 -2.854081e-01 -5.399154e-03
<VARIANCE> 25
 8.046810e+00 1.902638e+01 1.744065e+01 2.512672e+01 3.241739e+01 3.403546e+01 3.278202e+01 2.886789e+01 2.793974e+01 3.080696e+01 1.858715e+01 2.783530e+01 1.156373e+00 2.296181e+00 1.209569e+00 1.308177e+00 2.703390e+00 1.845413e+00 1.749541e+00 1.498769e+00 1.517812e+00 1.979911e+00 1.266467e+00 1.207888e+00 1.619927e-03
<GCONST> 8.303271e+01
<MIXTURE> 26 7.727677e-03
<MEAN> 25
 2.101311e+00 -5.228267e+00 -9.963153e+00 -2.799518e-01 7.949131e+00 5.109479e+00 3.853805e+00 -1.032764e+00 2.942360e+00 -1.305208e+00 -3.070548e+00 -1.486927e+00 -6.384234e-01 6.173164e-01 3.250748e-01 6.105062e-01 1.574058e-01 4.106343e-01 2.391465e-01 4.217558e-01 4.058911e-01 1.377110e-02 4.414555e-01 4.302254e-01 -5.725617e-02
<VARIANCE> 25
 2.374172e+01 3.720864e+01 2.582036e+01 6.227488e+01 4.374421e+01 4.571225e+01 4.167241e+01 4.696766e+01 4.111577e+01 4.862802e+01 3.549305e+01 4.229486e+01 1.482718e+00 1.833201e+00 1.950252e+00 1.923903e+00 2.103240e+00 3.318769e+00 2.390300e+00 2.867504e+00 2.215940e+00 2.105273e+00 2.248516e+00 1.837431e+00 3.448654e-03
<GCONST> 9.368723e+01
<MIXTURE> 27 7.727677e-03
<MEAN> 25
 2.101311e+00 -5.228267e+00 -9.963153e+00 -2.799518e-01 7.949131e+00 5.109479e+00 3.853805e+00 -1.032764e+00 2.942360e+00 -1.305208e+00 -3.070548e+00 -1.486927e+00 -6.384234e-01 6.173164e-01 3.250748e-01 6.105062e-01 1.574058e-01 4.106343e-01 2.391465e-01 4.217558e-01 4.058911e-01 1.377110e-02 4.414555e-01 4.302254e-01 -5.725617e-02
<VARIANCE> 25
 2.374172e+01 3.720864e+01 2.582036e+01 6.227488e+01 4.374421e+01 4.571225e+01 4.167241e+01 4.696766e+01 4.111577e+01 4.862802e+01 3.549305e+01 4.229486e+01 1.482718e+00 1.833201e+00 1.950252e+00 1.923903e+00 2.103240e+00 3.318769e+00 2.390300e+00 2.867504e+00 2.215940e+00 2.105273e+00 2.248516e+00 1.837431e+00 3.448654e-03
<GCONST> 9.368723e+01
<MIXTURE> 28 5.036674e-03
<MEAN> 25
 -5.538413e+00 4.104455e-01 -1.290190e+00 6.556975e+00 5.102236e+00 3.561079e+00 5.419260e+00 2.630499e+00 4.116093e+00 2.104254e+00 2.594438e+00 3.294257e+00 -1.332197e-01 2.080782e-01 5.304124e-01 7.484856e-01 7.379861e-01 7.554173e-01 6.071283e-01 4.395326e-01 4.686475e-01 5.109913e-01 4.125795e-01 1.456278e-01 2.282273e-05
<VARIANCE> 25
 9.617449e+00 8.747206e+00 1.174300e+01 1.386106e+01 1.385650e+01 1.678605e+01 1.728679e+01 2.012835e+01 1.617119e+01 1.610836e+01 1.953798e+01 1.480369e+01 2.491625e-01 3.238991e-01 4.083486e-01 4.523716e-01 6.520509e-01 8.252424e-01 1.147063e+00 1.079681e+00 1.129713e+00 1.016670e+00 1.006099e+00 1.005752e+00 1.012852e-06
<GCONST> 5.973863e+01
<MIXTURE> 29 5.036674e-03
<MEAN> 25
 -5.538413e+00 4.104455e-01 -1.290190e+00 6.556975e+00 5.102236e+00 3.561079e+00 5.419260e+00 2.630499e+00 4.116093e+00 2.104254e+00 2.594438e+00 3.294257e+00 -1.332197e-01 2.080782e-01 5.304124e-01 7.484856e-01 7.379861e-01 7.554173e-01 6.071283e-01 4.395326e-01 4.686475e-01 5.109913e-01 4.125795e-01 1.456278e-01 2.282273e-05
<VARIANCE> 25
 9.617449e+00 8.747206e+00 1.174300e+01 1.386106e+01 1.385650e+01 1.678605e+01 1.728679e+01 2.012835e+01 1.617119e+01 1.610836e+01 1.953798e+01 1.480369e+01 2.491625e-01 3.238991e-01 4.083486e-01 4.523716e-01 6.520509e-01 8.252424e-01 1.147063e+00 1.079681e+00 1.129713e+00 1.016670e+00 1.006099e+00 1.005752e+00 1.012852e-06
<GCONST> 5.973863e+01
<MIXTURE> 30 8.917812e-03
<MEAN> 25
 -5.000792e+00 3.931338e-01 4.199338e-01 8.519613e+00 7.270417e+00 7.652884e+00 7.717297e+00 5.739062e+00 6.994771e+00 4.562890e+00 6.749688e+00 3.732159e+00 -1.056364e-02 9.189612e-02 4.464357e-02 9.139799e-02 4.406254e-02 1.518569e-01 -3.727171e-02 1.025315e-02 9.599277e-02 -8.149063e-02 1.166264e-01 4.467584e-02 -1.355443e-03
<VARIANCE> 25
 6.545650e+00 1.087310e+01 1.078412e+01 1.266147e+01 1.391737e+01 1.981772e+01 1.658167e+01 2.009899e+01 1.568020e+01 1.716022e+01 1.922113e+01 1.274506e+01 8.238951e-02 2.246035e-01 3.525989e-01 4.701059e-01 5.835109e-01 8.649700e-01 7.394153e-01 6.992735e-01 8.345931e-01 9.660939e-01 7.795701e-01 8.384863e-01 5.560753e-05
<GCONST> 6.008551e+01
<MIXTURE> 31 4.136493e-03
<MEAN> 25
 -3.674899e+00 -5.654599e+00 -1.131473e+00 4.994991e+00 3.810775e+00 1.684778e+00 5.899755e+00 6.804274e+00 3.822848e+00 6.725969e-01 5.383696e+00 2.771122e+00 2.463104e-01 4.778524e-01 -2.881810e-01 2.695306e-01 7.951322e-02 5.141627e-01 8.606149e-02 -8.610417e-03 2.972926e-01 2.885141e-01 1.331809e-01 -4.593627e-02 -1.833550e-02
<VARIANCE> 25
 6.494177e+00 1.349152e+01 2.209218e+01 1.535548e+01 2.243616e+01 2.113808e+01 2.471844e+01 2.787110e+01 2.621161e+01 2.607656e+01 2.194716e+01 1.720896e+01 1.657797e-01 4.713779e-01 6.750221e-01 7.365470e-01 9.507117e-01 1.188825e+00 1.194435e+00 1.443765e+00 1.281092e+00 1.195512e+00 1.207025e+00 1.462627e+00 2.826986e-04
<GCONST> 7.164770e+01
<MIXTURE> 32 4.136493e-03
<MEAN> 25
 -3.674899e+00 -5.654599e+00 -1.131473e+00 4.994991e+00 3.810775e+00 1.684778e+00 5.899755e+00 6.804274e+00 3.822848e+00 6.725969e-01 5.383696e+00 2.771122e+00 2.463104e-01 4.778524e-01 -2.881810e-01 2.695306e-01 7.951322e-02 5.141627e-01 8.606149e-02 -8.610417e-03 2.972926e-01 2.885141e-01 1.331809e-01 -4.593627e-02 -1.833550e-02
<VARIANCE> 25
 6.494177e+00 1.349152e+01 2.209218e+01 1.535548e+01 2.243616e+01 2.113808e+01 2.471844e+01 2.787110e+01 2.621161e+01 2.607656e+01 2.194716e+01 1.720896e+01 1.657797e-01 4.713779e-01 6.750221e-01 7.365470e-01 9.507117e-01 1.188825e+00 1.194435e+00 1.443765e+00 1.281092e+00 1.195512e+00 1.207025e+00 1.462627e+00 2.826986e-04
<GCONST> 7.164770e+01
<MIXTURE> 33 1.508826e-02
<MEAN> 25
 6.701689e+00 -5.262286e+00 -2.058689e+00 -2.085402e+00 -3.637862e+00 -5.522240e+00 -9.027133e+00 5.123091e+00 -1.006388e+00 -4.587756e-02 -4.546858e+00 -3.102872e+00 6.241584e-01 -6.295022e-01 -2.335059e+00 -1.754271e+00 1.653287e+00 1.098210e+00 -1.248861e+00 1.290425e-01 6.654102e-01 1.437102e+00 -1.456155e-01 -1.383729e+00 3.087215e-02
<VARIANCE> 25
 1.046889e+01 1.994161e+01 2.352609e+01 3.000943e+01 3.754821e+01 3.511377e+01 5.346089e+01 4.996377e+01 4.571484e+01 4.160379e+01 3.689660e+01 2.093143e+01 8.967978e-01 1.766752e+00 2.347670e+00 1.745137e+00 3.619422e+00 3.212582e+00 5.370578e+00 6.189516e+00 4.641818e+00 5.019705e+00 2.538345e+00 2.590851e+00 1.087015e-03
<GCONST> 9.315755e+01
<MIXTURE> 34 1.588179e-02
<MEAN> 25
 8.306494e+00 -1.690357e+00 7.009261e-01 9.676046e-01 -3.581812e+00 -1.557768e+00 -7.829013e+00 -3.391646e+00 -2.393765e+00 -7.332262e-01 -8.103819e-01 -3.473607e+00 -1.173809e-01 1.044397e+00 1.511962e+00 2.043712e+00 -1.075625e-01 -1.638437e-01 1.311939e+00 -1.474186e+00 -4.015918e-01 -2.363002e-02 -7.805196e-01 6.805118e-01 -5.727364e-02
<VARIANCE> 25
 9.200686e+00 3.383949e+01 2.917084e+01 4.878765e+01 3.868581e+01 4.228410e+01 7.894215e+01 4.993670e+01 4.605480e+01 4.967802e+01 5.715967e+01 4.259863e+01 1.309885e+00 2.274640e+00 3.797060e+00 3.930621e+00 4.722152e+00 5.019997e+00 6.276744e+00 5.244149e+00 5.233339e+00 5.074299e+00 5.006962e+00 4.820412e+00 1.233325e-03
<GCONST> 1.003802e+02
<MIXTURE> 35 1.467755e-02
<MEAN> 25
 -1.333935e+00 -4.774929e+00 -1.093628e+01 -4.098331e-01 9.919716e+00 -4.294849e-01 1.594123e+00 4.800549e-01 2.438882e+00 4.213331e+00 3.762206e-01 5.840917e-02 7.515228e-01 -1.078794e+00 -1.083768e+00 -1.466621e+00 3.034184e-01 -1.420054e+00 -6.582976e-02 3.060848e-01 -7.984145e-01 4.767209e-01 -1.209673e+00 -9.722343e-01 1.375351e-01
<VARIANCE> 25
 1.600192e+01 2.403398e+01 4.073951e+01 4.138482e+01 5.006446e+01 3.829236e+01 4.463295e+01 3.390763e+01 3.879757e+01 3.223309e+01 2.762242e+01 3.522042e+01 2.430906e+00 2.961341e+00 5.455449e+00 3.681268e+00 5.615656e+00 4.695007e+00 4.967020e+00 3.809359e+00 3.854304e+00 3.310289e+00 3.460808e+00 3.603932e+00 5.141809e-03
<GCONST> 9.920702e+01
<MIXTURE> 36 1.093293e-02
<MEAN> 25
 5.096370e+00 -3.984045e+00 6.757411e+00 2.697321e+00 -1.016189e+01 -8.904210e+00 -6.473776e+00 3.447703e+00 -2.217993e+00 -4.534093e+00 2.572808e+00 -2.620780e-02 4.256438e-01 1.626411e-01 -9.398054e-01 -8.956379e-02 8.650297e-01 5.197524e-02 -6.047804e-01 5.594970e-02 3.693815e-01 5.605848e-01 -3.306796e-01 -3.848614e-01 -1.392785e-02
<VARIANCE> 25
 1.138102e+01 1.636616e+01 2.103135e+01 3.202195e+01 2.955877e+01 3.057528e+01 4.460148e+01 3.357914e+01 3.664388e+01 3.327607e+01 2.725393e+01 2.717590e+01 5.386590e-01 8.715935e-01 1.471509e+00 1.516515e+00 1.611146e+00 1.753872e+00 2.317891e+00 1.860873e+00 2.026750e+00 2.941245e+00 1.389018e+00 1.478050e+00 7.649027e-04
<GCONST> 8.339429e+01
<MIXTURE> 37 1.246826e-02
<MEAN> 25
 3.989618e-01 7.431915e+00 1.203217e+01 -4.761825e+00 -7.418314e+00 -9.027612e-01 -4.284685e+00 -7.722682e+00 -3.596802e+00 -1.296104e+00 -3.402244e+00 -9.743578e-01 2.993804e-01 6.542696e-01 -1.327624e+00 3.312109e+00 2.099523e+00 -1.941733e-01 1.127165e+00 4.022079e-01 5.414324e-01 4.605040e-03 4.294380e-01 -1.848123e-01 -9.566071e-02
<VARIANCE> 25
 1.511915e+01 2.365516e+01 2.718646e+01 4.779980e+01 3.443885e+01 3.081939e+01 4.469780e+01 3.312090e+01 3.464470e+01 3.404054e+01 3.401473e+01 2.764688e+01 2.798274e+00 3.324351e+00 2.649682e+00 4.123591e+00 4.151596e+00 3.360624e+00 4.105999e+00 3.343729e+00 3.198440e+00 3.894238e+00 3.532222e+00 2.558830e+00 4.246445e-03
<GCONST> 9.632120e+01
<MIXTURE> 38 1.154525e-02
<MEAN> 25
 -5.340331e+00 1.125923e+01 5.071882e+00 2.716082e+00 9.993265e-01 -4.638987e+00 -8.888898e-01 -3.323660e+00 -2.725946e+00 -3.574245e+00 -1.003166e+00 -5.254508e-01 -4.235874e+00 1.272014e+00 -3.165698e-01 1.652148e+00 2.246357e+00 1.412754e+00 1.898517e+00 4.997661e-01 7.810997e-01 7.052465e-03 1.300545e+00 3.836713e-01 3.914813e-02
<VARIANCE> 25
 2.653757e+01 2.762708e+01 5.121471e+01 3.886089e+01 3.376293e+01 3.101549e+01 3.011324e+01 3.453664e+01 3.258382e+01 2.434372e+01 2.234843e+01 2.040984e+01 1.766708e+00 3.184528e+00 2.878221e+00 4.634818e+00 3.094393e+00 3.574699e+00 4.038507e+00 3.932892e+00 3.143934e+00 5.236390e+00 4.914961e+00 2.258469e+00 1.693105e-03
<GCONST> 9.515382e+01
<MIXTURE> 39 9.501865e-03
<MEAN> 25
 1.350520e+00 2.750528e+00 1.043412e+01 -9.057498e+00 -1.099392e+01 -8.774767e-01 -2.799549e+00 -6.382275e+00 -4.591545e+00 5.831314e-01 -3.422751e+00 -2.112056e+00 -8.171312e-01 1.515427e+00 1.593233e+00 -1.332981e+00 7.091843e-02 1.081066e+00 -1.170694e+00 -1.117029e+00 4.528042e-01 3.169430e-01 -4.724196e-01 8.129254e-02 3.676343e-03
<VARIANCE> 25
 8.735278e+00 2.929523e+01 3.178477e+01 3.694688e+01 3.743036e+01 4.096655e+01 4.680767e+01 3.391919e+01 3.848445e+01 3.413369e+01 3.573357e+01 2.910609e+01 8.286939e-01 1.538415e+00 1.474923e+00 2.833936e+00 2.334606e+00 3.098564e+00 2.963245e+00 3.025368e+00 2.391101e+00 2.883675e+00 2.073575e+00 1.998575e+00 1.270321e-03
<GCONST> 8.992229e+01
<MIXTURE> 40 1.030800e-02
<MEAN> 25
 -8.554172e+00 2.172930e+00 -7.094623e-01 7.296898e+00 3.596411e+00 4.937717e+00 4.903965e+00 3.300595e+00 5.768235e+00 3.835493e+00 5.163409e+00 1.585281e+00 -7.117277e-02 -1.225608e-01 -4.016622e-02 -2.127056e-01 -1.535214e-01 5.952575e-02 2.374657e-01 -4.862107e-02 -6.014873e-02 5.365833e-02 -1.502360e-02 -5.081587e-03 6.142850e-03
<VARIANCE> 25
 3.220806e+01 1.946511e+01 2.429679e+01 2.384715e+01 2.239346e+01 1.812452e+01 1.900286e+01 1.909678e+01 1.930981e+01 1.995447e+01 1.791212e+01 1.365892e+01 6.024039e-01 8.022731e-01 9.815838e-01 1.091206e+00 9.962038e-01 1.187337e+00 1.245733e+00 1.179072e+00 1.450043e+00 1.189103e+00 1.069745e+00 9.950228e-01 8.559763e-04
<GCONST> 7.554173e+01
<MIXTURE> 41 6.713375e-03
<MEAN> 25
 2.128710e+00 1.679664e+00 1.002355e+01 -5.734224e+00 -1.028322e+01 -3.970885e+00 -1.675170e+00 -4.714852e+00 -4.488729e+00 3.148225e+00 -2.962104e+00 -6.563479e-01 2.697064e-01 -8.628684e-01 1.767081e+00 -3.409630e+00 -2.435605e+00 3.024919e-02 -3.659337e-01 -4.821868e-01 -1.038485e+00 1.375261e+00 -9.456006e-01 7.636508e-02 8.024283e-02
<VARIANCE> 25
 1.374639e+01 3.030783e+01 2.996430e+01 4.409795e+01 3.590543e+01 3.703910e+01 4.128455e+01 3.958932e+01 3.007819e+01 2.809647e+01 3.906274e+01 2.407334e+01 3.234108e+00 3.013981e+00 3.579691e+00 3.457785e+00 4.421138e+00 5.666317e+00 6.400921e+00 5.242353e+00 3.859495e+00 5.225135e+00 3.554605e+00 2.959921e+00 3.177467e-03
<GCONST> 9.847600e+01
<MIXTURE> 42 1.106211e-02
<MEAN> 25
 -2.764654e+00 5.587971e+00 5.087173e+00 2.557666e+00 -7.280990e-01 -4.866199e+00 -1.145638e+00 -2.866744e+00 -5.597737e-01 -3.194452e+00 -2.223848e+00 9.137750e-01 4.112790e+00 -8.012421e-01 1.555299e+00 7.156388e-02 -2.754901e+00 -1.492895e+00 -1.735109e+00 -4.153966e-01 -1.148592e+00 -4.370569e-01 2.443378e-01 -8.844011e-01 7.553231e-03
<VARIANCE> 25
 3.891114e+01 2.157188e+01 4.105175e+01 3.239828e+01 3.081488e+01 4.145917e+01 3.172743e+01 2.264813e+01 2.596014e+01 3.020577e+01 1.806325e+01 1.349647e+01 3.964999e+00 5.120207e+00 5.596627e+00 4.006464e+00 3.646507e+00 6.379564e+00 5.423848e+00 4.845210e+00 4.145059e+00 5.963912e+00 3.933678e+00 2.472369e+00 3.782020e-03
<GCONST> 9.820473e+01
<MIXTURE> 43 7.108249e-03
<MEAN> 25
 3.238176e+00 -6.148851e+00 -2.214291e+00 -5.113351e+00 -7.192021e+00 -3.318691e+00 4.143744e+00 1.199632e+00 -4.902173e+00 -6.865502e+00 -4.333643e+00 -1.212518e+00 2.129661e-01 2.160699e+00 1.950396e+00 -1.415047e-01 -1.416491e+00 -7.840688e-01 -9.622989e-01 -7.695196e-01 7.792767e-01 1.402070e+00 3.751423e-01 2.064272e-02 -4.445809e-02
<VARIANCE> 25
 9.647032e+00 1.998854e+01 2.677870e+01 3.548085e+01 3.898604e+01 3.744212e+01 3.251252e+01 4.016964e+01 4.071326e+01 4.005476e+01 2.605367e+01 2.900955e+01 7.462697e-01 1.234473e+00 1.629413e+00 2.448478e+00 2.341189e+00 2.364578e+00 2.658710e+00 2.950608e+00 2.650411e+00 2.715244e+00 2.310897e+00 1.879010e+00 9.390809e-04
<GCONST> 8.809481e+01
<MIXTURE> 44 7.328289e-03
<MEAN> 25
 -1.541315e+01 2.620411e+00 5.347899e+00 -2.358607e+00 3.675766e+00 3.902655e+00 1.248350e-01 8.303565e-01 2.280493e+00 -1.022697e+00 1.568551e+00 1.581890e+00 -2.787087e-01 -3.277794e-01 9.352275e-02 2.379147e-01 -3.224749e-01 4.134263e-01 3.231289e-01 -3.358881e-01 5.196653e-01 9.275996e-02 -1.063403e-01 -3.753315e-02 1.365132e-02
<VARIANCE> 25
 4.547739e+01 3.153882e+01 3.901144e+01 2.528467e+01 3.836095e+01 3.396653e+01 2.325215e+01 3.972542e+01 2.862600e+01 2.909847e+01 2.154758e+01 1.596754e+01 1.185228e+00 1.734580e+00 1.461285e+00 1.077116e+00 2.517369e+00 1.738823e+00 1.343881e+00 1.931866e+00 2.058078e+00 1.481854e+00 1.396564e+00 9.921111e-01 1.304831e-03
<GCONST> 8.508032e+01
<MIXTURE> 45 1.364932e-02
<MEAN> 25
 -1.282967e+01 3.355237e+00 2.790215e-01 1.850193e+00 5.298861e+00 1.848737e-01 3.541203e+00 2.351402e+00 3.210056e+00 1.260864e+00 3.548593e+00 2.237767e+00 -3.460580e+00 3.947829e-01 -1.905745e-01 -7.234911e-01 6.946475e-01 3.183966e-01 9.395509e-01 2.074389e-03 -1.355339e-01 -1.110760e-01 -5.366291e-03 1.496956e-02 1.405858e-01
<VARIANCE> 25
 4.264318e+01 2.620508e+01 4.066838e+01 2.931770e+01 2.760179e+01 2.443621e+01 3.083697e+01 2.452126e+01 1.905552e+01 1.969624e+01 2.691219e+01 1.409928e+01 4.945830e+00 2.598169e+00 3.221727e+00 2.185650e+00 2.883198e+00 2.676241e+00 2.535301e+00 2.219584e+00 1.658218e+00 1.714108e+00 2.222344e+00 1.695084e+00 4.639206e-03
<GCONST> 9.033192e+01
<MIXTURE> 46 9.336259e-03
<MEAN> 25
 -8.298386e+00 1.932812e+00 -6.716189e-02 7.415862e+00 6.409566e+00 2.501418e+00 7.241672e+00 3.470474e+00 5.803123e+00 4.025796e+00 3.768193e+00 2.957964e+00 1.123317e+00 -1.878259e-01 6.795782e-03 1.131760e+00 1.084443e+00 1.687265e+00 9.958774e-02 3.791243e-01 5.882818e-01 4.093229e-01 7.605932e-01 4.986984e-01 -1.173474e-01
<VARIANCE> 25
 3.479779e+01 3.824254e+01 4.188909e+01 4.237777e+01 5.007655e+01 5.121056e+01 3.469376e+01 3.554359e+01 2.963725e+01 3.071338e+01 3.300650e+01 1.788283e+01 3.591104e+00 3.546035e+00 3.460632e+00 3.652795e+00 4.974434e+00 8.579930e+00 3.349287e+00 3.461333e+00 2.834459e+00 2.576175e+00 2.570964e+00 1.552096e+00 8.203827e-03
<GCONST> 9.863744e+01
<MIXTURE> 47 7.116147e-03
<MEAN> 25
 7.397934e+00 -7.447248e+00 -7.886058e+00 -6.829248e+00 1.996796e+00 -1.108723e-01 -1.815642e+00 1.826068e+00 1.099816e+00 6.521937e-01 -4.109392e+00 -6.590762e+00 -7.875036e-02 -1.191753e+00 -5.100736e-01 -6.785438e-01 5.767967e-01 1.023670e+00 8.676837e-01 -1.058405e-02 2.449099e-01 -7.344065e-01 -5.866761e-01 -1.244892e-01 3.044035e-02
<VARIANCE> 25
 9.046721e+00 1.751071e+01 1.970906e+01 3.285193e+01 3.524938e+01 5.324628e+01 4.959508e+01 3.611434e+01 5.304510e+01 4.232734e+01 4.372524e+01 3.088528e+01 5.317932e-01 7.048510e-01 1.140886e+00 1.599952e+00 2.012466e+00 2.492256e+00 2.487053e+00 2.863542e+00 2.149491e+00 2.223149e+00 1.999083e+00 2.133855e+00 5.410460e-04
<GCONST> 8.612696e+01
<MIXTURE> 48 7.116147e-03
<MEAN> 25
 7.397934e+00 -7.447248e+00 -7.886058e+00 -6.829248e+00 1.996796e+00 -1.108723e-01 -1.815642e+00 1.826068e+00 1.099816e+00 6.521937e-01 -4.109392e+00 -6.590762e+00 -7.875036e-02 -1.191753e+00 -5.100736e-01 -6.785438e-01 5.767967e-01 1.023670e+00 8.676837e-01 -1.058405e-02 2.449099e-01 -7.344065e-01 -5.866761e-01 -1.244892e-01 3.044035e-02
<VARIANCE> 25
 9.046721e+00 1.751071e+01 1.970906e+01 3.285193e+01 3.524938e+01 5.324628e+01 4.959508e+01 3.611434e+01 5.304510e+01 4.232734e+01 4.372524e+01 3.088528e+01 5.317932e-01 7.048510e-01 1.140886e+00 1.599952e+00 2.012466e+00 2.492256e+00 2.487053e+00 2.863542e+00 2.149491e+00 2.223149e+00 1.999083e+00 2.133855e+00 5.410460e-04
<GCONST> 8.612696e+01
<MIXTURE> 49 5.548473e-03
<MEAN> 25
 -5.865030e+00 2.152725e+00 8.941803e-01 8.264021e+00 5.595692e+00 6.065486e+00 6.108198e+00 2.905324e+00 6.495492e+00 2.140227e+00 4.551864e+00 2.956861e+00 3.876063e-01 6.303552e-01 7.959074e-01 4.553528e-01 -1.514326e-01 -9.255769e-01 -1.315254e+00 -1.155544e+00 -1.024942e+00 -7.362865e-01 -4.355305e-01 -3.817991e-01 -8.002737e-05
<VARIANCE> 25
 7.012677e+00 1.096962e+01 1.443113e+01 1.073958e+01 1.180819e+01 1.839411e+01 1.733758e+01 1.792065e+01 1.989142e+01 1.440842e+01 1.346456e+01 1.113514e+01 2.012076e-01 2.138161e-01 2.886632e-01 4.989625e-01 7.687539e-01 9.338109e-01 9.457082e-01 8.624898e-01 1.030433e+00 9.422721e-01 1.186300e+00 1.066492e+00 1.939381e-05
<GCONST> 6.085719e+01
<MIXTURE> 50 6.234641e-03
<MEAN> 25
 -4.729283e+00 7.508698e-01 -8.504647e-01 6.186932e+00 4.257137e+00 2.477632e+00 3.695962e+00 1.630319e+00 3.398244e+00 8.822377e-01 1.984597e+00 2.614716e+00 7.613661e-02 1.779664e-01 6.487124e-02 -2.155609e-01 -5.334367e-01 -5.726280e-01 -3.638570e-01 -1.266257e-02 3.877096e-01 7.282484e-01 6.792149e-01 4.535914e-01 -6.691623e-05
<VARIANCE> 25
 9.656982e+00 1.336790e+01 1.559397e+01 1.388515e+01 1.390947e+01 1.734499e+01 1.677996e+01 1.897695e+01 1.995217e+01 1.882473e+01 2.042369e+01 1.464484e+01 1.631734e-01 2.236806e-01 3.705142e-01 5.005360e-01 5.726746e-01 7.527243e-01 9.840418e-01 1.075507e+00 1.183921e+00 1.000983e+00 8.935820e-01 9.539186e-01 1.091196e-06
<GCONST> 5.956541e+01
<MIXTURE> 51 6.234641e-03
<MEAN> 25
 -4.729283e+00 7.508698e-01 -8.504647e-01 6.186932e+00 4.257137e+00 2.477632e+00 3.695962e+00 1.630319e+00 3.398244e+00 8.822377e-01 1.984597e+00 2.614716e+00 7.613661e-02 1.779664e-01 6.487124e-02 -2.155609e-01 -5.334367e-01 -5.726280e-01 -3.638570e-01 -1.266257e-02 3.877096e-01 7.282484e-01 6.792149e-01 4.535914e-01 -6.691623e-05
<VARIANCE> 25
 9.656982e+00 1.336790e+01 1.559397e+01 1.388515e+01 1.390947e+01 1.734499e+01 1.677996e+01 1.897695e+01 1.995217e+01 1.882473e+01 2.042369e+01 1.464484e+01 1.631734e-01 2.236806e-01 3.705142e-01 5.005360e-01 5.726746e-01 7.527243e-01 9.840418e-01 1.075507e+00 1.183921e+00 1.000983e+00 8.935820e-01 9.539186e-01 1.091196e-06
<GCONST> 5.956541e+01
<MIXTURE> 52 6.367945e-03
<MEAN> 25
 9.965664e+00 2.178717e+00 -5.687003e+00 -1.389398e+01 -4.161412e+00 8.439428e+00 -3.008254e+00 -2.257548e+00 -6.532745e+00 -2.427864e+00 3.502175e+00 -2.748522e-01 -3.843251e-01 -3.885617e-01 -8.082507e-02 1.105684e+00 1.189162e+00 -4.950133e-01 -6.411745e-01 -7.135189e-01 1.909022e-01 9.954154e-01 5.249442e-01 -5.363155e-01 -1.535820e-02
<VARIANCE> 25
 8.315842e+00 1.970652e+01 2.294240e+01 4.363135e+01 4.016771e+01 2.716133e+01 4.668814e+01 4.789235e+01 7.483891e+01 4.637695e+01 4.656625e+01 4.008110e+01 4.119321e-01 1.521699e+00 1.264628e+00 2.485047e+00 2.264709e+00 1.976039e+00 3.358166e+00 2.506423e+00 3.299814e+00 2.874670e+00 2.572225e+00 2.007404e+00 1.811640e-03
<GCONST> 9.023071e+01
<MIXTURE> 53 6.367945e-03
<MEAN> 25
 9.965664e+00 2.178717e+00 -5.687003e+00 -1.389398e+01 -4.161412e+00 8.439428e+00 -3.008254e+00 -2.257548e+00 -6.532745e+00 -2.427864e+00 3.502175e+00 -2.748522e-01 -3.843251e-01 -3.885617e-01 -8.082507e-02 1.105684e+00 1.189162e+00 -4.950133e-01 -6.411745e-01 -7.135189e-01 1.909022e-01 9.954154e-01 5.249442e-01 -5.363155e-01 -1.535820e-02
<VARIANCE> 25
 8.315842e+00 1.970652e+01 2.294240e+01 4.363135e+01 4.016771e+01 2.716133e+01 4.668814e+01 4.789235e+01 7.483891e+01 4.637695e+01 4.656625e+01 4.008110e+01 4.119321e-01 1.521699e+00 1.264628e+00 2.485047e+00 2.264709e+00 1.976039e+00 3.358166e+00 2.506423e+00 3.299814e+00 2.874670e+00 2.572225e+00 2.007404e+00 1.811640e-03
<GCONST> 9.023071e+01
<MIXTURE> 54 7.368620e-03
<MEAN> 25
 -3.734634e+00 1.431790e-01 -6.840556e-01 8.017986e+00 6.457921e+00 4.706964e+00 4.698560e+00 4.490849e+00 4.143785e+00 3.600624e+00 4.476036e+00 2.356696e+00 -2.030307e-05 1.750878e-02 2.031820e-02 4.082900e-02 4.537793e-02 4.655630e-02 3.273851e-02 3.229471e-02 3.688477e-02 2.763687e-02 1.545609e-02 -2.770753e-02 -6.480228e-05
<VARIANCE> 25
 9.241662e+00 1.042664e+01 9.215937e+00 1.779437e+01 1.299215e+01 1.367084e+01 1.181040e+01 1.144841e+01 1.135217e+01 1.326957e+01 1.761614e+01 1.234665e+01 4.079831e-02 8.789392e-02 1.586311e-01 2.261380e-01 3.028049e-01 3.902473e-01 4.567980e-01 5.131327e-01 5.417073e-01 5.148286e-01 5.033096e-01 5.484543e-01 1.126691e-06
<GCONST> 4.729308e+01
<MIXTURE> 55 7.368620e-03
<MEAN> 25
 -3.734634e+00 1.431790e-01 -6.840556e-01 8.017986e+00 6.457921e+00 4.706964e+00 4.698560e+00 4.490849e+00 4.143785e+00 3.600624e+00 4.476036e+00 2.356696e+00 -2.030307e-05 1.750878e-02 2.031820e-02 4.082900e-02 4.537793e-02 4.655630e-02 3.273851e-02 3.229471e-02 3.688477e-02 2.763687e-02 1.545609e-02 -2.770753e-02 -6.480228e-05
<VARIANCE> 25
 9.241662e+00 1.042664e+01 9.215937e+00 1.779437e+01 1.299215e+01 1.367084e+01 1.181040e+01 1.144841e+01 1.135217e+01 1.326957e+01 1.761614e+01 1.234665e+01 4.079831e-02 8.789392e-02 1.586311e-01 2.261380e-01 3.028049e-01 3.902473e-01 4.567980e-01 5.131327e-01 5.417073e-01 5.148286e-01 5.033096e-01 5.484543e-01 1.126691e-06
<GCONST> 4.729308e+01
<MIXTURE> 56 6.132464e-03
<MEAN> 25
 7.579639e+00 -7.005970e+00 -9.246652e+00 -1.008376e+01 5.092142e+00 4.105992e+00 -2.666560e+00 -9.831318e-01 1.441192e+00 7.526122e-01 -3.331037e+00 -6.149093e+00 1.893963e-02 -2.616540e-02 -4.420453e-02 4.564486e-02 2.284278e-01 5.696723e-02 -8.670049e-02 -6.347621e-02 1.673320e-02 -7.080833e-02 -1.655453e-01 2.235188e-01 -6.399288e-03
<VARIANCE> 25
 8.022428e+00 2.040396e+01 1.714881e+01 4.539449e+01 3.492596e+01 4.378448e+01 5.521437e+01 3.299312e+01 3.483884e+01 3.271192e+01 3.917877e+01 3.219785e+01 1.877411e-01 3.823433e-01 4.044476e-01 8.122033e-01 6.913164e-01 1.145471e+00 1.028839e+00 8.261295e-01 8.429939e-01 8.236186e-01 9.611160e-01 9.732800e-01 2.082072e-04
<GCONST> 7.366893e+01
<MIXTURE> 57 6.132464e-03
<MEAN> 25
 7.579639e+00 -7.005970e+00 -9.246652e+00 -1.008376e+01 5.092142e+00 4.105992e+00 -2.666560e+00 -9.831318e-01 1.441192e+00 7.526122e-01 -3.331037e+00 -6.149093e+00 1.893963e-02 -2.616540e-02 -4.420453e-02 4.564486e-02 2.284278e-01 5.696723e-02 -8.670049e-02 -6.347621e-02 1.673320e-02 -7.080833e-02 -1.655453e-01 2.235188e-01 -6.399288e-03
<VARIANCE> 25
 8.022428e+00 2.040396e+01 1.714881e+01 4.539449e+01 3.492596e+01 4.378448e+01 5.521437e+01 3.299312e+01 3.483884e+01 3.271192e+01 3.917877e+01 3.219785e+01 1.877411e-01 3.823433e-01 4.044476e-01 8.122033e-01 6.913164e-01 1.145471e+00 1.028839e+00 8.261295e-01 8.429939e-01 8.236186e-01 9.611160e-01 9.732800e-01 2.082072e-04
<GCONST> 7.366893e+01
<MIXTURE> 58 6.172147e-03
<MEAN> 25
 2.390039e+00 -3.767055e+00 7.121143e+00 -5.596231e+00 -1.357599e+01 -6.889663e+00 5.545688e-01 2.433937e+00 -3.646022e+00 2.672607e+00 -6.256976e-01 -4.907714e-01 -7.771994e-03 -1.895341e-01 -1.877191e-01 -1.134743e-01 -3.471320e-02 2.020453e-01 2.732562e-01 1.124155e-01 1.957823e-01 -1.076461e-01 1.732896e-01 -2.526870e-01 4.822421e-04
<VARIANCE> 25
 8.026080e+00 1.407719e+01 1.730691e+01 2.220253e+01 2.180832e+01 5.679902e+01 3.690202e+01 4.173591e+01 4.198300e+01 2.769745e+01 2.411628e+01 1.815091e+01 3.405975e-01 7.447350e-01 7.178026e-01 1.078990e+00 7.909538e-01 1.670912e+00 1.384873e+00 1.382776e+00 1.003089e+00 9.488289e-01 1.011047e+00 8.167023e-01 6.541840e-04
<GCONST> 7.595532e+01
<MIXTURE> 59 6.172147e-03
<MEAN> 25
 2.390039e+00 -3.767055e+00 7.121143e+00 -5.596231e+00 -1.357599e+01 -6.889663e+00 5.545688e-01 2.433937e+00 -3.646022e+00 2.672607e+00 -6.256976e-01 -4.907714e-01 -7.771994e-03 -1.895341e-01 -1.877191e-01 -1.134743e-01 -3.471320e-02 2.020453e-01 2.732562e-01 1.124155e-01 1.957823e-01 -1.076461e-01 1.732896e-01 -2.526870e-01 4.822421e-04
<VARIANCE> 25
 8.026080e+00 1.407719e+01 1.730691e+01 2.220253e+01 2.180832e+01 5.679902e+01 3.690202e+01 4.173591e+01 4.198300e+01 2.769745e+01 2.411628e+01 1.815091e+01 3.405975e-01 7.447350e-01 7.178026e-01 1.078990e+00 7.909538e-01 1.670912e+00 1.384873e+00 1.382776e+00 1.003089e+00 9.488289e-01 1.011047e+00 8.167023e-01 6.541840e-04
<GCONST> 7.595532e+01
<MIXTURE> 60 4.479129e-03
<MEAN> 25
 -4.833569e+00 6.492622e-06 -7.007528e-01 3.975242e+00 1.830742e+00 1.891557e+00 1.534232e+00 7.651290e-01 3.267004e+00 1.068184e+00 2.854570e+00 2.393413e+00 -6.414819e-02 3.465188e-02 7.166511e-02 8.453085e-02 1.243131e-01 1.400101e-01 1.939936e-01 3.932181e-01 5.479012e-01 6.835441e-01 5.025682e-01 2.325889e-01 -1.078057e-03
<VARIANCE> 25
 6.326249e+00 5.516952e+00 9.399772e+00 9.617297e+00 1.165425e+01 1.379681e+01 1.371201e+01 1.221825e+01 1.470267e+01 1.139993e+01 1.518579e+01 1.094013e+01 7.823377e-02 1.471138e-01 2.843717e-01 3.853137e-01 5.097589e-01 6.321226e-01 1.025404e+00 8.482701e-01 9.423692e-01 7.390767e-01 7.815745e-01 8.280290e-01 2.615414e-05
<GCONST> 5.514334e+01
<MIXTURE> 61 4.479129e-03
<MEAN> 25
 -4.833569e+00 6.492622e-06 -7.007528e-01 3.975242e+00 1.830742e+00 1.891557e+00 1.534232e+00 7.651290e-01 3.267004e+00 1.068184e+00 2.854570e+00 2.393413e+00 -6.414819e-02 3.465188e-02 7.166511e-02 8.453085e-02 1.243131e-01 1.400101e-01 1.939936e-01 3.932181e-01 5.479012e-01 6.835441e-01 5.025682e-01 2.325889e-01 -1.078057e-03
<VARIANCE> 25
 6.326249e+00 5.516952e+00 9.399772e+00 9.617297e+00 1.165425e+01 1.379681e+01 1.371201e+01 1.221825e+01 1.470267e+01 1.139993e+01 1.518579e+01 1.094013e+01 7.823377e-02 1.471138e-01 2.843717e-01 3.853137e-01 5.097589e-01 6.321226e-01 1.025404e+00 8.482701e-01 9.423692e-01 7.390767e-01 7.815745e-01 8.280290e-01 2.615414e-05
<GCONST> 5.514334e+01
<MIXTURE> 62 3.278034e-03
<MEAN> 25
 -4.915144e+00 1.645350e+00 8.204597e-01 8.132526e+00 5.635494e+00 4.836254e+00 5.232571e+00 3.440628e+00 5.148295e+00 3.701359e+00 4.909580e+00 3.073035e+00 -9.752557e-01 -1.147358e+00 -8.637527e-01 -2.097760e-01 4.252593e-01 9.901532e-01 1.272160e+00 1.521837e+00 1.493608e+00 1.307292e+00 1.120802e+00 6.776880e-01 -1.501971e-03
<VARIANCE> 25
 9.512027e+00 1.072639e+01 1.301560e+01 2.157103e+01 1.907092e+01 1.647095e+01 1.916506e+01 2.131315e+01 1.817043e+01 1.776799e+01 2.030391e+01 1.401689e+01 3.774824e-01 4.048539e-01 5.818473e-01 7.675530e-01 9.545899e-01 1.102839e+00 1.282602e+00 1.197262e+00 1.409454e+00 1.343923e+00 1.474088e+00 1.348717e+00 1.677559e-05
<GCONST> 6.752633e+01
<MIXTURE> 63 4.351215e-03
<MEAN> 25
 -4.244689e+00 -2.048763e+00 -4.522509e+00 3.194062e+00 3.017677e+00 2.159861e-01 3.983514e+00 1.909961e+00 3.309612e+00 -1.466556e+00 -9.536701e-01 2.237374e+00 -1.093344e-01 3.590947e-01 3.649611e-01 4.270897e-01 3.033592e-01 4.060721e-01 2.979901e-01 2.331951e-01 1.668619e-01 2.574629e-01 2.704193e-01 1.280770e-01 -6.008037e-03
<VARIANCE> 25
 7.411497e+00 1.960017e+01 1.869736e+01 1.559696e+01 1.824607e+01 2.446268e+01 2.483495e+01 2.880968e+01 2.419845e+01 2.107134e+01 1.890689e+01 1.618496e+01 2.576882e-01 4.404545e-01 6.501251e-01 6.973206e-01 8.864582e-01 1.031674e+00 1.273338e+00 1.237252e+00 1.350381e+00 1.272243e+00 1.281664e+00 1.239681e+00 1.936363e-04
<GCONST> 7.108562e+01
<MIXTURE> 64 4.351215e-03
<MEAN> 25
 -4.244689e+00 -2.048763e+00 -4.522509e+00 3.194062e+00 3.017677e+00 2.159861e-01 3.983514e+00 1.909961e+00 3.309612e+00 -1.466556e+00 -9.536701e-01 2.237374e+00 -1.093344e-01 3.590947e-01 3.649611e-01 4.270897e-01 3.033592e-01 4.060721e-01 2.979901e-01 2.331951e-01 1.668619e-01 2.574629e-01 2.704193e-01 1.280770e-01 -6.008037e-03
<VARIANCE> 25
 7.411497e+00 1.960017e+01 1.869736e+01 1.559696e+01 1.824607e+01 2.446268e+01 2.483495e+01 2.880968e+01 2.419845e+01 2.107134e+01 1.890689e+01 1.618496e+01 2.576882e-01 4.404545e-01 6.501251e-01 6.973206e-01 8.864582e-01 1.031674e+00 1.273338e+00 1.237252e+00 1.350381e+00 1.272243e+00 1.281664e+00 1.239681e+00 1.936363e-04
<GCONST> 7.108562e+01
<MIXTURE> 65 1.721197e-02
<MEAN> 25
 8.054358e+00 2.008416e+00 2.436801e+00 5.771586e-01 -5.268266e+00 -3.470269e+00 -4.217017e+00 -6.652926e+00 -5.245571e+00 -9.091591e-01 -4.811083e+00 -1.438218e+00 1.821280e-01 1.229468e-01 9.373380e-02 -4.914264e-02 -1.753910e-01 2.411141e-01 -1.657547e-02 -3.145232e-01 2.461375e-02 3.199233e-02 1.346674e-01 -4.027005e-03 -3.803402e-03
<VARIANCE> 25
 8.527556e+00 2.002775e+01 3.070986e+01 3.642539e+01 3.287069e+01 5.547769e+01 6.966138e+01 7.016277e+01 7.014861e+01 6.658982e+01 6.394992e+01 5.039795e+01 5.414638e-01 1.095850e+00 1.486471e+00 1.929166e+00 2.029726e+00 1.980293e+00 2.779159e+00 3.604833e+00 2.715606e+00 3.535866e+00 2.365462e+00 1.945359e+00 4.691942e-04
<GCONST> 9.098845e+01
<MIXTURE> 66 1.191532e-02
<MEAN> 25
 6.849399e+00 -3.386337e+00 -4.840535e+00 -6.130203e+00 1.489518e+00 -4.533748e+00 -5.709845e+00 1.632638e+00 -1.035692e+00 1.806906e+00 -7.361326e+00 -2.971176e+00 -4.294820e-01 1.721867e+00 2.032990e+00 2.270375e+00 -9.777844e-01 -1.458018e+00 5.141847e-01 -9.832684e-01 3.401369e-01 -5.548596e-01 -2.135922e-01 9.962977e-01 -5.971916e-02
<VARIANCE> 25
 6.924446e+00 2.141104e+01 2.308881e+01 3.228606e+01 3.312478e+01 5.343575e+01 6.165634e+01 3.575414e+01 4.281886e+01 8.440275e+01 5.571109e+01 3.327013e+01 1.309569e+00 2.014600e+00 2.164434e+00 2.126280e+00 3.431775e+00 3.806040e+00 4.779748e+00 4.146363e+00 4.319353e+00 4.001292e+00 3.980661e+00 2.748214e+00 1.292617e-03
<GCONST> 9.509827e+01
<MIXTURE> 67 1.559142e-02
<MEAN> 25
 8.683263e+00 1.686302e+00 -5.568341e+00 -9.166227e+00 2.399002e-01 4.385162e+00 -2.915691e+00 -1.326680e+00 -6.648829e+00 -7.043355e-01 1.465394e+00 -3.009260e+00 -9.491671e-01 1.997343e+00 6.458199e-01 3.113244e+00 1.335824e+00 -1.210156e-01 1.196584e+00 2.169402e-01 1.743880e-01 -9.710423e-02 2.921263e-01 5.443418e-02 -1.301126e-01
<VARIANCE> 25
 8.868986e+00 2.879202e+01 1.937157e+01 5.835740e+01 4.082146e+01 5.169296e+01 5.600830e+01 4.159232e+01 8.307889e+01 5.677694e+01 5.899461e+01 4.343800e+01 1.963833e+00 2.496784e+00 2.583197e+00 4.380897e+00 2.962387e+00 3.089856e+00 2.916149e+00 5.068888e+00 5.528788e+00 3.572450e+00 4.132429e+00 2.842797e+00 2.967541e-03
<GCONST> 9.878618e+01
<MIXTURE> 68 1.485092e-02
<MEAN> 25
 -9.995996e-01 -3.404071e+00 -3.725844e+00 3.187843e+00 3.184055e+00 -1.963017e-01 3.676860e+00 -3.688382e-02 2.663239e+00 6.401868e-01 -6.389267e-01 3.743556e-01 2.554729e+00 -2.265389e-01 1.668878e-01 -1.893213e+00 -2.522965e+00 -1.411604e+00 -2.447144e+00 -1.047363e+00 -1.738714e+00 -7.368755e-01 -1.802158e+00 -7.596827e-01 1.230828e-01
<VARIANCE> 25
 1.782184e+01 3.390745e+01 5.044268e+01 4.802966e+01 7.190018e+01 4.616008e+01 4.395404e+01 3.249092e+01 4.060709e+01 3.006687e+01 2.943043e+01 2.420760e+01 1.785127e+00 3.748762e+00 5.349490e+00 4.436052e+00 3.845472e+00 4.508564e+00 6.074014e+00 4.573736e+00 4.618636e+00 4.352810e+00 4.477709e+00 2.569121e+00 5.563125e-03
<GCONST> 1.006881e+02
<MIXTURE> 69 1.204884e-02
<MEAN> 25
 5.156744e+00 -3.505481e+00 -3.271546e+00 -3.777662e+00 -2.384925e+00 -7.290417e+00 -4.083830e-01 2.362506e+00 -7.438802e-01 -1.981909e+00 -6.326857e+00 6.289051e-02 1.547333e+00 -1.712103e+00 -1.098840e+00 -2.265933e+00 -1.054557e+00 -7.093363e-01 -8.021263e-01 1.283523e+00 -6.177092e-01 -6.410908e-01 -2.338437e+00 -1.569501e-01 7.049765e-02
<VARIANCE> 25
 8.144517e+00 2.202297e+01 2.893000e+01 2.456614e+01 5.040346e+01 3.824844e+01 4.485279e+01 2.686486e+01 3.551497e+01 5.271689e+01 3.211086e+01 2.433414e+01 2.857442e+00 3.006083e+00 2.772696e+00 2.748103e+00 5.400044e+00 3.932848e+00 7.947501e+00 5.732464e+00 4.965512e+00 6.073670e+00 4.396045e+00 3.471923e+00 2.488172e-03
<GCONST> 9.774869e+01
<MIXTURE> 70 1.329190e-02
<MEAN> 25
 7.595471e+00 -2.845731e+00 -3.958439e+00 -3.270607e+00 -1.758034e+00 -1.157052e-01 -7.578128e+00 -2.240818e+00 -1.204560e+00 1.338565e+00 7.066857e-01 -4.765796e+00 1.919076e+00 -7.905464e-01 -5.206172e-01 -1.979054e+00 -1.768333e+00 6.874599e-01 -1.679089e+00 -3.924534e-02 -9.827041e-02 2.115013e-01 4.096654e-01 -8.999020e-01 5.502899e-02
<VARIANCE> 25
 1.008013e+01 2.367107e+01 2.364235e+01 4.313701e+01 4.618308e+01 4.589796e+01 5.694794e+01 4.062307e+01 6.872301e+01 4.649614e+01 5.744099e+01 3.950147e+01 3.841556e+00 2.889925e+00 4.012759e+00 3.697144e+00 5.564520e+00 5.494685e+00 9.929729e+00 7.483222e+00 9.766605e+00 5.802390e+00 5.047842e+00 4.318154e+00 2.464195e-03
<GCONST> 1.034969e+02
<MIXTURE> 71 1.406903e-02
<MEAN> 25
 6.069974e+00 4.963116e+00 5.689583e+00 2.268778e+00 -3.445475e+00 -2.985123e+00 -1.107921e+00 -7.211255e+00 -5.358698e+00 -1.273669e+00 -4.368217e+00 -1.811994e+00 -1.587845e+00 -3.367779e-01 -1.868944e-02 -1.514098e+00 8.215402e-01 -6.495624e-01 -3.690478e-01 2.091535e+00 2.334422e-01 -6.503826e-01 6.710770e-01 -1.974618e-01 3.979969e-02
<VARIANCE> 25
 1.554305e+01 1.949529e+01 2.509508e+01 3.607957e+01 3.262403e+01 3.534003e+01 6.060093e+01 3.962152e+01 3.225094e+01 4.717391e+01 3.525549e+01 3.301889e+01 1.781479e+00 3.181818e+00 5.040781e+00 3.831055e+00 3.766739e+00 4.182167e+00 4.950004e+00 7.362201e+00 3.811787e+00 4.300956e+00 3.009485e+00 2.686027e+00 1.306102e-03
<GCONST> 9.698441e+01
<MIXTURE> 72 8.134747e-03
<MEAN> 25
 4.177482e+00 -4.289548e+00 5.197868e+00 -3.012290e+00 -1.023708e+01 -9.162273e+00 -3.701094e+00 5.667054e+00 -8.138327e+00 -5.276862e-01 -2.346426e+00 6.194562e-02 8.534949e-01 -8.643544e-01 -2.608237e+00 4.396507e-01 2.052289e+00 -6.383041e-01 -1.549845e+00 1.078813e+00 1.859238e+00 -5.413467e-01 -9.012985e-01 2.421327e-01 7.819894e-04
<VARIANCE> 25
 8.368276e+00 1.579231e+01 2.432572e+01 3.463042e+01 2.417507e+01 2.434802e+01 3.365367e+01 4.102143e+01 4.585592e+01 3.765574e+01 3.234566e+01 1.984558e+01 5.738481e-01 7.849466e-01 1.804472e+00 1.369855e+00 2.124244e+00 1.984278e+00 2.455928e+00 2.208041e+00 1.804685e+00 3.765603e+00 2.886117e+00 1.764441e+00 5.428591e-04
<GCONST> 8.435571e+01
<MIXTURE> 73 1.213625e-02
<MEAN> 25
 -4.760388e+00 -5.430326e-01 -1.204892e+00 4.677976e+00 2.984325e+00 1.660181e+00 5.894872e+00 2.251151e+00 5.150046e+00 3.031156e+00 3.649353e+00 2.544225e+00 6.428773e-01 -1.621050e+00 -1.755320e-01 -1.733295e+00 -1.427276e+00 -1.642055e+00 -5.937701e-01 -7.662954e-01 -1.362776e+00 -3.356608e-01 -1.222169e+00 -2.162288e-02 1.513617e-01
<VARIANCE> 25
 1.408584e+01 1.614661e+01 1.487373e+01 2.127387e+01 2.542403e+01 2.428181e+01 2.103322e+01 1.845557e+01 1.733439e+01 1.896286e+01 1.757173e+01 1.950720e+01 3.024634e+00 3.028982e+00 6.314022e+00 4.647840e+00 5.178302e+00 4.741100e+00 4.714283e+00 4.297588e+00 4.490106e+00 3.407693e+00 3.436248e+00 4.486983e+00 5.098104e-03
<GCONST> 9.313821e+01
<MIXTURE> 74 1.756491e-02
<MEAN> 25
 5.649560e+00 -4.563554e+00 5.332104e+00 1.289964e+00 -9.710468e+00 -7.252096e+00 -4.952209e+00 1.429290e+00 -3.160707e+00 -4.717982e+00 -4.125374e-01 1.401731e+00 1.680410e-01 1.544454e+00 8.450942e-02 1.689514e+00 1.111581e+00 6.860145e-01 4.753116e-01 -1.568517e+00 5.992184e-01 -5.012514e-01 -5.928097e-02 4.175742e-01 -8.309381e-02
<VARIANCE> 25
 1.058638e+01 2.226700e+01 2.420000e+01 4.043960e+01 4.475404e+01 3.265689e+01 5.064987e+01 3.610386e+01 2.738964e+01 4.432771e+01 3.533243e+01 2.805305e+01 2.153347e+00 2.286574e+00 3.283544e+00 3.797819e+00 3.910200e+00 3.867675e+00 5.866124e+00 3.138193e+00 3.201622e+00 4.007664e+00 3.216557e+00 3.003761e+00 1.668693e-03
<GCONST> 9.526586e+01
<MIXTURE> 75 9.711651e-03
<MEAN> 25
 2.272487e+00 -1.888295e+00 1.058432e+01 1.661643e+00 -1.022392e+01 -7.506654e+00 -4.413112e+00 -2.803059e-01 -4.777834e+00 -5.277731e+00 2.928319e+00 -3.937673e-01 1.906956e+00 -1.882494e+00 1.624977e-01 -8.057113e-02 -1.937208e+00 -6.835003e-01 -1.621635e+00 1.207991e+00 -6.527751e-01 -2.693027e-01 7.861603e-01 -7.418547e-01 3.529098e-02
<VARIANCE> 25
 1.227055e+01 2.581335e+01 2.974769e+01 2.719010e+01 2.926240e+01 2.894666e+01 2.765682e+01 2.835688e+01 3.100500e+01 3.318491e+01 1.878913e+01 1.965211e+01 2.373320e+00 1.772693e+00 3.850935e+00 2.360728e+00 3.838723e+00 4.972496e+00 3.423175e+00 3.141015e+00 3.772968e+00 3.287158e+00 2.632624e+00 2.507675e+00 1.372252e-03
<GCONST> 9.143701e+01
<MIXTURE> 76 1.052359e-02
<MEAN> 25
 -6.377270e+00 -1.211975e+00 -2.164290e+00 3.981374e+00 1.873073e+00 2.197370e+00 4.328391e+00 4.227747e-02 3.958430e+00 -8.523806e-01 2.054472e+00 1.497964e+00 -2.281557e-01 -7.076709e-01 -3.360775e-01 -6.489095e-01 -6.141014e-01 -9.757756e-01 -1.390682e-01 -1.481332e-01 -3.940137e-01 -4.573898e-01 -3.934630e-01 -3.146950e-02 2.161143e-02
<VARIANCE> 25
 2.655980e+01 2.825214e+01 3.144474e+01 2.467730e+01 3.260255e+01 2.745180e+01 2.338421e+01 3.023942e+01 1.916259e+01 2.741673e+01 2.628057e+01 2.203559e+01 1.124672e+00 1.294265e+00 1.151441e+00 1.197367e+00 1.427820e+00 2.047189e+00 1.807056e+00 1.436056e+00 1.336916e+00 1.250275e+00 1.458421e+00 1.238470e+00 1.876873e-03
<GCONST> 8.275484e+01
<MIXTURE> 77 1.244626e-02
<MEAN> 25
 -6.985804e-01 8.565692e+00 1.227150e+01 -1.089993e+01 -6.902612e+00 5.875387e-01 -8.444223e+00 -7.125476e+00 -3.026012e+00 -5.942063e-01 -4.552151e+00 -1.214628e+00 3.640610e-02 1.054471e-01 5.059668e-02 3.058535e-01 4.218237e-02 3.034147e-03 -5.164475e-02 1.282068e-02 1.271641e-01 9.552964e-03 -7.794033e-02 5.515803e-02 -8.435002e-03
<VARIANCE> 25
 1.033898e+01 1.917773e+01 2.602451e+01 4.426370e+01 3.088714e+01 3.425137e+01 4.224984e+01 3.017534e+01 3.470688e+01 3.315758e+01 3.509271e+01 3.341826e+01 2.933811e-01 7.435400e-01 6.045647e-01 1.038779e+00 1.213629e+00 9.815695e-01 1.138288e+00 1.057653e+00 1.006216e+00 1.021088e+00 1.044539e+00 8.991942e-01 5.247003e-04
<GCONST> 7.730029e+01
<MIXTURE> 78 9.702551e-03
<MEAN> 25
 -1.081896e+01 1.076741e+00 -3.007910e+00 2.686705e+00 3.837014e+00 -4.830173e+00 4.543501e+00 1.499970e+00 2.911440e+00 1.582089e-01 -1.516026e+00 2.413377e+00 2.049667e+00 -2.134333e-01 1.658329e-01 7.601356e-01 5.368798e-01 5.052704e-02 -3.389739e-02 2.479731e-01 1.124643e-01 3.315683e-01 -5.656627e-01 -9.565610e-02 -7.793132e-02
<VARIANCE> 25
 3.626437e+01 2.910215e+01 3.598682e+01 2.703370e+01 3.310375e+01 6.296740e+01 3.446494e+01 3.138995e+01 2.300568e+01 2.461130e+01 2.924824e+01 1.724893e+01 4.569134e+00 2.140984e+00 2.542947e+00 2.743887e+00 4.059492e+00 6.496358e+00 3.041888e+00 3.185103e+00 1.983616e+00 2.227477e+00 2.222061e+00 2.142657e+00 5.966765e-03
<GCONST> 9.467130e+01
<MIXTURE> 79 1.156824e-02
<MEAN> 25
 2.126767e+00 1.599390e+00 1.027139e+01 -5.224875e+00 -1.193861e+01 -1.966211e+00 -2.226748e+00 -4.942478e+00 -8.406058e+00 -3.799433e-01 -2.528084e+00 -3.685922e+00 1.299806e+00 -7.077022e-01 -1.554093e+00 2.318617e+00 2.063522e-01 -1.744213e+00 4.207634e-01 1.177900e+00 -5.701203e-01 -2.947069e-01 4.286291e-01 4.628982e-01 -3.125697e-02
<VARIANCE> 25
 1.317032e+01 2.083604e+01 3.450879e+01 4.504247e+01 2.912221e+01 3.611475e+01 4.583429e+01 4.358837e+01 4.644679e+01 3.739174e+01 3.863596e+01 3.185153e+01 8.884514e-01 1.863508e+00 1.667086e+00 1.754053e+00 2.827499e+00 3.048957e+00 2.762257e+00 3.650083e+00 2.245438e+00 2.752940e+00 1.942344e+00 2.161719e+00 1.101307e-03
<GCONST> 9.053073e+01
<MIXTURE> 80 7.550998e-03
<MEAN> 25
 -1.515889e+01 4.255724e+00 1.575746e+00 1.781425e+00 2.573339e+00 1.671632e+00 5.739532e+00 1.500510e+00 2.484354e+00 2.010978e+00 4.137919e+00 7.909136e-01 4.219277e+00 9.395501e-02 1.452174e+00 -1.095553e+00 -2.901047e+00 -2.698360e+00 -2.324290e+00 -1.995940e+00 -1.842126e+00 -1.607710e+00 -1.581712e+00 -5.056872e-01 -4.425161e-02
<VARIANCE> 25
 2.092660e+01 1.810347e+01 3.595247e+01 3.917291e+01 2.762125e+01 2.722259e+01 2.917308e+01 3.228882e+01 2.432672e+01 2.868440e+01 2.807190e+01 1.723797e+01 2.172361e+00 2.647306e+00 2.691444e+00 3.699632e+00 3.045020e+00 2.556463e+00 2.736991e+00 2.959859e+00 2.626565e+00 2.438764e+00 2.597543e+00 1.985179e+00 1.407023e-03
<GCONST> 9.045762e+01
<MIXTURE> 81 8.025434e-03
<MEAN> 25
 -1.133077e+00 4.084854e+00 1.023500e+01 -1.470891e+01 -9.048653e+00 -1.408976e+00 -6.753250e+00 -8.339118e+00 -4.210471e+00 -4.977627e-01 -7.505935e+00 -2.274350e+00 1.398778e-01 -5.965782e-01 3.227382e-04 -5.424453e-01 -4.737034e-01 3.335986e-01 3.051150e-01 1.499467e-01 -1.516003e-01 1.078578e-01 -4.598272e-01 -1.379675e-01 1.142316e-02
<VARIANCE> 25
 1.013694e+01 3.259283e+01 2.657100e+01 2.993679e+01 3.353189e+01 3.032536e+01 4.537942e+01 2.896218e+01 3.825758e+01 3.247972e+01 2.557661e+01 3.103385e+01 7.889883e-01 2.279794e+00 1.536614e+00 2.869970e+00 2.661358e+00 2.120859e+00 3.286810e+00 2.298797e+00 2.364954e+00 2.542622e+00 2.291471e+00 2.082633e+00 1.175161e-03
<GCONST> 8.876770e+01
<MIXTURE> 82 8.213053e-03
<MEAN> 25
 -9.791908e+00 -3.890018e+00 6.096399e-01 -2.611783e+00 3.189904e+00 -2.296970e-02 3.031544e+00 -2.176402e-01 3.577388e+00 6.941153e-01 1.589960e+00 2.719979e+00 -1.142114e+00 -4.051129e-01 -2.433584e-01 -2.402903e+00 -9.676117e-01 -1.127510e+00 -7.680351e-01 -6.849270e-01 -9.827565e-02 -4.299087e-01 -4.089493e-01 -4.893760e-01 1.909901e-01
<VARIANCE> 25
 1.639901e+01 2.227510e+01 3.167965e+01 2.617852e+01 2.873802e+01 2.859210e+01 3.417567e+01 3.146756e+01 2.655795e+01 2.416146e+01 2.764301e+01 2.153869e+01 3.480750e+00 3.312325e+00 3.856229e+00 3.056413e+00 3.102877e+00 2.817088e+00 3.249571e+00 2.670007e+00 2.623210e+00 2.175087e+00 2.052037e+00 2.232585e+00 3.637124e-03
<GCONST> 9.200075e+01
<MIXTURE> 83 1.167529e-02
<MEAN> 25
 -2.025107e+01 5.584351e+00 -6.948915e-01 -6.072433e-01 8.018403e+00 -5.909442e-01 5.444614e+00 2.660950e+00 1.120068e+00 1.709780e+00 6.298476e-01 2.500416e+00 6.034487e-02 -3.817904e-01 -3.731354e-02 -4.395736e-01 -5.628953e-01 -1.018449e-01 -2.069713e-01 -2.780885e-01 -4.036884e-02 -5.647983e-02 -2.684827e-01 -1.145068e-01 4.256300e-03
<VARIANCE> 25
 9.141769e+00 1.558862e+01 3.836161e+01 2.146877e+01 1.984074e+01 2.635462e+01 2.071207e+01 2.294734e+01 1.886730e+01 2.388411e+01 2.156250e+01 1.475768e+01 1.159431e+00 9.676236e-01 1.233590e+00 1.042818e+00 1.366376e+00 1.201889e+00 1.333438e+00 1.598958e+00 1.292999e+00 1.212108e+00 1.723307e+00 1.051366e+00 9.962963e-04
<GCONST> 7.766885e+01
<MIXTURE> 84 1.066614e-02
<MEAN> 25
 1.587386e+00 8.464551e+00 7.144193e+00 7.368296e+00 2.609075e+00 -7.620282e-01 -7.197028e-01 -4.637367e+00 -2.987533e+00 -2.140013e+00 -1.838757e+00 -1.534912e+00 -1.585247e+00 -8.670369e-01 -1.346275e+00 1.231811e+00 2.027517e+00 1.236858e+00 1.216776e+00 1.137939e+00 1.227054e+00 3.529679e-01 5.695949e-01 3.912250e-01 -8.161176e-02
<VARIANCE> 25
 2.039095e+01 1.613153e+01 1.877079e+01 2.161169e+01 2.350616e+01 2.337902e+01 2.828457e+01 2.123593e+01 2.902887e+01 2.243726e+01 2.058064e+01 1.972758e+01 2.227121e+00 2.316090e+00 3.148982e+00 3.011779e+00 3.281538e+00 3.027544e+00 2.788253e+00 2.915140e+00 2.794451e+00 3.449540e+00 2.884586e+00 2.378507e+00 3.604335e-03
<GCONST> 8.978853e+01
<MIXTURE> 85 7.591393e-03
<MEAN> 25
 -3.763949e+00 8.215768e+00 5.904212e+00 1.110404e+00 -3.053486e+00 -4.110232e+00 -2.697616e+00 -6.145119e+00 -2.944675e+00 -3.642163e+00 -7.457055e-01 -1.677770e+00 4.020881e+00 1.131042e-01 1.626379e+00 -1.896783e+00 -3.284656e+00 -2.480280e+00 -2.475843e+00 -1.782178e+00 -2.096076e+00 -1.229219e+00 -2.099819e+00 -6.372703e-01 1.105535e-02
<VARIANCE> 25
 4.739993e+01 2.113615e+01 3.547381e+01 4.000429e+01 3.549316e+01 4.673273e+01 2.857954e+01 2.408264e+01 2.614963e+01 2.344289e+01 2.339810e+01 1.770371e+01 2.338453e+00 4.137622e+00 3.843364e+00 4.817567e+00 3.826491e+00 3.701446e+00 4.056259e+00 4.854590e+00 3.765995e+00 4.206413e+00 4.014007e+00 2.915293e+00 5.591100e-03
<GCONST> 9.736199e+01
<MIXTURE> 86 1.273941e-02
<MEAN> 25
 -5.605697e+00 -1.934261e-01 -6.702768e-01 6.145164e+00 4.512134e+00 4.406116e+00 5.145341e+00 3.430836e+00 5.511421e+00 3.822900e+00 5.316661e+00 2.850923e+00 7.923084e-03 -1.756924e-03 -1.394892e-01 -6.650244e-02 -1.034280e-01 -5.776669e-02 -2.638833e-01 -1.741892e-01 -3.143944e-01 -4.384252e-01 -9.941666e-02 -4.929291e-02 -2.281717e-03
<VARIANCE> 25
 6.121022e+00 7.133080e+00 8.491256e+00 1.007917e+01 1.368017e+01 1.676747e+01 1.335652e+01 1.226314e+01 1.153391e+01 1.227933e+01 1.253940e+01 1.237055e+01 7.628468e-02 1.516308e-01 3.056690e-01 5.240018e-01 6.422030e-01 7.848503e-01 1.026441e+00 6.756700e-01 9.888017e-01 8.935178e-01 8.331507e-01 8.773361e-01 6.743313e-05
<GCONST> 5.732051e+01
<MIXTURE> 87 1.100681e-02
<MEAN> 25
 -3.012207e+00 4.606424e+00 2.517653e+00 6.315579e+00 4.877263e+00 7.079898e-01 7.887612e-01 -1.853007e+00 9.284797e-01 -9.601513e-01 4.324302e-01 3.925384e-01 -1.952149e+00 -2.766094e+00 -2.020789e+00 -2.005434e+00 2.359678e-01 -4.343704e-01 6.496000e-01 9.549074e-01 1.236652e+00 8.427226e-01 7.994624e-01 7.379949e-01 1.077591e-01
<VARIANCE> 25
 3.033382e+01 2.371064e+01 2.587763e+01 2.639386e+01 2.439193e+01 2.641785e+01 2.598028e+01 2.457348e+01 2.428017e+01 2.031781e+01 2.289549e+01 1.895665e+01 3.979871e+00 2.158754e+00 2.979489e+00 2.860953e+00 4.068122e+00 3.508973e+00 3.895615e+00 3.249869e+00 2.775364e+00 2.979175e+00 2.666261e+00 2.684788e+00 4.144419e-03
<GCONST> 9.233854e+01
<MIXTURE> 88 1.256585e-02
<MEAN> 25
 -5.268831e+00 -8.067665e-01 -1.273860e+00 4.636526e+00 3.512260e+00 3.334721e+00 5.150694e+00 1.971157e+00 5.381970e+00 2.428192e+00 3.346888e+00 2.166666e+00 -3.593833e-03 3.300950e-02 2.950803e-02 2.618800e-01 1.995161e-01 2.588795e-01 1.653937e-01 -1.171093e-01 -2.687814e-01 -2.156623e-01 7.222831e-02 8.439954e-02 -8.813550e-03
<VARIANCE> 25
 6.275905e+00 1.130325e+01 1.465841e+01 1.182116e+01 1.504632e+01 1.768460e+01 2.108406e+01 1.803086e+01 1.783382e+01 1.546162e+01 1.680843e+01 1.003368e+01 8.848401e-01 1.442958e+00 2.188727e+00 1.563576e+00 3.190195e+00 3.545956e+00 2.172515e+00 3.080668e+00 1.840138e+00 1.727010e+00 3.348426e+00 1.620954e+00 1.732921e-03
<GCONST> 7.992670e+01
<MIXTURE> 89 9.333527e-03
<MEAN> 25
 5.910277e+00 -6.697711e+00 -3.664283e+00 -4.855615e+00 8.356891e-01 -5.981557e+00 -5.560293e+00 4.805474e+00 1.866525e+00 -1.074964e+00 -8.489629e+00 -2.254680e+00 -6.723578e-01 2.566839e-01 1.851990e+00 1.056170e+00 -2.018729e+00 -1.945972e+00 7.477906e-01 1.646667e+00 -1.273947e+00 -8.824883e-01 1.723087e-01 1.368180e+00 -5.742599e-03
<VARIANCE> 25
 6.976054e+00 2.518048e+01 2.531839e+01 2.850040e+01 4.042956e+01 3.492441e+01 5.064294e+01 3.847797e+01 3.562860e+01 4.333329e+01 4.384625e+01 2.772169e+01 3.636217e-01 8.074535e-01 1.435129e+00 1.095146e+00 1.742726e+00 2.043273e+00 2.210641e+00 2.379719e+00 3.136641e+00 2.006600e+00 2.311850e+00 1.265475e+00 3.557699e-04
<GCONST> 8.409830e+01
<MIXTURE> 90 7.114505e-03
<MEAN> 25
 2.443268e+00 -9.711776e+00 -4.742294e+00 -3.978410e+00 -3.385113e+00 -1.813868e+00 3.365015e+00 1.195852e+00 -7.533728e+00 -1.018102e+01 -3.438055e+00 -7.358574e-01 -1.634090e-01 9.093909e-01 1.170667e+00 -8.533356e-01 -1.612945e+00 -2.094339e-01 6.434170e-01 -2.115861e-01 -1.700222e-01 7.388381e-01 1.862905e-01 -5.506179e-01 -1.116227e-02
<VARIANCE> 25
 8.506564e+00 1.782121e+01 1.992863e+01 2.805630e+01 3.679492e+01 3.217860e+01 3.850849e+01 3.646507e+01 3.550595e+01 2.828802e+01 2.701062e+01 2.609327e+01 2.238180e-01 6.122827e-01 7.869683e-01 1.040907e+00 1.468752e+00 1.591756e+00 1.777413e+00 1.653656e+00 1.811919e+00 1.676719e+00 1.497360e+00 1.308330e+00 2.145956e-04
<GCONST> 7.816582e+01
<MIXTURE> 91 7.852945e-03
<MEAN> 25
 6.509629e+00 -7.466427e+00 -8.422727e+00 -6.560256e+00 4.357159e+00 8.055349e-02 -2.062214e+00 9.105667e-01 -9.392886e-02 -1.401639e+00 -5.529920e+00 -4.954280e+00 2.272688e-01 9.884197e-01 2.985688e-01 3.269002e-01 3.659530e-02 -3.971175e-01 -4.529075e-01 -2.392187e-01 8.618665e-02 3.636470e-01 -2.442619e-01 3.423449e-01 -3.332727e-02
<VARIANCE> 25
 8.821877e+00 2.055998e+01 1.895818e+01 4.605606e+01 3.351738e+01 4.987740e+01 4.823024e+01 3.594481e+01 4.963603e+01 7.036347e+01 3.721964e+01 3.755460e+01 4.509036e-01 8.300149e-01 1.273387e+00 1.586958e+00 2.085044e+00 3.323007e+00 2.790962e+00 2.270725e+00 2.475879e+00 2.014210e+00 2.075424e+00 2.060589e+00 6.401589e-04
<GCONST> 8.740924e+01
<MIXTURE> 92 7.852945e-03
<MEAN> 25
 6.509629e+00 -7.466427e+00 -8.422727e+00 -6.560256e+00 4.357159e+00 8.055349e-02 -2.062214e+00 9.105667e-01 -9.392886e-02 -1.401639e+00 -5.529920e+00 -4.954280e+00 2.272688e-01 9.884197e-01 2.985688e-01 3.269002e-01 3.659530e-02 -3.971175e-01 -4.529075e-01 -2.392187e-01 8.618665e-02 3.636470e-01 -2.442619e-01 3.423449e-01 -3.332727e-02
<VARIANCE> 25
 8.821877e+00 2.055998e+01 1.895818e+01 4.605606e+01 3.351738e+01 4.987740e+01 4.823024e+01 3.594481e+01 4.963603e+01 7.036347e+01 3.721964e+01 3.755460e+01 4.509036e-01 8.300149e-01 1.273387e+00 1.586958e+00 2.085044e+00 3.323007e+00 2.790962e+00 2.270725e+00 2.475879e+00 2.014210e+00 2.075424e+00 2.060589e+00 6.401589e-04
<GCONST> 8.740924e+01
<MIXTURE> 93 6.122769e-03
<MEAN> 25
 -6.815836e+00 -7.751010e-01 -2.306924e+00 5.850956e+00 5.809785e+00 4.021627e+00 5.987428e+00 3.395094e+00 4.372446e+00 2.332700e+00 2.084649e+00 3.706641e+00 -6.481384e-02 -1.602918e-01 -2.476075e-01 -3.415501e-01 -3.172830e-01 -2.667893e-01 -2.718953e-01 -1.601129e-01 -1.817375e-01 -2.008211e-01 -1.185815e-01 1.038871e-02 1.684759e-05
<VARIANCE> 25
 8.576946e+00 6.691606e+00 8.548769e+00 1.109786e+01 1.101386e+01 1.654827e+01 1.542238e+01 1.683078e+01 1.493677e+01 1.439776e+01 1.780594e+01 1.355732e+01 8.102540e-02 1.472117e-01 2.539797e-01 3.864789e-01 4.953067e-01 6.412656e-01 7.998933e-01 8.599933e-01 9.427658e-01 9.379714e-01 8.833058e-01 9.618722e-01 1.045575e-06
<GCONST> 5.384331e+01
<MIXTURE> 94 6.122769e-03
<MEAN> 25
 -6.815836e+00 -7.751010e-01 -2.306924e+00 5.850956e+00 5.809785e+00 4.021627e+00 5.987428e+00 3.395094e+00 4.372446e+00 2.332700e+00 2.084649e+00 3.706641e+00 -6.481384e-02 -1.602918e-01 -2.476075e-01 -3.415501e-01 -3.172830e-01 -2.667893e-01 -2.718953e-01 -1.601129e-01 -1.817375e-01 -2.008211e-01 -1.185815e-01 1.038871e-02 1.684759e-05
<VARIANCE> 25
 8.576946e+00 6.691606e+00 8.548769e+00 1.109786e+01 1.101386e+01 1.654827e+01 1.542238e+01 1.683078e+01 1.493677e+01 1.439776e+01 1.780594e+01 1.355732e+01 8.102540e-02 1.472117e-01 2.539797e-01 3.864789e-01 4.953067e-01 6.412656e-01 7.998933e-01 8.599933e-01 9.427658e-01 9.379714e-01 8.833058e-01 9.618722e-01 1.045575e-06
<GCONST> 5.384331e+01
<MIXTURE> 95 5.258835e-03
<MEAN> 25
 -6.038028e+00 1.708904e-01 -1.501302e+00 4.935205e+00 3.879915e+00 2.754765e+00 3.822381e+00 1.444493e+00 3.316665e+00 4.733642e-01 1.847375e+00 2.649572e+00 1.622477e-01 1.094682e-01 1.045472e-01 -2.375654e-02 -3.612169e-01 -7.912344e-01 -1.184734e+00 -1.312764e+00 -1.325656e+00 -9.448559e-01 -6.020797e-01 -4.041334e-01 -1.199306e-03
<VARIANCE> 25
 8.634405e+00 8.719114e+00 1.211535e+01 1.125019e+01 1.261685e+01 1.833497e+01 1.662791e+01 1.453116e+01 1.826553e+01 1.412659e+01 1.849352e+01 1.281798e+01 1.843242e-01 2.572070e-01 4.182620e-01 5.813737e-01 7.184691e-01 8.417510e-01 9.393383e-01 9.826244e-01 9.344098e-01 1.153202e+00 1.102361e+00 1.211399e+00 4.292545e-05
<GCONST> 6.239755e+01
<MIXTURE> 96 7.034694e-03
<MEAN> 25
 -5.215944e+00 2.023616e-01 -1.862912e+00 5.314184e+00 3.945191e+00 1.945468e+00 3.662973e+00 1.158698e+00 2.690250e+00 5.842083e-01 1.302445e+00 2.927561e+00 -6.898209e-02 2.042615e-02 1.410440e-01 3.933923e-01 6.122334e-01 5.332224e-01 2.642956e-01 -1.090171e-01 -4.266852e-01 -6.471995e-01 -6.971702e-01 -3.165385e-01 6.734877e-06
<VARIANCE> 25
 9.520340e+00 1.121295e+01 1.432635e+01 1.272868e+01 1.294155e+01 2.066634e+01 1.718055e+01 1.967727e+01 1.631068e+01 1.577937e+01 2.052237e+01 1.385002e+01 1.142553e-01 2.134867e-01 3.221266e-01 3.822549e-01 4.870375e-01 6.486039e-01 8.029920e-01 8.811089e-01 9.855903e-01 7.645851e-01 1.012005e+00 8.441519e-01 9.345195e-07
<GCONST> 5.680592e+01
<MIXTURE> 97 7.034694e-03
<MEAN> 25
 -5.215944e+00 2.023616e-01 -1.862912e+00 5.314184e+00 3.945191e+00 1.945468e+00 3.662973e+00 1.158698e+00 2.690250e+00 5.842083e-01 1.302445e+00 2.927561e+00 -6.898209e-02 2.042615e-02 1.410440e-01 3.933923e-01 6.122334e-01 5.332224e-01 2.642956e-01 -1.090171e-01 -4.266852e-01 -6.471995e-01 -6.971702e-01 -3.165385e-01 6.734877e-06
<VARIANCE> 25
 9.520340e+00 1.121295e+01 1.432635e+01 1.272868e+01 1.294155e+01 2.066634e+01 1.718055e+01 1.967727e+01 1.631068e+01 1.577937e+01 2.052237e+01 1.385002e+01 1.142553e-01 2.134867e-01 3.221266e-01 3.822549e-01 4.870375e-01 6.486039e-01 8.029920e-01 8.811089e-01 9.855903e-01 7.645851e-01 1.012005e+00 8.441519e-01 9.345195e-07
<GCONST> 5.680592e+01
<MIXTURE> 98 9.917808e-03
<MEAN> 25
 -1.042107e+00 2.526862e+00 -8.489768e-01 4.292284e+00 3.340925e+00 1.762843e+00 2.008096e+00 4.772640e-01 3.332782e+00 2.411072e-01 1.271749e+00 8.409494e-01 -1.812136e+00 -1.191828e+00 -8.681603e-01 3.295249e-02 4.185152e-01 6.457295e-01 9.734423e-01 1.051313e+00 1.279750e+00 7.167529e-01 1.136794e+00 9.901120e-01 -4.397974e-02
<VARIANCE> 25
 1.089723e+01 1.571639e+01 2.546309e+01 2.623380e+01 2.913445e+01 2.961802e+01 3.109708e+01 2.826288e+01 2.975342e+01 2.360684e+01 2.145897e+01 2.457281e+01 1.313032e+00 1.463717e+00 2.078181e+00 1.716156e+00 2.709195e+00 3.371136e+00 2.905767e+00 2.444658e+00 2.168516e+00 3.415321e+00 2.102923e+00 2.321204e+00 2.721155e-03
<GCONST> 8.773407e+01
<MIXTURE> 99 6.696178e-03
<MEAN> 25
 -7.463866e+00 1.056728e+01 5.060750e+00 4.523853e+00 1.465838e+00 -4.233787e+00 -9.288329e-01 -4.485597e+00 -1.839375e+00 -4.715359e+00 -1.630275e+00 8.483456e-01 7.343417e-01 -8.284027e-01 3.086665e-01 -3.383912e-01 -1.141439e+00 -5.456513e-01 -4.301919e-01 -1.551169e-01 3.694891e-02 -2.255621e-01 -5.003723e-02 1.126318e-01 6.732893e-04
<VARIANCE> 25
 3.548505e+01 2.292296e+01 4.904888e+01 3.747270e+01 2.977640e+01 3.607474e+01 2.377761e+01 2.310011e+01 2.654154e+01 2.331301e+01 1.666735e+01 2.443860e+01 2.942484e+00 1.542131e+00 1.319293e+00 1.462006e+00 2.885898e+00 2.149304e+00 1.276522e+00 1.420188e+00 1.348840e+00 1.354053e+00 1.416777e+00 1.047811e+00 1.645537e-03
<GCONST> 8.506682e+01
<MIXTURE> 100 4.498084e-03
<MEAN> 25
 -1.838665e+00 6.653107e+00 1.062633e+01 -7.489946e+00 -1.019896e+01 -4.888246e+00 -4.763908e+00 -9.343119e+00 -4.974944e+00 -1.558286e+00 -2.746009e+00 -2.685052e+00 2.979727e+00 -1.225342e+00 1.353180e+00 -2.011165e+00 -3.302654e+00 -7.848213e-01 -1.248407e+00 -5.069667e-01 -1.654122e+00 2.101310e-01 -1.438833e+00 -4.067320e-01 3.304940e-04
<VARIANCE> 25
 1.376485e+01 2.049457e+01 2.315918e+01 2.612379e+01 2.492411e+01 2.237427e+01 2.733949e+01 2.491001e+01 2.669632e+01 2.686571e+01 2.085667e+01 1.982605e+01 1.717614e+00 3.695754e+00 2.737230e+00 4.319739e+00 4.001324e+00 4.227100e+00 3.830676e+00 5.284064e+00 4.200346e+00 4.176799e+00 4.170786e+00 3.150334e+00 1.575469e-03
<GCONST> 9.258310e+01
<MIXTURE> 101 6.007792e-03
<MEAN> 25
 7.600682e+00 -4.033322e+00 -6.049696e+00 -6.469660e+00 4.289881e-01 -1.739180e+00 -1.108922e+01 -1.032059e+00 -5.896441e-01 3.691449e+00 -1.263641e+00 -6.036716e+00 6.412578e-01 5.521889e-01 -1.420222e+00 -1.776963e+00 1.146764e+00 2.339242e+00 1.620309e-01 -1.630707e+00 -8.575045e-01 1.274849e+00 1.425484e+00 -3.392520e-01 -2.500410e-03
<VARIANCE> 25
 9.272822e+00 1.576035e+01 2.948973e+01 3.458915e+01 2.936731e+01 2.811171e+01 3.929126e+01 3.734613e+01 4.354074e+01 3.766473e+01 4.771989e+01 2.612761e+01 2.686156e-01 6.464027e-01 1.176457e+00 1.382695e+00 1.798632e+00 1.944561e+00 1.999610e+00 1.950784e+00 2.236467e+00 2.514225e+00 1.575067e+00 2.053503e+00 2.900352e-04
<GCONST> 8.250135e+01
<MIXTURE> 102 6.007792e-03
<MEAN> 25
 7.600682e+00 -4.033322e+00 -6.049696e+00 -6.469660e+00 4.289881e-01 -1.739180e+00 -1.108922e+01 -1.032059e+00 -5.896441e-01 3.691449e+00 -1.263641e+00 -6.036716e+00 6.412578e-01 5.521889e-01 -1.420222e+00 -1.776963e+00 1.146764e+00 2.339242e+00 1.620309e-01 -1.630707e+00 -8.575045e-01 1.274849e+00 1.425484e+00 -3.392520e-01 -2.500410e-03
<VARIANCE> 25
 9.272822e+00 1.576035e+01 2.948973e+01 3.458915e+01 2.936731e+01 2.811171e+01 3.929126e+01 3.734613e+01 4.354074e+01 3.766473e+01 4.771989e+01 2.612761e+01 2.686156e-01 6.464027e-01 1.176457e+00 1.382695e+00 1.798632e+00 1.944561e+00 1.999610e+00 1.950784e+00 2.236467e+00 2.514225e+00 1.575067e+00 2.053503e+00 2.900352e-04
<GCONST> 8.250135e+01
<MIXTURE> 103 5.694618e-03
<MEAN> 25
 3.495477e+00 -9.538085e+00 -5.911509e+00 -2.855504e+00 -1.515832e+00 -2.095990e+00 2.682103e+00 2.460665e+00 -4.455870e+00 -8.614819e+00 -4.836762e+00 4.207057e-01 -1.071347e-01 -1.522518e+00 -9.194933e-01 4.519196e-01 1.182175e+00 9.987871e-01 1.124239e-01 -2.155890e-01 -8.370230e-01 -8.534815e-01 -1.023110e-01 1.416656e-01 2.665735e-02
<VARIANCE> 25
 9.990328e+00 1.963809e+01 2.233823e+01 3.262879e+01 4.727304e+01 3.379778e+01 4.532043e+01 3.542155e+01 4.266034e+01 3.346200e+01 3.033686e+01 2.531822e+01 6.417378e-01 1.220316e+00 1.571848e+00 2.034506e+00 2.840283e+00 2.283776e+00 2.768667e+00 2.498784e+00 2.547234e+00 2.520008e+00 2.040840e+00 1.941711e+00 7.742373e-04
<GCONST> 8.727701e+01
<MIXTURE> 104 5.694618e-03
<MEAN> 25
 3.495477e+00 -9.538085e+00 -5.911509e+00 -2.855504e+00 -1.515832e+00 -2.095990e+00 2.682103e+00 2.460665e+00 -4.455870e+00 -8.614819e+00 -4.836762e+00 4.207057e-01 -1.071347e-01 -1.522518e+00 -9.194933e-01 4.519196e-01 1.182175e+00 9.987871e-01 1.124239e-01 -2.155890e-01 -8.370230e-01 -8.534815e-01 -1.023110e-01 1.416656e-01 2.665735e-02
<VARIANCE> 25
 9.990328e+00 1.963809e+01 2.233823e+01 3.262879e+01 4.727304e+01 3.379778e+01 4.532043e+01 3.542155e+01 4.266034e+01 3.346200e+01 3.033686e+01 2.531822e+01 6.417378e-01 1.220316e+00 1.571848e+00 2.034506e+00 2.840283e+00 2.283776e+00 2.768667e+00 2.498784e+00 2.547234e+00 2.520008e+00 2.040840e+00 1.941711e+00 7.742373e-04
<GCONST> 8.727701e+01
<MIXTURE> 105 4.710235e-03
<MEAN> 25
 1.897393e+00 -1.715185e+00 8.995934e+00 -2.738311e+00 -1.113654e+01 -4.603688e+00 -3.503609e+00 -6.239493e-01 -4.143542e+00 -2.545882e+00 8.905011e-01 -1.207928e+00 1.818126e-02 1.903502e-02 1.060408e-01 -3.421048e-02 -9.007222e-04 3.907993e-02 -2.783206e-02 7.154051e-02 -1.403742e-02 5.393688e-02 7.144976e-02 -6.208351e-02 -2.357531e-03
<VARIANCE> 25
 1.457931e+01 2.914974e+01 3.890279e+01 4.499410e+01 3.747205e+01 5.602456e+01 4.814690e+01 4.635190e+01 4.901896e+01 4.662957e+01 4.494741e+01 2.872250e+01 8.870360e-02 1.900388e-01 3.574078e-01 2.768194e-01 4.285941e-01 4.155332e-01 4.579920e-01 4.659078e-01 4.935344e-01 4.316063e-01 4.357827e-01 3.875267e-01 8.678627e-05
<GCONST> 6.738069e+01
<MIXTURE> 106 4.710235e-03
<MEAN> 25
 1.897393e+00 -1.715185e+00 8.995934e+00 -2.738311e+00 -1.113654e+01 -4.603688e+00 -3.503609e+00 -6.239493e-01 -4.143542e+00 -2.545882e+00 8.905011e-01 -1.207928e+00 1.818126e-02 1.903502e-02 1.060408e-01 -3.421048e-02 -9.007222e-04 3.907993e-02 -2.783206e-02 7.154051e-02 -1.403742e-02 5.393688e-02 7.144976e-02 -6.208351e-02 -2.357531e-03
<VARIANCE> 25
 1.457931e+01 2.914974e+01 3.890279e+01 4.499410e+01 3.747205e+01 5.602456e+01 4.814690e+01 4.635190e+01 4.901896e+01 4.662957e+01 4.494741e+01 2.872250e+01 8.870360e-02 1.900388e-01 3.574078e-01 2.768194e-01 4.285941e-01 4.155332e-01 4.579920e-01 4.659078e-01 4.935344e-01 4.316063e-01 4.357827e-01 3.875267e-01 8.678627e-05
<GCONST> 6.738069e+01
<MIXTURE> 107 5.452374e-03
<MEAN> 25
 8.178108e+00 -2.587950e+00 -7.036894e+00 -9.246370e+00 1.801386e+00 2.689413e+00 -1.019264e+01 -3.395014e+00 -2.401728e+00 2.929162e+00 1.510487e+00 -5.649803e+00 -6.860597e-01 -7.244620e-01 9.935721e-01 1.597660e+00 7.141855e-02 -2.105724e+00 -8.833222e-01 5.810401e-01 1.970543e+00 1.602245e-01 -1.622072e+00 -5.763543e-01 5.882735e-04
<VARIANCE> 25
 9.224777e+00 1.966571e+01 2.844055e+01 3.906487e+01 3.645837e+01 3.246075e+01 6.435744e+01 3.387531e+01 5.092739e+01 5.883698e+01 7.945832e+01 4.339116e+01 3.418516e-01 1.008218e+00 1.554263e+00 2.220419e+00 1.941223e+00 2.566433e+00 3.378980e+00 2.581344e+00 2.297521e+00 2.651617e+00 1.907242e+00 2.091412e+00 8.588657e-04
<GCONST> 8.915056e+01
<MIXTURE> 108 5.452374e-03
<MEAN> 25
 8.178108e+00 -2.587950e+00 -7.036894e+00 -9.246370e+00 1.801386e+00 2.689413e+00 -1.019264e+01 -3.395014e+00 -2.401728e+00 2.929162e+00 1.510487e+00 -5.649803e+00 -6.860597e-01 -7.244620e-01 9.935721e-01 1.597660e+00 7.141855e-02 -2.105724e+00 -8.833222e-01 5.810401e-01 1.970543e+00 1.602245e-01 -1.622072e+00 -5.763543e-01 5.882735e-04
<VARIANCE> 25
 9.224777e+00 1.966571e+01 2.844055e+01 3.906487e+01 3.645837e+01 3.246075e+01 6.435744e+01 3.387531e+01 5.092739e+01 5.883698e+01 7.945832e+01 4.339116e+01 3.418516e-01 1.008218e+00 1.554263e+00 2.220419e+00 1.941223e+00 2.566433e+00 3.378980e+00 2.581344e+00 2.297521e+00 2.651617e+00 1.907242e+00 2.091412e+00 8.588657e-04
<GCONST> 8.915056e+01
<MIXTURE> 109 6.661064e-03
<MEAN> 25
 4.038935e+00 -1.054203e+01 -8.246615e+00 -1.379265e+00 2.778089e+00 1.857197e-02 1.079227e-02 1.446871e+00 -2.518725e+00 -8.306427e+00 -5.435411e+00 3.722950e-02 -3.027555e-02 -1.308605e-01 -2.773147e-02 2.492315e-01 2.007342e-01 1.179057e-01 -1.287963e-01 -1.024113e-01 -3.452554e-02 -1.287854e-01 2.139029e-01 1.715134e-02 -3.562734e-03
<VARIANCE> 25
 9.599125e+00 1.803454e+01 2.076900e+01 3.281784e+01 4.090012e+01 3.679314e+01 4.790312e+01 3.419151e+01 4.594524e+01 3.540772e+01 2.969798e+01 2.804761e+01 1.919398e-01 4.213959e-01 5.375351e-01 6.318874e-01 1.224508e+00 9.905480e-01 1.252474e+00 1.086601e+00 1.115422e+00 9.476686e-01 8.738046e-01 8.862143e-01 1.808852e-04
<GCONST> 7.455109e+01
<MIXTURE> 110 6.661064e-03
<MEAN> 25
 4.038935e+00 -1.054203e+01 -8.246615e+00 -1.379265e+00 2.778089e+00 1.857197e-02 1.079227e-02 1.446871e+00 -2.518725e+00 -8.306427e+00 -5.435411e+00 3.722950e-02 -3.027555e-02 -1.308605e-01 -2.773147e-02 2.492315e-01 2.007342e-01 1.179057e-01 -1.287963e-01 -1.024113e-01 -3.452554e-02 -1.287854e-01 2.139029e-01 1.715134e-02 -3.562734e-03
<VARIANCE> 25
 9.599125e+00 1.803454e+01 2.076900e+01 3.281784e+01 4.090012e+01 3.679314e+01 4.790312e+01 3.419151e+01 4.594524e+01 3.540772e+01 2.969798e+01 2.804761e+01 1.919398e-01 4.213959e-01 5.375351e-01 6.318874e-01 1.224508e+00 9.905480e-01 1.252474e+00 1.086601e+00 1.115422e+00 9.476686e-01 8.738046e-01 8.862143e-01 1.808852e-04
<GCONST> 7.455109e+01
<MIXTURE> 111 4.337247e-03
<MEAN> 25
 -4.569194e+00 -6.359922e-01 -1.661216e+00 1.795311e+00 9.939117e-01 9.112479e-01 3.929337e-01 1.289455e-01 4.021011e-01 -5.794656e-01 -3.530579e-01 2.182627e+00 -2.942235e-02 -3.779754e-02 -7.577734e-02 -5.633157e-02 5.233289e-03 2.557124e-02 5.523004e-02 -5.484814e-02 -1.503177e-01 -1.936807e-01 -2.251503e-01 -8.304645e-02 -2.711091e-04
<VARIANCE> 25
 6.761879e+00 5.814044e+00 9.804984e+00 9.266337e+00 1.254964e+01 2.241595e+01 1.432997e+01 1.281537e+01 1.266085e+01 1.184352e+01 1.436200e+01 1.170131e+01 7.923646e-02 1.557156e-01 2.885167e-01 4.020990e-01 5.947364e-01 6.905876e-01 8.416699e-01 8.240123e-01 8.867502e-01 8.431043e-01 9.211467e-01 8.164281e-01 2.355934e-05
<GCONST> 5.607812e+01
<MIXTURE> 112 4.337247e-03
<MEAN> 25
 -4.569194e+00 -6.359922e-01 -1.661216e+00 1.795311e+00 9.939117e-01 9.112479e-01 3.929337e-01 1.289455e-01 4.021011e-01 -5.794656e-01 -3.530579e-01 2.182627e+00 -2.942235e-02 -3.779754e-02 -7.577734e-02 -5.633157e-02 5.233289e-03 2.557124e-02 5.523004e-02 -5.484814e-02 -1.503177e-01 -1.936807e-01 -2.251503e-01 -8.304645e-02 -2.711091e-04
<VARIANCE> 25
 6.761879e+00 5.814044e+00 9.804984e+00 9.266337e+00 1.254964e+01 2.241595e+01 1.432997e+01 1.281537e+01 1.266085e+01 1.184352e+01 1.436200e+01 1.170131e+01 7.923646e-02 1.557156e-01 2.885167e-01 4.020990e-01 5.947364e-01 6.905876e-01 8.416699e-01 8.240123e-01 8.867502e-01 8.431043e-01 9.211467e-01 8.164281e-01 2.355934e-05
<GCONST> 5.607812e+01
<MIXTURE> 113 5.938666e-03
<MEAN> 25
 9.931173e+00 1.398450e+00 -8.687675e+00 -1.674232e+01 -5.986696e-01 5.482994e+00 -5.699465e+00 -1.065445e+00 -5.846904e+00 -6.912983e-02 3.724522e-01 -3.336617e-01 9.902546e-04 3.574170e-03 -3.903076e-02 -1.290179e-01 1.064308e-01 1.551190e-01 5.923701e-02 1.554667e-02 4.383108e-02 -3.108892e-02 1.161086e-01 5.196685e-02 -1.848810e-03
<VARIANCE> 25
 8.347357e+00 1.850428e+01 2.786503e+01 3.490392e+01 5.363231e+01 3.280492e+01 4.181813e+01 3.846230e+01 3.917011e+01 4.832985e+01 3.906238e+01 2.767599e+01 1.177254e-01 3.041978e-01 3.053357e-01 6.593984e-01 5.751329e-01 6.278403e-01 8.619422e-01 8.425605e-01 1.120308e+00 9.095008e-01 7.699485e-01 7.261297e-01 1.237978e-04
<GCONST> 7.142397e+01
<MIXTURE> 114 5.938666e-03
<MEAN> 25
 9.931173e+00 1.398450e+00 -8.687675e+00 -1.674232e+01 -5.986696e-01 5.482994e+00 -5.699465e+00 -1.065445e+00 -5.846904e+00 -6.912983e-02 3.724522e-01 -3.336617e-01 9.902546e-04 3.574170e-03 -3.903076e-02 -1.290179e-01 1.064308e-01 1.551190e-01 5.923701e-02 1.554667e-02 4.383108e-02 -3.108892e-02 1.161086e-01 5.196685e-02 -1.848810e-03
<VARIANCE> 25
 8.347357e+00 1.850428e+01 2.786503e+01 3.490392e+01 5.363231e+01 3.280492e+01 4.181813e+01 3.846230e+01 3.917011e+01 4.832985e+01 3.906238e+01 2.767599e+01 1.177254e-01 3.041978e-01 3.053357e-01 6.593984e-01 5.751329e-01 6.278403e-01 8.619422e-01 8.425605e-01 1.120308e+00 9.095008e-01 7.699485e-01 7.261297e-01 1.237978e-04
<GCONST> 7.142397e+01
<MIXTURE> 115 2.935202e-03
<MEAN> 25
 -4.068022e+00 -6.749812e-01 -3.041337e+00 3.693267e+00 2.433448e+00 -3.788038e-01 2.228946e+00 3.860475e-01 1.486807e+00 -7.317256e-02 9.378624e-02 2.684773e+00 2.959465e-02 -7.126984e-02 -2.279728e-01 -4.384357e-01 -6.295694e-01 -6.694336e-01 -5.969900e-01 -5.025036e-01 -4.928251e-01 -4.654530e-01 -3.451664e-01 -1.522240e-01 1.619182e-07
<VARIANCE> 25
 9.246310e+00 1.015549e+01 1.370932e+01 1.259815e+01 1.333524e+01 1.747770e+01 1.687634e+01 2.060267e+01 1.833265e+01 1.721994e+01 1.927843e+01 1.457452e+01 2.030295e-01 3.413461e-01 4.802814e-01 5.545120e-01 6.304280e-01 7.965277e-01 1.009952e+00 1.118750e+00 1.070539e+00 1.024143e+00 1.021367e+00 1.061971e+00 1.020106e-06
<GCONST> 6.015510e+01
<MIXTURE> 116 2.935202e-03
<MEAN> 25
 -4.068022e+00 -6.749812e-01 -3.041337e+00 3.693267e+00 2.433448e+00 -3.788038e-01 2.228946e+00 3.860475e-01 1.486807e+00 -7.317256e-02 9.378624e-02 2.684773e+00 2.959465e-02 -7.126984e-02 -2.279728e-01 -4.384357e-01 -6.295694e-01 -6.694336e-01 -5.969900e-01 -5.025036e-01 -4.928251e-01 -4.654530e-01 -3.451664e-01 -1.522240e-01 1.619182e-07
<VARIANCE> 25
 9.246310e+00 1.015549e+01 1.370932e+01 1.259815e+01 1.333524e+01 1.747770e+01 1.687634e+01 2.060267e+01 1.833265e+01 1.721994e+01 1.927843e+01 1.457452e+01 2.030295e-01 3.413461e-01 4.802814e-01 5.545120e-01 6.304280e-01 7.965277e-01 1.009952e+00 1.118750e+00 1.070539e+00 1.024143e+00 1.021367e+00 1.061971e+00 1.020106e-06
<GCONST> 6.015510e+01
<MIXTURE> 117 6.506003e-03
<MEAN> 25
 -4.914364e+00 1.549940e+00 1.304216e+00 9.510850e+00 6.141828e+00 6.214227e+00 6.123797e+00 4.465170e+00 6.401175e+00 4.247528e+00 6.153091e+00 2.673274e+00 -6.317067e-02 -2.235771e-01 -3.670885e-01 -4.834164e-01 -4.373617e-01 -3.172539e-01 -3.229211e-01 -1.942240e-01 -3.009368e-01 -4.564759e-01 -1.805122e-01 6.712257e-02 -4.063530e-05
<VARIANCE> 25
 6.794150e+00 1.088971e+01 9.892775e+00 1.300597e+01 1.390017e+01 1.414738e+01 1.631083e+01 1.888206e+01 1.534995e+01 1.735186e+01 1.639014e+01 1.519266e+01 1.994731e-01 2.796105e-01 3.827251e-01 5.755746e-01 8.776747e-01 9.935290e-01 1.073102e+00 1.196930e+00 1.276502e+00 1.314150e+00 1.189695e+00 1.347400e+00 1.125848e-06
<GCONST> 6.022810e+01
<MIXTURE> 118 6.506003e-03
<MEAN> 25
 -4.914364e+00 1.549940e+00 1.304216e+00 9.510850e+00 6.141828e+00 6.214227e+00 6.123797e+00 4.465170e+00 6.401175e+00 4.247528e+00 6.153091e+00 2.673274e+00 -6.317067e-02 -2.235771e-01 -3.670885e-01 -4.834164e-01 -4.373617e-01 -3.172539e-01 -3.229211e-01 -1.942240e-01 -3.009368e-01 -4.564759e-01 -1.805122e-01 6.712257e-02 -4.063530e-05
<VARIANCE> 25
 6.794150e+00 1.088971e+01 9.892775e+00 1.300597e+01 1.390017e+01 1.414738e+01 1.631083e+01 1.888206e+01 1.534995e+01 1.735186e+01 1.639014e+01 1.519266e+01 1.994731e-01 2.796105e-01 3.827251e-01 5.755746e-01 8.776747e-01 9.935290e-01 1.073102e+00 1.196930e+00 1.276502e+00 1.314150e+00 1.189695e+00 1.347400e+00 1.125848e-06
<GCONST> 6.022810e+01
<MIXTURE> 119 4.297961e-03
<MEAN> 25
 -5.011906e+00 -7.544514e+00 1.967249e+00 2.163034e+00 2.230907e+00 1.853526e-01 5.444504e+00 5.869117e+00 1.558652e+00 7.937476e-01 6.361803e+00 1.820932e+00 -5.629477e-02 -1.103551e-01 -3.021222e-03 -6.452804e-02 -4.050532e-02 -1.883052e-01 -3.743076e-02 5.541487e-02 -7.986256e-02 -1.243824e-01 -7.178953e-02 -9.131215e-02 1.776399e-03
<VARIANCE> 25
 8.138044e+00 9.661917e+00 1.766458e+01 1.975781e+01 2.241985e+01 2.289351e+01 2.502255e+01 2.696956e+01 2.597134e+01 2.743238e+01 2.189914e+01 2.254504e+01 1.576925e-01 2.978060e-01 4.826658e-01 6.179775e-01 8.930888e-01 1.000140e+00 1.083211e+00 1.330063e+00 1.241956e+00 1.212408e+00 1.166836e+00 1.163658e+00 2.373078e-04
<GCONST> 7.004584e+01
<MIXTURE> 120 4.297961e-03
<MEAN> 25
 -5.011906e+00 -7.544514e+00 1.967249e+00 2.163034e+00 2.230907e+00 1.853526e-01 5.444504e+00 5.869117e+00 1.558652e+00 7.937476e-01 6.361803e+00 1.820932e+00 -5.629477e-02 -1.103551e-01 -3.021222e-03 -6.452804e-02 -4.050532e-02 -1.883052e-01 -3.743076e-02 5.541487e-02 -7.986256e-02 -1.243824e-01 -7.178953e-02 -9.131215e-02 1.776399e-03
<VARIANCE> 25
 8.138044e+00 9.661917e+00 1.766458e+01 1.975781e+01 2.241985e+01 2.289351e+01 2.502255e+01 2.696956e+01 2.597134e+01 2.743238e+01 2.189914e+01 2.254504e+01 1.576925e-01 2.978060e-01 4.826658e-01 6.179775e-01 8.930888e-01 1.000140e+00 1.083211e+00 1.330063e+00 1.241956e+00 1.212408e+00 1.166836e+00 1.163658e+00 2.373078e-04
<GCONST> 7.004584e+01
<MIXTURE> 121 4.567511e-03
<MEAN> 25
 2.086491e-01 -2.525460e+00 5.157822e+00 -1.288389e+01 -1.263136e+01 -1.675664e+00 9.912515e-01 -5.073172e+00 -4.228939e+00 -4.638375e-01 -5.501877e+00 -4.301112e+00 2.451825e-02 1.310915e-01 -4.020903e-02 8.007374e-02 1.568117e-01 7.752201e-02 -8.057142e-02 -1.807408e-01 -2.667562e-01 -2.573046e-01 -1.112941e-01 -1.447325e-03 -7.404290e-03
<VARIANCE> 25
 7.750022e+00 1.560987e+01 1.724895e+01 2.043054e+01 2.442808e+01 2.938041e+01 2.950504e+01 2.509999e+01 3.577511e+01 2.853001e+01 1.972424e+01 2.116025e+01 1.549644e-01 6.423610e-01 6.230312e-01 7.030668e-01 7.714552e-01 1.147797e+00 1.116629e+00 1.121614e+00 1.215585e+00 1.190846e+00 9.435508e-01 8.707764e-01 2.106418e-04
<GCONST> 7.143188e+01
<MIXTURE> 122 4.567511e-03
<MEAN> 25
 2.086491e-01 -2.525460e+00 5.157822e+00 -1.288389e+01 -1.263136e+01 -1.675664e+00 9.912515e-01 -5.073172e+00 -4.228939e+00 -4.638375e-01 -5.501877e+00 -4.301112e+00 2.451825e-02 1.310915e-01 -4.020903e-02 8.007374e-02 1.568117e-01 7.752201e-02 -8.057142e-02 -1.807408e-01 -2.667562e-01 -2.573046e-01 -1.112941e-01 -1.447325e-03 -7.404290e-03
<VARIANCE> 25
 7.750022e+00 1.560987e+01 1.724895e+01 2.043054e+01 2.442808e+01 2.938041e+01 2.950504e+01 2.509999e+01 3.577511e+01 2.853001e+01 1.972424e+01 2.116025e+01 1.549644e-01 6.423610e-01 6.230312e-01 7.030668e-01 7.714552e-01 1.147797e+00 1.116629e+00 1.121614e+00 1.215585e+00 1.190846e+00 9.435508e-01 8.707764e-01 2.106418e-04
<GCONST> 7.143188e+01
<MIXTURE> 123 4.393044e-03
<MEAN> 25
 -4.173345e+00 2.222715e+00 4.968456e-01 5.979823e+00 4.658206e+00 3.321846e+00 3.428163e+00 -7.289351e-02 1.476499e+00 -1.027959e+00 6.204439e-01 1.507491e+00 -4.945057e-01 -6.852105e-01 -7.231034e-01 -5.482949e-01 -1.815158e-01 2.078318e-01 4.420988e-01 5.857382e-01 6.159357e-01 8.444937e-01 7.766188e-01 4.481907e-01 -3.453193e-03
<VARIANCE> 25
 9.008224e+00 1.211523e+01 1.423162e+01 1.739050e+01 1.984438e+01 2.224441e+01 1.976210e+01 1.672812e+01 1.918603e+01 1.763892e+01 1.933070e+01 1.719037e+01 3.111244e-01 3.925353e-01 4.642809e-01 7.170072e-01 9.574232e-01 1.191774e+00 1.146660e+00 1.005325e+00 1.324008e+00 1.776097e+00 1.433810e+00 1.130964e+00 7.902354e-05
<GCONST> 6.863632e+01
<MIXTURE> 124 4.069876e-03
<MEAN> 25
 -6.614400e+00 -7.750481e-01 -2.299840e+00 5.324612e+00 4.989047e+00 3.215474e+00 5.183649e+00 2.344079e+00 3.962257e+00 9.766071e-01 1.439508e+00 3.033941e+00 -1.840221e-01 -2.855492e-01 -3.552387e-01 -2.410186e-01 1.734332e-01 5.293471e-01 7.812147e-01 8.573572e-01 7.243940e-01 2.997186e-01 3.599809e-02 8.698004e-03 1.281241e-04
<VARIANCE> 25
 9.653280e+00 9.392414e+00 1.201403e+01 1.141646e+01 1.182111e+01 1.817987e+01 1.523204e+01 1.606912e+01 1.600433e+01 1.710651e+01 1.799945e+01 1.402572e+01 1.022613e-01 1.601394e-01 2.774777e-01 4.558235e-01 5.631205e-01 6.753051e-01 8.398300e-01 7.879487e-01 9.540916e-01 9.843727e-01 1.006270e+00 1.034081e+00 2.068103e-05
<GCONST> 5.902071e+01
<MIXTURE> 125 4.069876e-03
<MEAN> 25
 -6.614400e+00 -7.750481e-01 -2.299840e+00 5.324612e+00 4.989047e+00 3.215474e+00 5.183649e+00 2.344079e+00 3.962257e+00 9.766071e-01 1.439508e+00 3.033941e+00 -1.840221e-01 -2.855492e-01 -3.552387e-01 -2.410186e-01 1.734332e-01 5.293471e-01 7.812147e-01 8.573572e-01 7.243940e-01 2.997186e-01 3.599809e-02 8.698004e-03 1.281241e-04
<VARIANCE> 25
 9.653280e+00 9.392414e+00 1.201403e+01 1.141646e+01 1.182111e+01 1.817987e+01 1.523204e+01 1.606912e+01 1.600433e+01 1.710651e+01 1.799945e+01 1.402572e+01 1.022613e-01 1.601394e-01 2.774777e-01 4.558235e-01 5.631205e-01 6.753051e-01 8.398300e-01 7.879487e-01 9.540916e-01 9.843727e-01 1.006270e+00 1.034081e+00 2.068103e-05
<GCONST> 5.902071e+01
<MIXTURE> 126 2.402244e-03
<MEAN> 25
 -3.847832e+00 -6.829423e+00 -5.520874e+00 2.674784e+00 4.275737e+00 -2.903132e+00 8.484385e-01 3.975534e+00 3.891302e+00 -2.958583e+00 -1.224880e+00 3.278549e+00 2.270642e-02 -1.917735e-02 -1.269696e-01 -2.291958e-01 -2.726156e-01 -3.148031e-01 -2.153262e-01 -5.292639e-02 -5.888661e-02 -1.326760e-01 -1.915567e-01 -4.945404e-02 -1.310739e-03
<VARIANCE> 25
 6.643262e+00 1.144904e+01 1.383435e+01 1.457162e+01 2.271964e+01 2.309014e+01 2.492009e+01 2.702816e+01 2.982759e+01 2.408224e+01 2.007888e+01 1.997654e+01 1.662102e-01 3.616492e-01 5.322400e-01 6.474114e-01 7.687495e-01 1.049859e+00 1.060578e+00 1.339849e+00 1.310387e+00 1.206024e+00 1.229689e+00 1.332032e+00 2.102233e-04
<GCONST> 6.967479e+01
<MIXTURE> 127 2.402244e-03
<MEAN> 25
 -3.847832e+00 -6.829423e+00 -5.520874e+00 2.674784e+00 4.275737e+00 -2.903132e+00 8.484385e-01 3.975534e+00 3.891302e+00 -2.958583e+00 -1.224880e+00 3.278549e+00 2.270642e-02 -1.917735e-02 -1.269696e-01 -2.291958e-01 -2.726156e-01 -3.148031e-01 -2.153262e-01 -5.292639e-02 -5.888661e-02 -1.326760e-01 -1.915567e-01 -4.945404e-02 -1.310739e-03
<VARIANCE> 25
 6.643262e+00 1.144904e+01 1.383435e+01 1.457162e+01 2.271964e+01 2.309014e+01 2.492009e+01 2.702816e+01 2.982759e+01 2.408224e+01 2.007888e+01 1.997654e+01 1.662102e-01 3.616492e-01 5.322400e-01 6.474114e-01 7.687495e-01 1.049859e+00 1.060578e+00 1.339849e+00 1.310387e+00 1.206024e+00 1.229689e+00 1.332032e+00 2.102233e-04
<GCONST> 6.967479e+01
<MIXTURE> 128 3.790457e-03
<MEAN> 25
 -4.066134e+00 1.621131e+00 -1.425725e-01 6.558285e+00 3.383952e+00 1.478367e+00 3.166468e+00 1.733366e+00 3.965293e+00 3.153297e+00 4.001432e+00 3.718768e+00 -4.380753e-01 -1.619532e-01 1.843707e-01 6.716344e-01 1.143351e+00 1.034024e+00 7.169160e-01 2.538397e-01 -3.317988e-01 -7.005218e-01 -6.975566e-01 -4.093210e-01 -1.421181e-04
<VARIANCE> 25
 9.446054e+00 1.157632e+01 1.438389e+01 1.757140e+01 1.878277e+01 2.060299e+01 2.369956e+01 2.582685e+01 2.455949e+01 2.578256e+01 2.510054e+01 1.866529e+01 8.309762e-01 1.058724e+00 1.605204e+00 1.417195e+00 1.910950e+00 2.331714e+00 2.073615e+00 2.581765e+00 2.100896e+00 1.809599e+00 1.611340e+00 1.655144e+00 1.035208e-06
<GCONST> 7.355078e+01
<TRANSP> 3
 0.000000e+00 1.000000e+00 0.000000e+00
 0.000000e+00 9.999990e-01 9.999998e-07
 0.000000e+00 0.000000e+00 0.000000e+00
<ENDHMM>
