~o
<STREAMINFO> 1 25
<VECSIZE> 25<NULLD><MFCC_E_D_N><DIAGC>
~h "jmodel"
<BEGINHMM>
<NUMSTATES> 3
<STATE> 2
<NUMMIXES> 128
<MIXTURE> 1 5.748963e-03
<MEAN> 25
 -2.542623e+00 3.229043e+00 2.274549e+00 8.663268e+00 4.339250e+00 3.383183e+00 4.043360e+00 3.768025e+00 5.815784e+00 5.108827e+00 5.768873e+00 3.060709e+00 -2.001584e+00 -1.603819e+00 -8.494809e-01 1.076627e+00 1.539002e+00 2.208588e+00 2.121237e+00 2.049837e+00 1.668065e+00 1.209298e+00 1.519742e+00 6.160825e-01 -4.680941e-02
<VARIANCE> 25
 1.009694e+01 1.176881e+01 1.491730e+01 1.857481e+01 2.293409e+01 2.206033e+01 2.175350e+01 2.273451e+01 2.055053e+01 2.289080e+01 2.104243e+01 1.709272e+01 1.792532e+00 2.109423e+00 3.011656e+00 3.177505e+00 3.745451e+00 3.303495e+00 3.299643e+00 3.379504e+00 3.501332e+00 3.825447e+00 3.569970e+00 2.794415e+00 3.076522e-03
<GCONST> 8.844457e+01
<MIXTURE> 2 4.549242e-03
<MEAN> 25
 -4.853904e+00 1.535715e+00 8.647872e-01 9.730720e+00 6.453022e+00 7.545894e+00 8.045682e+00 6.465922e+00 8.394424e+00 5.778701e+00 7.479074e+00 3.304168e+00 -6.949248e-02 2.882900e-02 1.401063e-01 2.400488e-01 2.723311e-01 3.290222e-01 2.737302e-01 2.466944e-01 3.119651e-01 2.978816e-01 2.046961e-01 1.310208e-01 -3.083908e-05
<VARIANCE> 25
 6.390701e+00 8.763894e+00 1.005557e+01 1.500740e+01 1.655919e+01 1.525057e+01 1.636069e+01 1.949713e+01 1.546776e+01 1.944033e+01 1.721607e+01 1.412410e+01 1.166480e-01 2.226841e-01 3.245154e-01 4.608004e-01 6.400912e-01 8.622056e-01 8.816860e-01 1.010577e+00 1.012911e+00 1.028554e+00 1.002247e+00 9.866824e-01 1.017503e-06
<GCONST> 5.745666e+01
<MIXTURE> 3 4.549242e-03
<MEAN> 25
 -4.853904e+00 1.535715e+00 8.647872e-01 9.730720e+00 6.453022e+00 7.545894e+00 8.045682e+00 6.465922e+00 8.394424e+00 5.778701e+00 7.479074e+00 3.304168e+00 -6.949248e-02 2.882900e-02 1.401063e-01 2.400488e-01 2.723311e-01 3.290222e-01 2.737302e-01 2.466944e-01 3.119651e-01 2.978816e-01 2.046961e-01 1.310208e-01 -3.083908e-05
<VARIANCE> 25
 6.390701e+00 8.763894e+00 1.005557e+01 1.500740e+01 1.655919e+01 1.525057e+01 1.636069e+01 1.949713e+01 1.546776e+01 1.944033e+01 1.721607e+01 1.412410e+01 1.166480e-01 2.226841e-01 3.245154e-01 4.608004e-01 6.400912e-01 8.622056e-01 8.816860e-01 1.010577e+00 1.012911e+00 1.028554e+00 1.002247e+00 9.866824e-01 1.017503e-06
<GCONST> 5.745666e+01
<MIXTURE> 4 1.671429e-02
<MEAN> 25
 3.164767e+00 1.456423e+00 -3.475679e+00 2.164497e-01 4.681919e+00 -1.504378e+00 -2.542025e-01 -1.346190e+00 1.865290e+00 2.878935e+00 -3.102832e+00 -4.133192e-01 -2.545941e+00 1.599287e+00 1.256622e+00 3.284798e+00 9.545206e-01 5.682257e-01 1.519031e+00 3.296263e-01 1.885359e+00 -9.997949e-01 1.145740e+00 9.633240e-01 -1.045330e-01
<VARIANCE> 25
 1.499474e+01 2.492735e+01 2.505208e+01 3.176868e+01 3.531180e+01 4.852467e+01 6.050520e+01 4.533335e+01 3.714171e+01 4.192002e+01 3.935798e+01 2.800658e+01 2.897333e+00 4.937409e+00 2.651230e+00 3.727388e+00 4.388462e+00 4.153727e+00 3.952473e+00 5.612465e+00 4.836924e+00 5.332092e+00 5.288383e+00 3.049609e+00 4.537041e-03
<GCONST> 9.985748e+01
<MIXTURE> 5 3.206198e-03
<MEAN> 25
 -3.403073e+00 2.120415e+00 5.037764e-01 9.335783e+00 6.607140e+00 6.187803e+00 7.159205e+00 4.843605e+00 5.580741e+00 3.720135e+00 4.503815e+00 2.654663e+00 -3.084996e-01 7.391407e-01 1.229662e+00 1.008571e+00 2.457435e-01 -1.750392e-01 -1.049177e-01 2.387818e-02 4.269148e-01 6.931735e-01 4.444396e-01 1.288852e-01 1.311943e-05
<VARIANCE> 25
 9.986146e+00 1.378519e+01 2.326273e+01 2.522452e+01 1.991522e+01 1.963996e+01 1.966563e+01 2.091806e+01 2.112196e+01 2.129356e+01 2.429369e+01 1.604015e+01 1.195576e+00 1.214767e+00 1.325274e+00 1.655688e+00 2.355741e+00 2.555155e+00 2.260702e+00 2.219812e+00 2.285578e+00 2.199520e+00 2.105028e+00 1.902708e+00 1.070765e-06
<GCONST> 7.513136e+01
<MIXTURE> 6 5.475854e-03
<MEAN> 25
 9.875441e+00 -3.917431e-01 -6.811490e+00 -1.083011e+01 -2.014532e+00 6.162008e+00 -5.878785e+00 -5.386818e+00 -3.865169e+00 1.608561e+00 5.255781e+00 -1.137070e+00 5.340198e-01 7.711735e-01 -5.311704e-01 -1.493135e+00 -5.755113e-01 1.331339e+00 1.574435e+00 3.482295e-01 -1.122955e+00 -1.221879e+00 3.784133e-01 1.167709e+00 -4.932015e-03
<VARIANCE> 25
 8.673835e+00 1.576938e+01 2.253448e+01 3.609728e+01 3.418466e+01 3.105953e+01 4.023740e+01 3.539098e+01 3.768471e+01 3.672033e+01 4.293550e+01 2.611343e+01 3.189152e-01 9.600940e-01 1.173936e+00 1.852075e+00 1.522913e+00 1.846523e+00 1.795822e+00 2.069785e+00 2.328918e+00 1.813992e+00 2.145240e+00 1.377864e+00 6.366498e-04
<GCONST> 8.315563e+01
<MIXTURE> 7 5.475854e-03
<MEAN> 25
 9.875441e+00 -3.917431e-01 -6.811490e+00 -1.083011e+01 -2.014532e+00 6.162008e+00 -5.878785e+00 -5.386818e+00 -3.865169e+00 1.608561e+00 5.255781e+00 -1.137070e+00 5.340198e-01 7.711735e-01 -5.311704e-01 -1.493135e+00 -5.755113e-01 1.331339e+00 1.574435e+00 3.482295e-01 -1.122955e+00 -1.221879e+00 3.784133e-01 1.167709e+00 -4.932015e-03
<VARIANCE> 25
 8.673835e+00 1.576938e+01 2.253448e+01 3.609728e+01 3.418466e+01 3.105953e+01 4.023740e+01 3.539098e+01 3.768471e+01 3.672033e+01 4.293550e+01 2.611343e+01 3.189152e-01 9.600940e-01 1.173936e+00 1.852075e+00 1.522913e+00 1.846523e+00 1.795822e+00 2.069785e+00 2.328918e+00 1.813992e+00 2.145240e+00 1.377864e+00 6.366498e-04
<GCONST> 8.315563e+01
<MIXTURE> 8 1.165917e-02
<MEAN> 25
 -4.710563e+00 1.728361e+00 1.001593e+00 9.256675e+00 6.189878e+00 5.594352e+00 6.251871e+00 4.793161e+00 6.343224e+00 4.897112e+00 6.391100e+00 3.314210e+00 -6.301578e-01 -1.538339e+00 -1.095282e+00 -1.705767e+00 -2.604293e-01 -8.946766e-01 -2.725995e-01 -2.455237e-01 -1.404304e-01 3.716420e-02 -3.088046e-01 -1.426505e-01 1.020698e-01
<VARIANCE> 25
 7.987080e+00 8.943655e+00 1.023275e+01 1.411162e+01 1.500962e+01 1.592844e+01 1.605227e+01 1.981304e+01 1.754697e+01 1.820388e+01 1.638984e+01 1.184027e+01 2.634707e+00 3.282805e+00 3.461905e+00 3.371233e+00 3.197531e+00 3.154314e+00 2.811230e+00 2.817005e+00 2.517834e+00 2.416133e+00 2.276971e+00 2.104620e+00 5.929316e-03
<GCONST> 8.470168e+01
<MIXTURE> 9 1.199672e-02
<MEAN> 25
 8.886376e+00 1.380233e+00 -5.658730e+00 -1.079232e+01 -5.760848e+00 4.986113e+00 -2.750815e+00 1.445813e-01 -7.556812e+00 -2.323505e+00 1.358424e+00 -1.812523e-01 1.151504e+00 -1.692550e-01 -7.127874e-01 -2.889244e+00 -1.696421e+00 1.474032e+00 -1.192591e+00 2.486795e-01 -1.012378e+00 -5.310481e-01 7.274513e-01 -6.414890e-01 7.899236e-02
<VARIANCE> 25
 8.852838e+00 2.174689e+01 2.693805e+01 4.231242e+01 5.482495e+01 2.947550e+01 3.518998e+01 4.690531e+01 4.130964e+01 3.219420e+01 3.287213e+01 2.388861e+01 1.769346e+00 2.231315e+00 3.813597e+00 4.859802e+00 3.554048e+00 3.618406e+00 3.406445e+00 4.649440e+00 5.889129e+00 3.090635e+00 3.299005e+00 2.330338e+00 2.088129e-03
<GCONST> 9.528020e+01
<MIXTURE> 10 6.596976e-03
<MEAN> 25
 6.324930e-01 7.293265e+00 4.984870e+00 6.120130e+00 1.959755e+00 -2.813439e+00 -5.470258e-01 -1.937186e+00 1.236619e+00 6.824894e-01 4.310190e-01 8.341830e-01 -1.896055e+00 -4.728100e-01 -4.862027e-01 3.038920e+00 2.122382e+00 2.536124e+00 2.276780e+00 2.123105e+00 1.910986e+00 7.892922e-01 2.365371e+00 4.337998e-01 -1.355813e-01
<VARIANCE> 25
 1.949640e+01 2.184616e+01 2.447259e+01 2.801433e+01 3.589559e+01 3.495620e+01 3.811066e+01 2.892101e+01 2.394954e+01 2.552460e+01 2.442610e+01 2.208936e+01 1.975712e+00 3.107499e+00 4.648208e+00 4.395977e+00 5.611682e+00 3.904341e+00 4.069296e+00 4.726816e+00 3.848341e+00 6.839767e+00 3.833576e+00 2.756318e+00 2.289933e-03
<GCONST> 9.580201e+01
<MIXTURE> 11 1.633820e-02
<MEAN> 25
 7.634164e+00 3.931290e+00 3.974751e+00 4.130240e+00 -3.131064e+00 -1.086288e+00 -2.815500e+00 -7.324814e+00 -4.370997e+00 4.022202e-02 -2.237916e+00 -1.269319e+00 -3.237364e-01 4.715366e-01 2.842599e-01 1.423897e-01 7.239423e-01 3.119797e-02 2.640979e-01 -3.017551e-01 1.595967e-03 -1.014581e-02 -2.306634e-01 2.045140e-01 -1.805902e-02
<VARIANCE> 25
 8.526087e+00 2.546408e+01 2.028420e+01 2.775649e+01 3.546392e+01 3.653400e+01 3.812445e+01 3.565761e+01 4.620824e+01 3.248448e+01 3.217568e+01 2.803375e+01 1.189538e+00 1.066305e+00 1.901541e+00 2.321728e+00 1.975832e+00 1.736253e+00 1.940840e+00 2.784249e+00 2.129200e+00 1.618465e+00 1.758808e+00 1.383495e+00 9.626030e-04
<GCONST> 8.598393e+01
<MIXTURE> 12 5.904134e-03
<MEAN> 25
 1.045354e+01 2.607360e+00 -4.537041e+00 -1.559994e+01 -1.018941e+01 8.860163e+00 -2.338075e+00 -4.313779e-01 -3.958010e+00 -4.657251e+00 2.218903e+00 1.385077e-01 7.839715e-02 2.513832e-01 7.770899e-02 -2.075761e-01 -4.669446e-01 9.553349e-02 2.215975e-01 3.661091e-01 8.483946e-02 -3.224981e-01 -3.551637e-01 -1.885307e-02 -2.568364e-03
<VARIANCE> 25
 7.966149e+00 2.384550e+01 1.985668e+01 3.151619e+01 4.890646e+01 2.772188e+01 4.536137e+01 5.196259e+01 5.983606e+01 3.194466e+01 3.337539e+01 2.614635e+01 2.177765e-01 6.430475e-01 6.438516e-01 1.228909e+00 1.258768e+00 1.009893e+00 1.160692e+00 1.255521e+00 1.144529e+00 1.085531e+00 1.055802e+00 8.984492e-01 6.855330e-04
<GCONST> 7.823274e+01
<MIXTURE> 13 5.904134e-03
<MEAN> 25
 1.045354e+01 2.607360e+00 -4.537041e+00 -1.559994e+01 -1.018941e+01 8.860163e+00 -2.338075e+00 -4.313779e-01 -3.958010e+00 -4.657251e+00 2.218903e+00 1.385077e-01 7.839715e-02 2.513832e-01 7.770899e-02 -2.075761e-01 -4.669446e-01 9.553349e-02 2.215975e-01 3.661091e-01 8.483946e-02 -3.224981e-01 -3.551637e-01 -1.885307e-02 -2.568364e-03
<VARIANCE> 25
 7.966149e+00 2.384550e+01 1.985668e+01 3.151619e+01 4.890646e+01 2.772188e+01 4.536137e+01 5.196259e+01 5.983606e+01 3.194466e+01 3.337539e+01 2.614635e+01 2.177765e-01 6.430475e-01 6.438516e-01 1.228909e+00 1.258768e+00 1.009893e+00 1.160692e+00 1.255521e+00 1.144529e+00 1.085531e+00 1.055802e+00 8.984492e-01 6.855330e-04
<GCONST> 7.823274e+01
<MIXTURE> 14 6.488954e-03
<MEAN> 25
 -4.060324e+00 1.159405e-01 -4.507248e-01 8.605981e+00 7.215806e+00 7.122328e+00 7.977643e+00 6.778699e+00 7.217163e+00 4.491080e+00 6.379233e+00 3.884859e+00 -3.509246e-01 2.205429e-01 4.876449e-01 2.977234e-01 -1.231082e-01 4.009409e-02 1.216284e-01 2.172507e-01 2.013820e-01 5.245084e-01 5.680755e-01 1.645557e-01 -1.064437e-02
<VARIANCE> 25
 8.809272e+00 1.445093e+01 1.776920e+01 1.683899e+01 1.947358e+01 1.948735e+01 1.970411e+01 2.206080e+01 1.838153e+01 2.588752e+01 2.076507e+01 1.540057e+01 1.027192e+00 1.463352e+00 1.762335e+00 1.842667e+00 2.244648e+00 2.215594e+00 2.212960e+00 2.073789e+00 2.092811e+00 2.474121e+00 2.057368e+00 1.992832e+00 9.893822e-04
<GCONST> 8.129104e+01
<MIXTURE> 15 2.475190e-03
<MEAN> 25
 -5.348634e+00 -3.337882e-01 -2.732614e-01 7.279500e+00 5.509530e+00 5.659032e+00 6.191024e+00 4.756822e+00 5.426312e+00 3.825186e+00 5.541348e+00 2.646663e+00 -1.318730e-01 -2.716748e-02 7.714390e-02 2.424778e-01 4.758583e-01 7.710001e-01 1.067221e+00 1.131608e+00 9.780672e-01 7.240149e-01 3.985952e-01 1.772273e-01 1.046525e-04
<VARIANCE> 25
 6.689087e+00 6.680913e+00 8.743596e+00 1.292275e+01 1.402254e+01 1.367972e+01 1.473328e+01 1.488014e+01 1.443358e+01 1.519281e+01 1.463318e+01 1.233802e+01 1.203510e-01 2.000502e-01 3.093968e-01 4.873541e-01 6.920477e-01 8.360187e-01 7.409464e-01 8.077574e-01 9.602708e-01 1.000262e+00 1.030253e+00 1.019329e+00 3.088054e-05
<GCONST> 5.865137e+01
<MIXTURE> 16 2.475190e-03
<MEAN> 25
 -5.348634e+00 -3.337882e-01 -2.732614e-01 7.279500e+00 5.509530e+00 5.659032e+00 6.191024e+00 4.756822e+00 5.426312e+00 3.825186e+00 5.541348e+00 2.646663e+00 -1.318730e-01 -2.716748e-02 7.714390e-02 2.424778e-01 4.758583e-01 7.710001e-01 1.067221e+00 1.131608e+00 9.780672e-01 7.240149e-01 3.985952e-01 1.772273e-01 1.046525e-04
<VARIANCE> 25
 6.689087e+00 6.680913e+00 8.743596e+00 1.292275e+01 1.402254e+01 1.367972e+01 1.473328e+01 1.488014e+01 1.443358e+01 1.519281e+01 1.463318e+01 1.233802e+01 1.203510e-01 2.000502e-01 3.093968e-01 4.873541e-01 6.920477e-01 8.360187e-01 7.409464e-01 8.077574e-01 9.602708e-01 1.000262e+00 1.030253e+00 1.019329e+00 3.088054e-05
<GCONST> 5.865137e+01
<MIXTURE> 17 9.518312e-03
<MEAN> 25
 3.303187e+00 -6.784821e-01 7.054779e+00 2.130117e+00 -5.795233e+00 -5.507005e+00 -3.316449e+00 -1.155917e+00 -3.392444e+00 -3.458768e+00 5.452674e-01 1.746329e-01 -5.986676e-01 -1.064356e+00 1.628826e+00 -2.292016e+00 -2.404752e+00 -1.328845e-01 -4.734528e-01 9.783704e-01 -7.260266e-01 -2.283082e-01 8.386578e-01 1.411992e-01 8.565765e-02
<VARIANCE> 25
 1.532962e+01 3.401103e+01 3.177915e+01 4.056292e+01 4.046117e+01 4.813778e+01 4.021935e+01 3.570318e+01 3.916173e+01 2.531154e+01 2.660430e+01 2.428209e+01 1.966328e+00 2.631807e+00 4.316327e+00 2.767121e+00 3.562510e+00 4.605069e+00 5.976939e+00 4.381413e+00 4.570684e+00 3.745701e+00 2.695580e+00 2.622920e+00 2.495405e-03
<GCONST> 9.656867e+01
<MIXTURE> 18 1.221018e-02
<MEAN> 25
 3.061763e+00 4.558069e+00 6.213734e+00 4.012502e+00 -3.638611e+00 -8.192151e+00 -2.063074e+00 -1.666122e+00 -3.075972e+00 -2.526326e+00 -3.159421e-01 1.354559e+00 -9.135593e-01 2.412463e+00 -9.606465e-01 1.575661e+00 2.544060e+00 1.722939e+00 1.562090e+00 -1.064663e+00 2.193614e+00 1.700273e-01 -2.473357e-01 5.200047e-01 -1.202929e-01
<VARIANCE> 25
 1.230538e+01 2.946371e+01 3.566168e+01 2.273552e+01 3.351173e+01 3.036659e+01 3.198755e+01 2.570673e+01 3.572298e+01 2.481349e+01 2.997802e+01 2.253315e+01 1.847612e+00 3.091147e+00 4.430145e+00 3.094834e+00 3.117313e+00 3.889448e+00 3.685048e+00 3.649658e+00 5.725781e+00 3.086143e+00 3.455580e+00 3.219657e+00 3.023459e-03
<GCONST> 9.441267e+01
<MIXTURE> 19 9.912824e-03
<MEAN> 25
 -1.103692e+01 1.943352e+00 1.415581e+00 4.728826e-01 3.163512e+00 1.255553e+00 2.598376e+00 6.916029e-01 2.765767e+00 7.308073e-01 8.834561e-01 1.838060e+00 2.216285e+00 1.619618e+00 2.033907e+00 7.134449e-01 -1.053562e+00 -1.066516e+00 -1.010825e+00 -1.278931e+00 -1.517895e+00 -1.031769e+00 -8.887824e-01 -7.196654e-01 -4.280860e-03
<VARIANCE> 25
 6.599203e+01 2.665435e+01 4.437584e+01 4.966638e+01 3.327743e+01 3.216306e+01 2.918625e+01 2.678455e+01 3.050543e+01 2.412189e+01 2.469496e+01 1.624173e+01 2.334532e+00 1.981969e+00 1.889628e+00 2.183886e+00 2.100031e+00 2.331418e+00 2.706701e+00 2.175862e+00 2.123232e+00 1.986581e+00 2.006138e+00 1.518785e+00 2.679393e-03
<GCONST> 9.029214e+01
<MIXTURE> 20 6.308331e-03
<MEAN> 25
 -1.463870e+01 7.143897e+00 1.169858e+00 5.181208e+00 4.783383e+00 1.420054e+00 4.435141e+00 1.225914e+00 1.760252e+00 6.570972e-01 2.466748e+00 -4.236310e-01 -3.308194e+00 -8.826501e-01 -1.412244e+00 2.706663e-01 1.305967e+00 2.076488e+00 1.927759e+00 1.972916e+00 2.063541e+00 2.047030e+00 1.823756e+00 8.413466e-01 4.651515e-02
<VARIANCE> 25
 2.139153e+01 2.254037e+01 2.979774e+01 4.583750e+01 2.856148e+01 2.631454e+01 3.443420e+01 3.075097e+01 3.402890e+01 2.643931e+01 2.352756e+01 1.955460e+01 1.951773e+00 2.032733e+00 2.053038e+00 2.418651e+00 3.132119e+00 2.150661e+00 2.168542e+00 2.223702e+00 2.147740e+00 2.510350e+00 2.356102e+00 1.855426e+00 1.759397e-03
<GCONST> 8.914391e+01
<MIXTURE> 21 7.928653e-03
<MEAN> 25
 3.985167e+00 -4.526422e+00 5.825380e+00 -1.532391e+00 -1.056772e+01 -8.711638e+00 -2.658333e+00 4.157155e+00 -2.136765e+00 -3.388588e+00 2.345901e-01 3.512174e-01 -7.206452e-01 1.336225e+00 2.576248e+00 -4.877204e-02 -1.536851e+00 3.325204e-01 5.854321e-01 -1.494383e+00 -1.932734e+00 3.088143e-01 1.327975e+00 2.472568e-01 -1.280197e-02
<VARIANCE> 25
 8.928020e+00 1.863915e+01 3.020692e+01 2.868337e+01 2.847844e+01 3.307206e+01 4.352806e+01 3.918275e+01 4.372261e+01 3.156934e+01 3.368015e+01 2.311096e+01 3.776102e-01 9.484645e-01 1.866281e+00 1.287929e+00 2.242821e+00 2.180424e+00 3.624563e+00 2.491720e+00 2.253664e+00 2.608205e+00 2.004963e+00 2.270818e+00 4.270687e-04
<GCONST> 8.516907e+01
<MIXTURE> 22 8.827789e-03
<MEAN> 25
 -1.803294e+01 7.420458e+00 -4.022293e+00 7.327580e+00 4.988475e+00 2.649681e+00 8.505115e+00 1.503757e+00 5.364512e+00 3.147313e+00 5.516984e+00 1.273198e+00 -3.240741e-01 -1.511747e-01 -1.123257e-01 -1.521655e-01 9.068411e-03 1.079927e-01 1.897719e-01 1.749333e-01 1.847303e-01 1.757438e-01 1.806584e-01 2.138911e-01 9.486704e-03
<VARIANCE> 25
 8.275223e+00 1.850215e+01 1.720657e+01 2.454203e+01 2.673358e+01 2.057004e+01 1.918856e+01 1.996552e+01 1.758352e+01 2.093178e+01 1.984688e+01 1.359711e+01 1.063555e+00 1.411896e+00 1.327014e+00 1.523565e+00 1.373906e+00 1.505167e+00 1.464554e+00 1.485691e+00 1.687214e+00 1.526957e+00 1.318768e+00 1.145679e+00 1.703530e-03
<GCONST> 7.838647e+01
<MIXTURE> 23 6.455497e-03
<MEAN> 25
 7.703793e+00 2.800546e+00 3.699121e+00 2.103670e+00 -4.164043e+00 -2.198743e+00 -4.342042e+00 -7.457396e+00 -3.910182e+00 -1.405310e+00 -2.903775e+00 -1.003397e+00 2.234820e-02 2.797253e-01 -6.345285e-02 -4.342737e-02 1.750039e-01 -5.908725e-02 -3.883874e-03 5.922922e-02 -6.839509e-02 -1.115125e-01 1.710220e-02 4.298369e-02 -4.297648e-03
<VARIANCE> 25
 8.637617e+00 2.028279e+01 2.064067e+01 3.256530e+01 3.288160e+01 4.608337e+01 4.627232e+01 4.607708e+01 4.119817e+01 3.929066e+01 4.475218e+01 3.566993e+01 1.061237e-01 3.071098e-01 3.396790e-01 4.519575e-01 5.784180e-01 6.197746e-01 6.822379e-01 7.824833e-01 9.409158e-01 7.918747e-01 6.812347e-01 6.577386e-01 7.417260e-05
<GCONST> 6.981908e+01
<MIXTURE> 24 6.455497e-03
<MEAN> 25
 7.703793e+00 2.800546e+00 3.699121e+00 2.103670e+00 -4.164043e+00 -2.198743e+00 -4.342042e+00 -7.457396e+00 -3.910182e+00 -1.405310e+00 -2.903775e+00 -1.003397e+00 2.234820e-02 2.797253e-01 -6.345285e-02 -4.342737e-02 1.750039e-01 -5.908725e-02 -3.883874e-03 5.922922e-02 -6.839509e-02 -1.115125e-01 1.710220e-02 4.298369e-02 -4.297648e-03
<VARIANCE> 25
 8.637617e+00 2.028279e+01 2.064067e+01 3.256530e+01 3.288160e+01 4.608337e+01 4.627232e+01 4.607708e+01 4.119817e+01 3.929066e+01 4.475218e+01 3.566993e+01 1.061237e-01 3.071098e-01 3.396790e-01 4.519575e-01 5.784180e-01 6.197746e-01 6.822379e-01 7.824833e-01 9.409158e-01 7.918747e-01 6.812347e-01 6.577386e-01 7.417260e-05
<GCONST> 6.981908e+01
<MIXTURE> 25 1.118642e-02
<MEAN> 25
 3.807954e-01 2.393416e+00 1.690009e+01 -1.659065e+00 -1.152653e+01 -2.460817e+00 -6.146277e+00 -1.998438e+00 -8.814194e+00 -4.856712e+00 3.027309e+00 -1.545797e+00 -1.813628e-02 6.778775e-01 2.225634e-02 6.513944e-02 1.708577e-01 6.766883e-02 4.431797e-01 6.554700e-04 -4.509205e-01 4.251101e-01 1.048195e-01 -1.973259e-01 -2.452898e-02
<VARIANCE> 25
 6.810327e+00 1.960830e+01 1.545029e+01 2.108608e+01 2.324536e+01 3.136982e+01 2.494979e+01 2.637675e+01 2.884183e+01 3.990393e+01 1.825993e+01 2.105964e+01 7.099399e-01 1.529885e+00 1.599920e+00 1.585533e+00 2.331139e+00 1.741351e+00 1.534140e+00 1.929515e+00 2.068190e+00 2.387075e+00 1.213850e+00 1.117490e+00 1.291714e-03
<GCONST> 8.145883e+01
<MIXTURE> 26 7.727677e-03
<MEAN> 25
 2.073349e+00 -5.148862e+00 -1.031098e+01 -2.470166e+00 8.515338e+00 5.497367e+00 5.308337e+00 -1.527860e+00 2.475454e+00 9.936224e-01 -3.216444e+00 -4.381963e-01 -7.028052e-01 6.892664e-01 3.569220e-01 1.057751e+00 2.554031e-01 1.485716e-01 6.606631e-01 4.001367e-01 5.281351e-01 -8.947567e-02 4.547911e-01 6.278921e-01 -5.573386e-02
<VARIANCE> 25
 2.075429e+01 3.247207e+01 2.050473e+01 7.275456e+01 3.179659e+01 3.433704e+01 4.564756e+01 3.564898e+01 3.658410e+01 5.168812e+01 3.082551e+01 4.190459e+01 1.316687e+00 1.677990e+00 1.560996e+00 2.977036e+00 2.427896e+00 2.215583e+00 3.185481e+00 2.326123e+00 2.584064e+00 2.489466e+00 2.017336e+00 2.367974e+00 2.652909e-03
<GCONST> 9.237410e+01
<MIXTURE> 27 7.727677e-03
<MEAN> 25
 2.073349e+00 -5.148862e+00 -1.031098e+01 -2.470166e+00 8.515338e+00 5.497367e+00 5.308337e+00 -1.527860e+00 2.475454e+00 9.936224e-01 -3.216444e+00 -4.381963e-01 -7.028052e-01 6.892664e-01 3.569220e-01 1.057751e+00 2.554031e-01 1.485716e-01 6.606631e-01 4.001367e-01 5.281351e-01 -8.947567e-02 4.547911e-01 6.278921e-01 -5.573386e-02
<VARIANCE> 25
 2.075429e+01 3.247207e+01 2.050473e+01 7.275456e+01 3.179659e+01 3.433704e+01 4.564756e+01 3.564898e+01 3.658410e+01 5.168812e+01 3.082551e+01 4.190459e+01 1.316687e+00 1.677990e+00 1.560996e+00 2.977036e+00 2.427896e+00 2.215583e+00 3.185481e+00 2.326123e+00 2.584064e+00 2.489466e+00 2.017336e+00 2.367974e+00 2.652909e-03
<GCONST> 9.237410e+01
<MIXTURE> 28 5.036674e-03
<MEAN> 25
 -5.282319e+00 2.548529e-01 -1.578870e+00 6.639730e+00 5.083897e+00 3.614361e+00 5.590071e+00 3.013469e+00 4.267119e+00 2.071477e+00 2.690594e+00 3.185241e+00 -1.229895e-01 2.055867e-01 5.163834e-01 7.737271e-01 7.678338e-01 6.757554e-01 4.778526e-01 3.653733e-01 4.090187e-01 4.210182e-01 3.730418e-01 1.944783e-01 -5.418996e-05
<VARIANCE> 25
 1.019633e+01 8.848709e+00 1.176576e+01 1.421406e+01 1.419412e+01 1.724602e+01 1.765445e+01 1.825496e+01 1.795150e+01 1.773578e+01 1.999328e+01 1.453907e+01 2.423831e-01 3.282068e-01 3.961215e-01 4.568920e-01 6.654758e-01 8.428909e-01 1.112855e+00 1.111341e+00 1.076078e+00 1.038898e+00 1.019435e+00 1.033777e+00 1.077563e-06
<GCONST> 6.009676e+01
<MIXTURE> 29 5.036674e-03
<MEAN> 25
 -5.282319e+00 2.548529e-01 -1.578870e+00 6.639730e+00 5.083897e+00 3.614361e+00 5.590071e+00 3.013469e+00 4.267119e+00 2.071477e+00 2.690594e+00 3.185241e+00 -1.229895e-01 2.055867e-01 5.163834e-01 7.737271e-01 7.678338e-01 6.757554e-01 4.778526e-01 3.653733e-01 4.090187e-01 4.210182e-01 3.730418e-01 1.944783e-01 -5.418996e-05
<VARIANCE> 25
 1.019633e+01 8.848709e+00 1.176576e+01 1.421406e+01 1.419412e+01 1.724602e+01 1.765445e+01 1.825496e+01 1.795150e+01 1.773578e+01 1.999328e+01 1.453907e+01 2.423831e-01 3.282068e-01 3.961215e-01 4.568920e-01 6.654758e-01 8.428909e-01 1.112855e+00 1.111341e+00 1.076078e+00 1.038898e+00 1.019435e+00 1.033777e+00 1.077563e-06
<GCONST> 6.009676e+01
<MIXTURE> 30 8.917812e-03
<MEAN> 25
 -4.271666e+00 2.469898e+00 6.721245e-02 8.736089e+00 6.160928e+00 7.214987e+00 7.887928e+00 3.953974e+00 7.060469e+00 7.579913e-01 5.851912e+00 3.454857e+00 -8.259754e-02 -2.953752e-02 5.656274e-02 1.150352e-01 7.521891e-02 1.906560e-01 1.006262e-01 -4.054873e-03 1.382891e-02 1.091875e-01 1.921082e-01 1.902077e-01 5.810591e-04
<VARIANCE> 25
 3.751962e+00 8.273990e+00 6.772788e+00 8.370692e+00 1.091280e+01 1.133234e+01 1.251829e+01 1.374199e+01 1.052727e+01 1.861241e+01 1.310167e+01 1.005278e+01 6.968334e-02 1.547822e-01 2.929320e-01 5.117904e-01 4.798740e-01 7.381135e-01 7.765166e-01 7.928166e-01 6.711816e-01 7.700348e-01 6.728916e-01 8.228887e-01 6.824315e-05
<GCONST> 5.474986e+01
<MIXTURE> 31 4.136493e-03
<MEAN> 25
 -3.171954e+00 -5.369832e+00 2.404934e-02 5.194349e+00 3.372225e+00 1.437403e+00 5.204883e+00 6.330021e+00 2.958323e+00 1.136266e+00 6.406021e+00 2.993874e+00 2.438058e-01 4.614078e-01 -2.023211e-01 2.877264e-01 1.027348e-01 3.911668e-01 1.670420e-01 -2.475216e-02 3.631261e-01 4.135199e-01 1.378374e-01 1.355216e-01 -1.748268e-02
<VARIANCE> 25
 7.206636e+00 1.636944e+01 1.817204e+01 1.916872e+01 2.627624e+01 2.480797e+01 2.277552e+01 2.658264e+01 2.741218e+01 2.751269e+01 1.956711e+01 1.853488e+01 1.860527e-01 4.719740e-01 6.035686e-01 7.758191e-01 9.613945e-01 1.111344e+00 1.185750e+00 1.391772e+00 1.317491e+00 1.392347e+00 1.237157e+00 1.135981e+00 2.596317e-04
<GCONST> 7.204206e+01
<MIXTURE> 32 4.136493e-03
<MEAN> 25
 -3.171954e+00 -5.369832e+00 2.404934e-02 5.194349e+00 3.372225e+00 1.437403e+00 5.204883e+00 6.330021e+00 2.958323e+00 1.136266e+00 6.406021e+00 2.993874e+00 2.438058e-01 4.614078e-01 -2.023211e-01 2.877264e-01 1.027348e-01 3.911668e-01 1.670420e-01 -2.475216e-02 3.631261e-01 4.135199e-01 1.378374e-01 1.355216e-01 -1.748268e-02
<VARIANCE> 25
 7.206636e+00 1.636944e+01 1.817204e+01 1.916872e+01 2.627624e+01 2.480797e+01 2.277552e+01 2.658264e+01 2.741218e+01 2.751269e+01 1.956711e+01 1.853488e+01 1.860527e-01 4.719740e-01 6.035686e-01 7.758191e-01 9.613945e-01 1.111344e+00 1.185750e+00 1.391772e+00 1.317491e+00 1.392347e+00 1.237157e+00 1.135981e+00 2.596317e-04
<GCONST> 7.204206e+01
<MIXTURE> 33 1.508826e-02
<MEAN> 25
 5.709066e+00 -5.251212e+00 -2.449681e+00 -2.889400e+00 -1.332908e+00 -5.338952e+00 -7.095719e+00 4.451227e+00 -1.299519e-02 1.168088e+00 -4.679081e+00 -3.902841e+00 7.308674e-01 -1.177028e+00 -2.524932e+00 -2.263840e+00 1.321509e+00 1.507941e+00 -7.882235e-01 7.499070e-01 1.505631e+00 2.988966e-01 -4.263289e-01 -1.298760e+00 3.913829e-02
<VARIANCE> 25
 8.383888e+00 1.732286e+01 2.768516e+01 4.195087e+01 3.558388e+01 3.270127e+01 3.493664e+01 5.525679e+01 4.737707e+01 3.196126e+01 3.597337e+01 1.807888e+01 6.983461e-01 1.589137e+00 2.044342e+00 1.664953e+00 3.241277e+00 3.201954e+00 3.912760e+00 7.549836e+00 4.587403e+00 3.669371e+00 3.999991e+00 1.649734e+00 1.130646e-03
<GCONST> 9.138747e+01
<MIXTURE> 34 1.588179e-02
<MEAN> 25
 8.804832e+00 -1.126853e+00 1.610658e-01 1.092182e-01 -4.357289e+00 -3.050361e-01 -5.262247e+00 -4.580004e+00 -3.600956e+00 1.286759e+00 -2.523904e+00 -3.950738e+00 -2.391953e-01 1.032533e+00 1.646062e+00 2.502441e+00 5.870767e-01 -2.528286e-01 9.228967e-01 -1.930403e+00 -5.876424e-01 5.409936e-01 -8.327465e-01 2.803208e-01 -6.390642e-02
<VARIANCE> 25
 6.529866e+00 2.881892e+01 2.522615e+01 4.460627e+01 5.579651e+01 4.908031e+01 4.533726e+01 4.769075e+01 5.419074e+01 3.987643e+01 4.478868e+01 2.466129e+01 1.249331e+00 2.001671e+00 3.746560e+00 3.308425e+00 5.421360e+00 4.629375e+00 4.465511e+00 5.341354e+00 4.292740e+00 4.204810e+00 4.850616e+00 2.971711e+00 9.773028e-04
<GCONST> 9.694884e+01
<MIXTURE> 35 1.467755e-02
<MEAN> 25
 -2.592085e+00 -5.560451e+00 -1.007927e+01 1.698481e-01 8.880076e+00 2.804687e-02 1.612153e-01 2.518142e+00 2.595361e+00 4.970545e+00 5.105211e-03 -4.285054e-02 3.571009e-01 -1.680295e+00 -1.490587e+00 -1.244462e+00 5.303178e-02 -1.284545e+00 -1.129771e+00 2.265413e-01 -7.888132e-01 8.202819e-02 -4.789131e-01 -8.155357e-01 1.236677e-01
<VARIANCE> 25
 1.609155e+01 2.371521e+01 3.323154e+01 4.846082e+01 3.563099e+01 4.915201e+01 4.555954e+01 3.508180e+01 4.205922e+01 3.249936e+01 2.810845e+01 3.202269e+01 3.077582e+00 3.299435e+00 5.248219e+00 4.497353e+00 5.200445e+00 4.852896e+00 6.370672e+00 3.938986e+00 4.807433e+00 3.757368e+00 3.282294e+00 3.478766e+00 4.660398e-03
<GCONST> 1.000339e+02
<MIXTURE> 36 1.093293e-02
<MEAN> 25
 4.741178e+00 -3.388099e+00 6.999879e+00 2.917543e+00 -9.734091e+00 -8.889673e+00 -5.776029e+00 2.842066e+00 -2.380106e+00 -4.260679e+00 2.807979e+00 1.011633e-02 3.856866e-01 1.126139e-01 -9.841225e-01 2.317734e-02 8.961073e-01 4.264118e-02 -4.456717e-01 7.634962e-02 5.290089e-01 5.354341e-01 -4.682904e-01 -4.097619e-01 -1.572942e-02
<VARIANCE> 25
 1.063721e+01 1.602289e+01 2.281293e+01 3.057448e+01 3.196095e+01 3.076474e+01 4.791678e+01 3.487332e+01 4.574038e+01 3.224025e+01 2.996383e+01 2.544950e+01 4.690231e-01 7.439259e-01 1.562965e+00 1.269732e+00 1.601196e+00 1.582482e+00 2.053471e+00 1.836166e+00 2.182414e+00 1.689737e+00 1.501021e+00 1.552395e+00 7.297191e-04
<GCONST> 8.269528e+01
<MIXTURE> 37 1.246826e-02
<MEAN> 25
 3.958154e-01 7.016769e+00 1.238352e+01 -4.748000e+00 -8.065301e+00 -1.959850e+00 -4.677714e+00 -7.748895e+00 -5.248977e+00 -1.692441e-02 -2.650496e+00 -1.572925e+00 2.855971e-03 7.379804e-01 -1.391181e+00 3.280763e+00 2.102447e+00 -3.530958e-01 1.172127e+00 1.169834e-01 7.599936e-01 -1.293730e-01 6.032150e-01 4.712076e-02 -9.039693e-02
<VARIANCE> 25
 1.389874e+01 2.343732e+01 2.935081e+01 4.405337e+01 3.046296e+01 3.199685e+01 4.060592e+01 3.048371e+01 4.769184e+01 3.615218e+01 3.579295e+01 2.703316e+01 3.095528e+00 3.034104e+00 2.915506e+00 3.672948e+00 3.928013e+00 3.336706e+00 3.726809e+00 3.926799e+00 3.216458e+00 3.482299e+00 3.291858e+00 2.640613e+00 3.346076e-03
<GCONST> 9.597422e+01
<MIXTURE> 38 1.154525e-02
<MEAN> 25
 -5.728459e+00 7.975844e+00 4.554491e+00 2.092094e+00 1.704724e+00 -5.226269e+00 -1.615477e+00 -2.391406e+00 -1.274461e+00 -3.362156e+00 -2.166105e+00 -7.069822e-01 -4.871439e+00 1.558682e+00 1.388011e-01 1.229705e+00 1.990744e+00 1.431818e+00 2.087218e+00 6.300875e-01 1.349948e+00 1.692548e-01 1.354675e+00 2.149978e-01 4.338778e-02
<VARIANCE> 25
 3.799456e+01 2.739990e+01 3.138587e+01 3.660837e+01 4.158860e+01 3.060853e+01 3.378893e+01 3.432778e+01 3.608410e+01 3.208418e+01 2.181985e+01 2.300057e+01 2.599427e+00 4.301735e+00 3.936249e+00 4.706036e+00 4.649262e+00 4.143865e+00 3.901509e+00 4.322983e+00 4.820271e+00 4.867318e+00 4.994164e+00 2.951964e+00 1.879927e-03
<GCONST> 9.810591e+01
<MIXTURE> 39 9.501865e-03
<MEAN> 25
 1.352337e+00 1.668886e+00 1.030496e+01 -8.586575e+00 -1.037637e+01 -9.185902e-01 -3.751057e+00 -6.313118e+00 -4.579010e+00 6.412376e-01 -3.569886e+00 -1.534372e+00 -7.962817e-01 1.395402e+00 1.495775e+00 -1.274732e+00 2.160704e-01 1.249610e+00 -1.091460e+00 -1.203559e+00 6.116103e-01 2.898952e-01 -3.977079e-01 1.250162e-01 5.360204e-04
<VARIANCE> 25
 8.974175e+00 3.242154e+01 3.039909e+01 3.559666e+01 3.905524e+01 4.339634e+01 4.343766e+01 3.302476e+01 5.264788e+01 3.229502e+01 3.220483e+01 2.847617e+01 6.474865e-01 1.431280e+00 1.769573e+00 2.806021e+00 2.313333e+00 2.738979e+00 3.320928e+00 2.619642e+00 3.038111e+00 2.409919e+00 2.040314e+00 1.806863e+00 1.126251e-03
<GCONST> 8.961307e+01
<MIXTURE> 40 1.030800e-02
<MEAN> 25
 -6.862918e+00 3.395101e+00 -8.283509e-01 8.356460e+00 3.617662e+00 5.117043e+00 5.603878e+00 2.457976e+00 5.828374e+00 2.053853e+00 5.197589e+00 2.171898e+00 -2.195833e-01 -9.561564e-02 5.185531e-02 -1.657566e-01 -2.580568e-01 -1.992115e-01 1.046131e-01 2.197544e-01 -7.922231e-02 2.653306e-02 1.937192e-02 1.388890e-01 7.733192e-04
<VARIANCE> 25
 3.175180e+01 1.748688e+01 2.153289e+01 1.985314e+01 1.955330e+01 1.703060e+01 1.524119e+01 1.781919e+01 1.642966e+01 2.195422e+01 1.498956e+01 1.413503e+01 5.726761e-01 6.990843e-01 6.894304e-01 9.325286e-01 1.231709e+00 1.118196e+00 1.110567e+00 9.943800e-01 1.008100e+00 1.187130e+00 1.032957e+00 9.233403e-01 7.221958e-04
<GCONST> 7.294200e+01
<MIXTURE> 41 6.713375e-03
<MEAN> 25
 1.266250e+00 1.363881e+00 1.155905e+01 -5.536877e+00 -9.891512e+00 -4.511892e+00 -3.409722e+00 -4.458891e+00 -6.904411e+00 1.301080e+00 -1.286660e+00 -7.469540e-01 1.313188e-01 -8.443133e-01 1.976467e+00 -3.396022e+00 -2.467670e+00 -4.939870e-01 -1.151342e+00 1.471162e-01 -1.503477e+00 1.095760e+00 -8.420413e-01 6.488189e-02 8.804163e-02
<VARIANCE> 25
 1.074139e+01 3.328766e+01 3.033046e+01 4.087025e+01 3.504615e+01 3.817269e+01 3.375002e+01 2.701529e+01 4.241507e+01 2.865738e+01 2.758334e+01 2.145459e+01 2.931769e+00 3.309800e+00 3.320872e+00 3.247338e+00 4.334884e+00 6.650900e+00 5.177504e+00 4.406179e+00 5.157453e+00 3.625585e+00 3.100782e+00 2.630651e+00 3.004098e-03
<GCONST> 9.680791e+01
<MIXTURE> 42 1.106211e-02
<MEAN> 25
 -2.126776e+00 3.683376e+00 4.709621e+00 3.677364e+00 -1.863061e-01 -5.854609e+00 1.355893e-01 -1.747407e+00 -1.163638e+00 -2.295023e+00 -2.070668e+00 1.378395e+00 4.011444e+00 -5.482392e-01 1.967310e+00 -1.207701e-01 -3.007281e+00 -1.006760e+00 -2.496270e+00 -7.017744e-01 -1.816131e+00 -4.462456e-01 4.467249e-01 -9.764372e-01 6.762108e-03
<VARIANCE> 25
 3.156902e+01 2.573145e+01 3.725708e+01 3.105745e+01 3.453841e+01 4.434544e+01 3.523140e+01 2.166518e+01 2.413779e+01 2.571564e+01 2.095477e+01 1.616437e+01 3.061438e+00 4.814886e+00 5.685408e+00 4.291578e+00 3.947363e+00 4.839332e+00 4.579178e+00 4.567425e+00 6.864678e+00 4.128461e+00 3.813250e+00 3.014758e+00 4.357269e-03
<GCONST> 9.815411e+01
<MIXTURE> 43 7.108249e-03
<MEAN> 25
 3.211048e+00 -6.277449e+00 -2.219925e+00 -5.120346e+00 -7.050568e+00 -3.482019e+00 4.023929e+00 1.263686e+00 -5.094945e+00 -6.758482e+00 -4.451199e+00 -1.273137e+00 2.488403e-01 2.154797e+00 1.903299e+00 -1.025738e-01 -1.401862e+00 -7.516921e-01 -9.458801e-01 -8.516088e-01 7.786722e-01 1.525406e+00 3.502829e-01 8.318212e-03 -4.578246e-02
<VARIANCE> 25
 9.452265e+00 1.933521e+01 2.671609e+01 3.472564e+01 4.181977e+01 3.598706e+01 3.298317e+01 3.907050e+01 3.892440e+01 4.194527e+01 2.662424e+01 2.889477e+01 6.816161e-01 1.221819e+00 1.545084e+00 2.462671e+00 2.343719e+00 2.401729e+00 2.647224e+00 3.174898e+00 2.602988e+00 2.639314e+00 2.284818e+00 1.875260e+00 9.551609e-04
<GCONST> 8.794789e+01
<MIXTURE> 44 7.328289e-03
<MEAN> 25
 -1.750849e+01 2.129003e+00 4.522123e+00 -4.676047e+00 2.124606e+00 2.020616e+00 -1.311079e+00 1.361603e+00 2.541744e+00 -4.238746e-01 2.547941e+00 6.238617e-01 -7.257368e-02 -2.640091e-01 4.082054e-01 3.672843e-01 -5.909520e-01 3.336484e-01 3.295531e-01 -5.864761e-02 3.600034e-02 -3.565523e-02 2.598912e-02 1.108798e-01 1.730373e-03
<VARIANCE> 25
 4.107707e+01 2.431770e+01 2.382473e+01 2.519682e+01 2.432694e+01 2.068065e+01 1.898363e+01 2.627011e+01 3.205510e+01 1.930373e+01 2.033741e+01 1.642893e+01 1.233637e+00 1.383124e+00 1.088826e+00 1.070974e+00 1.741374e+00 1.513639e+00 1.244909e+00 1.377334e+00 1.404984e+00 1.450751e+00 1.543660e+00 1.036089e+00 1.156289e-03
<GCONST> 8.053862e+01
<MIXTURE> 45 1.364932e-02
<MEAN> 25
 -1.179433e+01 3.331996e+00 -9.917348e-01 2.201267e+00 6.665325e+00 -2.227423e-01 3.993209e+00 2.169957e+00 3.929266e+00 2.048763e+00 1.960930e+00 2.889100e+00 -3.222038e+00 1.030720e+00 -3.436862e-01 -9.577414e-01 3.309386e-01 -2.276448e-01 3.790256e-01 -6.926688e-02 -4.054655e-01 7.481857e-02 2.754312e-01 2.019698e-01 1.276287e-01
<VARIANCE> 25
 4.734473e+01 3.457364e+01 2.736848e+01 3.111522e+01 2.885112e+01 2.565015e+01 2.801437e+01 2.028590e+01 2.873838e+01 1.680042e+01 1.947998e+01 1.389759e+01 2.154202e+00 4.801982e+00 2.368464e+00 2.447794e+00 3.759775e+00 3.709953e+00 1.957683e+00 1.833814e+00 1.973725e+00 2.022753e+00 1.554121e+00 1.318356e+00 3.626611e-03
<GCONST> 8.931429e+01
<MIXTURE> 46 9.336259e-03
<MEAN> 25
 -9.410891e+00 2.445935e+00 1.032133e+00 7.446673e+00 5.994236e+00 3.115837e+00 7.138565e+00 4.368585e+00 5.816528e+00 4.601797e+00 4.957345e+00 3.048480e+00 1.065961e+00 -2.382025e-01 6.778453e-02 1.018366e+00 5.385047e-01 9.487468e-01 3.534376e-01 6.559117e-01 4.448397e-01 4.527554e-01 6.586796e-01 4.868498e-01 -1.042871e-01
<VARIANCE> 25
 3.507841e+01 4.456503e+01 3.882203e+01 4.935655e+01 5.070098e+01 4.222903e+01 3.666555e+01 3.575247e+01 3.269532e+01 3.057564e+01 2.789228e+01 2.056759e+01 3.892478e+00 4.062796e+00 3.823474e+00 4.080929e+00 4.252370e+00 3.758016e+00 3.363113e+00 3.066678e+00 2.999439e+00 2.959135e+00 2.290879e+00 1.839269e+00 7.860179e-03
<GCONST> 9.835545e+01
<MIXTURE> 47 7.116147e-03
<MEAN> 25
 7.596338e+00 -7.281775e+00 -8.168502e+00 -7.743660e+00 1.616384e+00 5.800810e-01 -2.574706e+00 1.223605e+00 1.850546e+00 1.572965e-01 -3.249995e+00 -6.019967e+00 -2.482875e-01 -1.233239e+00 -5.066068e-01 -8.094242e-01 6.307893e-01 8.804989e-01 9.841823e-01 3.597749e-01 1.321770e-01 -5.215886e-01 -9.303426e-01 -2.618769e-01 2.950783e-02
<VARIANCE> 25
 1.307509e+01 2.170223e+01 1.859773e+01 3.686243e+01 3.365706e+01 4.648052e+01 4.474004e+01 3.719973e+01 4.520468e+01 4.278837e+01 6.108873e+01 2.898772e+01 6.060912e-01 6.938111e-01 1.240345e+00 1.831092e+00 1.772933e+00 1.902308e+00 2.275116e+00 2.419570e+00 2.230380e+00 2.246265e+00 2.735991e+00 1.875926e+00 4.899871e-04
<GCONST> 8.644562e+01
<MIXTURE> 48 7.116147e-03
<MEAN> 25
 7.596338e+00 -7.281775e+00 -8.168502e+00 -7.743660e+00 1.616384e+00 5.800810e-01 -2.574706e+00 1.223605e+00 1.850546e+00 1.572965e-01 -3.249995e+00 -6.019967e+00 -2.482875e-01 -1.233239e+00 -5.066068e-01 -8.094242e-01 6.307893e-01 8.804989e-01 9.841823e-01 3.597749e-01 1.321770e-01 -5.215886e-01 -9.303426e-01 -2.618769e-01 2.950783e-02
<VARIANCE> 25
 1.307509e+01 2.170223e+01 1.859773e+01 3.686243e+01 3.365706e+01 4.648052e+01 4.474004e+01 3.719973e+01 4.520468e+01 4.278837e+01 6.108873e+01 2.898772e+01 6.060912e-01 6.938111e-01 1.240345e+00 1.831092e+00 1.772933e+00 1.902308e+00 2.275116e+00 2.419570e+00 2.230380e+00 2.246265e+00 2.735991e+00 1.875926e+00 4.899871e-04
<GCONST> 8.644562e+01
<MIXTURE> 49 5.548473e-03
<MEAN> 25
 -4.927929e+00 1.104186e+00 -8.486139e-02 8.269523e+00 5.923840e+00 5.395550e+00 6.316551e+00 3.413917e+00 5.358674e+00 2.838288e+00 5.512592e+00 3.337996e+00 3.674911e-01 5.641720e-01 6.962872e-01 4.325950e-01 -1.034917e-01 -6.072111e-01 -8.533531e-01 -1.145083e+00 -8.835169e-01 -7.290434e-01 -5.249767e-01 -4.761404e-01 7.869859e-04
<VARIANCE> 25
 8.080870e+00 9.886734e+00 1.241504e+01 1.408399e+01 1.342729e+01 1.434442e+01 1.699522e+01 2.121998e+01 1.584708e+01 1.800706e+01 2.296147e+01 1.345761e+01 2.654715e-01 2.587322e-01 3.025060e-01 5.975956e-01 8.464881e-01 8.738435e-01 1.047384e+00 1.005467e+00 9.465501e-01 1.203601e+00 1.313451e+00 1.464183e+00 1.862816e-05
<GCONST> 6.328225e+01
<MIXTURE> 50 6.234641e-03
<MEAN> 25
 -4.136386e+00 4.352308e-01 -1.437740e+00 6.467793e+00 3.941294e+00 2.390484e+00 4.686216e+00 2.007419e+00 3.971172e+00 5.368742e-01 1.922595e+00 2.797334e+00 1.620298e-02 2.059269e-01 2.562208e-01 -1.615252e-01 -6.690848e-01 -6.523013e-01 -3.227595e-01 7.847962e-03 3.473163e-01 7.162262e-01 7.672641e-01 3.471376e-01 4.289766e-05
<VARIANCE> 25
 9.430532e+00 1.058590e+01 1.459615e+01 1.584120e+01 1.297734e+01 1.752158e+01 1.776058e+01 1.919176e+01 2.090303e+01 1.887693e+01 1.952146e+01 1.262250e+01 1.302848e-01 2.119277e-01 4.696615e-01 4.745037e-01 6.387916e-01 8.619895e-01 8.486305e-01 1.177923e+00 9.552397e-01 8.854557e-01 8.703160e-01 9.855212e-01 1.706002e-06
<GCONST> 5.944659e+01
<MIXTURE> 51 6.234641e-03
<MEAN> 25
 -4.136386e+00 4.352308e-01 -1.437740e+00 6.467793e+00 3.941294e+00 2.390484e+00 4.686216e+00 2.007419e+00 3.971172e+00 5.368742e-01 1.922595e+00 2.797334e+00 1.620298e-02 2.059269e-01 2.562208e-01 -1.615252e-01 -6.690848e-01 -6.523013e-01 -3.227595e-01 7.847962e-03 3.473163e-01 7.162262e-01 7.672641e-01 3.471376e-01 4.289766e-05
<VARIANCE> 25
 9.430532e+00 1.058590e+01 1.459615e+01 1.584120e+01 1.297734e+01 1.752158e+01 1.776058e+01 1.919176e+01 2.090303e+01 1.887693e+01 1.952146e+01 1.262250e+01 1.302848e-01 2.119277e-01 4.696615e-01 4.745037e-01 6.387916e-01 8.619895e-01 8.486305e-01 1.177923e+00 9.552397e-01 8.854557e-01 8.703160e-01 9.855212e-01 1.706002e-06
<GCONST> 5.944659e+01
<MIXTURE> 52 6.367945e-03
<MEAN> 25
 9.919005e+00 1.010666e+00 -6.108349e+00 -1.404533e+01 -5.585249e+00 8.820791e+00 -2.955197e+00 -2.088768e+00 -5.759597e+00 -1.934999e+00 3.000303e+00 -1.518561e-03 -4.063269e-01 -3.785551e-01 3.270844e-02 1.140531e+00 1.238356e+00 -3.939325e-01 -2.940742e-01 -7.829729e-01 4.041790e-02 1.243316e+00 1.807128e-01 -5.438796e-01 -1.699946e-02
<VARIANCE> 25
 8.282492e+00 2.113079e+01 2.220359e+01 3.425472e+01 6.688935e+01 2.769893e+01 4.652982e+01 4.974520e+01 4.759941e+01 4.007552e+01 3.641708e+01 2.898929e+01 4.605974e-01 1.596052e+00 1.325145e+00 2.845235e+00 2.254846e+00 2.054075e+00 3.161652e+00 2.838320e+00 2.652056e+00 2.268176e+00 2.683549e+00 1.976621e+00 1.605327e-03
<GCONST> 8.930798e+01
<MIXTURE> 53 6.367945e-03
<MEAN> 25
 9.919005e+00 1.010666e+00 -6.108349e+00 -1.404533e+01 -5.585249e+00 8.820791e+00 -2.955197e+00 -2.088768e+00 -5.759597e+00 -1.934999e+00 3.000303e+00 -1.518561e-03 -4.063269e-01 -3.785551e-01 3.270844e-02 1.140531e+00 1.238356e+00 -3.939325e-01 -2.940742e-01 -7.829729e-01 4.041790e-02 1.243316e+00 1.807128e-01 -5.438796e-01 -1.699946e-02
<VARIANCE> 25
 8.282492e+00 2.113079e+01 2.220359e+01 3.425472e+01 6.688935e+01 2.769893e+01 4.652982e+01 4.974520e+01 4.759941e+01 4.007552e+01 3.641708e+01 2.898929e+01 4.605974e-01 1.596052e+00 1.325145e+00 2.845235e+00 2.254846e+00 2.054075e+00 3.161652e+00 2.838320e+00 2.652056e+00 2.268176e+00 2.683549e+00 1.976621e+00 1.605327e-03
<GCONST> 8.930798e+01
<MIXTURE> 54 7.368620e-03
<MEAN> 25
 -3.738307e+00 9.320041e-01 -5.614087e-01 8.044559e+00 5.951904e+00 4.801128e+00 5.460405e+00 4.122437e+00 4.317347e+00 2.685872e+00 4.666541e+00 2.680937e+00 -2.253092e-02 4.479083e-02 8.831427e-02 9.784152e-02 1.134318e-01 5.523652e-02 -4.308873e-02 -2.952558e-02 -1.990401e-03 -3.375334e-02 9.331626e-02 4.951421e-02 -1.395182e-04
<VARIANCE> 25
 7.551385e+00 1.144992e+01 8.446051e+00 1.658439e+01 1.285861e+01 1.222654e+01 1.374831e+01 1.102149e+01 1.015009e+01 1.569168e+01 1.633561e+01 1.320830e+01 4.192303e-02 9.577088e-02 1.521558e-01 2.386689e-01 3.235967e-01 3.973940e-01 4.538015e-01 4.930750e-01 5.213425e-01 4.854418e-01 5.007767e-01 5.672967e-01 1.137564e-06
<GCONST> 4.717135e+01
<MIXTURE> 55 7.368620e-03
<MEAN> 25
 -3.738307e+00 9.320041e-01 -5.614087e-01 8.044559e+00 5.951904e+00 4.801128e+00 5.460405e+00 4.122437e+00 4.317347e+00 2.685872e+00 4.666541e+00 2.680937e+00 -2.253092e-02 4.479083e-02 8.831427e-02 9.784152e-02 1.134318e-01 5.523652e-02 -4.308873e-02 -2.952558e-02 -1.990401e-03 -3.375334e-02 9.331626e-02 4.951421e-02 -1.395182e-04
<VARIANCE> 25
 7.551385e+00 1.144992e+01 8.446051e+00 1.658439e+01 1.285861e+01 1.222654e+01 1.374831e+01 1.102149e+01 1.015009e+01 1.569168e+01 1.633561e+01 1.320830e+01 4.192303e-02 9.577088e-02 1.521558e-01 2.386689e-01 3.235967e-01 3.973940e-01 4.538015e-01 4.930750e-01 5.213425e-01 4.854418e-01 5.007767e-01 5.672967e-01 1.137564e-06
<GCONST> 4.717135e+01
<MIXTURE> 56 6.132464e-03
<MEAN> 25
 7.190694e+00 -6.925799e+00 -8.925860e+00 -1.095904e+01 3.897521e+00 4.749684e+00 -9.478033e-01 -2.374779e+00 -1.906577e-01 2.036977e+00 -3.159942e+00 -6.125819e+00 -3.978581e-02 2.108352e-01 -1.278010e-01 -6.360280e-03 3.196177e-01 1.500804e-01 1.788453e-01 -2.233988e-01 2.529874e-02 6.628221e-02 -2.475844e-01 1.019179e-01 -1.146749e-02
<VARIANCE> 25
 7.758914e+00 2.021892e+01 1.608123e+01 4.486401e+01 2.633680e+01 4.339914e+01 5.712469e+01 3.624592e+01 4.030297e+01 3.749837e+01 3.529686e+01 2.768917e+01 2.215142e-01 4.552306e-01 4.118012e-01 6.458206e-01 8.310629e-01 1.045834e+00 7.606850e-01 8.738662e-01 7.862945e-01 7.718168e-01 9.183909e-01 7.086455e-01 2.483375e-04
<GCONST> 7.306926e+01
<MIXTURE> 57 6.132464e-03
<MEAN> 25
 7.190694e+00 -6.925799e+00 -8.925860e+00 -1.095904e+01 3.897521e+00 4.749684e+00 -9.478033e-01 -2.374779e+00 -1.906577e-01 2.036977e+00 -3.159942e+00 -6.125819e+00 -3.978581e-02 2.108352e-01 -1.278010e-01 -6.360280e-03 3.196177e-01 1.500804e-01 1.788453e-01 -2.233988e-01 2.529874e-02 6.628221e-02 -2.475844e-01 1.019179e-01 -1.146749e-02
<VARIANCE> 25
 7.758914e+00 2.021892e+01 1.608123e+01 4.486401e+01 2.633680e+01 4.339914e+01 5.712469e+01 3.624592e+01 4.030297e+01 3.749837e+01 3.529686e+01 2.768917e+01 2.215142e-01 4.552306e-01 4.118012e-01 6.458206e-01 8.310629e-01 1.045834e+00 7.606850e-01 8.738662e-01 7.862945e-01 7.718168e-01 9.183909e-01 7.086455e-01 2.483375e-04
<GCONST> 7.306926e+01
<MIXTURE> 58 6.172147e-03
<MEAN> 25
 2.602355e+00 -3.114678e+00 7.378348e+00 -5.243859e+00 -1.344779e+01 -5.530450e+00 1.622372e+00 7.946046e-01 -2.485379e+00 1.856156e+00 4.860856e-01 -8.493261e-01 -2.906088e-02 -1.394010e-01 -7.364410e-02 -1.680362e-01 -1.229217e-02 2.275266e-01 3.642466e-01 2.292919e-01 2.665761e-02 1.498781e-02 -7.296953e-02 -1.418848e-01 -2.793061e-03
<VARIANCE> 25
 7.404993e+00 1.501619e+01 2.017269e+01 2.727661e+01 2.316277e+01 4.735512e+01 3.287084e+01 3.490276e+01 3.305862e+01 3.114263e+01 2.322081e+01 2.011460e+01 3.064636e-01 8.000478e-01 7.496692e-01 1.016474e+00 8.925701e-01 1.211137e+00 1.168316e+00 1.296592e+00 1.084456e+00 1.063818e+00 9.109510e-01 8.722730e-01 7.220188e-04
<GCONST> 7.559257e+01
<MIXTURE> 59 6.172147e-03
<MEAN> 25
 2.602355e+00 -3.114678e+00 7.378348e+00 -5.243859e+00 -1.344779e+01 -5.530450e+00 1.622372e+00 7.946046e-01 -2.485379e+00 1.856156e+00 4.860856e-01 -8.493261e-01 -2.906088e-02 -1.394010e-01 -7.364410e-02 -1.680362e-01 -1.229217e-02 2.275266e-01 3.642466e-01 2.292919e-01 2.665761e-02 1.498781e-02 -7.296953e-02 -1.418848e-01 -2.793061e-03
<VARIANCE> 25
 7.404993e+00 1.501619e+01 2.017269e+01 2.727661e+01 2.316277e+01 4.735512e+01 3.287084e+01 3.490276e+01 3.305862e+01 3.114263e+01 2.322081e+01 2.011460e+01 3.064636e-01 8.000478e-01 7.496692e-01 1.016474e+00 8.925701e-01 1.211137e+00 1.168316e+00 1.296592e+00 1.084456e+00 1.063818e+00 9.109510e-01 8.722730e-01 7.220188e-04
<GCONST> 7.559257e+01
<MIXTURE> 60 4.479129e-03
<MEAN> 25
 -3.752217e+00 -3.655922e-01 -7.679990e-01 5.015072e+00 1.339779e+00 1.431173e+00 2.197834e+00 9.873788e-01 3.260044e+00 1.012789e+00 2.782191e+00 1.598968e+00 -3.281505e-02 1.210311e-01 4.098085e-02 1.386477e-01 9.483566e-02 2.822080e-02 1.337424e-01 3.167698e-01 4.418305e-01 6.645000e-01 5.977843e-01 3.215652e-01 -1.305657e-03
<VARIANCE> 25
 6.308248e+00 4.972314e+00 1.208587e+01 1.734725e+01 1.291971e+01 1.868211e+01 1.276130e+01 1.092316e+01 1.706005e+01 1.216232e+01 1.390303e+01 1.135933e+01 9.311307e-02 1.550268e-01 3.344964e-01 3.910086e-01 6.108490e-01 7.377757e-01 7.543568e-01 8.123659e-01 7.644935e-01 9.826061e-01 8.236745e-01 7.540801e-01 2.308119e-05
<GCONST> 5.656121e+01
<MIXTURE> 61 4.479129e-03
<MEAN> 25
 -3.752217e+00 -3.655922e-01 -7.679990e-01 5.015072e+00 1.339779e+00 1.431173e+00 2.197834e+00 9.873788e-01 3.260044e+00 1.012789e+00 2.782191e+00 1.598968e+00 -3.281505e-02 1.210311e-01 4.098085e-02 1.386477e-01 9.483566e-02 2.822080e-02 1.337424e-01 3.167698e-01 4.418305e-01 6.645000e-01 5.977843e-01 3.215652e-01 -1.305657e-03
<VARIANCE> 25
 6.308248e+00 4.972314e+00 1.208587e+01 1.734725e+01 1.291971e+01 1.868211e+01 1.276130e+01 1.092316e+01 1.706005e+01 1.216232e+01 1.390303e+01 1.135933e+01 9.311307e-02 1.550268e-01 3.344964e-01 3.910086e-01 6.108490e-01 7.377757e-01 7.543568e-01 8.123659e-01 7.644935e-01 9.826061e-01 8.236745e-01 7.540801e-01 2.308119e-05
<GCONST> 5.656121e+01
<MIXTURE> 62 3.278034e-03
<MEAN> 25
 -5.071012e+00 1.360566e+00 1.059497e+00 8.891301e+00 6.070990e+00 4.958784e+00 5.455109e+00 3.847030e+00 5.079634e+00 3.952235e+00 4.974721e+00 2.868140e+00 -9.891952e-01 -1.154390e+00 -9.448330e-01 -2.611817e-01 4.173499e-01 9.312319e-01 1.343193e+00 1.527411e+00 1.466080e+00 1.229576e+00 1.036731e+00 7.333012e-01 -1.343693e-03
<VARIANCE> 25
 9.627524e+00 1.018998e+01 1.285352e+01 1.654001e+01 1.711500e+01 1.747932e+01 1.937271e+01 1.982428e+01 1.867143e+01 1.869039e+01 2.103508e+01 1.466954e+01 3.980063e-01 4.266274e-01 5.431615e-01 7.672144e-01 1.012892e+00 1.372465e+00 1.279115e+00 1.268416e+00 1.305148e+00 1.342503e+00 1.396971e+00 1.341963e+00 1.629223e-05
<GCONST> 6.746042e+01
<MIXTURE> 63 4.351215e-03
<MEAN> 25
 -3.091693e+00 -1.086783e+00 -4.573471e+00 3.968009e+00 3.089104e+00 6.498305e-01 3.417771e+00 1.053904e+00 5.161108e+00 -1.292992e+00 -5.422040e-01 1.886001e+00 -1.793299e-01 2.930468e-01 5.094580e-01 3.222841e-01 3.038976e-01 3.980541e-01 3.414206e-01 1.051959e-01 1.296511e-02 1.526887e-01 1.737931e-01 1.823482e-01 -5.486340e-03
<VARIANCE> 25
 8.069676e+00 1.534731e+01 1.502332e+01 1.622311e+01 1.544022e+01 2.264536e+01 1.997254e+01 2.204000e+01 3.372913e+01 1.997453e+01 1.672827e+01 1.284790e+01 2.195643e-01 3.608649e-01 5.398096e-01 6.870427e-01 1.011641e+00 8.909842e-01 1.071468e+00 1.326341e+00 1.128142e+00 1.448861e+00 1.141567e+00 1.070716e+00 1.454361e-04
<GCONST> 6.866592e+01
<MIXTURE> 64 4.351215e-03
<MEAN> 25
 -3.091693e+00 -1.086783e+00 -4.573471e+00 3.968009e+00 3.089104e+00 6.498305e-01 3.417771e+00 1.053904e+00 5.161108e+00 -1.292992e+00 -5.422040e-01 1.886001e+00 -1.793299e-01 2.930468e-01 5.094580e-01 3.222841e-01 3.038976e-01 3.980541e-01 3.414206e-01 1.051959e-01 1.296511e-02 1.526887e-01 1.737931e-01 1.823482e-01 -5.486340e-03
<VARIANCE> 25
 8.069676e+00 1.534731e+01 1.502332e+01 1.622311e+01 1.544022e+01 2.264536e+01 1.997254e+01 2.204000e+01 3.372913e+01 1.997453e+01 1.672827e+01 1.284790e+01 2.195643e-01 3.608649e-01 5.398096e-01 6.870427e-01 1.011641e+00 8.909842e-01 1.071468e+00 1.326341e+00 1.128142e+00 1.448861e+00 1.141567e+00 1.070716e+00 1.454361e-04
<GCONST> 6.866592e+01
<MIXTURE> 65 1.721197e-02
<MEAN> 25
 7.587699e+00 1.435429e+00 2.641181e+00 7.888639e-02 -4.618426e+00 -3.606010e+00 -5.889200e+00 -6.688586e+00 -4.968059e+00 -5.845660e-01 -5.884403e+00 -1.355749e+00 1.595069e-01 1.056945e-01 4.990258e-02 -1.060456e-03 -1.747705e-02 2.385900e-01 -3.815038e-01 -1.687754e-01 3.379833e-01 -9.204098e-02 9.717607e-02 -2.409499e-01 -3.543466e-03
<VARIANCE> 25
 8.872690e+00 2.067485e+01 2.367757e+01 3.420920e+01 3.761564e+01 5.647680e+01 4.887524e+01 4.987030e+01 5.265761e+01 6.354867e+01 4.913235e+01 4.444251e+01 5.456794e-01 8.512987e-01 2.075913e+00 1.789051e+00 1.976973e+00 1.903883e+00 2.712038e+00 2.858327e+00 2.741133e+00 2.138303e+00 2.265435e+00 1.867698e+00 4.101926e-04
<GCONST> 8.845087e+01
<MIXTURE> 66 1.191532e-02
<MEAN> 25
 6.219769e+00 -5.725932e+00 -5.722484e+00 -6.684906e+00 2.236764e+00 -5.012709e+00 -7.280299e+00 2.600551e+00 -9.360896e-01 1.869124e+00 -7.510275e+00 -3.858938e+00 -1.696737e-01 2.119990e+00 1.865688e+00 2.381901e+00 -5.106505e-01 -9.906709e-01 3.134715e-01 -1.093897e+00 3.516033e-01 -2.651394e-01 3.443458e-01 9.875808e-01 -7.576089e-02
<VARIANCE> 25
 6.030408e+00 2.672374e+01 1.869476e+01 2.830377e+01 2.984936e+01 4.047279e+01 5.330031e+01 5.777100e+01 5.081184e+01 6.083875e+01 3.082410e+01 2.194634e+01 1.045182e+00 2.364732e+00 1.639829e+00 1.938869e+00 3.707284e+00 4.189096e+00 3.415223e+00 4.416419e+00 4.886780e+00 7.271564e+00 4.055254e+00 2.364717e+00 1.358342e-03
<GCONST> 9.373060e+01
<MIXTURE> 67 1.559142e-02
<MEAN> 25
 8.019288e+00 9.767785e-01 -5.341413e+00 -7.189040e+00 -1.148526e+00 2.611959e+00 -3.275270e+00 -1.533381e+00 -4.002985e+00 2.592344e+00 -1.057516e+00 -3.184172e+00 -1.108332e+00 1.825129e+00 1.137254e+00 3.287031e+00 1.678447e+00 -8.203499e-01 1.431908e+00 -4.953010e-01 9.069567e-01 1.558943e-02 -1.159164e-01 7.688602e-01 -1.293136e-01
<VARIANCE> 25
 9.579067e+00 2.953578e+01 2.350675e+01 4.482331e+01 7.999624e+01 5.553209e+01 5.081330e+01 4.689869e+01 6.113734e+01 4.900301e+01 5.162672e+01 3.540605e+01 1.575528e+00 2.913023e+00 2.200758e+00 3.250739e+00 4.528594e+00 4.253727e+00 3.645765e+00 4.815545e+00 5.251508e+00 4.650530e+00 5.623548e+00 3.037110e+00 2.704004e-03
<GCONST> 9.967856e+01
<MIXTURE> 68 1.485092e-02
<MEAN> 25
 -1.661854e+00 -2.140852e+00 -3.919725e+00 2.606265e+00 2.961244e+00 -3.055686e+00 1.927209e+00 1.566269e+00 3.101732e+00 1.040801e+00 8.852270e-01 2.168563e+00 2.473187e+00 7.215511e-03 1.450749e-01 -2.893884e+00 -2.373567e+00 -9.269972e-01 -2.543350e+00 -1.086051e+00 -2.464016e+00 -1.230239e+00 -1.729337e+00 -1.171217e+00 1.143221e-01
<VARIANCE> 25
 1.994130e+01 2.490873e+01 4.832577e+01 4.539181e+01 4.955715e+01 5.288509e+01 4.331196e+01 3.766886e+01 3.646132e+01 3.687175e+01 3.348064e+01 3.620843e+01 1.565095e+00 4.596560e+00 5.419244e+00 5.540196e+00 3.848489e+00 6.475463e+00 4.605451e+00 4.826383e+00 5.789746e+00 4.860512e+00 4.279254e+00 2.736500e+00 5.389170e-03
<GCONST> 1.016873e+02
<MIXTURE> 69 1.204884e-02
<MEAN> 25
 4.251426e+00 -5.241961e+00 -4.094375e+00 -3.427841e+00 -3.741287e+00 -8.427244e+00 -2.964774e+00 2.773599e+00 -1.616769e+00 -2.667290e+00 -4.989904e+00 -5.361322e-01 1.887727e+00 -2.439494e+00 -1.127998e+00 -2.616449e+00 -5.356541e-01 -4.920300e-01 -9.707959e-01 1.544616e+00 -1.077976e+00 -7.771956e-01 -2.354231e+00 -4.139632e-01 8.169337e-02
<VARIANCE> 25
 7.812379e+00 2.921345e+01 2.711053e+01 2.225111e+01 3.355208e+01 2.520794e+01 4.801946e+01 2.773899e+01 3.281775e+01 4.448670e+01 2.733399e+01 2.434690e+01 2.511227e+00 2.461848e+00 4.162905e+00 2.954816e+00 4.263988e+00 4.605609e+00 5.772118e+00 6.764652e+00 5.784773e+00 6.348870e+00 3.482555e+00 2.828880e+00 2.545838e-03
<GCONST> 9.639237e+01
<MIXTURE> 70 1.329190e-02
<MEAN> 25
 6.662652e+00 -3.810939e+00 -4.440438e+00 -4.475366e+00 -1.167033e+00 -1.034898e+00 -8.236315e+00 -2.827460e+00 -4.414370e-01 3.050152e+00 -6.229034e-01 -5.544965e+00 1.847962e+00 -1.447966e+00 -7.594498e-01 -2.612897e+00 -1.448024e+00 1.233921e+00 -1.522024e+00 1.556647e-01 -1.721048e-01 2.161283e-01 3.975518e-01 -1.414888e+00 6.784364e-02
<VARIANCE> 25
 1.122228e+01 3.123544e+01 2.695156e+01 4.408339e+01 3.557766e+01 4.070311e+01 5.815092e+01 5.477406e+01 4.555296e+01 2.828095e+01 3.828482e+01 2.559842e+01 2.901389e+00 3.260828e+00 5.085133e+00 4.573344e+00 5.071738e+00 5.304585e+00 5.815134e+00 6.997722e+00 7.218137e+00 5.104414e+00 5.221352e+00 3.704186e+00 2.502850e-03
<GCONST> 1.012501e+02
<MIXTURE> 71 1.406903e-02
<MEAN> 25
 6.033974e+00 5.321024e+00 4.706658e+00 2.248701e+00 -3.063302e+00 -2.966404e+00 -3.465266e+00 -6.853693e+00 -5.084146e+00 -2.535657e+00 -4.469211e+00 -2.488131e+00 -1.644451e+00 -5.266051e-01 -4.620641e-02 -1.873933e+00 8.716097e-01 -9.173029e-02 3.225195e-02 1.578285e+00 2.264487e-01 -2.146347e-01 7.022362e-01 5.011337e-02 3.943121e-02
<VARIANCE> 25
 1.831619e+01 2.600534e+01 2.348927e+01 4.545205e+01 3.700095e+01 3.939563e+01 3.809560e+01 3.706731e+01 3.690598e+01 4.070470e+01 3.830234e+01 3.381560e+01 1.826401e+00 3.052206e+00 5.388207e+00 4.623226e+00 4.650227e+00 4.132499e+00 4.497497e+00 4.876994e+00 4.067976e+00 3.632602e+00 3.190318e+00 2.985224e+00 1.338882e-03
<GCONST> 9.741312e+01
<MIXTURE> 72 8.134747e-03
<MEAN> 25
 3.304312e+00 -2.853430e+00 6.645807e+00 -6.692826e-01 -8.607799e+00 -9.854459e+00 -2.467833e+00 1.503635e+00 -7.908700e+00 -9.140180e-01 -1.560747e+00 8.341383e-01 9.870898e-01 -7.427835e-01 -2.726637e+00 3.095740e-01 2.027744e+00 -6.933041e-01 -1.252576e+00 1.264267e+00 1.812064e+00 -4.430321e-01 -9.402726e-01 5.445248e-02 -4.128724e-03
<VARIANCE> 25
 1.175451e+01 2.059456e+01 2.875652e+01 3.756234e+01 3.068298e+01 3.123243e+01 3.433226e+01 3.318614e+01 5.787111e+01 3.226535e+01 3.576841e+01 2.097282e+01 4.678259e-01 1.013410e+00 2.113320e+00 1.266969e+00 1.950549e+00 2.134934e+00 2.545487e+00 2.842274e+00 3.083057e+00 2.278586e+00 2.006719e+00 2.696322e+00 6.174942e-04
<GCONST> 8.636900e+01
<MIXTURE> 73 1.213625e-02
<MEAN> 25
 -4.999686e+00 -4.696541e-01 -1.745222e+00 4.523943e+00 3.331251e+00 1.082109e+00 4.982090e+00 2.377456e+00 4.577760e+00 2.398742e+00 3.398176e+00 2.834631e+00 7.998338e-01 -1.655290e+00 -1.098212e+00 -2.927161e+00 -1.242239e+00 -1.493968e+00 -1.036074e+00 -6.206548e-01 -1.109224e+00 -1.962197e-01 -1.194205e+00 -6.036612e-01 1.610527e-01
<VARIANCE> 25
 1.099312e+01 1.453115e+01 1.429011e+01 2.182261e+01 2.157211e+01 2.389170e+01 1.587333e+01 1.912060e+01 2.073429e+01 1.867022e+01 2.001676e+01 1.369102e+01 3.480897e+00 3.712541e+00 5.267689e+00 5.430696e+00 4.651978e+00 3.913050e+00 3.662308e+00 4.378955e+00 3.477482e+00 4.046175e+00 3.718012e+00 2.772558e+00 3.939228e-03
<GCONST> 9.132482e+01
<MIXTURE> 74 1.756491e-02
<MEAN> 25
 3.942038e+00 -1.463330e+00 7.853127e+00 -1.431680e+00 -7.692245e+00 -8.839884e+00 -4.569198e+00 1.320730e+00 -7.959629e+00 -2.542755e+00 -7.283808e-01 1.097561e-02 2.316465e-01 1.782682e+00 -9.184993e-01 1.579584e+00 1.667131e+00 5.409415e-01 6.805099e-01 -1.593094e+00 1.505755e+00 4.335012e-02 -4.663860e-02 2.339891e-01 -7.568441e-02
<VARIANCE> 25
 9.011904e+00 1.673542e+01 4.272278e+01 2.886762e+01 2.988799e+01 4.140554e+01 3.933948e+01 3.828221e+01 5.416124e+01 3.160415e+01 3.592087e+01 2.603608e+01 1.956697e+00 2.396467e+00 4.123283e+00 2.539052e+00 2.643763e+00 3.341494e+00 3.874392e+00 3.452232e+00 6.448855e+00 3.662070e+00 2.670008e+00 2.602663e+00 1.424773e-03
<GCONST> 9.401712e+01
<MIXTURE> 75 9.711651e-03
<MEAN> 25
 2.072511e+00 -1.212735e+00 1.277494e+01 -3.648068e-02 -1.149555e+01 -6.445603e+00 -5.711040e+00 -2.881373e-01 -7.596587e+00 -3.589462e+00 2.178567e+00 8.457625e-02 1.886023e+00 -1.708546e+00 2.063401e-01 -1.400375e-01 -2.066525e+00 -1.103768e+00 -1.628347e+00 1.747112e+00 -1.273368e+00 2.706472e-01 5.479918e-01 -4.531399e-01 3.651399e-02
<VARIANCE> 25
 8.731249e+00 1.959370e+01 2.470378e+01 2.905097e+01 2.246188e+01 3.288842e+01 2.957814e+01 2.731164e+01 4.394275e+01 2.550893e+01 1.688941e+01 1.539018e+01 2.042485e+00 1.957848e+00 5.253292e+00 3.978159e+00 4.018373e+00 3.629214e+00 3.261417e+00 3.874859e+00 7.796810e+00 2.644243e+00 2.291203e+00 2.464139e+00 1.679440e-03
<GCONST> 9.155663e+01
<MIXTURE> 76 1.052359e-02
<MEAN> 25
 -5.675324e+00 -1.250350e-01 -1.117334e+00 6.626572e+00 3.008344e+00 -7.488831e-01 4.163993e+00 2.697242e+00 3.758024e+00 -1.185972e+00 4.929366e-01 2.281578e+00 1.352017e-01 -5.143473e-01 -9.198587e-03 -5.293406e-01 -8.492173e-01 -9.867317e-01 -3.569093e-01 -3.573529e-01 -4.154719e-01 -4.252367e-01 -2.808994e-01 -1.047531e-01 2.253526e-02
<VARIANCE> 25
 2.780815e+01 2.307075e+01 2.364281e+01 2.469816e+01 2.379858e+01 3.852714e+01 1.907307e+01 2.692921e+01 2.287304e+01 2.566471e+01 3.739622e+01 1.805293e+01 9.203807e-01 1.156003e+00 1.008328e+00 1.044421e+00 1.298058e+00 1.422410e+00 1.136317e+00 1.582385e+00 1.237170e+00 1.516405e+00 2.174169e+00 1.184481e+00 1.054077e-03
<GCONST> 8.076678e+01
<MIXTURE> 77 1.244626e-02
<MEAN> 25
 -4.955422e-01 8.527432e+00 1.243843e+01 -1.158514e+01 -6.951554e+00 9.889191e-01 -9.231606e+00 -7.254888e+00 -3.341146e+00 -2.265203e-01 -4.619405e+00 -1.480978e+00 7.030076e-02 1.394755e-01 7.806203e-02 2.484558e-01 -3.119930e-02 8.047718e-02 -8.129041e-02 -5.507581e-02 6.698635e-02 -4.332510e-02 2.828315e-02 1.075702e-01 -9.528773e-03
<VARIANCE> 25
 1.061003e+01 2.040976e+01 2.740529e+01 4.154350e+01 3.338712e+01 3.368917e+01 3.675463e+01 3.156512e+01 3.533172e+01 3.311833e+01 3.751803e+01 3.470192e+01 2.980193e-01 7.737141e-01 6.447709e-01 1.079674e+00 1.246213e+00 9.802517e-01 1.253573e+00 1.072669e+00 1.077792e+00 1.058906e+00 9.650897e-01 9.313291e-01 5.576958e-04
<GCONST> 7.788110e+01
<MIXTURE> 78 9.702551e-03
<MEAN> 25
 -1.156155e+01 1.936043e+00 -1.620938e+00 2.706428e+00 4.609788e+00 -3.091028e+00 4.424962e+00 2.510876e+00 3.561981e+00 4.244355e-01 -3.499490e-01 3.539747e+00 2.382712e+00 -3.655128e-01 3.180734e-01 6.189354e-01 -3.291899e-01 1.159609e-01 -3.292798e-01 -1.621466e-01 -3.358418e-02 -5.458826e-02 -1.308840e-01 -5.003650e-01 -5.957178e-02
<VARIANCE> 25
 4.176719e+01 4.174401e+01 3.040171e+01 3.204259e+01 4.119838e+01 3.712662e+01 3.590090e+01 3.193365e+01 2.912183e+01 2.684378e+01 2.698344e+01 2.073973e+01 4.418353e+00 2.347048e+00 2.595537e+00 2.707069e+00 2.877912e+00 3.994207e+00 2.976686e+00 2.536925e+00 2.465071e+00 2.436191e+00 2.496125e+00 1.989165e+00 4.447969e-03
<GCONST> 9.439018e+01
<MIXTURE> 79 1.156824e-02
<MEAN> 25
 2.357646e+00 1.303462e+00 1.073395e+01 -5.860754e+00 -1.201506e+01 -1.809309e+00 -3.201965e+00 -4.428544e+00 -8.292102e+00 3.223299e-01 -2.513502e+00 -2.541471e+00 1.310856e+00 -7.529320e-01 -1.382416e+00 2.352548e+00 3.636303e-01 -1.540824e+00 5.362128e-01 8.751061e-01 -3.164457e-01 -2.137023e-01 3.007225e-01 2.327211e-01 -3.322735e-02
<VARIANCE> 25
 1.212701e+01 2.263568e+01 3.847901e+01 4.277600e+01 2.978950e+01 3.949669e+01 4.190635e+01 4.574045e+01 4.113117e+01 3.260552e+01 3.844368e+01 2.823505e+01 9.970219e-01 2.962204e+00 1.916757e+00 2.092582e+00 3.097585e+00 2.782363e+00 2.923663e+00 3.707768e+00 3.150307e+00 2.752490e+00 2.028993e+00 1.873943e+00 1.148779e-03
<GCONST> 9.152348e+01
<MIXTURE> 80 7.550998e-03
<MEAN> 25
 -1.481674e+01 4.101054e+00 2.029436e+00 2.397154e+00 1.985850e+00 1.555262e+00 5.570336e+00 1.519078e+00 2.205733e+00 1.449253e+00 4.164944e+00 1.107215e+00 4.470700e+00 -4.796970e-02 1.770906e+00 -7.561140e-01 -2.822880e+00 -2.672620e+00 -2.120209e+00 -1.787900e+00 -2.197436e+00 -1.596836e+00 -1.466893e+00 -5.729791e-01 -5.068566e-02
<VARIANCE> 25
 2.258784e+01 1.803688e+01 3.635337e+01 3.247966e+01 2.781814e+01 2.626743e+01 3.040170e+01 2.883341e+01 2.486928e+01 2.741298e+01 2.457516e+01 1.978599e+01 2.278208e+00 2.756682e+00 2.374179e+00 4.011260e+00 3.166640e+00 2.898044e+00 3.002211e+00 3.433765e+00 3.601527e+00 2.252987e+00 2.615640e+00 1.963980e+00 1.520484e-03
<GCONST> 9.099434e+01
<MIXTURE> 81 8.025434e-03
<MEAN> 25
 -1.245876e+00 3.954846e+00 1.023084e+01 -1.447756e+01 -8.750052e+00 -1.210089e+00 -6.629535e+00 -8.334980e+00 -4.048888e+00 -5.990195e-01 -7.150404e+00 -2.129271e+00 1.441447e-01 -5.697177e-01 3.735917e-02 -5.138887e-01 -5.377173e-01 3.497905e-01 2.284418e-01 1.857017e-01 -2.050233e-01 1.376606e-01 -4.432647e-01 -1.722788e-01 1.225876e-02
<VARIANCE> 25
 1.039213e+01 3.270280e+01 2.571611e+01 3.007546e+01 3.532480e+01 3.043233e+01 4.374321e+01 2.789385e+01 3.987275e+01 3.146858e+01 2.786619e+01 2.996017e+01 7.656646e-01 2.255770e+00 1.533712e+00 2.800954e+00 2.787336e+00 2.079651e+00 3.360046e+00 2.320461e+00 2.492465e+00 2.492084e+00 2.209759e+00 2.038017e+00 1.188253e-03
<GCONST> 8.878618e+01
<MIXTURE> 82 8.213053e-03
<MEAN> 25
 -9.574991e+00 -4.040738e+00 7.000251e-01 -2.791478e+00 3.409352e+00 -5.365696e-01 2.146591e+00 5.114833e-01 2.893421e+00 1.654153e+00 1.271046e+00 2.992687e+00 -1.336640e+00 -6.525728e-02 4.029038e-01 -2.469974e+00 -9.305238e-01 -1.244483e+00 -9.003647e-01 -9.143137e-01 -5.913230e-01 -2.925512e-01 -2.785071e-01 -5.745698e-02 1.756456e-01
<VARIANCE> 25
 2.002796e+01 2.407762e+01 3.319877e+01 2.839387e+01 3.191653e+01 3.760089e+01 2.789242e+01 3.033433e+01 2.708920e+01 2.231735e+01 2.775819e+01 1.531419e+01 4.082094e+00 3.045659e+00 2.994555e+00 3.083031e+00 3.348627e+00 3.191415e+00 2.706528e+00 2.695306e+00 2.777487e+00 2.475293e+00 2.148080e+00 1.690598e+00 3.205693e-03
<GCONST> 9.183556e+01
<MIXTURE> 83 1.167529e-02
<MEAN> 25
 -2.028131e+01 6.123537e+00 -1.277050e+00 -5.275939e-01 8.076373e+00 -9.470309e-01 5.265279e+00 2.340002e+00 1.293315e+00 1.823294e+00 8.191165e-01 2.689500e+00 -2.368473e-02 -3.502696e-01 8.902548e-02 -3.124932e-01 -5.045859e-01 -1.717657e-01 -9.580190e-02 -9.556891e-02 -1.378797e-01 -1.524513e-01 -1.523374e-03 2.918074e-02 5.132917e-03
<VARIANCE> 25
 8.189856e+00 2.069115e+01 2.798094e+01 2.511968e+01 2.541139e+01 2.225694e+01 2.706582e+01 2.552544e+01 2.098566e+01 2.064666e+01 2.160390e+01 1.404536e+01 1.089825e+00 1.111463e+00 1.183706e+00 1.002554e+00 1.340735e+00 1.288600e+00 1.154765e+00 1.246545e+00 1.369300e+00 1.338621e+00 1.102365e+00 1.006214e+00 8.720737e-04
<GCONST> 7.723595e+01
<MIXTURE> 84 1.066614e-02
<MEAN> 25
 6.869455e-01 8.616336e+00 6.367434e+00 7.587375e+00 2.374193e+00 -1.790842e+00 -1.033006e+00 -4.764725e+00 -3.034487e+00 -2.916336e+00 -1.725422e+00 -7.194487e-01 -1.813189e+00 -1.228414e+00 -1.205808e+00 1.208847e+00 2.038401e+00 1.503430e+00 1.333023e+00 9.785349e-01 1.072998e+00 2.386261e-01 4.083206e-01 2.688613e-01 -6.611980e-02
<VARIANCE> 25
 2.059331e+01 1.793444e+01 2.061560e+01 2.281253e+01 2.632069e+01 2.839059e+01 2.599689e+01 2.336822e+01 2.564700e+01 2.235275e+01 2.359797e+01 2.374585e+01 1.852260e+00 2.885882e+00 3.274141e+00 2.957947e+00 2.913953e+00 2.928495e+00 2.958906e+00 3.520198e+00 3.430524e+00 3.037290e+00 3.483383e+00 2.569396e+00 3.529251e-03
<GCONST> 9.104049e+01
<MIXTURE> 85 7.591393e-03
<MEAN> 25
 -3.773900e+00 7.351667e+00 7.004507e+00 1.594418e+00 -3.345496e+00 -5.117321e+00 -3.094400e+00 -5.898293e+00 -3.547992e+00 -3.589706e+00 -2.056367e-01 -1.886589e+00 3.981316e+00 -2.292542e-01 2.097056e+00 -1.838314e+00 -3.514358e+00 -2.806581e+00 -2.749623e+00 -1.881048e+00 -2.882627e+00 -9.441161e-01 -1.965621e+00 -6.230990e-01 1.421055e-02
<VARIANCE> 25
 3.960361e+01 2.226847e+01 3.514981e+01 4.030157e+01 3.401055e+01 3.934437e+01 2.836694e+01 2.312618e+01 2.537001e+01 2.093314e+01 2.184468e+01 1.673016e+01 2.930239e+00 4.723728e+00 3.976894e+00 4.570155e+00 3.895548e+00 3.810354e+00 3.787956e+00 4.740237e+00 5.267537e+00 3.586640e+00 3.597607e+00 3.312378e+00 6.620120e-03
<GCONST> 9.735858e+01
<MIXTURE> 86 1.273941e-02
<MEAN> 25
 -4.205630e+00 7.620386e-01 -1.290151e+00 6.972736e+00 4.406178e+00 4.505940e+00 5.528588e+00 3.052171e+00 6.164636e+00 2.030063e+00 5.316332e+00 2.799508e+00 -5.443506e-02 9.084907e-03 2.554062e-03 9.856393e-04 -1.211631e-01 -1.210007e-01 -1.161016e-01 -2.775740e-01 -2.203371e-01 -2.559482e-01 2.135090e-02 1.664839e-01 -1.409786e-03
<VARIANCE> 25
 5.868199e+00 7.028300e+00 9.172670e+00 1.018729e+01 1.155587e+01 1.385457e+01 1.075493e+01 1.073074e+01 1.266078e+01 1.408852e+01 1.143601e+01 9.791041e+00 8.650541e-02 1.653960e-01 3.813953e-01 6.037691e-01 4.742793e-01 6.009110e-01 6.827918e-01 8.179421e-01 7.318307e-01 7.675416e-01 8.777847e-01 8.168687e-01 5.503459e-05
<GCONST> 5.565999e+01
<MIXTURE> 87 1.100681e-02
<MEAN> 25
 -2.759246e+00 4.446599e+00 2.921598e+00 6.599062e+00 4.878949e+00 2.779820e-01 1.465968e+00 -1.127348e+00 6.117055e-01 -1.105784e+00 -1.144822e+00 2.524818e-01 -2.007596e+00 -2.679748e+00 -2.163744e+00 -2.019091e+00 1.949292e-01 -1.631826e-01 3.860409e-01 1.345613e+00 1.191450e+00 1.133983e+00 9.502713e-01 6.759662e-01 1.033660e-01
<VARIANCE> 25
 3.285971e+01 2.434922e+01 2.566396e+01 3.024763e+01 2.782637e+01 2.891219e+01 2.711801e+01 2.340584e+01 2.917370e+01 2.388817e+01 2.422374e+01 2.108299e+01 3.472502e+00 2.347192e+00 3.542175e+00 3.167924e+00 4.634647e+00 3.795438e+00 4.601200e+00 3.475327e+00 3.268195e+00 3.126713e+00 3.081268e+00 2.946645e+00 4.510914e-03
<GCONST> 9.449632e+01
<MIXTURE> 88 1.256585e-02
<MEAN> 25
 -3.867226e+00 8.161785e-02 -1.486374e+00 6.252869e+00 4.245845e+00 3.296971e+00 5.581212e+00 2.543111e+00 4.796556e+00 9.101772e-01 2.651974e+00 2.529114e+00 -1.674726e-01 2.182564e-01 4.903132e-01 5.104363e-01 -1.788556e-01 1.122578e-01 -1.405820e-02 5.250145e-02 -2.181136e-01 -3.301663e-01 1.094110e-01 -9.427513e-02 -6.675017e-03
<VARIANCE> 25
 9.192962e+00 1.104954e+01 1.620230e+01 1.501333e+01 1.659874e+01 2.667907e+01 1.847356e+01 2.069069e+01 1.545090e+01 1.979504e+01 1.696913e+01 1.257453e+01 1.260475e+00 1.180613e+00 1.782973e+00 2.061775e+00 2.459858e+00 2.670308e+00 2.230782e+00 2.527574e+00 1.710740e+00 2.580649e+00 2.422507e+00 2.337420e+00 1.286916e-03
<GCONST> 8.106183e+01
<MIXTURE> 89 9.333527e-03
<MEAN> 25
 6.074204e+00 -6.828268e+00 -3.557668e+00 -3.170711e+00 -1.609701e+00 -5.593692e+00 -6.118030e+00 4.106132e+00 3.467432e+00 -2.788014e+00 -6.029482e+00 -3.280126e+00 -5.694647e-01 1.565432e-01 1.989403e+00 9.009237e-01 -1.866200e+00 -1.648812e+00 8.800089e-01 1.261705e+00 -7.890869e-01 -1.312907e+00 4.051542e-01 1.534989e+00 -4.874318e-03
<VARIANCE> 25
 9.008570e+00 2.682255e+01 3.105383e+01 3.030189e+01 3.604713e+01 4.164146e+01 5.978049e+01 4.216453e+01 3.923143e+01 4.258063e+01 3.580186e+01 3.247881e+01 3.556847e-01 8.408387e-01 1.473320e+00 1.316190e+00 1.926570e+00 2.128499e+00 2.591338e+00 2.044733e+00 2.245816e+00 2.133964e+00 2.331429e+00 1.471597e+00 3.666095e-04
<GCONST> 8.532938e+01
<MIXTURE> 90 7.114505e-03
<MEAN> 25
 2.432901e+00 -9.697105e+00 -4.729731e+00 -3.926107e+00 -3.369727e+00 -1.809337e+00 3.366066e+00 1.181171e+00 -7.487751e+00 -1.020659e+01 -3.422507e+00 -7.412502e-01 -1.636447e-01 9.066129e-01 1.168748e+00 -8.525619e-01 -1.612223e+00 -2.110410e-01 6.421394e-01 -2.163928e-01 -1.713646e-01 7.377441e-01 1.867551e-01 -5.492470e-01 -1.109709e-02
<VARIANCE> 25
 8.539809e+00 1.790868e+01 1.991864e+01 2.884804e+01 3.683975e+01 3.207756e+01 3.839545e+01 3.628022e+01 3.561898e+01 2.762271e+01 2.694816e+01 2.602841e+01 2.228409e-01 6.130804e-01 7.877027e-01 1.040166e+00 1.472995e+00 1.589298e+00 1.777942e+00 1.668397e+00 1.805268e+00 1.678564e+00 1.494654e+00 1.303655e+00 2.151717e-04
<GCONST> 7.816895e+01
<MIXTURE> 91 7.852945e-03
<MEAN> 25
 6.026575e+00 -7.790563e+00 -8.184086e+00 -7.345999e+00 3.770087e+00 4.530822e-02 -2.816244e+00 7.345343e-01 2.839732e-01 -3.267069e-01 -5.962473e+00 -4.929746e+00 2.221715e-01 1.115365e+00 2.425578e-01 5.319968e-01 2.050488e-01 -4.965318e-01 -1.988513e-02 -2.122425e-01 -3.654059e-02 7.043711e-01 -2.380562e-01 2.991295e-01 -3.774099e-02
<VARIANCE> 25
 8.270209e+00 2.219672e+01 1.725787e+01 4.149731e+01 2.877999e+01 5.815776e+01 4.911138e+01 4.748248e+01 5.608672e+01 6.438299e+01 3.608017e+01 3.167546e+01 3.495744e-01 7.692376e-01 9.361055e-01 1.374259e+00 2.274502e+00 2.382370e+00 2.630088e+00 2.553367e+00 1.817315e+00 2.748746e+00 2.250102e+00 1.548271e+00 5.743779e-04
<GCONST> 8.607094e+01
<MIXTURE> 92 7.852945e-03
<MEAN> 25
 6.026575e+00 -7.790563e+00 -8.184086e+00 -7.345999e+00 3.770087e+00 4.530822e-02 -2.816244e+00 7.345343e-01 2.839732e-01 -3.267069e-01 -5.962473e+00 -4.929746e+00 2.221715e-01 1.115365e+00 2.425578e-01 5.319968e-01 2.050488e-01 -4.965318e-01 -1.988513e-02 -2.122425e-01 -3.654059e-02 7.043711e-01 -2.380562e-01 2.991295e-01 -3.774099e-02
<VARIANCE> 25
 8.270209e+00 2.219672e+01 1.725787e+01 4.149731e+01 2.877999e+01 5.815776e+01 4.911138e+01 4.748248e+01 5.608672e+01 6.438299e+01 3.608017e+01 3.167546e+01 3.495744e-01 7.692376e-01 9.361055e-01 1.374259e+00 2.274502e+00 2.382370e+00 2.630088e+00 2.553367e+00 1.817315e+00 2.748746e+00 2.250102e+00 1.548271e+00 5.743779e-04
<GCONST> 8.607094e+01
<MIXTURE> 93 6.122769e-03
<MEAN> 25
 -6.604997e+00 -8.315250e-01 -2.462075e+00 5.865284e+00 5.921010e+00 3.985930e+00 6.239465e+00 3.519969e+00 4.321215e+00 2.308764e+00 1.734980e+00 3.713906e+00 -6.389062e-02 -1.419446e-01 -2.421853e-01 -3.013445e-01 -3.432913e-01 -2.896225e-01 -2.007198e-01 -1.461604e-01 -1.586847e-01 -1.697903e-01 -1.006347e-01 -2.954081e-02 2.213029e-05
<VARIANCE> 25
 9.629287e+00 6.290328e+00 8.287931e+00 1.110656e+01 1.138187e+01 1.568141e+01 1.510390e+01 1.614185e+01 1.508377e+01 1.488963e+01 1.784155e+01 1.301651e+01 8.406470e-02 1.604531e-01 2.895715e-01 4.059056e-01 5.066977e-01 6.366131e-01 7.674035e-01 8.940319e-01 9.049271e-01 8.992597e-01 8.837876e-01 8.928971e-01 1.107453e-06
<GCONST> 5.400455e+01
<MIXTURE> 94 6.122769e-03
<MEAN> 25
 -6.604997e+00 -8.315250e-01 -2.462075e+00 5.865284e+00 5.921010e+00 3.985930e+00 6.239465e+00 3.519969e+00 4.321215e+00 2.308764e+00 1.734980e+00 3.713906e+00 -6.389062e-02 -1.419446e-01 -2.421853e-01 -3.013445e-01 -3.432913e-01 -2.896225e-01 -2.007198e-01 -1.461604e-01 -1.586847e-01 -1.697903e-01 -1.006347e-01 -2.954081e-02 2.213029e-05
<VARIANCE> 25
 9.629287e+00 6.290328e+00 8.287931e+00 1.110656e+01 1.138187e+01 1.568141e+01 1.510390e+01 1.614185e+01 1.508377e+01 1.488963e+01 1.784155e+01 1.301651e+01 8.406470e-02 1.604531e-01 2.895715e-01 4.059056e-01 5.066977e-01 6.366131e-01 7.674035e-01 8.940319e-01 9.049271e-01 8.992597e-01 8.837876e-01 8.928971e-01 1.107453e-06
<GCONST> 5.400455e+01
<MIXTURE> 95 5.258835e-03
<MEAN> 25
 -5.440850e+00 -4.296252e-01 -1.902456e+00 5.514182e+00 4.258259e+00 2.820834e+00 4.369076e+00 1.404657e+00 2.675550e+00 3.493996e-01 1.356056e+00 2.561405e+00 1.328141e-01 1.361750e-01 1.825954e-01 -5.765121e-02 -3.633689e-01 -6.099467e-01 -9.251336e-01 -1.318839e+00 -1.160759e+00 -9.157153e-01 -6.587123e-01 -3.601879e-01 2.777913e-04
<VARIANCE> 25
 1.022973e+01 7.315760e+00 1.206590e+01 1.492968e+01 1.317635e+01 1.767560e+01 1.686145e+01 1.714090e+01 1.587310e+01 1.804385e+01 1.965967e+01 1.322853e+01 2.032573e-01 2.809571e-01 5.145822e-01 6.516817e-01 8.222502e-01 8.832595e-01 1.003753e+00 9.577182e-01 9.448534e-01 1.079393e+00 1.245174e+00 1.136175e+00 4.529565e-05
<GCONST> 6.384105e+01
<MIXTURE> 96 7.034694e-03
<MEAN> 25
 -4.582273e+00 2.171222e-01 -2.123811e+00 5.348204e+00 3.896706e+00 2.122330e+00 4.013055e+00 1.795231e+00 3.955050e+00 4.948334e-01 1.056331e+00 2.709816e+00 -3.982541e-02 5.029030e-02 1.693992e-01 4.345315e-01 5.340298e-01 5.258350e-01 2.837616e-01 -1.722964e-02 -3.904205e-01 -7.125600e-01 -6.188319e-01 -2.733603e-01 5.342055e-06
<VARIANCE> 25
 1.012336e+01 1.033911e+01 1.206535e+01 1.261214e+01 1.364180e+01 1.769841e+01 1.738767e+01 1.639635e+01 2.418232e+01 1.852432e+01 1.976773e+01 1.318218e+01 1.070031e-01 2.144072e-01 3.507443e-01 3.802079e-01 5.244344e-01 6.819004e-01 9.910136e-01 1.014100e+00 8.650119e-01 7.642018e-01 9.701398e-01 8.599928e-01 1.183003e-06
<GCONST> 5.737439e+01
<MIXTURE> 97 7.034694e-03
<MEAN> 25
 -4.582273e+00 2.171222e-01 -2.123811e+00 5.348204e+00 3.896706e+00 2.122330e+00 4.013055e+00 1.795231e+00 3.955050e+00 4.948334e-01 1.056331e+00 2.709816e+00 -3.982541e-02 5.029030e-02 1.693992e-01 4.345315e-01 5.340298e-01 5.258350e-01 2.837616e-01 -1.722964e-02 -3.904205e-01 -7.125600e-01 -6.188319e-01 -2.733603e-01 5.342055e-06
<VARIANCE> 25
 1.012336e+01 1.033911e+01 1.206535e+01 1.261214e+01 1.364180e+01 1.769841e+01 1.738767e+01 1.639635e+01 2.418232e+01 1.852432e+01 1.976773e+01 1.318218e+01 1.070031e-01 2.144072e-01 3.507443e-01 3.802079e-01 5.244344e-01 6.819004e-01 9.910136e-01 1.014100e+00 8.650119e-01 7.642018e-01 9.701398e-01 8.599928e-01 1.183003e-06
<GCONST> 5.737439e+01
<MIXTURE> 98 9.917808e-03
<MEAN> 25
 -1.127597e+00 1.567870e+00 -9.284036e-01 4.480100e+00 3.980332e+00 1.820805e+00 2.682238e+00 8.452717e-01 4.005185e+00 3.238124e-01 -6.839553e-01 8.524058e-02 -1.780061e+00 -1.312642e+00 -1.085181e+00 2.980056e-01 7.462887e-01 8.227668e-01 1.217597e+00 1.538182e+00 1.652839e+00 6.372101e-01 1.186361e+00 7.907215e-01 -3.550855e-02
<VARIANCE> 25
 1.538477e+01 1.454528e+01 2.914348e+01 2.494368e+01 3.444041e+01 3.266234e+01 2.917510e+01 2.253254e+01 3.021507e+01 2.205564e+01 2.332931e+01 2.100582e+01 1.078266e+00 1.401004e+00 1.977556e+00 2.083667e+00 2.771609e+00 2.485858e+00 2.775818e+00 2.326550e+00 2.536940e+00 2.999835e+00 2.209357e+00 1.851268e+00 2.482349e-03
<GCONST> 8.722001e+01
<MIXTURE> 99 6.696178e-03
<MEAN> 25
 -6.197823e+00 9.284078e+00 6.584714e+00 3.927419e+00 1.106501e+00 -4.864477e+00 -1.348292e+00 -3.799928e+00 -2.896771e+00 -3.926247e+00 -1.802376e+00 6.004561e-01 5.157334e-01 -7.703001e-01 3.312712e-01 -3.553966e-01 -1.145995e+00 -5.306055e-01 -3.262542e-01 -1.594514e-01 -1.484465e-01 -1.417387e-01 1.775064e-01 9.031322e-02 1.360446e-02
<VARIANCE> 25
 3.361409e+01 2.716618e+01 4.150941e+01 3.671639e+01 3.239491e+01 3.490152e+01 2.511923e+01 3.009787e+01 2.714028e+01 2.452003e+01 2.573782e+01 2.629316e+01 2.091550e+00 1.871408e+00 1.381411e+00 1.644898e+00 2.534942e+00 1.955557e+00 1.476851e+00 1.752526e+00 1.456424e+00 1.503449e+00 1.378326e+00 1.195065e+00 1.530497e-03
<GCONST> 8.630725e+01
<MIXTURE> 100 4.498084e-03
<MEAN> 25
 -2.076233e+00 5.965043e+00 1.135737e+01 -6.677529e+00 -1.034103e+01 -5.794380e+00 -4.814285e+00 -9.430022e+00 -4.888632e+00 -1.715731e+00 -1.635009e+00 -2.176765e+00 3.102320e+00 -1.490681e+00 1.400903e+00 -1.704581e+00 -3.406647e+00 -6.909174e-01 -1.055549e+00 -4.528732e-01 -2.018689e+00 6.482788e-01 -1.566678e+00 -3.287003e-01 -4.471743e-03
<VARIANCE> 25
 1.261238e+01 2.002759e+01 2.164990e+01 2.435426e+01 1.997243e+01 2.330352e+01 2.384151e+01 2.204041e+01 2.520206e+01 2.064809e+01 2.359516e+01 1.844309e+01 2.085373e+00 3.502182e+00 2.399669e+00 4.314876e+00 3.529415e+00 3.988443e+00 3.444572e+00 4.522967e+00 4.740900e+00 3.507262e+00 3.209723e+00 2.874218e+00 1.650578e-03
<GCONST> 9.082661e+01
<MIXTURE> 101 6.007792e-03
<MEAN> 25
 7.913605e+00 -4.467298e+00 -6.186870e+00 -7.577488e+00 8.777928e-01 -3.723636e-01 -9.597520e+00 -1.833542e+00 4.871501e-01 3.583941e+00 -2.930040e+00 -5.199347e+00 6.876793e-01 6.221764e-01 -1.433694e+00 -1.670066e+00 9.828159e-01 2.391500e+00 5.018864e-01 -1.995139e+00 -7.580487e-01 1.104612e+00 1.319114e+00 -3.372133e-01 -4.569666e-03
<VARIANCE> 25
 8.109877e+00 1.895729e+01 2.696119e+01 3.702718e+01 2.881209e+01 3.398244e+01 4.053431e+01 3.676789e+01 3.363427e+01 3.740329e+01 5.810673e+01 1.893614e+01 2.566017e-01 6.033469e-01 1.320171e+00 1.465145e+00 1.752149e+00 2.071867e+00 2.069469e+00 3.101376e+00 2.288799e+00 1.807273e+00 1.583710e+00 1.551108e+00 3.474416e-04
<GCONST> 8.251865e+01
<MIXTURE> 102 6.007792e-03
<MEAN> 25
 7.913605e+00 -4.467298e+00 -6.186870e+00 -7.577488e+00 8.777928e-01 -3.723636e-01 -9.597520e+00 -1.833542e+00 4.871501e-01 3.583941e+00 -2.930040e+00 -5.199347e+00 6.876793e-01 6.221764e-01 -1.433694e+00 -1.670066e+00 9.828159e-01 2.391500e+00 5.018864e-01 -1.995139e+00 -7.580487e-01 1.104612e+00 1.319114e+00 -3.372133e-01 -4.569666e-03
<VARIANCE> 25
 8.109877e+00 1.895729e+01 2.696119e+01 3.702718e+01 2.881209e+01 3.398244e+01 4.053431e+01 3.676789e+01 3.363427e+01 3.740329e+01 5.810673e+01 1.893614e+01 2.566017e-01 6.033469e-01 1.320171e+00 1.465145e+00 1.752149e+00 2.071867e+00 2.069469e+00 3.101376e+00 2.288799e+00 1.807273e+00 1.583710e+00 1.551108e+00 3.474416e-04
<GCONST> 8.251865e+01
<MIXTURE> 103 5.694618e-03
<MEAN> 25
 3.395029e+00 -9.551646e+00 -6.117247e+00 -3.220380e+00 -1.250254e+00 -2.058021e+00 2.411168e+00 2.577558e+00 -4.623401e+00 -9.126653e+00 -5.103829e+00 2.616746e-01 -1.568812e-01 -1.463309e+00 -9.373447e-01 3.127988e-01 1.220738e+00 1.032115e+00 1.408045e-01 -2.191046e-01 -7.558967e-01 -9.363106e-01 -5.655544e-02 1.259060e-01 2.720153e-02
<VARIANCE> 25
 1.014458e+01 2.028969e+01 2.238259e+01 3.169036e+01 4.802592e+01 3.514974e+01 4.545857e+01 3.597792e+01 4.134752e+01 2.933735e+01 2.950407e+01 2.616879e+01 6.300090e-01 1.267483e+00 1.608124e+00 2.062722e+00 2.915854e+00 2.359812e+00 2.835795e+00 2.607696e+00 2.536456e+00 2.469113e+00 2.102269e+00 1.984295e+00 7.920910e-04
<GCONST> 8.744504e+01
<MIXTURE> 104 5.694618e-03
<MEAN> 25
 3.395029e+00 -9.551646e+00 -6.117247e+00 -3.220380e+00 -1.250254e+00 -2.058021e+00 2.411168e+00 2.577558e+00 -4.623401e+00 -9.126653e+00 -5.103829e+00 2.616746e-01 -1.568812e-01 -1.463309e+00 -9.373447e-01 3.127988e-01 1.220738e+00 1.032115e+00 1.408045e-01 -2.191046e-01 -7.558967e-01 -9.363106e-01 -5.655544e-02 1.259060e-01 2.720153e-02
<VARIANCE> 25
 1.014458e+01 2.028969e+01 2.238259e+01 3.169036e+01 4.802592e+01 3.514974e+01 4.545857e+01 3.597792e+01 4.134752e+01 2.933735e+01 2.950407e+01 2.616879e+01 6.300090e-01 1.267483e+00 1.608124e+00 2.062722e+00 2.915854e+00 2.359812e+00 2.835795e+00 2.607696e+00 2.536456e+00 2.469113e+00 2.102269e+00 1.984295e+00 7.920910e-04
<GCONST> 8.744504e+01
<MIXTURE> 105 4.710235e-03
<MEAN> 25
 2.302703e+00 -1.428188e+00 9.077286e+00 -2.645432e+00 -1.149537e+01 -4.835984e+00 -4.182621e+00 -8.560798e-01 -3.903466e+00 -3.194604e+00 1.535933e+00 -1.120468e+00 1.281573e-02 3.626824e-02 4.185357e-02 -4.498152e-02 1.168720e-02 4.260124e-02 -1.219391e-02 5.162154e-02 -4.151598e-02 2.072993e-02 2.855609e-02 -2.173204e-02 -2.185792e-03
<VARIANCE> 25
 1.366586e+01 2.852745e+01 4.162423e+01 4.587325e+01 3.925576e+01 5.463449e+01 4.072392e+01 4.406470e+01 4.023703e+01 4.121467e+01 4.124045e+01 3.026326e+01 8.442265e-02 1.900331e-01 3.409086e-01 2.888789e-01 3.784355e-01 4.247461e-01 4.677055e-01 4.863499e-01 4.953572e-01 4.393462e-01 4.178550e-01 3.966449e-01 8.834094e-05
<GCONST> 6.675778e+01
<MIXTURE> 106 4.710235e-03
<MEAN> 25
 2.302703e+00 -1.428188e+00 9.077286e+00 -2.645432e+00 -1.149537e+01 -4.835984e+00 -4.182621e+00 -8.560798e-01 -3.903466e+00 -3.194604e+00 1.535933e+00 -1.120468e+00 1.281573e-02 3.626824e-02 4.185357e-02 -4.498152e-02 1.168720e-02 4.260124e-02 -1.219391e-02 5.162154e-02 -4.151598e-02 2.072993e-02 2.855609e-02 -2.173204e-02 -2.185792e-03
<VARIANCE> 25
 1.366586e+01 2.852745e+01 4.162423e+01 4.587325e+01 3.925576e+01 5.463449e+01 4.072392e+01 4.406470e+01 4.023703e+01 4.121467e+01 4.124045e+01 3.026326e+01 8.442265e-02 1.900331e-01 3.409086e-01 2.888789e-01 3.784355e-01 4.247461e-01 4.677055e-01 4.863499e-01 4.953572e-01 4.393462e-01 4.178550e-01 3.966449e-01 8.834094e-05
<GCONST> 6.675778e+01
<MIXTURE> 107 5.452374e-03
<MEAN> 25
 8.408261e+00 -2.072738e+00 -8.043090e+00 -9.462462e+00 2.585849e+00 3.079381e+00 -7.402334e+00 -4.675736e+00 -1.042610e+00 3.418818e+00 1.026037e-02 -4.825149e+00 -5.886280e-01 -6.337163e-01 8.727458e-01 1.942385e+00 2.682286e-01 -1.951452e+00 -9.802240e-01 8.815559e-01 1.780998e+00 2.549687e-02 -1.515061e+00 -8.520222e-01 -5.340083e-03
<VARIANCE> 25
 9.061129e+00 2.049037e+01 2.671181e+01 4.130269e+01 3.819742e+01 3.594709e+01 6.224437e+01 3.341559e+01 4.226620e+01 3.867145e+01 5.367210e+01 2.819771e+01 3.457559e-01 1.093266e+00 1.375064e+00 2.817995e+00 2.175335e+00 2.827214e+00 2.563827e+00 2.378051e+00 2.215213e+00 2.779441e+00 2.032513e+00 2.086184e+00 7.715296e-04
<GCONST> 8.786404e+01
<MIXTURE> 108 5.452374e-03
<MEAN> 25
 8.408261e+00 -2.072738e+00 -8.043090e+00 -9.462462e+00 2.585849e+00 3.079381e+00 -7.402334e+00 -4.675736e+00 -1.042610e+00 3.418818e+00 1.026037e-02 -4.825149e+00 -5.886280e-01 -6.337163e-01 8.727458e-01 1.942385e+00 2.682286e-01 -1.951452e+00 -9.802240e-01 8.815559e-01 1.780998e+00 2.549687e-02 -1.515061e+00 -8.520222e-01 -5.340083e-03
<VARIANCE> 25
 9.061129e+00 2.049037e+01 2.671181e+01 4.130269e+01 3.819742e+01 3.594709e+01 6.224437e+01 3.341559e+01 4.226620e+01 3.867145e+01 5.367210e+01 2.819771e+01 3.457559e-01 1.093266e+00 1.375064e+00 2.817995e+00 2.175335e+00 2.827214e+00 2.563827e+00 2.378051e+00 2.215213e+00 2.779441e+00 2.032513e+00 2.086184e+00 7.715296e-04
<GCONST> 8.786404e+01
<MIXTURE> 109 6.661064e-03
<MEAN> 25
 4.036080e+00 -1.056024e+01 -8.211941e+00 -1.632031e+00 2.865701e+00 -1.849017e-01 -1.589547e-01 1.624358e+00 -2.541689e+00 -8.271302e+00 -5.407114e+00 -4.837617e-02 -4.091098e-02 -7.623704e-02 -3.214761e-02 2.214807e-01 2.589178e-01 1.559479e-01 -1.869178e-01 -6.336886e-02 -2.728710e-02 -1.380926e-01 1.891377e-01 2.526655e-02 -4.049357e-03
<VARIANCE> 25
 8.816518e+00 1.781903e+01 1.946388e+01 3.262437e+01 3.971437e+01 3.592635e+01 4.555233e+01 3.386353e+01 4.492355e+01 3.476885e+01 2.852436e+01 2.753499e+01 1.888536e-01 4.928791e-01 5.191118e-01 6.324319e-01 1.288358e+00 9.940972e-01 1.322297e+00 1.100770e+00 1.080863e+00 9.210255e-01 8.706481e-01 8.622306e-01 1.834800e-04
<GCONST> 7.432181e+01
<MIXTURE> 110 6.661064e-03
<MEAN> 25
 4.036080e+00 -1.056024e+01 -8.211941e+00 -1.632031e+00 2.865701e+00 -1.849017e-01 -1.589547e-01 1.624358e+00 -2.541689e+00 -8.271302e+00 -5.407114e+00 -4.837617e-02 -4.091098e-02 -7.623704e-02 -3.214761e-02 2.214807e-01 2.589178e-01 1.559479e-01 -1.869178e-01 -6.336886e-02 -2.728710e-02 -1.380926e-01 1.891377e-01 2.526655e-02 -4.049357e-03
<VARIANCE> 25
 8.816518e+00 1.781903e+01 1.946388e+01 3.262437e+01 3.971437e+01 3.592635e+01 4.555233e+01 3.386353e+01 4.492355e+01 3.476885e+01 2.852436e+01 2.753499e+01 1.888536e-01 4.928791e-01 5.191118e-01 6.324319e-01 1.288358e+00 9.940972e-01 1.322297e+00 1.100770e+00 1.080863e+00 9.210255e-01 8.706481e-01 8.622306e-01 1.834800e-04
<GCONST> 7.432181e+01
<MIXTURE> 111 4.337247e-03
<MEAN> 25
 -4.416063e+00 -7.893578e-01 -1.688348e+00 1.805997e+00 9.668329e-01 9.864722e-01 3.829036e-01 2.024396e-01 1.822589e-01 -6.722073e-01 -5.801705e-01 1.978925e+00 -2.280300e-02 -4.017237e-02 -5.431167e-02 -6.934854e-02 -3.937932e-02 1.551755e-02 9.910693e-03 -6.149963e-02 -1.322494e-01 -2.255227e-01 -2.102314e-01 -1.052522e-01 -4.163417e-04
<VARIANCE> 25
 6.986136e+00 5.554739e+00 1.021121e+01 9.878639e+00 1.286496e+01 2.345453e+01 1.455651e+01 1.297627e+01 1.202472e+01 1.271645e+01 1.351613e+01 1.137191e+01 7.838092e-02 1.681577e-01 2.908626e-01 4.130159e-01 5.720617e-01 6.989003e-01 7.902869e-01 8.430016e-01 8.783763e-01 8.676322e-01 8.823513e-01 8.381645e-01 2.371692e-05
<GCONST> 5.624120e+01
<MIXTURE> 112 4.337247e-03
<MEAN> 25
 -4.416063e+00 -7.893578e-01 -1.688348e+00 1.805997e+00 9.668329e-01 9.864722e-01 3.829036e-01 2.024396e-01 1.822589e-01 -6.722073e-01 -5.801705e-01 1.978925e+00 -2.280300e-02 -4.017237e-02 -5.431167e-02 -6.934854e-02 -3.937932e-02 1.551755e-02 9.910693e-03 -6.149963e-02 -1.322494e-01 -2.255227e-01 -2.102314e-01 -1.052522e-01 -4.163417e-04
<VARIANCE> 25
 6.986136e+00 5.554739e+00 1.021121e+01 9.878639e+00 1.286496e+01 2.345453e+01 1.455651e+01 1.297627e+01 1.202472e+01 1.271645e+01 1.351613e+01 1.137191e+01 7.838092e-02 1.681577e-01 2.908626e-01 4.130159e-01 5.720617e-01 6.989003e-01 7.902869e-01 8.430016e-01 8.783763e-01 8.676322e-01 8.823513e-01 8.381645e-01 2.371692e-05
<GCONST> 5.624120e+01
<MIXTURE> 113 5.938666e-03
<MEAN> 25
 9.703404e+00 7.034066e-01 -7.905073e+00 -1.648238e+01 -4.270947e+00 6.605097e+00 -5.899986e+00 1.515613e-01 -7.859088e+00 -1.026864e+00 1.009208e+00 -8.040744e-01 5.608466e-02 8.341052e-02 -3.206709e-02 3.036659e-02 1.236109e-02 2.164842e-01 2.373998e-02 -8.148738e-02 3.126230e-02 -1.523185e-02 3.937994e-02 2.942633e-02 -6.314465e-04
<VARIANCE> 25
 7.322896e+00 1.599856e+01 2.554999e+01 2.953134e+01 8.421194e+01 2.990584e+01 3.613467e+01 4.134824e+01 4.403676e+01 3.862531e+01 3.223243e+01 2.342858e+01 1.120805e-01 2.872155e-01 2.917843e-01 6.136544e-01 7.093095e-01 6.115367e-01 7.276685e-01 7.355677e-01 8.553051e-01 7.232262e-01 6.522832e-01 5.855260e-01 1.268317e-04
<GCONST> 6.951115e+01
<MIXTURE> 114 5.938666e-03
<MEAN> 25
 9.703404e+00 7.034066e-01 -7.905073e+00 -1.648238e+01 -4.270947e+00 6.605097e+00 -5.899986e+00 1.515613e-01 -7.859088e+00 -1.026864e+00 1.009208e+00 -8.040744e-01 5.608466e-02 8.341052e-02 -3.206709e-02 3.036659e-02 1.236109e-02 2.164842e-01 2.373998e-02 -8.148738e-02 3.126230e-02 -1.523185e-02 3.937994e-02 2.942633e-02 -6.314465e-04
<VARIANCE> 25
 7.322896e+00 1.599856e+01 2.554999e+01 2.953134e+01 8.421194e+01 2.990584e+01 3.613467e+01 4.134824e+01 4.403676e+01 3.862531e+01 3.223243e+01 2.342858e+01 1.120805e-01 2.872155e-01 2.917843e-01 6.136544e-01 7.093095e-01 6.115367e-01 7.276685e-01 7.355677e-01 8.553051e-01 7.232262e-01 6.522832e-01 5.855260e-01 1.268317e-04
<GCONST> 6.951115e+01
<MIXTURE> 115 2.935202e-03
<MEAN> 25
 -3.999521e+00 -7.305773e-01 -3.099912e+00 3.710279e+00 2.423894e+00 -4.093849e-01 2.282933e+00 4.150762e-01 1.453272e+00 -5.014930e-02 5.469579e-02 2.684450e+00 3.192373e-02 -7.146882e-02 -2.293002e-01 -4.325344e-01 -6.340814e-01 -6.675726e-01 -5.859056e-01 -4.952796e-01 -4.772860e-01 -4.576197e-01 -3.340068e-01 -1.668178e-01 6.032808e-06
<VARIANCE> 25
 9.281639e+00 9.869924e+00 1.363293e+01 1.305545e+01 1.354784e+01 1.764975e+01 1.716551e+01 2.069037e+01 1.826667e+01 1.722578e+01 1.936584e+01 1.453494e+01 2.022802e-01 3.442748e-01 4.931597e-01 5.635679e-01 6.344092e-01 7.944046e-01 1.003991e+00 1.149375e+00 1.081021e+00 9.945442e-01 1.030326e+00 1.057009e+00 1.032602e-06
<GCONST> 6.027472e+01
<MIXTURE> 116 2.935202e-03
<MEAN> 25
 -3.999521e+00 -7.305773e-01 -3.099912e+00 3.710279e+00 2.423894e+00 -4.093849e-01 2.282933e+00 4.150762e-01 1.453272e+00 -5.014930e-02 5.469579e-02 2.684450e+00 3.192373e-02 -7.146882e-02 -2.293002e-01 -4.325344e-01 -6.340814e-01 -6.675726e-01 -5.859056e-01 -4.952796e-01 -4.772860e-01 -4.576197e-01 -3.340068e-01 -1.668178e-01 6.032808e-06
<VARIANCE> 25
 9.281639e+00 9.869924e+00 1.363293e+01 1.305545e+01 1.354784e+01 1.764975e+01 1.716551e+01 2.069037e+01 1.826667e+01 1.722578e+01 1.936584e+01 1.453494e+01 2.022802e-01 3.442748e-01 4.931597e-01 5.635679e-01 6.344092e-01 7.944046e-01 1.003991e+00 1.149375e+00 1.081021e+00 9.945442e-01 1.030326e+00 1.057009e+00 1.032602e-06
<GCONST> 6.027472e+01
<MIXTURE> 117 6.506003e-03
<MEAN> 25
 -4.602509e+00 1.299296e+00 9.591183e-01 9.603775e+00 6.113691e+00 6.310903e+00 6.612947e+00 4.736598e+00 6.414912e+00 4.568506e+00 6.277127e+00 2.847433e+00 -7.808387e-02 -2.174360e-01 -3.199659e-01 -3.824704e-01 -3.439637e-01 -2.651332e-01 -2.794625e-01 -3.382499e-01 -3.724954e-01 -3.592702e-01 -2.267741e-01 -9.768233e-02 -2.560174e-05
<VARIANCE> 25
 6.842183e+00 8.793931e+00 9.504973e+00 1.415980e+01 1.522371e+01 1.520375e+01 1.742604e+01 1.845962e+01 1.571840e+01 1.756226e+01 1.649090e+01 1.478980e+01 2.070497e-01 3.048294e-01 4.497030e-01 6.503723e-01 8.651921e-01 1.047283e+00 1.146051e+00 1.208521e+00 1.178661e+00 1.166298e+00 1.142270e+00 1.086534e+00 1.088537e-06
<GCONST> 6.032007e+01
<MIXTURE> 118 6.506003e-03
<MEAN> 25
 -4.602509e+00 1.299296e+00 9.591183e-01 9.603775e+00 6.113691e+00 6.310903e+00 6.612947e+00 4.736598e+00 6.414912e+00 4.568506e+00 6.277127e+00 2.847433e+00 -7.808387e-02 -2.174360e-01 -3.199659e-01 -3.824704e-01 -3.439637e-01 -2.651332e-01 -2.794625e-01 -3.382499e-01 -3.724954e-01 -3.592702e-01 -2.267741e-01 -9.768233e-02 -2.560174e-05
<VARIANCE> 25
 6.842183e+00 8.793931e+00 9.504973e+00 1.415980e+01 1.522371e+01 1.520375e+01 1.742604e+01 1.845962e+01 1.571840e+01 1.756226e+01 1.649090e+01 1.478980e+01 2.070497e-01 3.048294e-01 4.497030e-01 6.503723e-01 8.651921e-01 1.047283e+00 1.146051e+00 1.208521e+00 1.178661e+00 1.166298e+00 1.142270e+00 1.086534e+00 1.088537e-06
<GCONST> 6.032007e+01
<MIXTURE> 119 4.297961e-03
<MEAN> 25
 -4.891840e+00 -7.494073e+00 2.227407e+00 2.267019e+00 2.079111e+00 6.741814e-02 5.295460e+00 5.796610e+00 1.200709e+00 8.892915e-01 6.550651e+00 1.559749e+00 -4.678193e-02 -7.317206e-02 4.864151e-02 -5.313249e-02 -1.483655e-01 -1.972440e-01 -7.319126e-02 -3.387531e-02 -9.674545e-02 -6.537662e-02 -2.472096e-02 -5.784711e-02 1.134571e-03
<VARIANCE> 25
 8.661998e+00 1.039241e+01 1.649381e+01 2.232406e+01 2.371843e+01 2.380846e+01 2.447492e+01 2.708813e+01 2.495195e+01 2.807138e+01 2.025290e+01 2.021766e+01 1.583760e-01 2.786926e-01 4.641801e-01 6.249760e-01 8.134670e-01 1.013489e+00 1.077325e+00 1.277596e+00 1.263452e+00 1.364694e+00 1.218302e+00 1.097458e+00 2.300600e-04
<GCONST> 6.998170e+01
<MIXTURE> 120 4.297961e-03
<MEAN> 25
 -4.891840e+00 -7.494073e+00 2.227407e+00 2.267019e+00 2.079111e+00 6.741814e-02 5.295460e+00 5.796610e+00 1.200709e+00 8.892915e-01 6.550651e+00 1.559749e+00 -4.678193e-02 -7.317206e-02 4.864151e-02 -5.313249e-02 -1.483655e-01 -1.972440e-01 -7.319126e-02 -3.387531e-02 -9.674545e-02 -6.537662e-02 -2.472096e-02 -5.784711e-02 1.134571e-03
<VARIANCE> 25
 8.661998e+00 1.039241e+01 1.649381e+01 2.232406e+01 2.371843e+01 2.380846e+01 2.447492e+01 2.708813e+01 2.495195e+01 2.807138e+01 2.025290e+01 2.021766e+01 1.583760e-01 2.786926e-01 4.641801e-01 6.249760e-01 8.134670e-01 1.013489e+00 1.077325e+00 1.277596e+00 1.263452e+00 1.364694e+00 1.218302e+00 1.097458e+00 2.300600e-04
<GCONST> 6.998170e+01
<MIXTURE> 121 4.567511e-03
<MEAN> 25
 2.160328e-01 -2.527264e+00 5.158371e+00 -1.288245e+01 -1.264096e+01 -1.649313e+00 9.893873e-01 -5.111003e+00 -4.215178e+00 -4.831364e-01 -5.513548e+00 -4.310460e+00 2.427744e-02 1.312466e-01 -4.231973e-02 7.782475e-02 1.601537e-01 7.722068e-02 -8.176237e-02 -1.809793e-01 -2.656144e-01 -2.581513e-01 -1.137319e-01 4.271950e-04 -7.406866e-03
<VARIANCE> 25
 7.767728e+00 1.558798e+01 1.726500e+01 2.060028e+01 2.439510e+01 2.936537e+01 2.955017e+01 2.454539e+01 3.540060e+01 2.832597e+01 1.973569e+01 2.115310e+01 1.548315e-01 6.429454e-01 6.225632e-01 7.058190e-01 7.710994e-01 1.149471e+00 1.119963e+00 1.122537e+00 1.221057e+00 1.190939e+00 9.405813e-01 8.706870e-01 2.109837e-04
<GCONST> 7.141276e+01
<MIXTURE> 122 4.567511e-03
<MEAN> 25
 2.160328e-01 -2.527264e+00 5.158371e+00 -1.288245e+01 -1.264096e+01 -1.649313e+00 9.893873e-01 -5.111003e+00 -4.215178e+00 -4.831364e-01 -5.513548e+00 -4.310460e+00 2.427744e-02 1.312466e-01 -4.231973e-02 7.782475e-02 1.601537e-01 7.722068e-02 -8.176237e-02 -1.809793e-01 -2.656144e-01 -2.581513e-01 -1.137319e-01 4.271950e-04 -7.406866e-03
<VARIANCE> 25
 7.767728e+00 1.558798e+01 1.726500e+01 2.060028e+01 2.439510e+01 2.936537e+01 2.955017e+01 2.454539e+01 3.540060e+01 2.832597e+01 1.973569e+01 2.115310e+01 1.548315e-01 6.429454e-01 6.225632e-01 7.058190e-01 7.710994e-01 1.149471e+00 1.119963e+00 1.122537e+00 1.221057e+00 1.190939e+00 9.405813e-01 8.706870e-01 2.109837e-04
<GCONST> 7.141276e+01
<MIXTURE> 123 4.393044e-03
<MEAN> 25
 -3.550341e+00 2.650190e+00 6.101530e-01 7.720723e+00 5.257484e+00 3.419380e+00 3.354409e+00 -4.838292e-01 1.510313e+00 -1.883230e+00 1.022776e+00 5.375233e-01 -3.889122e-01 -6.058617e-01 -7.858574e-01 -4.242370e-01 -1.095809e-01 -1.013681e-01 4.016675e-02 5.954024e-01 8.124663e-01 8.898432e-01 6.657794e-01 5.494217e-01 -3.106405e-03
<VARIANCE> 25
 8.646199e+00 1.418498e+01 1.168962e+01 1.616836e+01 2.010387e+01 2.483644e+01 1.654765e+01 1.746244e+01 1.832758e+01 2.228904e+01 1.951628e+01 1.552844e+01 2.946973e-01 3.304284e-01 4.571558e-01 6.123263e-01 1.016620e+00 9.940040e-01 1.097451e+00 1.073940e+00 1.000698e+00 1.408875e+00 9.553806e-01 1.205748e+00 9.960224e-05
<GCONST> 6.744695e+01
<MIXTURE> 124 4.069876e-03
<MEAN> 25
 -5.796966e+00 -4.985706e-01 -3.010971e+00 5.555302e+00 4.732112e+00 3.416927e+00 5.738558e+00 2.698197e+00 4.480152e+00 5.249044e-01 1.130651e+00 2.931334e+00 -2.123166e-01 -3.083556e-01 -3.130533e-01 -1.503371e-01 6.080383e-02 4.145229e-01 7.827271e-01 8.617578e-01 5.541785e-01 2.196950e-01 1.022188e-01 6.594753e-02 -6.664504e-05
<VARIANCE> 25
 1.161093e+01 8.763943e+00 1.095359e+01 1.271863e+01 1.151065e+01 1.746985e+01 1.446501e+01 1.633323e+01 1.946817e+01 1.625441e+01 2.092603e+01 1.263330e+01 1.009644e-01 1.572694e-01 2.878089e-01 3.898135e-01 6.651706e-01 7.149669e-01 6.533721e-01 7.270905e-01 8.957058e-01 9.917195e-01 9.317475e-01 9.642000e-01 1.776156e-05
<GCONST> 5.862747e+01
<MIXTURE> 125 4.069876e-03
<MEAN> 25
 -5.796966e+00 -4.985706e-01 -3.010971e+00 5.555302e+00 4.732112e+00 3.416927e+00 5.738558e+00 2.698197e+00 4.480152e+00 5.249044e-01 1.130651e+00 2.931334e+00 -2.123166e-01 -3.083556e-01 -3.130533e-01 -1.503371e-01 6.080383e-02 4.145229e-01 7.827271e-01 8.617578e-01 5.541785e-01 2.196950e-01 1.022188e-01 6.594753e-02 -6.664504e-05
<VARIANCE> 25
 1.161093e+01 8.763943e+00 1.095359e+01 1.271863e+01 1.151065e+01 1.746985e+01 1.446501e+01 1.633323e+01 1.946817e+01 1.625441e+01 2.092603e+01 1.263330e+01 1.009644e-01 1.572694e-01 2.878089e-01 3.898135e-01 6.651706e-01 7.149669e-01 6.533721e-01 7.270905e-01 8.957058e-01 9.917195e-01 9.317475e-01 9.642000e-01 1.776156e-05
<GCONST> 5.862747e+01
<MIXTURE> 126 2.402244e-03
<MEAN> 25
 -3.475324e+00 -6.430104e+00 -5.412534e+00 2.736701e+00 3.962394e+00 -3.212548e+00 3.596826e-01 3.688175e+00 4.134334e+00 -2.488476e+00 -1.318240e+00 2.881099e+00 1.130879e-03 3.641111e-03 -1.885230e-02 -1.690442e-01 -3.206373e-01 -3.464426e-01 -2.550361e-01 -2.081609e-01 -1.026209e-01 -1.402433e-01 -9.463805e-02 1.822785e-02 -1.344574e-03
<VARIANCE> 25
 8.134771e+00 1.413992e+01 1.356906e+01 1.618609e+01 2.542894e+01 2.344882e+01 2.217456e+01 2.699698e+01 3.613679e+01 2.606572e+01 2.166850e+01 1.845528e+01 1.614204e-01 3.297261e-01 4.710000e-01 5.947579e-01 7.566999e-01 9.958733e-01 1.075810e+00 1.329118e+00 1.324419e+00 1.276365e+00 1.207115e+00 1.145260e+00 2.045846e-04
<GCONST> 6.993181e+01
<MIXTURE> 127 2.402244e-03
<MEAN> 25
 -3.475324e+00 -6.430104e+00 -5.412534e+00 2.736701e+00 3.962394e+00 -3.212548e+00 3.596826e-01 3.688175e+00 4.134334e+00 -2.488476e+00 -1.318240e+00 2.881099e+00 1.130879e-03 3.641111e-03 -1.885230e-02 -1.690442e-01 -3.206373e-01 -3.464426e-01 -2.550361e-01 -2.081609e-01 -1.026209e-01 -1.402433e-01 -9.463805e-02 1.822785e-02 -1.344574e-03
<VARIANCE> 25
 8.134771e+00 1.413992e+01 1.356906e+01 1.618609e+01 2.542894e+01 2.344882e+01 2.217456e+01 2.699698e+01 3.613679e+01 2.606572e+01 2.166850e+01 1.845528e+01 1.614204e-01 3.297261e-01 4.710000e-01 5.947579e-01 7.566999e-01 9.958733e-01 1.075810e+00 1.329118e+00 1.324419e+00 1.276365e+00 1.207115e+00 1.145260e+00 2.045846e-04
<GCONST> 6.993181e+01
<MIXTURE> 128 3.790457e-03
<MEAN> 25
 -3.850751e+00 1.525708e+00 -4.317263e-01 6.617863e+00 3.650894e+00 1.880873e+00 3.635653e+00 2.354260e+00 4.196898e+00 3.493094e+00 3.541135e+00 3.506477e+00 -3.922250e-01 -2.025663e-01 6.653257e-02 7.261218e-01 1.176882e+00 1.121767e+00 7.325191e-01 1.744740e-01 -4.228414e-01 -8.081515e-01 -7.233772e-01 -3.678697e-01 3.651247e-06
<VARIANCE> 25
 1.013485e+01 1.139164e+01 1.503131e+01 1.884256e+01 1.963263e+01 2.087337e+01 2.364626e+01 2.384445e+01 2.734921e+01 2.449985e+01 2.787195e+01 1.779326e+01 9.060034e-01 1.105801e+00 1.357235e+00 1.466400e+00 1.562189e+00 1.816008e+00 2.194455e+00 2.298414e+00 2.104336e+00 1.807135e+00 1.726420e+00 1.712614e+00 1.041141e-06
<GCONST> 7.340190e+01
<TRANSP> 3
 0.000000e+00 1.000000e+00 0.000000e+00
 0.000000e+00 9.999990e-01 9.999998e-07
 0.000000e+00 0.000000e+00 0.000000e+00
<ENDHMM>
