~o
<STREAMINFO> 1 25
<VECSIZE> 25<NULLD><MFCC_E_D_N><DIAGC>
~h "jmodel"
<BEGINHMM>
<NUMSTATES> 3
<STATE> 2
<NUMMIXES> 128
<MIXTURE> 1 5.748963e-03
<MEAN> 25
 -2.584952e+00 3.183595e+00 2.310323e+00 8.754794e+00 4.373733e+00 3.449643e+00 4.063982e+00 3.937487e+00 5.832101e+00 5.251345e+00 5.883696e+00 3.082352e+00 -2.004981e+00 -1.634811e+00 -8.633948e-01 1.076307e+00 1.560259e+00 2.230971e+00 2.154602e+00 2.083949e+00 1.692476e+00 1.269405e+00 1.566929e+00 6.131738e-01 -4.688787e-02
<VARIANCE> 25
 1.006161e+01 1.176504e+01 1.495039e+01 1.867371e+01 2.318826e+01 2.214443e+01 2.189064e+01 2.197674e+01 2.099307e+01 2.253931e+01 2.094348e+01 1.708544e+01 1.788253e+00 2.110824e+00 3.027140e+00 3.208848e+00 3.739332e+00 3.362173e+00 3.317606e+00 3.382842e+00 3.523756e+00 3.726265e+00 3.513353e+00 2.833518e+00 3.124887e-03
<GCONST> 8.846538e+01
<MIXTURE> 2 4.549242e-03
<MEAN> 25
 -4.796331e+00 1.480940e+00 7.624701e-01 9.821896e+00 6.585945e+00 7.275101e+00 7.844844e+00 6.936697e+00 8.480568e+00 6.171049e+00 7.409951e+00 3.227708e+00 -6.207777e-02 4.050242e-02 1.348494e-01 2.143489e-01 2.658915e-01 2.592099e-01 2.570200e-01 2.881144e-01 3.646052e-01 3.350597e-01 1.846481e-01 7.530908e-02 4.114208e-05
<VARIANCE> 25
 6.804894e+00 9.353079e+00 1.128386e+01 1.542929e+01 1.699361e+01 1.548802e+01 1.623442e+01 1.795142e+01 1.725792e+01 1.779796e+01 1.842369e+01 1.431484e+01 1.242853e-01 2.299109e-01 3.277845e-01 4.576451e-01 6.315602e-01 8.154219e-01 9.373536e-01 1.083186e+00 1.039653e+00 1.067862e+00 1.047287e+00 9.818178e-01 1.068955e-06
<GCONST> 5.809278e+01
<MIXTURE> 3 4.549242e-03
<MEAN> 25
 -4.796331e+00 1.480940e+00 7.624701e-01 9.821896e+00 6.585945e+00 7.275101e+00 7.844844e+00 6.936697e+00 8.480568e+00 6.171049e+00 7.409951e+00 3.227708e+00 -6.207777e-02 4.050242e-02 1.348494e-01 2.143489e-01 2.658915e-01 2.592099e-01 2.570200e-01 2.881144e-01 3.646052e-01 3.350597e-01 1.846481e-01 7.530908e-02 4.114208e-05
<VARIANCE> 25
 6.804894e+00 9.353079e+00 1.128386e+01 1.542929e+01 1.699361e+01 1.548802e+01 1.623442e+01 1.795142e+01 1.725792e+01 1.779796e+01 1.842369e+01 1.431484e+01 1.242853e-01 2.299109e-01 3.277845e-01 4.576451e-01 6.315602e-01 8.154219e-01 9.373536e-01 1.083186e+00 1.039653e+00 1.067862e+00 1.047287e+00 9.818178e-01 1.068955e-06
<GCONST> 5.809278e+01
<MIXTURE> 4 1.671429e-02
<MEAN> 25
 3.063381e+00 3.857646e+00 -3.421706e+00 1.291508e+00 4.945557e+00 -1.668207e+00 -4.232135e-01 1.242663e-01 9.042508e-01 2.860817e+00 -1.305544e+00 -2.313732e-01 -2.761379e+00 1.468653e+00 1.498661e+00 2.549855e+00 1.106093e+00 -2.034881e-02 1.903298e+00 5.763813e-01 1.594155e+00 3.189864e-01 8.143005e-01 1.740467e+00 -1.129582e-01
<VARIANCE> 25
 1.861075e+01 3.196395e+01 2.463428e+01 3.331182e+01 3.994815e+01 6.574645e+01 5.605287e+01 4.491258e+01 5.362340e+01 6.095632e+01 4.259039e+01 3.321162e+01 1.970896e+00 4.593791e+00 3.372355e+00 5.209665e+00 4.494466e+00 6.129834e+00 5.631607e+00 5.467155e+00 6.380016e+00 5.714715e+00 5.725814e+00 6.408088e+00 5.557253e-03
<GCONST> 1.039150e+02
<MIXTURE> 5 3.206198e-03
<MEAN> 25
 -3.414717e+00 2.259674e+00 5.387123e-01 9.434537e+00 6.699044e+00 6.306659e+00 7.127262e+00 4.766791e+00 5.515446e+00 3.784353e+00 4.602506e+00 2.660811e+00 -3.259090e-01 7.545637e-01 1.210926e+00 1.008456e+00 3.115942e-01 -9.175355e-02 -8.631714e-02 9.632928e-03 4.653064e-01 6.932191e-01 4.056687e-01 9.254608e-02 -1.116882e-05
<VARIANCE> 25
 1.010547e+01 1.419464e+01 2.348497e+01 2.526516e+01 1.996351e+01 1.919025e+01 1.994542e+01 2.026546e+01 2.116881e+01 2.132606e+01 2.399365e+01 1.632564e+01 1.192798e+00 1.228287e+00 1.350964e+00 1.689927e+00 2.259764e+00 2.349443e+00 2.268662e+00 2.285757e+00 2.287223e+00 2.224234e+00 2.057084e+00 1.850436e+00 1.055319e-06
<GCONST> 7.505642e+01
<MIXTURE> 6 5.475854e-03
<MEAN> 25
 9.815851e+00 -7.332892e-01 -6.895047e+00 -1.205500e+01 -1.744237e+00 6.895443e+00 -4.728459e+00 -4.876668e+00 -3.665992e+00 2.956393e+00 4.198382e+00 -2.124662e+00 5.064884e-01 9.613819e-01 -2.874801e-01 -1.566815e+00 -5.526412e-01 1.324480e+00 1.223507e+00 3.692603e-01 -1.296243e+00 -1.009745e+00 2.537242e-01 1.244699e+00 -1.081341e-02
<VARIANCE> 25
 7.734909e+00 1.598200e+01 2.110534e+01 3.952044e+01 3.220155e+01 2.726101e+01 4.596579e+01 3.477277e+01 3.650762e+01 4.118119e+01 3.732695e+01 2.840866e+01 2.805559e-01 7.660171e-01 9.105573e-01 1.777547e+00 1.477704e+00 1.964218e+00 2.338917e+00 2.323875e+00 2.192218e+00 1.970745e+00 2.093791e+00 1.241460e+00 5.462252e-04
<GCONST> 8.253520e+01
<MIXTURE> 7 5.475854e-03
<MEAN> 25
 9.815851e+00 -7.332892e-01 -6.895047e+00 -1.205500e+01 -1.744237e+00 6.895443e+00 -4.728459e+00 -4.876668e+00 -3.665992e+00 2.956393e+00 4.198382e+00 -2.124662e+00 5.064884e-01 9.613819e-01 -2.874801e-01 -1.566815e+00 -5.526412e-01 1.324480e+00 1.223507e+00 3.692603e-01 -1.296243e+00 -1.009745e+00 2.537242e-01 1.244699e+00 -1.081341e-02
<VARIANCE> 25
 7.734909e+00 1.598200e+01 2.110534e+01 3.952044e+01 3.220155e+01 2.726101e+01 4.596579e+01 3.477277e+01 3.650762e+01 4.118119e+01 3.732695e+01 2.840866e+01 2.805559e-01 7.660171e-01 9.105573e-01 1.777547e+00 1.477704e+00 1.964218e+00 2.338917e+00 2.323875e+00 2.192218e+00 1.970745e+00 2.093791e+00 1.241460e+00 5.462252e-04
<GCONST> 8.253520e+01
<MIXTURE> 8 1.165917e-02
<MEAN> 25
 -4.973742e+00 2.060781e+00 1.037823e+00 9.368302e+00 6.686530e+00 5.920455e+00 6.882192e+00 5.612426e+00 6.333263e+00 5.193429e+00 6.185894e+00 3.631447e+00 -7.735108e-01 -1.383890e+00 -8.226159e-01 -1.552345e+00 -1.186123e-01 -1.013050e+00 -6.052885e-02 -3.401359e-01 -3.467012e-01 -8.167835e-02 -2.144604e-01 7.681891e-02 9.537996e-02
<VARIANCE> 25
 9.581637e+00 1.215443e+01 1.097378e+01 1.514476e+01 1.557973e+01 1.489518e+01 1.966719e+01 1.801665e+01 1.636045e+01 1.745209e+01 1.797150e+01 1.403376e+01 2.688020e+00 2.522218e+00 3.928005e+00 4.189234e+00 3.439168e+00 3.015606e+00 3.179622e+00 2.831270e+00 2.623022e+00 2.437427e+00 2.167693e+00 1.687731e+00 6.009704e-03
<GCONST> 8.560852e+01
<MIXTURE> 9 1.199672e-02
<MEAN> 25
 9.302363e+00 3.361658e+00 -6.202900e+00 -1.071284e+01 -2.201806e+00 4.980336e+00 -2.198754e+00 -2.287497e+00 -5.404799e+00 -1.202470e+00 5.624859e-01 -3.453258e-02 1.434858e+00 -1.249760e-01 -4.902557e-01 -2.696384e+00 -1.635558e+00 8.470308e-01 -9.780767e-01 -2.112956e-01 -1.835274e-01 -5.816935e-01 6.095319e-01 -1.490007e-01 7.290667e-02
<VARIANCE> 25
 1.216788e+01 2.148905e+01 3.344919e+01 5.395964e+01 4.991475e+01 3.220688e+01 4.306011e+01 5.199945e+01 4.186481e+01 4.192229e+01 3.593957e+01 2.688981e+01 2.085616e+00 2.444278e+00 4.568817e+00 4.862321e+00 5.028269e+00 4.089213e+00 4.233117e+00 6.088126e+00 5.030807e+00 4.060273e+00 4.012840e+00 2.801081e+00 2.234241e-03
<GCONST> 9.878648e+01
<MIXTURE> 10 6.596976e-03
<MEAN> 25
 8.223767e-01 7.639088e+00 5.364465e+00 7.142726e+00 1.595648e+00 -2.129494e+00 -5.137902e-01 -1.687634e+00 8.674405e-01 8.748127e-01 8.349090e-01 6.563893e-01 -1.926188e+00 -6.688761e-01 -4.576658e-01 3.018386e+00 2.462960e+00 2.698476e+00 2.372927e+00 2.271951e+00 1.865953e+00 1.535477e+00 2.327261e+00 5.343081e-01 -1.380528e-01
<VARIANCE> 25
 1.951160e+01 2.065820e+01 2.233031e+01 2.901881e+01 3.828276e+01 3.499653e+01 3.509990e+01 3.376742e+01 2.770176e+01 2.910103e+01 2.692093e+01 2.496811e+01 2.230170e+00 3.427324e+00 5.523733e+00 5.195114e+00 5.548071e+00 4.512572e+00 4.694316e+00 4.850212e+00 4.385535e+00 5.047460e+00 4.459552e+00 3.222733e+00 2.696188e-03
<GCONST> 9.748354e+01
<MIXTURE> 11 1.633820e-02
<MEAN> 25
 8.029057e+00 3.632900e+00 4.109664e+00 5.980688e+00 -5.001001e+00 -6.629383e-01 -1.441473e+00 -7.294198e+00 -5.598930e+00 1.437534e+00 -1.584489e+00 -3.029195e+00 -2.629724e-01 7.409492e-01 3.754926e-02 4.246778e-01 7.376739e-01 -2.978106e-01 3.243616e-01 -4.446258e-02 4.663458e-02 3.958758e-02 -4.390921e-01 2.910379e-01 -2.173841e-02
<VARIANCE> 25
 8.299473e+00 2.246846e+01 1.828743e+01 3.160773e+01 4.473794e+01 4.045073e+01 4.711050e+01 3.757439e+01 5.085302e+01 3.602417e+01 3.540981e+01 2.786142e+01 8.607491e-01 1.273873e+00 1.545557e+00 2.239312e+00 2.411008e+00 2.223453e+00 1.910234e+00 2.586265e+00 2.045452e+00 1.680946e+00 2.073370e+00 1.556904e+00 9.835360e-04
<GCONST> 8.701463e+01
<MIXTURE> 12 5.904134e-03
<MEAN> 25
 1.075263e+01 3.615245e+00 -4.588989e+00 -1.613089e+01 -8.482776e+00 8.651953e+00 -8.721352e-01 -1.827082e+00 -1.836564e+00 -4.565906e+00 1.700059e+00 5.935121e-01 6.293009e-02 2.880139e-01 6.861491e-02 -3.846429e-01 -2.926551e-01 2.909084e-02 2.838438e-01 4.738831e-01 1.319291e-01 -4.004349e-01 -3.994979e-01 7.388549e-02 -6.312614e-03
<VARIANCE> 25
 8.711432e+00 2.127361e+01 2.322455e+01 3.497033e+01 4.290731e+01 3.028233e+01 4.093334e+01 4.828609e+01 4.357990e+01 4.093105e+01 3.739266e+01 2.886694e+01 2.589799e-01 7.021512e-01 6.950892e-01 1.166752e+00 1.188149e+00 1.035643e+00 1.251245e+00 1.475488e+00 1.225593e+00 1.221962e+00 1.201693e+00 9.541476e-01 5.677607e-04
<GCONST> 7.907139e+01
<MIXTURE> 13 5.904134e-03
<MEAN> 25
 1.075263e+01 3.615245e+00 -4.588989e+00 -1.613089e+01 -8.482776e+00 8.651953e+00 -8.721352e-01 -1.827082e+00 -1.836564e+00 -4.565906e+00 1.700059e+00 5.935121e-01 6.293009e-02 2.880139e-01 6.861491e-02 -3.846429e-01 -2.926551e-01 2.909084e-02 2.838438e-01 4.738831e-01 1.319291e-01 -4.004349e-01 -3.994979e-01 7.388549e-02 -6.312614e-03
<VARIANCE> 25
 8.711432e+00 2.127361e+01 2.322455e+01 3.497033e+01 4.290731e+01 3.028233e+01 4.093334e+01 4.828609e+01 4.357990e+01 4.093105e+01 3.739266e+01 2.886694e+01 2.589799e-01 7.021512e-01 6.950892e-01 1.166752e+00 1.188149e+00 1.035643e+00 1.251245e+00 1.475488e+00 1.225593e+00 1.221962e+00 1.201693e+00 9.541476e-01 5.677607e-04
<GCONST> 7.907139e+01
<MIXTURE> 14 6.488954e-03
<MEAN> 25
 -4.279532e+00 -2.067752e-01 -4.379305e-01 8.882087e+00 7.502321e+00 7.310726e+00 7.808808e+00 7.329743e+00 7.255192e+00 5.104350e+00 6.747261e+00 4.194851e+00 -2.902162e-01 1.859889e-01 3.656310e-01 3.162945e-01 1.442204e-02 5.142605e-02 1.236269e-01 1.780351e-01 2.699096e-01 5.188303e-01 4.930275e-01 8.079337e-02 -8.722441e-03
<VARIANCE> 25
 9.164987e+00 1.468892e+01 1.889087e+01 1.745047e+01 2.048065e+01 1.940606e+01 2.109561e+01 2.024199e+01 1.968343e+01 2.396972e+01 2.145339e+01 1.591300e+01 9.729431e-01 1.623915e+00 1.741811e+00 1.921326e+00 2.224237e+00 2.237301e+00 2.253577e+00 2.255266e+00 2.292281e+00 2.500418e+00 2.150716e+00 1.773391e+00 1.038884e-03
<GCONST> 8.178983e+01
<MIXTURE> 15 2.475190e-03
<MEAN> 25
 -5.358379e+00 -5.292718e-01 -3.116208e-01 7.378554e+00 5.715116e+00 5.687025e+00 6.129531e+00 5.012175e+00 5.217767e+00 4.079707e+00 5.427658e+00 2.627069e+00 -1.232988e-01 -3.595471e-02 7.248633e-02 2.489834e-01 4.783545e-01 7.716956e-01 1.055713e+00 1.189710e+00 1.039198e+00 7.345406e-01 4.076696e-01 1.576147e-01 -1.246107e-04
<VARIANCE> 25
 7.007058e+00 6.107215e+00 9.391790e+00 1.257189e+01 1.384025e+01 1.401598e+01 1.484919e+01 1.474152e+01 1.395425e+01 1.413410e+01 1.500609e+01 1.277190e+01 1.228379e-01 2.043819e-01 3.154681e-01 5.114135e-01 7.093149e-01 7.888392e-01 7.714022e-01 7.824605e-01 9.411718e-01 1.035522e+00 1.054530e+00 1.027493e+00 2.788837e-05
<GCONST> 5.864384e+01
<MIXTURE> 16 2.475190e-03
<MEAN> 25
 -5.358379e+00 -5.292718e-01 -3.116208e-01 7.378554e+00 5.715116e+00 5.687025e+00 6.129531e+00 5.012175e+00 5.217767e+00 4.079707e+00 5.427658e+00 2.627069e+00 -1.232988e-01 -3.595471e-02 7.248633e-02 2.489834e-01 4.783545e-01 7.716956e-01 1.055713e+00 1.189710e+00 1.039198e+00 7.345406e-01 4.076696e-01 1.576147e-01 -1.246107e-04
<VARIANCE> 25
 7.007058e+00 6.107215e+00 9.391790e+00 1.257189e+01 1.384025e+01 1.401598e+01 1.484919e+01 1.474152e+01 1.395425e+01 1.413410e+01 1.500609e+01 1.277190e+01 1.228379e-01 2.043819e-01 3.154681e-01 5.114135e-01 7.093149e-01 7.888392e-01 7.714022e-01 7.824605e-01 9.411718e-01 1.035522e+00 1.054530e+00 1.027493e+00 2.788837e-05
<GCONST> 5.864384e+01
<MIXTURE> 17 9.518312e-03
<MEAN> 25
 3.627316e+00 -8.533792e-01 6.352169e+00 2.243913e+00 -5.962529e+00 -6.435975e+00 -3.246423e+00 -7.448685e-02 -2.715851e+00 -3.298006e+00 2.449882e-02 1.242561e-01 -6.999612e-01 -1.153699e+00 1.404756e+00 -2.048047e+00 -2.412606e+00 -2.393965e-01 1.687938e-01 7.808271e-01 -3.495841e-01 -1.870297e-01 1.056326e+00 4.247187e-01 7.887691e-02
<VARIANCE> 25
 1.646991e+01 3.089993e+01 2.990241e+01 3.867514e+01 4.443924e+01 4.765780e+01 4.095818e+01 3.358384e+01 3.460871e+01 2.614108e+01 2.747941e+01 2.926506e+01 1.934224e+00 2.731077e+00 4.203094e+00 3.181350e+00 4.025528e+00 5.481840e+00 4.865736e+00 4.553279e+00 4.161819e+00 3.928772e+00 2.990043e+00 2.731502e+00 2.323054e-03
<GCONST> 9.689381e+01
<MIXTURE> 18 1.221018e-02
<MEAN> 25
 4.069891e+00 4.139793e+00 6.950735e+00 5.268581e+00 -4.950423e+00 -7.604403e+00 -1.968588e+00 -1.700333e+00 -3.620286e+00 -2.552023e+00 2.489596e-02 6.719001e-02 -9.171457e-01 1.984507e+00 -3.864599e-01 1.559343e+00 3.340056e+00 1.136468e+00 9.656965e-01 -2.006710e-01 7.664068e-01 5.159272e-01 -6.915429e-01 3.584013e-01 -1.115169e-01
<VARIANCE> 25
 1.556482e+01 2.628025e+01 2.987200e+01 2.456285e+01 3.706717e+01 3.613495e+01 4.197986e+01 3.260118e+01 4.346049e+01 4.578666e+01 3.652238e+01 3.276336e+01 2.383020e+00 2.843119e+00 4.496190e+00 4.589099e+00 3.993873e+00 4.964083e+00 4.313251e+00 4.375030e+00 4.079250e+00 4.506245e+00 4.842344e+00 4.401082e+00 4.657302e-03
<GCONST> 9.912961e+01
<MIXTURE> 19 9.912824e-03
<MEAN> 25
 -1.040375e+01 2.028064e+00 -7.052397e-01 -3.518062e-01 4.171191e+00 8.996130e-01 3.014771e+00 4.657535e-02 3.172848e+00 1.119467e+00 -1.005075e-02 1.994969e+00 2.263733e+00 1.662327e+00 2.114608e+00 5.248365e-01 -1.224298e+00 -9.087373e-01 -1.236259e+00 -1.504751e+00 -1.618666e+00 -1.173247e+00 -5.499530e-01 -5.861150e-01 -1.223221e-04
<VARIANCE> 25
 4.862227e+01 2.672958e+01 4.313295e+01 5.175052e+01 3.012491e+01 2.956219e+01 2.922449e+01 2.978908e+01 3.102535e+01 2.419865e+01 2.929945e+01 1.721014e+01 2.207269e+00 1.937001e+00 2.346983e+00 2.682467e+00 2.195285e+00 2.224738e+00 2.208866e+00 2.828425e+00 2.023908e+00 1.880924e+00 2.184190e+00 1.827015e+00 2.057205e-03
<GCONST> 9.047789e+01
<MIXTURE> 20 6.308331e-03
<MEAN> 25
 -1.417645e+01 7.417460e+00 8.430583e-01 6.152589e+00 4.843219e+00 1.629939e+00 5.209315e+00 8.488554e-01 9.245082e-01 7.935243e-01 2.563614e+00 -2.986838e-01 -3.284495e+00 -8.656790e-01 -1.565714e+00 3.329045e-01 1.540374e+00 2.062251e+00 1.978888e+00 2.055297e+00 2.143469e+00 2.039424e+00 1.683179e+00 9.439688e-01 4.729500e-02
<VARIANCE> 25
 1.968911e+01 2.345778e+01 3.095019e+01 3.715447e+01 3.083108e+01 2.795428e+01 2.991659e+01 3.149113e+01 2.795459e+01 2.823794e+01 2.518251e+01 2.092763e+01 2.094038e+00 2.183240e+00 1.909298e+00 2.540226e+00 2.701832e+00 2.312897e+00 2.308988e+00 2.320035e+00 2.236052e+00 2.651574e+00 2.243810e+00 1.867334e+00 1.886376e-03
<GCONST> 8.922451e+01
<MIXTURE> 21 7.928653e-03
<MEAN> 25
 3.635247e+00 -3.853004e+00 6.097201e+00 -1.466691e+00 -1.101983e+01 -7.959718e+00 -3.345789e+00 4.950997e+00 -3.094804e+00 -2.906517e+00 1.147522e+00 -9.665985e-01 -7.713997e-01 1.387417e+00 2.883043e+00 -3.132663e-01 -1.980394e+00 2.736242e-01 5.223731e-01 -9.451362e-01 -2.058136e+00 7.066898e-02 1.421776e+00 -3.382807e-02 -1.037603e-02
<VARIANCE> 25
 8.204882e+00 1.768289e+01 2.540143e+01 2.370331e+01 2.484678e+01 3.261635e+01 3.814201e+01 3.635342e+01 4.060675e+01 2.767839e+01 3.200330e+01 2.841766e+01 3.914464e-01 8.869734e-01 1.964552e+00 1.418669e+00 2.681937e+00 2.014554e+00 3.192636e+00 3.506035e+00 2.303511e+00 2.424043e+00 2.022929e+00 2.393138e+00 4.304775e-04
<GCONST> 8.471006e+01
<MIXTURE> 22 8.827789e-03
<MEAN> 25
 -1.770891e+01 6.960379e+00 -3.536944e+00 7.858297e+00 4.626892e+00 2.326467e+00 8.663165e+00 1.484121e+00 5.291882e+00 3.615397e+00 5.621061e+00 1.632513e+00 -3.582649e-01 -2.439135e-01 -8.396015e-02 -2.691340e-01 1.117275e-01 5.863741e-02 1.980202e-01 7.287330e-02 1.448474e-01 2.345201e-01 1.421907e-01 1.596808e-01 1.207893e-02
<VARIANCE> 25
 8.344058e+00 1.602605e+01 2.015586e+01 2.581468e+01 2.116708e+01 2.190340e+01 1.912008e+01 1.805921e+01 1.702130e+01 2.050701e+01 1.789099e+01 1.496612e+01 1.036014e+00 1.268377e+00 1.279128e+00 1.664051e+00 1.488912e+00 1.480233e+00 1.447981e+00 1.566405e+00 1.610730e+00 1.436721e+00 1.265911e+00 1.095001e+00 1.738971e-03
<GCONST> 7.797482e+01
<MIXTURE> 23 6.455497e-03
<MEAN> 25
 7.943439e+00 1.715744e+00 3.996858e+00 2.133353e+00 -4.651954e+00 -1.604299e+00 -4.754843e+00 -6.555295e+00 -3.974494e+00 -6.538766e-01 -4.257917e+00 -1.799780e+00 1.278503e-02 2.157132e-01 -5.567687e-02 7.114175e-02 2.620998e-03 9.490067e-02 5.691252e-02 -1.898179e-01 4.612125e-02 1.151544e-01 1.107136e-02 -2.809521e-02 -4.701286e-03
<VARIANCE> 25
 9.159103e+00 2.324291e+01 2.764041e+01 3.661735e+01 3.423579e+01 6.382366e+01 5.363697e+01 4.867705e+01 4.417882e+01 4.263245e+01 4.300996e+01 3.649106e+01 1.099733e-01 2.819718e-01 3.731264e-01 4.399424e-01 5.365585e-01 7.314495e-01 8.071570e-01 9.619128e-01 7.919853e-01 8.253236e-01 7.263678e-01 7.531077e-01 8.007715e-05
<GCONST> 7.175392e+01
<MIXTURE> 24 6.455497e-03
<MEAN> 25
 7.943439e+00 1.715744e+00 3.996858e+00 2.133353e+00 -4.651954e+00 -1.604299e+00 -4.754843e+00 -6.555295e+00 -3.974494e+00 -6.538766e-01 -4.257917e+00 -1.799780e+00 1.278503e-02 2.157132e-01 -5.567687e-02 7.114175e-02 2.620998e-03 9.490067e-02 5.691252e-02 -1.898179e-01 4.612125e-02 1.151544e-01 1.107136e-02 -2.809521e-02 -4.701286e-03
<VARIANCE> 25
 9.159103e+00 2.324291e+01 2.764041e+01 3.661735e+01 3.423579e+01 6.382366e+01 5.363697e+01 4.867705e+01 4.417882e+01 4.263245e+01 4.300996e+01 3.649106e+01 1.099733e-01 2.819718e-01 3.731264e-01 4.399424e-01 5.365585e-01 7.314495e-01 8.071570e-01 9.619128e-01 7.919853e-01 8.253236e-01 7.263678e-01 7.531077e-01 8.007715e-05
<GCONST> 7.175392e+01
<MIXTURE> 25 1.118642e-02
<MEAN> 25
 2.494354e-01 2.788260e+00 1.549449e+01 -1.708427e+00 -1.230011e+01 -6.948878e-01 -4.789735e+00 -1.941681e+00 -7.485540e+00 -4.692165e+00 3.653358e+00 -2.719929e+00 -5.422491e-02 4.423299e-01 1.423485e-01 7.739248e-02 2.450729e-01 5.085565e-01 2.668982e-01 -5.839405e-01 -2.687583e-01 1.929266e-01 -1.426423e-01 -5.537898e-02 -1.611814e-02
<VARIANCE> 25
 7.243781e+00 1.964537e+01 2.091292e+01 2.546201e+01 2.825151e+01 4.010957e+01 2.190707e+01 2.822012e+01 2.332338e+01 3.312080e+01 1.786803e+01 2.602040e+01 5.899783e-01 1.169938e+00 1.183096e+00 1.267113e+00 2.041736e+00 2.336206e+00 1.421183e+00 2.002986e+00 1.312243e+00 1.501898e+00 1.143856e+00 1.070798e+00 1.210648e-03
<GCONST> 8.024086e+01
<MIXTURE> 26 7.727677e-03
<MEAN> 25
 2.139489e+00 -6.450294e+00 -1.035938e+01 -7.946573e-01 7.915469e+00 5.446110e+00 4.024329e+00 -2.933793e-01 2.244246e+00 -9.666965e-01 -2.906681e+00 -9.913971e-01 -6.547133e-01 6.155230e-01 3.600910e-01 6.835536e-01 1.668775e-01 2.394446e-01 2.959007e-01 3.282688e-01 2.891451e-01 9.449624e-02 3.805524e-01 4.304498e-01 -5.212896e-02
<VARIANCE> 25
 2.544436e+01 3.370478e+01 2.554795e+01 6.345721e+01 3.942156e+01 4.268948e+01 4.587733e+01 4.374596e+01 3.918982e+01 5.407614e+01 3.972198e+01 4.635692e+01 1.672997e+00 1.958567e+00 1.927307e+00 2.009059e+00 2.304593e+00 2.353493e+00 2.527465e+00 2.746651e+00 2.328014e+00 2.344264e+00 2.156784e+00 1.985837e+00 3.334967e-03
<GCONST> 9.391910e+01
<MIXTURE> 27 7.727677e-03
<MEAN> 25
 2.139489e+00 -6.450294e+00 -1.035938e+01 -7.946573e-01 7.915469e+00 5.446110e+00 4.024329e+00 -2.933793e-01 2.244246e+00 -9.666965e-01 -2.906681e+00 -9.913971e-01 -6.547133e-01 6.155230e-01 3.600910e-01 6.835536e-01 1.668775e-01 2.394446e-01 2.959007e-01 3.282688e-01 2.891451e-01 9.449624e-02 3.805524e-01 4.304498e-01 -5.212896e-02
<VARIANCE> 25
 2.544436e+01 3.370478e+01 2.554795e+01 6.345721e+01 3.942156e+01 4.268948e+01 4.587733e+01 4.374596e+01 3.918982e+01 5.407614e+01 3.972198e+01 4.635692e+01 1.672997e+00 1.958567e+00 1.927307e+00 2.009059e+00 2.304593e+00 2.353493e+00 2.527465e+00 2.746651e+00 2.328014e+00 2.344264e+00 2.156784e+00 1.985837e+00 3.334967e-03
<GCONST> 9.391910e+01
<MIXTURE> 28 5.036674e-03
<MEAN> 25
 -5.377635e+00 2.093169e-01 -1.654278e+00 6.695829e+00 5.270649e+00 3.569923e+00 5.499018e+00 3.270190e+00 3.989910e+00 2.301536e+00 2.600871e+00 3.287287e+00 -1.215206e-01 2.295878e-01 5.166929e-01 7.616552e-01 8.174371e-01 6.959909e-01 5.033819e-01 3.560798e-01 4.417953e-01 4.986652e-01 3.725895e-01 1.918574e-01 -2.413648e-07
<VARIANCE> 25
 1.032611e+01 9.507253e+00 1.206407e+01 1.469658e+01 1.443421e+01 1.736854e+01 1.784464e+01 1.933595e+01 1.693701e+01 1.669199e+01 2.012755e+01 1.478016e+01 2.518846e-01 3.350775e-01 4.018461e-01 4.772029e-01 6.097458e-01 8.315117e-01 1.041995e+00 1.220190e+00 1.102021e+00 1.040789e+00 1.013376e+00 1.047969e+00 1.087919e-06
<GCONST> 6.032250e+01
<MIXTURE> 29 5.036674e-03
<MEAN> 25
 -5.377635e+00 2.093169e-01 -1.654278e+00 6.695829e+00 5.270649e+00 3.569923e+00 5.499018e+00 3.270190e+00 3.989910e+00 2.301536e+00 2.600871e+00 3.287287e+00 -1.215206e-01 2.295878e-01 5.166929e-01 7.616552e-01 8.174371e-01 6.959909e-01 5.033819e-01 3.560798e-01 4.417953e-01 4.986652e-01 3.725895e-01 1.918574e-01 -2.413648e-07
<VARIANCE> 25
 1.032611e+01 9.507253e+00 1.206407e+01 1.469658e+01 1.443421e+01 1.736854e+01 1.784464e+01 1.933595e+01 1.693701e+01 1.669199e+01 2.012755e+01 1.478016e+01 2.518846e-01 3.350775e-01 4.018461e-01 4.772029e-01 6.097458e-01 8.315117e-01 1.041995e+00 1.220190e+00 1.102021e+00 1.040789e+00 1.013376e+00 1.047969e+00 1.087919e-06
<GCONST> 6.032250e+01
<MIXTURE> 30 8.917812e-03
<MEAN> 25
 -3.974237e+00 2.737782e+00 -1.168444e+00 8.433098e+00 7.372162e+00 6.870939e+00 7.835997e+00 6.147578e+00 7.175613e+00 3.601639e+00 5.352290e+00 4.352235e+00 -5.986146e-02 -8.306452e-02 8.385119e-02 4.870304e-02 9.249439e-03 -1.448385e-01 3.625408e-02 1.280715e-01 -2.370382e-02 5.344162e-03 1.581175e-01 -1.266869e-02 -4.094887e-04
<VARIANCE> 25
 4.637602e+00 1.646353e+01 1.008397e+01 1.025696e+01 1.277450e+01 1.236283e+01 1.354236e+01 1.445689e+01 1.317728e+01 1.529630e+01 1.673573e+01 1.151445e+01 7.986106e-02 2.220776e-01 2.395251e-01 4.365922e-01 5.261562e-01 5.985635e-01 5.486859e-01 8.746069e-01 1.015213e+00 6.865734e-01 6.580185e-01 1.009924e+00 4.250611e-05
<GCONST> 5.681245e+01
<MIXTURE> 31 4.136493e-03
<MEAN> 25
 -3.303814e+00 -5.678111e+00 4.864693e-02 4.888625e+00 3.690374e+00 1.690945e+00 5.246100e+00 6.656205e+00 2.744409e+00 1.234229e+00 6.527717e+00 3.165410e+00 2.528852e-01 4.754089e-01 -2.113266e-01 3.086590e-01 1.206567e-01 4.235025e-01 1.912617e-01 1.560893e-02 3.791426e-01 3.814145e-01 1.060816e-01 1.153894e-01 -1.838402e-02
<VARIANCE> 25
 7.149651e+00 1.543578e+01 1.752158e+01 1.800201e+01 2.528794e+01 2.384127e+01 2.360911e+01 2.530432e+01 2.594114e+01 2.801147e+01 2.032648e+01 1.872159e+01 1.910378e-01 4.940796e-01 6.019932e-01 7.681128e-01 9.661952e-01 1.090785e+00 1.221054e+00 1.393294e+00 1.346470e+00 1.316265e+00 1.243473e+00 1.132554e+00 2.565700e-04
<GCONST> 7.182778e+01
<MIXTURE> 32 4.136493e-03
<MEAN> 25
 -3.303814e+00 -5.678111e+00 4.864693e-02 4.888625e+00 3.690374e+00 1.690945e+00 5.246100e+00 6.656205e+00 2.744409e+00 1.234229e+00 6.527717e+00 3.165410e+00 2.528852e-01 4.754089e-01 -2.113266e-01 3.086590e-01 1.206567e-01 4.235025e-01 1.912617e-01 1.560893e-02 3.791426e-01 3.814145e-01 1.060816e-01 1.153894e-01 -1.838402e-02
<VARIANCE> 25
 7.149651e+00 1.543578e+01 1.752158e+01 1.800201e+01 2.528794e+01 2.384127e+01 2.360911e+01 2.530432e+01 2.594114e+01 2.801147e+01 2.032648e+01 1.872159e+01 1.910378e-01 4.940796e-01 6.019932e-01 7.681128e-01 9.661952e-01 1.090785e+00 1.221054e+00 1.393294e+00 1.346470e+00 1.316265e+00 1.243473e+00 1.132554e+00 2.565700e-04
<GCONST> 7.182778e+01
<MIXTURE> 33 1.508826e-02
<MEAN> 25
 6.900622e+00 -4.984348e+00 -9.026008e-01 -3.204003e+00 -1.714597e+00 -5.052061e+00 -8.515982e+00 3.012072e+00 2.117138e+00 -5.357484e-01 -4.673783e+00 -3.423417e+00 8.507469e-01 -1.246804e+00 -2.140361e+00 -1.765870e+00 1.018976e+00 1.086095e+00 -1.151227e+00 1.171392e+00 1.147296e+00 3.013362e-01 7.645892e-02 -1.810928e+00 3.511022e-02
<VARIANCE> 25
 9.106290e+00 1.892216e+01 2.830500e+01 2.765106e+01 3.030643e+01 3.797866e+01 4.316214e+01 4.212417e+01 3.223259e+01 3.610942e+01 2.796723e+01 2.553991e+01 1.159345e+00 1.776314e+00 1.831823e+00 1.651048e+00 3.648438e+00 3.779951e+00 3.975762e+00 5.623991e+00 3.502039e+00 4.705109e+00 3.774205e+00 2.552036e+00 2.005424e-03
<GCONST> 9.235926e+01
<MIXTURE> 34 1.588179e-02
<MEAN> 25
 8.872587e+00 -9.651966e-01 9.712954e-01 6.597577e-01 -3.311525e+00 -7.807099e-01 -6.538331e+00 -3.438998e+00 -3.036258e+00 7.156345e-02 -2.033222e+00 -4.351967e+00 -3.460272e-02 1.434680e+00 1.342562e+00 2.217722e+00 1.510476e-01 2.922323e-03 5.815672e-01 -1.405748e+00 -1.097067e+00 4.479607e-01 -5.340993e-01 2.404374e-01 -6.187925e-02
<VARIANCE> 25
 6.737390e+00 3.091781e+01 3.132197e+01 4.592775e+01 3.680687e+01 4.532098e+01 5.504840e+01 5.927974e+01 5.251678e+01 3.944339e+01 4.561143e+01 3.412845e+01 1.179027e+00 1.824236e+00 3.955878e+00 3.794810e+00 5.183295e+00 7.280828e+00 5.175976e+00 5.722469e+00 4.801358e+00 4.398839e+00 4.359540e+00 3.476526e+00 1.087370e-03
<GCONST> 9.849199e+01
<MIXTURE> 35 1.467755e-02
<MEAN> 25
 -2.519058e+00 -5.189507e+00 -9.265640e+00 -2.754814e-02 8.914330e+00 3.931901e-01 1.683591e+00 1.937500e+00 1.905243e+00 4.439119e+00 -3.393430e-01 1.915654e+00 6.166826e-01 -1.170665e+00 -1.395769e+00 -1.289868e+00 2.839181e-01 -6.227055e-01 -7.712620e-01 -8.906490e-02 -9.925273e-02 1.599663e-01 -6.806927e-01 -6.409654e-01 1.073787e-01
<VARIANCE> 25
 1.995325e+01 2.773989e+01 4.439116e+01 5.731717e+01 4.427480e+01 5.450386e+01 4.728551e+01 4.319695e+01 5.036008e+01 3.741573e+01 3.489349e+01 2.915947e+01 3.664939e+00 3.563699e+00 6.247543e+00 5.581283e+00 5.013113e+00 5.467898e+00 4.743258e+00 4.498202e+00 5.397605e+00 4.329666e+00 3.845770e+00 3.776622e+00 5.301306e-03
<GCONST> 1.030619e+02
<MIXTURE> 36 1.093293e-02
<MEAN> 25
 5.148165e+00 -5.058059e+00 8.606864e+00 3.690284e+00 -1.226611e+01 -7.832307e+00 -7.629771e+00 3.074125e+00 -2.909818e+00 -8.496606e+00 4.865609e+00 -3.470723e+00 4.460379e-01 7.848465e-02 -6.713923e-01 3.963242e-02 7.386346e-01 3.995353e-01 -4.207957e-01 -2.799564e-01 7.769911e-01 3.361752e-01 -6.662996e-02 -3.918796e-01 -1.779461e-02
<VARIANCE> 25
 7.385770e+00 1.429174e+01 1.696183e+01 2.086614e+01 2.667798e+01 3.097917e+01 3.402739e+01 2.582770e+01 2.863395e+01 4.895790e+01 3.003336e+01 4.442499e+01 4.302171e-01 8.840957e-01 1.061286e+00 8.738352e-01 1.537771e+00 1.619574e+00 1.482562e+00 1.756195e+00 1.536790e+00 1.439077e+00 1.251442e+00 1.423028e+00 5.180059e-04
<GCONST> 7.904530e+01
<MIXTURE> 37 1.246826e-02
<MEAN> 25
 5.484995e-01 7.726276e+00 1.202881e+01 -5.456206e+00 -8.010208e+00 -1.067946e+00 -5.046730e+00 -8.273998e+00 -3.763067e+00 -8.968387e-01 -3.643620e+00 -1.249426e+00 1.816029e-01 6.456428e-01 -1.342069e+00 3.562940e+00 1.978648e+00 -3.215820e-01 1.094646e+00 4.368465e-01 5.295351e-01 -3.149284e-01 5.324062e-01 -8.062983e-02 -9.403331e-02
<VARIANCE> 25
 1.593118e+01 2.592096e+01 3.060995e+01 5.155080e+01 3.383958e+01 3.244098e+01 4.377672e+01 3.496721e+01 3.867178e+01 3.592828e+01 3.746937e+01 3.118339e+01 2.946155e+00 3.383817e+00 3.003358e+00 4.119242e+00 4.637051e+00 3.779193e+00 4.168366e+00 3.799170e+00 3.442962e+00 3.611958e+00 3.864358e+00 2.793144e+00 3.999024e-03
<GCONST> 9.778742e+01
<MIXTURE> 38 1.154525e-02
<MEAN> 25
 -4.547997e+00 8.837788e+00 4.445387e+00 3.749918e+00 1.191257e+00 -6.588498e+00 -1.251124e-01 -3.395173e+00 -2.347395e+00 -3.552638e+00 -1.323093e+00 9.623120e-01 -4.041428e+00 1.317137e+00 -8.544655e-01 1.375312e+00 2.508623e+00 1.142454e+00 2.208816e+00 6.644089e-01 9.289997e-01 6.442067e-01 7.034109e-01 2.450048e-01 4.431658e-02
<VARIANCE> 25
 2.816022e+01 2.689477e+01 3.404295e+01 2.933604e+01 4.391312e+01 4.038570e+01 3.371568e+01 3.813192e+01 3.101693e+01 2.866272e+01 2.090258e+01 3.593848e+01 3.104110e+00 3.504491e+00 4.734037e+00 4.634960e+00 3.757577e+00 4.576773e+00 4.189981e+00 4.355428e+00 3.914843e+00 4.248266e+00 4.376620e+00 3.084118e+00 1.828893e-03
<GCONST> 9.786858e+01
<MIXTURE> 39 9.501865e-03
<MEAN> 25
 1.682634e+00 2.231487e+00 1.032810e+01 -8.677976e+00 -1.093155e+01 -3.814135e-01 -3.272085e+00 -6.444327e+00 -4.885139e+00 8.977652e-01 -3.662027e+00 -2.109961e+00 -6.781639e-01 1.499416e+00 1.622300e+00 -1.244791e+00 1.236261e-01 1.347671e+00 -1.269494e+00 -1.341427e+00 3.040157e-01 5.059507e-01 -5.229903e-01 1.854723e-01 -1.267524e-03
<VARIANCE> 25
 1.034493e+01 2.974089e+01 2.956441e+01 3.919261e+01 3.789586e+01 4.509822e+01 4.264492e+01 3.276651e+01 3.820795e+01 3.110480e+01 3.421495e+01 2.859262e+01 6.794804e-01 1.454412e+00 1.432354e+00 3.017838e+00 2.306260e+00 2.827697e+00 3.044294e+00 2.653640e+00 2.470562e+00 2.501269e+00 1.976720e+00 1.980474e+00 1.203644e-03
<GCONST> 8.926315e+01
<MIXTURE> 40 1.030800e-02
<MEAN> 25
 -8.916201e+00 2.847584e+00 -1.264376e+00 8.332932e+00 4.110291e+00 5.401241e+00 5.618090e+00 4.077644e+00 4.891017e+00 3.987060e+00 5.350429e+00 2.317698e+00 -1.291603e-01 -2.094490e-01 2.074183e-02 -2.988550e-01 -7.980680e-02 -1.713725e-01 8.406229e-02 3.010224e-02 -2.333450e-02 9.734349e-04 9.343288e-02 2.050454e-02 4.695054e-03
<VARIANCE> 25
 4.121335e+01 2.190476e+01 2.746894e+01 2.434829e+01 2.412395e+01 1.965153e+01 1.868328e+01 1.761987e+01 1.605875e+01 1.841945e+01 1.799818e+01 1.549845e+01 6.865187e-01 7.338401e-01 8.064773e-01 1.099172e+00 1.129335e+00 1.157240e+00 1.209383e+00 1.257550e+00 1.243437e+00 1.125218e+00 1.049809e+00 1.048192e+00 8.136544e-04
<GCONST> 7.573498e+01
<MIXTURE> 41 6.713375e-03
<MEAN> 25
 1.308295e+00 1.779213e+00 1.047129e+01 -6.955975e+00 -1.046728e+01 -3.858601e+00 -2.490428e+00 -5.035327e+00 -4.654926e+00 2.655582e+00 -1.743543e+00 -9.495237e-01 7.820046e-02 -7.594124e-01 1.698789e+00 -3.555812e+00 -2.461687e+00 -1.151276e-01 -5.062629e-01 -3.546695e-01 -8.272368e-01 1.085003e+00 -1.043219e+00 8.355020e-02 8.619170e-02
<VARIANCE> 25
 1.169327e+01 2.964821e+01 3.260926e+01 4.001916e+01 3.870469e+01 4.015472e+01 3.710897e+01 2.994611e+01 3.306847e+01 2.878925e+01 3.184280e+01 2.723165e+01 3.177362e+00 3.309867e+00 3.830188e+00 3.800863e+00 4.901978e+00 5.875454e+00 4.711827e+00 4.558724e+00 3.977185e+00 4.218086e+00 3.834783e+00 3.222683e+00 2.936304e-03
<GCONST> 9.791735e+01
<MIXTURE> 42 1.106211e-02
<MEAN> 25
 -1.801312e+00 3.169616e+00 3.578067e+00 2.029683e+00 7.641699e-01 -5.943214e+00 -1.761000e+00 -2.747631e+00 -1.104211e+00 -2.175400e+00 -3.052606e+00 1.305493e+00 3.803010e+00 -3.467485e-01 2.015916e+00 7.119517e-01 -3.025817e+00 -1.405961e+00 -2.159804e+00 -2.581607e-01 -1.577217e+00 -1.124798e+00 8.489086e-01 -7.215105e-01 1.447232e-02
<VARIANCE> 25
 3.165145e+01 2.808022e+01 4.780909e+01 2.270822e+01 3.361954e+01 3.098190e+01 3.018697e+01 2.631230e+01 2.767530e+01 2.865798e+01 1.683795e+01 2.087370e+01 3.176863e+00 4.022245e+00 5.393867e+00 4.939682e+00 3.707340e+00 5.073583e+00 4.032075e+00 4.747648e+00 6.040877e+00 4.884862e+00 4.036839e+00 3.844001e+00 3.538380e-03
<GCONST> 9.808993e+01
<MIXTURE> 43 7.108249e-03
<MEAN> 25
 3.151496e+00 -6.293521e+00 -2.230968e+00 -5.171235e+00 -7.357629e+00 -3.414054e+00 4.071093e+00 1.298255e+00 -5.031610e+00 -7.068560e+00 -4.322390e+00 -1.209691e+00 2.493900e-01 2.150868e+00 1.929738e+00 -1.334306e-01 -1.440314e+00 -7.990330e-01 -9.741306e-01 -7.661561e-01 7.944641e-01 1.459237e+00 3.463632e-01 3.117447e-02 -4.492523e-02
<VARIANCE> 25
 9.653156e+00 1.960377e+01 2.746993e+01 3.496394e+01 3.831335e+01 3.640836e+01 3.363906e+01 3.955180e+01 3.957848e+01 3.842921e+01 2.634986e+01 2.964807e+01 7.025888e-01 1.263758e+00 1.597036e+00 2.470898e+00 2.389158e+00 2.440253e+00 2.640681e+00 3.030892e+00 2.677951e+00 2.569350e+00 2.324451e+00 1.924970e+00 9.488001e-04
<GCONST> 8.804276e+01
<MIXTURE> 44 7.328289e-03
<MEAN> 25
 -1.488784e+01 1.200882e+00 2.995920e+00 -3.300066e+00 3.147395e+00 1.648947e+00 -1.331828e-01 1.788669e+00 1.699904e+00 -9.537992e-01 1.547772e+00 1.944650e+00 -1.550974e-01 -2.033009e-03 9.784102e-02 2.647271e-01 -1.217964e-01 1.672413e-01 4.468436e-01 1.321388e-01 2.315103e-01 1.868660e-01 7.790434e-02 9.860353e-02 5.023586e-03
<VARIANCE> 25
 4.201501e+01 2.927252e+01 3.690209e+01 2.967160e+01 2.898561e+01 3.086906e+01 2.442509e+01 3.544019e+01 2.726473e+01 2.675307e+01 2.747374e+01 1.877902e+01 1.271876e+00 1.482254e+00 1.383602e+00 1.349085e+00 2.066921e+00 1.581272e+00 1.443928e+00 1.615720e+00 1.690414e+00 1.513632e+00 1.493080e+00 1.222970e+00 1.226076e-03
<GCONST> 8.458557e+01
<MIXTURE> 45 1.364932e-02
<MEAN> 25
 -1.141714e+01 3.756003e+00 -1.052221e+00 2.701293e+00 7.502642e+00 -1.061630e+00 4.763284e+00 2.704257e+00 3.145722e+00 2.184289e+00 1.759670e+00 4.010074e+00 -2.738972e+00 -1.137147e-01 -3.604561e-01 -4.641355e-01 1.419520e-01 -3.091605e-01 3.763996e-01 -1.454095e-01 -4.225611e-02 -1.366819e-01 -2.043535e-01 1.452893e-02 1.160458e-01
<VARIANCE> 25
 3.251353e+01 2.954970e+01 2.249489e+01 2.880995e+01 3.881936e+01 3.273817e+01 2.540208e+01 2.299623e+01 1.823751e+01 2.081425e+01 2.223435e+01 1.580097e+01 1.924977e+00 3.325887e+00 2.322589e+00 2.652072e+00 2.743425e+00 2.344507e+00 2.754945e+00 1.887311e+00 1.695068e+00 1.829849e+00 2.075589e+00 1.525067e+00 3.546387e-03
<GCONST> 8.843404e+01
<MIXTURE> 46 9.336259e-03
<MEAN> 25
 -9.458086e+00 2.314921e+00 1.187142e+00 7.562950e+00 5.939947e+00 3.322186e+00 7.070920e+00 4.484550e+00 5.697903e+00 4.682966e+00 5.027286e+00 2.937764e+00 1.057470e+00 -2.418824e-01 4.183862e-02 9.958574e-01 6.046350e-01 9.364042e-01 3.845245e-01 6.741709e-01 4.712152e-01 5.093170e-01 6.377713e-01 5.223614e-01 -1.052179e-01
<VARIANCE> 25
 3.415945e+01 4.384214e+01 3.848518e+01 4.988979e+01 5.073640e+01 4.083674e+01 3.709499e+01 3.537695e+01 3.311043e+01 3.093263e+01 2.823886e+01 2.020832e+01 3.918611e+00 4.133999e+00 3.874718e+00 4.150439e+00 4.170484e+00 3.701364e+00 3.383718e+00 3.116355e+00 2.979775e+00 2.862198e+00 2.304910e+00 1.781516e+00 8.002773e-03
<GCONST> 9.829589e+01
<MIXTURE> 47 7.116147e-03
<MEAN> 25
 7.430298e+00 -7.285775e+00 -7.733233e+00 -7.266924e+00 1.321843e+00 1.304385e+00 -2.334337e+00 1.400382e+00 2.610022e+00 3.012418e-01 -4.125141e+00 -6.609367e+00 -2.501378e-01 -1.253981e+00 -6.047893e-01 -4.112635e-01 5.529211e-01 8.162156e-01 9.560384e-01 1.987475e-01 1.227979e-01 -8.877002e-01 -4.597799e-01 -4.381736e-01 2.879305e-02
<VARIANCE> 25
 1.031179e+01 2.019185e+01 2.021738e+01 4.304075e+01 3.471173e+01 5.347670e+01 4.502149e+01 3.896417e+01 4.415955e+01 4.526000e+01 4.622272e+01 3.215228e+01 5.848978e-01 7.349678e-01 1.211785e+00 1.577230e+00 1.950453e+00 2.104803e+00 2.382872e+00 2.535425e+00 2.075629e+00 2.030612e+00 2.181390e+00 1.946587e+00 5.589823e-04
<GCONST> 8.636419e+01
<MIXTURE> 48 7.116147e-03
<MEAN> 25
 7.430298e+00 -7.285775e+00 -7.733233e+00 -7.266924e+00 1.321843e+00 1.304385e+00 -2.334337e+00 1.400382e+00 2.610022e+00 3.012418e-01 -4.125141e+00 -6.609367e+00 -2.501378e-01 -1.253981e+00 -6.047893e-01 -4.112635e-01 5.529211e-01 8.162156e-01 9.560384e-01 1.987475e-01 1.227979e-01 -8.877002e-01 -4.597799e-01 -4.381736e-01 2.879305e-02
<VARIANCE> 25
 1.031179e+01 2.019185e+01 2.021738e+01 4.304075e+01 3.471173e+01 5.347670e+01 4.502149e+01 3.896417e+01 4.415955e+01 4.526000e+01 4.622272e+01 3.215228e+01 5.848978e-01 7.349678e-01 1.211785e+00 1.577230e+00 1.950453e+00 2.104803e+00 2.382872e+00 2.535425e+00 2.075629e+00 2.030612e+00 2.181390e+00 1.946587e+00 5.589823e-04
<GCONST> 8.636419e+01
<MIXTURE> 49 5.548473e-03
<MEAN> 25
 -4.693195e+00 9.528220e-01 -6.752421e-01 8.570991e+00 6.361028e+00 5.776835e+00 6.363916e+00 4.897336e+00 5.307084e+00 3.223356e+00 4.134835e+00 3.217928e+00 3.129623e-01 6.893083e-01 6.493827e-01 2.333837e-01 -2.186085e-01 -5.670069e-01 -9.164913e-01 -1.106674e+00 -8.188980e-01 -6.364166e-01 -4.563348e-01 -2.402949e-01 -2.075295e-04
<VARIANCE> 25
 9.065434e+00 1.137189e+01 1.596774e+01 1.464129e+01 1.478869e+01 1.574569e+01 1.779307e+01 1.935295e+01 1.945135e+01 1.857100e+01 2.141695e+01 1.350336e+01 2.694485e-01 2.703684e-01 3.542178e-01 6.631881e-01 8.051741e-01 9.897415e-01 9.147565e-01 9.511152e-01 1.166121e+00 1.102387e+00 1.159118e+00 1.072021e+00 1.344993e-05
<GCONST> 6.370339e+01
<MIXTURE> 50 6.234641e-03
<MEAN> 25
 -4.603900e+00 5.260948e-01 -1.713292e+00 6.117544e+00 4.083097e+00 2.457183e+00 3.744538e+00 1.945711e+00 3.476967e+00 1.517265e+00 2.136663e+00 3.295691e+00 -1.583343e-03 2.431758e-01 1.068297e-01 -2.590399e-01 -4.868459e-01 -5.817881e-01 -4.445519e-01 -8.684127e-02 5.250266e-01 7.535179e-01 7.267091e-01 4.289382e-01 2.464911e-06
<VARIANCE> 25
 1.023155e+01 1.397555e+01 1.349228e+01 1.662620e+01 1.423366e+01 1.698308e+01 1.744383e+01 2.259647e+01 2.232928e+01 1.640557e+01 1.955004e+01 1.499132e+01 1.826201e-01 2.966940e-01 3.612875e-01 5.410765e-01 5.601684e-01 6.813632e-01 8.767161e-01 1.063148e+00 1.026827e+00 8.589534e-01 9.078110e-01 9.268253e-01 1.301921e-06
<GCONST> 5.994024e+01
<MIXTURE> 51 6.234641e-03
<MEAN> 25
 -4.603900e+00 5.260948e-01 -1.713292e+00 6.117544e+00 4.083097e+00 2.457183e+00 3.744538e+00 1.945711e+00 3.476967e+00 1.517265e+00 2.136663e+00 3.295691e+00 -1.583343e-03 2.431758e-01 1.068297e-01 -2.590399e-01 -4.868459e-01 -5.817881e-01 -4.445519e-01 -8.684127e-02 5.250266e-01 7.535179e-01 7.267091e-01 4.289382e-01 2.464911e-06
<VARIANCE> 25
 1.023155e+01 1.397555e+01 1.349228e+01 1.662620e+01 1.423366e+01 1.698308e+01 1.744383e+01 2.259647e+01 2.232928e+01 1.640557e+01 1.955004e+01 1.499132e+01 1.826201e-01 2.966940e-01 3.612875e-01 5.410765e-01 5.601684e-01 6.813632e-01 8.767161e-01 1.063148e+00 1.026827e+00 8.589534e-01 9.078110e-01 9.268253e-01 1.301921e-06
<GCONST> 5.994024e+01
<MIXTURE> 52 6.367945e-03
<MEAN> 25
 1.008100e+01 1.810503e+00 -6.248723e+00 -1.453663e+01 -4.122796e+00 8.572334e+00 -2.645187e+00 -2.824600e+00 -4.445955e+00 -1.902019e+00 3.184597e+00 5.581088e-01 -4.145911e-01 -4.882269e-01 -4.349969e-02 1.092015e+00 1.287358e+00 -4.467995e-01 -5.130948e-01 -6.677921e-01 4.087781e-02 1.173492e+00 3.460165e-01 -5.172094e-01 -1.339850e-02
<VARIANCE> 25
 9.080199e+00 2.139925e+01 2.471245e+01 3.939080e+01 4.445659e+01 2.975597e+01 4.591531e+01 4.879148e+01 4.164432e+01 4.606659e+01 3.946494e+01 3.007887e+01 4.775597e-01 1.463350e+00 1.309398e+00 2.740670e+00 2.336573e+00 2.159190e+00 3.212386e+00 2.836738e+00 2.940091e+00 2.732749e+00 2.481507e+00 2.226206e+00 1.498268e-03
<GCONST> 8.967459e+01
<MIXTURE> 53 6.367945e-03
<MEAN> 25
 1.008100e+01 1.810503e+00 -6.248723e+00 -1.453663e+01 -4.122796e+00 8.572334e+00 -2.645187e+00 -2.824600e+00 -4.445955e+00 -1.902019e+00 3.184597e+00 5.581088e-01 -4.145911e-01 -4.882269e-01 -4.349969e-02 1.092015e+00 1.287358e+00 -4.467995e-01 -5.130948e-01 -6.677921e-01 4.087781e-02 1.173492e+00 3.460165e-01 -5.172094e-01 -1.339850e-02
<VARIANCE> 25
 9.080199e+00 2.139925e+01 2.471245e+01 3.939080e+01 4.445659e+01 2.975597e+01 4.591531e+01 4.879148e+01 4.164432e+01 4.606659e+01 3.946494e+01 3.007887e+01 4.775597e-01 1.463350e+00 1.309398e+00 2.740670e+00 2.336573e+00 2.159190e+00 3.212386e+00 2.836738e+00 2.940091e+00 2.732749e+00 2.481507e+00 2.226206e+00 1.498268e-03
<GCONST> 8.967459e+01
<MIXTURE> 54 7.368620e-03
<MEAN> 25
 -3.465584e+00 1.275624e+00 -1.367789e+00 8.045222e+00 6.553595e+00 4.796845e+00 5.018778e+00 4.454627e+00 4.566689e+00 2.860390e+00 4.233417e+00 2.731394e+00 4.932835e-04 -1.237507e-02 6.413591e-02 8.611173e-02 4.329707e-02 3.600609e-02 5.850044e-02 2.581476e-02 1.252170e-02 5.668358e-03 3.903282e-03 -3.623679e-02 2.507325e-05
<VARIANCE> 25
 7.681824e+00 1.437569e+01 9.461585e+00 1.522510e+01 1.175702e+01 1.176948e+01 1.031968e+01 1.291305e+01 1.194247e+01 1.400021e+01 1.489725e+01 1.169789e+01 4.132744e-02 1.132885e-01 1.427494e-01 2.223797e-01 2.817134e-01 3.691714e-01 4.140332e-01 5.814179e-01 6.035038e-01 4.908905e-01 4.469259e-01 5.139732e-01 1.503725e-06
<GCONST> 4.712693e+01
<MIXTURE> 55 7.368620e-03
<MEAN> 25
 -3.465584e+00 1.275624e+00 -1.367789e+00 8.045222e+00 6.553595e+00 4.796845e+00 5.018778e+00 4.454627e+00 4.566689e+00 2.860390e+00 4.233417e+00 2.731394e+00 4.932835e-04 -1.237507e-02 6.413591e-02 8.611173e-02 4.329707e-02 3.600609e-02 5.850044e-02 2.581476e-02 1.252170e-02 5.668358e-03 3.903282e-03 -3.623679e-02 2.507325e-05
<VARIANCE> 25
 7.681824e+00 1.437569e+01 9.461585e+00 1.522510e+01 1.175702e+01 1.176948e+01 1.031968e+01 1.291305e+01 1.194247e+01 1.400021e+01 1.489725e+01 1.169789e+01 4.132744e-02 1.132885e-01 1.427494e-01 2.223797e-01 2.817134e-01 3.691714e-01 4.140332e-01 5.814179e-01 6.035038e-01 4.908905e-01 4.469259e-01 5.139732e-01 1.503725e-06
<GCONST> 4.712693e+01
<MIXTURE> 56 6.132464e-03
<MEAN> 25
 7.492917e+00 -6.321615e+00 -9.385086e+00 -1.091198e+01 3.963195e+00 5.046694e+00 -9.154759e-01 -1.495413e+00 1.013417e+00 1.065109e+00 -3.092047e+00 -6.135607e+00 8.931830e-04 1.123570e-01 -2.040716e-01 1.524476e-01 4.004854e-01 8.600701e-02 1.067201e-01 -2.606265e-01 -4.293024e-02 5.342134e-02 -1.644597e-01 4.142240e-02 -8.990447e-03
<VARIANCE> 25
 7.737738e+00 2.011443e+01 1.700952e+01 5.297968e+01 2.781721e+01 4.667363e+01 5.682817e+01 3.059922e+01 3.526680e+01 3.184894e+01 3.446540e+01 2.931184e+01 2.111259e-01 4.370734e-01 4.452893e-01 7.270407e-01 7.460070e-01 9.175912e-01 8.893975e-01 8.681312e-01 8.046632e-01 8.858691e-01 8.867797e-01 6.699532e-01 2.318508e-04
<GCONST> 7.299285e+01
<MIXTURE> 57 6.132464e-03
<MEAN> 25
 7.492917e+00 -6.321615e+00 -9.385086e+00 -1.091198e+01 3.963195e+00 5.046694e+00 -9.154759e-01 -1.495413e+00 1.013417e+00 1.065109e+00 -3.092047e+00 -6.135607e+00 8.931830e-04 1.123570e-01 -2.040716e-01 1.524476e-01 4.004854e-01 8.600701e-02 1.067201e-01 -2.606265e-01 -4.293024e-02 5.342134e-02 -1.644597e-01 4.142240e-02 -8.990447e-03
<VARIANCE> 25
 7.737738e+00 2.011443e+01 1.700952e+01 5.297968e+01 2.781721e+01 4.667363e+01 5.682817e+01 3.059922e+01 3.526680e+01 3.184894e+01 3.446540e+01 2.931184e+01 2.111259e-01 4.370734e-01 4.452893e-01 7.270407e-01 7.460070e-01 9.175912e-01 8.893975e-01 8.681312e-01 8.046632e-01 8.858691e-01 8.867797e-01 6.699532e-01 2.318508e-04
<GCONST> 7.299285e+01
<MIXTURE> 58 6.172147e-03
<MEAN> 25
 2.439032e+00 -2.928381e+00 7.617928e+00 -5.074936e+00 -1.362550e+01 -5.538389e+00 1.149701e+00 1.004037e+00 -2.923039e+00 1.479830e+00 6.022833e-01 -9.288771e-01 -3.823371e-02 -1.194438e-01 -4.344366e-02 -2.121556e-01 -1.786746e-02 3.813891e-01 4.126325e-01 4.148386e-02 -1.667760e-02 5.068081e-02 -1.352531e-01 -1.369031e-01 -3.350889e-03
<VARIANCE> 25
 7.097309e+00 1.415643e+01 1.907788e+01 2.521288e+01 2.182327e+01 4.925190e+01 3.215963e+01 3.263074e+01 3.226462e+01 2.966075e+01 2.113120e+01 2.217799e+01 3.056368e-01 7.686171e-01 7.397503e-01 9.712631e-01 9.406877e-01 1.516620e+00 1.065218e+00 1.539133e+00 9.908696e-01 1.018389e+00 8.776704e-01 8.491435e-01 6.806176e-04
<GCONST> 7.517537e+01
<MIXTURE> 59 6.172147e-03
<MEAN> 25
 2.439032e+00 -2.928381e+00 7.617928e+00 -5.074936e+00 -1.362550e+01 -5.538389e+00 1.149701e+00 1.004037e+00 -2.923039e+00 1.479830e+00 6.022833e-01 -9.288771e-01 -3.823371e-02 -1.194438e-01 -4.344366e-02 -2.121556e-01 -1.786746e-02 3.813891e-01 4.126325e-01 4.148386e-02 -1.667760e-02 5.068081e-02 -1.352531e-01 -1.369031e-01 -3.350889e-03
<VARIANCE> 25
 7.097309e+00 1.415643e+01 1.907788e+01 2.521288e+01 2.182327e+01 4.925190e+01 3.215963e+01 3.263074e+01 3.226462e+01 2.966075e+01 2.113120e+01 2.217799e+01 3.056368e-01 7.686171e-01 7.397503e-01 9.712631e-01 9.406877e-01 1.516620e+00 1.065218e+00 1.539133e+00 9.908696e-01 1.018389e+00 8.776704e-01 8.491435e-01 6.806176e-04
<GCONST> 7.517537e+01
<MIXTURE> 60 4.479129e-03
<MEAN> 25
 -4.260244e+00 -6.528412e-01 -1.096506e+00 3.704670e+00 1.739745e+00 2.126208e+00 1.655869e+00 1.535649e+00 2.176087e+00 1.263554e+00 2.383318e+00 1.927094e+00 -2.849818e-02 5.592002e-02 1.002765e-01 1.307900e-01 1.288587e-01 1.280393e-01 1.776094e-01 3.250885e-01 5.434754e-01 6.617133e-01 5.556067e-01 3.034368e-01 -3.881530e-04
<VARIANCE> 25
 6.936536e+00 4.587069e+00 1.029250e+01 1.134372e+01 1.357339e+01 1.701856e+01 1.412721e+01 1.188519e+01 1.279239e+01 1.318005e+01 1.590272e+01 1.231563e+01 8.688895e-02 1.683646e-01 2.790350e-01 4.318861e-01 5.861340e-01 7.269104e-01 8.268753e-01 8.993041e-01 9.064355e-01 8.381838e-01 8.373765e-01 8.631218e-01 2.294964e-05
<GCONST> 5.636597e+01
<MIXTURE> 61 4.479129e-03
<MEAN> 25
 -4.260244e+00 -6.528412e-01 -1.096506e+00 3.704670e+00 1.739745e+00 2.126208e+00 1.655869e+00 1.535649e+00 2.176087e+00 1.263554e+00 2.383318e+00 1.927094e+00 -2.849818e-02 5.592002e-02 1.002765e-01 1.307900e-01 1.288587e-01 1.280393e-01 1.776094e-01 3.250885e-01 5.434754e-01 6.617133e-01 5.556067e-01 3.034368e-01 -3.881530e-04
<VARIANCE> 25
 6.936536e+00 4.587069e+00 1.029250e+01 1.134372e+01 1.357339e+01 1.701856e+01 1.412721e+01 1.188519e+01 1.279239e+01 1.318005e+01 1.590272e+01 1.231563e+01 8.688895e-02 1.683646e-01 2.790350e-01 4.318861e-01 5.861340e-01 7.269104e-01 8.268753e-01 8.993041e-01 9.064355e-01 8.381838e-01 8.373765e-01 8.631218e-01 2.294964e-05
<GCONST> 5.636597e+01
<MIXTURE> 62 3.278034e-03
<MEAN> 25
 -5.066153e+00 1.298010e+00 9.901298e-01 8.805969e+00 6.133015e+00 5.059962e+00 5.539782e+00 4.029756e+00 5.015157e+00 3.892128e+00 4.942277e+00 2.937592e+00 -9.929546e-01 -1.160809e+00 -9.468796e-01 -2.821171e-01 4.127017e-01 9.933400e-01 1.378350e+00 1.549911e+00 1.477133e+00 1.238261e+00 1.056371e+00 7.273582e-01 -1.221056e-03
<VARIANCE> 25
 9.838451e+00 1.018797e+01 1.314232e+01 1.660226e+01 1.734689e+01 1.736920e+01 1.967894e+01 1.894471e+01 1.876997e+01 1.866141e+01 2.141261e+01 1.471240e+01 4.085974e-01 4.313940e-01 5.527745e-01 7.785662e-01 1.050783e+00 1.195014e+00 1.245893e+00 1.268646e+00 1.321385e+00 1.356533e+00 1.399653e+00 1.358212e+00 1.638657e-05
<GCONST> 6.749397e+01
<MIXTURE> 63 4.351215e-03
<MEAN> 25
 -4.584022e+00 -2.108875e+00 -4.748980e+00 2.470890e+00 3.131159e+00 -8.179079e-01 2.532879e+00 7.313130e-01 2.703349e+00 -1.054320e+00 -9.170530e-01 2.636484e+00 -4.664253e-02 2.785809e-01 3.135917e-01 4.961322e-01 3.890810e-01 3.519085e-01 4.036644e-01 2.702644e-01 2.377054e-02 2.048682e-01 1.902057e-01 7.135019e-02 -3.696713e-03
<VARIANCE> 25
 9.398217e+00 2.012188e+01 1.462062e+01 2.056022e+01 1.710913e+01 2.818704e+01 2.378582e+01 2.782095e+01 2.424241e+01 2.026845e+01 1.938891e+01 1.563137e+01 3.554911e-01 4.636233e-01 6.386466e-01 6.492023e-01 8.429409e-01 1.084630e+00 1.185352e+00 1.304397e+00 1.572607e+00 1.587293e+00 1.482685e+00 1.283258e+00 1.702549e-04
<GCONST> 7.202215e+01
<MIXTURE> 64 4.351215e-03
<MEAN> 25
 -4.584022e+00 -2.108875e+00 -4.748980e+00 2.470890e+00 3.131159e+00 -8.179079e-01 2.532879e+00 7.313130e-01 2.703349e+00 -1.054320e+00 -9.170530e-01 2.636484e+00 -4.664253e-02 2.785809e-01 3.135917e-01 4.961322e-01 3.890810e-01 3.519085e-01 4.036644e-01 2.702644e-01 2.377054e-02 2.048682e-01 1.902057e-01 7.135019e-02 -3.696713e-03
<VARIANCE> 25
 9.398217e+00 2.012188e+01 1.462062e+01 2.056022e+01 1.710913e+01 2.818704e+01 2.378582e+01 2.782095e+01 2.424241e+01 2.026845e+01 1.938891e+01 1.563137e+01 3.554911e-01 4.636233e-01 6.386466e-01 6.492023e-01 8.429409e-01 1.084630e+00 1.185352e+00 1.304397e+00 1.572607e+00 1.587293e+00 1.482685e+00 1.283258e+00 1.702549e-04
<GCONST> 7.202215e+01
<MIXTURE> 65 1.721197e-02
<MEAN> 25
 8.026143e+00 1.797593e+00 2.478286e+00 5.811040e-01 -5.345488e+00 -3.459411e+00 -5.896515e+00 -6.964382e+00 -4.119676e+00 -2.026018e+00 -5.368347e+00 -1.967018e+00 1.676929e-01 1.253645e-01 -4.827313e-02 1.021600e-01 -1.403252e-01 1.178739e-01 -1.069819e-01 -1.011873e-01 2.188028e-01 1.557629e-02 -5.924920e-02 -2.043981e-01 -4.061466e-03
<VARIANCE> 25
 9.381321e+00 1.956716e+01 2.806479e+01 3.482506e+01 3.665322e+01 6.683495e+01 5.573050e+01 5.704604e+01 5.375673e+01 5.689241e+01 5.433092e+01 4.919616e+01 5.267583e-01 9.246417e-01 1.613874e+00 1.792410e+00 1.919340e+00 2.567797e+00 2.219990e+00 2.995158e+00 2.442582e+00 2.380483e+00 2.281148e+00 2.081486e+00 4.195749e-04
<GCONST> 8.920322e+01
<MIXTURE> 66 1.191532e-02
<MEAN> 25
 6.672690e+00 -4.151712e+00 -5.506233e+00 -4.737767e+00 1.173581e+00 -4.982425e+00 -7.008311e+00 1.226957e+00 4.822860e-01 -1.986387e+00 -5.973115e+00 -3.481471e+00 -2.984376e-02 1.668090e+00 2.245227e+00 2.277091e+00 -1.275301e+00 -1.261177e+00 2.622785e-02 -4.759827e-01 -2.433147e-01 -1.883810e-01 -1.486803e-01 9.965017e-01 -6.271049e-02
<VARIANCE> 25
 9.065557e+00 2.190988e+01 2.723545e+01 3.289413e+01 3.783579e+01 5.263840e+01 5.537643e+01 4.485103e+01 5.451788e+01 6.526716e+01 3.731910e+01 3.725531e+01 1.286894e+00 2.403875e+00 2.439116e+00 2.517015e+00 4.315506e+00 4.320732e+00 4.355310e+00 4.955343e+00 4.489038e+00 4.914469e+00 3.962675e+00 3.320266e+00 1.494933e-03
<GCONST> 9.697131e+01
<MIXTURE> 67 1.559142e-02
<MEAN> 25
 8.859425e+00 1.551904e+00 -5.049390e+00 -6.521766e+00 4.966315e-01 2.017482e+00 -4.970603e+00 -6.350648e-01 -5.255451e+00 1.329324e+00 8.893065e-01 -3.893116e+00 -1.275314e+00 2.240393e+00 7.859263e-01 2.949225e+00 1.697277e+00 -9.221158e-01 1.616098e+00 -1.714741e-01 3.494640e-01 5.971957e-01 -3.824028e-01 9.706664e-01 -1.354218e-01
<VARIANCE> 25
 9.971108e+00 3.473277e+01 2.908179e+01 6.067154e+01 4.340252e+01 5.024670e+01 6.367949e+01 5.513294e+01 6.273135e+01 4.964230e+01 4.979460e+01 5.837749e+01 2.027191e+00 3.614882e+00 3.028719e+00 3.922431e+00 4.211864e+00 4.456713e+00 4.443633e+00 4.776519e+00 5.718911e+00 4.509894e+00 4.341399e+00 4.020579e+00 3.089092e-03
<GCONST> 1.019234e+02
<MIXTURE> 68 1.485092e-02
<MEAN> 25
 -2.092686e+00 -2.482362e+00 -4.256718e+00 1.017652e+00 4.936848e+00 -7.975752e-01 1.870638e+00 1.358444e+00 3.184739e+00 1.960143e+00 -4.474168e-01 1.472337e+00 2.842295e+00 3.988143e-01 5.946017e-02 -2.053558e+00 -2.316664e+00 -1.381187e+00 -2.382665e+00 -1.418828e+00 -1.801367e+00 -1.480885e+00 -1.631561e+00 -1.216742e+00 9.732410e-02
<VARIANCE> 25
 2.447035e+01 2.919988e+01 5.200158e+01 4.704718e+01 4.195157e+01 4.936200e+01 4.069488e+01 3.879515e+01 4.674321e+01 4.079684e+01 3.855057e+01 2.421721e+01 1.780084e+00 3.607123e+00 5.469001e+00 7.391176e+00 4.327120e+00 5.254321e+00 5.141152e+00 5.423111e+00 5.210665e+00 4.819872e+00 5.398741e+00 3.338277e+00 5.732712e-03
<GCONST> 1.026777e+02
<MIXTURE> 69 1.204884e-02
<MEAN> 25
 4.089127e+00 -4.387472e+00 -3.509069e+00 -3.335218e+00 -3.081627e+00 -7.676110e+00 -8.552509e-01 1.678140e+00 2.674789e-01 -4.628847e+00 -5.275476e+00 1.146069e+00 1.680506e+00 -2.267365e+00 -1.310892e+00 -2.243127e+00 -6.560152e-01 -2.560706e-01 -7.301511e-01 7.336299e-01 -4.357192e-01 -1.243981e+00 -2.068053e+00 -3.315049e-01 6.054920e-02
<VARIANCE> 25
 1.160191e+01 1.974048e+01 2.491379e+01 2.413493e+01 3.947115e+01 3.257222e+01 4.661573e+01 3.127910e+01 3.903091e+01 3.565043e+01 2.979933e+01 2.312293e+01 3.297890e+00 2.910365e+00 3.134188e+00 3.375933e+00 5.511399e+00 4.749286e+00 6.991250e+00 5.822287e+00 5.772923e+00 5.772831e+00 4.117956e+00 3.622203e+00 2.539488e-03
<GCONST> 9.782194e+01
<MIXTURE> 70 1.329190e-02
<MEAN> 25
 7.229453e+00 -2.756611e+00 -3.832742e+00 -2.964134e+00 -3.253212e-01 -8.980128e-01 -7.557342e+00 -3.591704e+00 8.559982e-01 2.642570e+00 -7.949074e-01 -4.556473e+00 1.954614e+00 -9.233392e-01 -4.538043e-01 -1.901937e+00 -1.706962e+00 1.003082e+00 -1.528719e+00 3.542489e-01 -1.154135e-01 -2.246557e-01 9.543641e-01 -1.591978e+00 5.324611e-02
<VARIANCE> 25
 9.903383e+00 2.300521e+01 2.730397e+01 4.489265e+01 3.139546e+01 4.009622e+01 4.845177e+01 4.142590e+01 4.840559e+01 2.994061e+01 4.273273e+01 2.639461e+01 3.350464e+00 3.324760e+00 5.472207e+00 4.984781e+00 5.148705e+00 6.014024e+00 6.171813e+00 7.970462e+00 7.497280e+00 5.154468e+00 5.742282e+00 3.855966e+00 2.487231e-03
<GCONST> 1.013367e+02
<MIXTURE> 71 1.406903e-02
<MEAN> 25
 6.184613e+00 4.384875e+00 4.786772e+00 2.950135e+00 -3.318333e+00 -2.623538e+00 -3.623138e+00 -6.959945e+00 -4.560785e+00 -2.063196e+00 -4.915694e+00 -2.820238e+00 -1.479843e+00 -7.827255e-01 -5.463456e-01 -1.787367e+00 1.294230e+00 -4.187678e-01 1.527297e-03 1.640212e+00 4.946953e-01 -1.577447e-01 3.206856e-01 2.245384e-01 4.079952e-02
<VARIANCE> 25
 1.730199e+01 2.618198e+01 2.273782e+01 4.025198e+01 3.596762e+01 4.569120e+01 3.796363e+01 3.956185e+01 3.734053e+01 4.448003e+01 3.399026e+01 3.190244e+01 1.909295e+00 2.738438e+00 5.343722e+00 4.297588e+00 4.673364e+00 5.128177e+00 5.251091e+00 5.896893e+00 4.067493e+00 4.025236e+00 4.257867e+00 3.566270e+00 1.300467e-03
<GCONST> 9.827338e+01
<MIXTURE> 72 8.134747e-03
<MEAN> 25
 3.718921e+00 -3.666005e+00 5.524981e+00 -2.325184e+00 -1.019131e+01 -9.819265e+00 -2.589321e+00 1.739982e+00 -5.045459e+00 -2.010281e+00 -1.835941e+00 7.961410e-01 9.479973e-01 -8.442888e-01 -2.507284e+00 3.925800e-01 2.154854e+00 -4.773200e-01 -1.189870e+00 1.485906e+00 1.784655e+00 -5.680596e-01 -1.261821e+00 2.563816e-01 -8.072485e-03
<VARIANCE> 25
 1.038041e+01 1.856615e+01 3.142402e+01 3.698676e+01 3.176646e+01 3.266821e+01 3.948544e+01 3.518595e+01 4.183287e+01 4.040447e+01 3.705719e+01 2.795316e+01 4.171365e-01 1.042946e+00 2.018605e+00 1.494393e+00 2.100058e+00 2.862453e+00 3.225369e+00 2.639434e+00 2.499577e+00 2.839306e+00 1.942127e+00 2.440130e+00 5.920306e-04
<GCONST> 8.711399e+01
<MIXTURE> 73 1.213625e-02
<MEAN> 25
 -5.776123e+00 -4.487229e-01 -1.263100e+00 4.349277e+00 4.836237e+00 2.045822e+00 5.529000e+00 3.411479e+00 4.201855e+00 3.164636e+00 3.861399e+00 3.332499e+00 7.350430e-01 -1.055279e+00 -9.603801e-01 -2.705903e+00 -9.296105e-01 -1.584770e+00 -1.022025e+00 -3.957285e-01 -8.318167e-01 -6.916606e-01 -1.135484e+00 -2.794631e-01 1.503477e-01
<VARIANCE> 25
 1.228331e+01 1.557177e+01 1.400794e+01 2.406936e+01 2.804076e+01 2.397879e+01 1.907810e+01 2.043929e+01 1.671676e+01 1.895466e+01 2.239535e+01 1.511657e+01 3.793509e+00 2.981068e+00 5.436357e+00 4.438745e+00 7.100715e+00 4.485372e+00 4.118220e+00 4.012543e+00 3.787009e+00 3.891126e+00 3.234141e+00 2.513488e+00 4.194898e-03
<GCONST> 9.226787e+01
<MIXTURE> 74 1.756491e-02
<MEAN> 25
 5.041335e+00 -2.883701e+00 5.778868e+00 -7.294108e-01 -8.531468e+00 -7.046271e+00 -3.310139e+00 6.229827e-01 -3.785184e+00 -3.711921e+00 -9.170651e-01 -9.204167e-01 3.352973e-01 1.696377e+00 1.320471e-01 1.296132e+00 1.392529e+00 1.012346e+00 4.730060e-02 -1.195589e+00 5.973958e-02 3.655100e-01 -5.150812e-01 4.422370e-02 -7.671171e-02
<VARIANCE> 25
 9.922954e+00 2.281712e+01 3.260718e+01 3.724599e+01 3.271604e+01 3.892686e+01 4.953108e+01 3.828543e+01 3.977559e+01 4.420828e+01 4.317881e+01 3.562427e+01 1.934022e+00 2.186076e+00 3.427220e+00 2.523530e+00 3.738231e+00 6.532396e+00 4.292874e+00 3.517308e+00 3.502702e+00 3.670822e+00 3.211336e+00 4.200980e+00 1.586623e-03
<GCONST> 9.619808e+01
<MIXTURE> 75 9.711651e-03
<MEAN> 25
 2.707661e+00 -2.260051e+00 1.072093e+01 2.272470e+00 -1.185847e+01 -7.677868e+00 -5.453558e+00 -2.649208e-01 -5.409225e+00 -5.804407e+00 3.506196e+00 -1.076953e+00 1.549006e+00 -1.451831e+00 1.118533e+00 6.087196e-02 -2.903332e+00 -9.329931e-01 -1.336370e+00 1.207314e+00 -8.340201e-01 -1.056782e+00 1.516119e+00 -5.599028e-01 3.573581e-02
<VARIANCE> 25
 8.430485e+00 1.661677e+01 2.555107e+01 2.319551e+01 2.481935e+01 3.323235e+01 2.543097e+01 2.622499e+01 3.145260e+01 3.410330e+01 1.954735e+01 3.331472e+01 1.946699e+00 1.697844e+00 5.474730e+00 2.213188e+00 4.062412e+00 3.846128e+00 3.515100e+00 3.013988e+00 5.495973e+00 5.239013e+00 3.398811e+00 2.414351e+00 1.453769e-03
<GCONST> 9.167905e+01
<MIXTURE> 76 1.052359e-02
<MEAN> 25
 -6.949384e+00 -1.591354e+00 -3.161676e+00 3.295598e+00 3.983908e+00 6.931618e-01 3.442250e+00 1.019791e+00 2.684680e+00 -3.670989e-01 6.190695e-01 2.361270e+00 -7.541995e-02 -5.734444e-01 -3.258451e-01 -8.721653e-01 -7.092457e-01 -6.670672e-01 -5.689946e-01 -2.455747e-01 -3.914340e-01 -2.230892e-01 -3.288940e-01 -1.135621e-01 2.349520e-02
<VARIANCE> 25
 3.213052e+01 2.988420e+01 2.477074e+01 2.792707e+01 3.073898e+01 3.420266e+01 2.777623e+01 2.770630e+01 2.057146e+01 2.410649e+01 2.648135e+01 1.770243e+01 1.431088e+00 1.119712e+00 1.271495e+00 1.351133e+00 1.604490e+00 1.524407e+00 1.810367e+00 1.643205e+00 1.828686e+00 1.707923e+00 1.509803e+00 1.212077e+00 1.156203e-03
<GCONST> 8.329135e+01
<MIXTURE> 77 1.244626e-02
<MEAN> 25
 -4.630756e-01 8.565900e+00 1.245962e+01 -1.160148e+01 -7.027633e+00 9.751146e-01 -9.266384e+00 -7.222230e+00 -3.395000e+00 -1.979542e-01 -4.642285e+00 -1.499066e+00 6.927086e-02 1.389732e-01 7.195292e-02 2.500052e-01 -1.935508e-02 8.227602e-02 -6.345799e-02 -6.768094e-02 8.205201e-02 -4.222309e-02 2.536151e-02 1.170330e-01 -1.000066e-02
<VARIANCE> 25
 1.044049e+01 2.017933e+01 2.743628e+01 4.160483e+01 3.329058e+01 3.382260e+01 3.668453e+01 3.181402e+01 3.524420e+01 3.313425e+01 3.755317e+01 3.492265e+01 2.989241e-01 7.769513e-01 6.448716e-01 1.084309e+00 1.238023e+00 9.955178e-01 1.220935e+00 1.086495e+00 1.041760e+00 1.065884e+00 9.689499e-01 9.206995e-01 5.426335e-04
<GCONST> 7.781315e+01
<MIXTURE> 78 9.702551e-03
<MEAN> 25
 -1.033161e+01 2.874430e-01 -2.169655e+00 1.048772e+00 3.547936e+00 -2.790848e+00 3.032284e+00 1.239754e+00 3.325200e+00 9.137830e-01 -1.348522e+00 2.746482e+00 2.397449e+00 -1.624677e-01 -6.312928e-02 4.453404e-01 -3.387893e-02 -6.117039e-02 -6.727432e-01 3.093174e-01 4.100494e-01 3.115736e-01 -4.229631e-01 -7.073559e-01 -4.168183e-02
<VARIANCE> 25
 4.042213e+01 3.399881e+01 2.855870e+01 3.153056e+01 3.376599e+01 3.076712e+01 2.931801e+01 3.092165e+01 2.621980e+01 2.408116e+01 2.290618e+01 1.763293e+01 4.222323e+00 2.114396e+00 2.815316e+00 2.867037e+00 2.301862e+00 3.007562e+00 3.246346e+00 3.558527e+00 2.034237e+00 2.547257e+00 1.780240e+00 2.431107e+00 5.128621e-03
<GCONST> 9.267678e+01
<MIXTURE> 79 1.156824e-02
<MEAN> 25
 2.934075e+00 1.279194e+00 9.117299e+00 -4.811594e+00 -1.201426e+01 5.764138e-01 -1.548440e+00 -6.473899e+00 -8.646740e+00 1.356803e+00 -1.696548e+00 -3.990021e+00 1.378176e+00 -5.008576e-01 -1.326475e+00 2.620068e+00 3.900830e-01 -1.269860e+00 8.613263e-01 1.759171e-01 -7.271905e-01 5.409585e-02 5.208498e-01 1.843509e-01 -3.944939e-02
<VARIANCE> 25
 1.321658e+01 1.865222e+01 2.842967e+01 4.887631e+01 2.574684e+01 4.611368e+01 3.417475e+01 2.860361e+01 4.109552e+01 3.351283e+01 4.037926e+01 2.508026e+01 7.871231e-01 1.723800e+00 1.447432e+00 2.007796e+00 2.043444e+00 2.424473e+00 2.650639e+00 3.714933e+00 2.181005e+00 2.741390e+00 1.866274e+00 1.571658e+00 1.046377e-03
<GCONST> 8.806506e+01
<MIXTURE> 80 7.550998e-03
<MEAN> 25
 -1.461043e+01 3.986109e+00 6.396945e-01 2.758493e+00 2.488300e+00 1.384326e+00 6.373735e+00 2.432038e+00 2.784368e+00 2.369959e+00 4.768221e+00 1.200012e+00 4.276015e+00 1.481824e-03 1.635868e+00 -1.134893e+00 -2.879596e+00 -2.748691e+00 -2.317434e+00 -2.033087e+00 -1.973170e+00 -1.685090e+00 -1.625762e+00 -5.926179e-01 -4.399066e-02
<VARIANCE> 25
 2.075596e+01 1.966545e+01 3.435535e+01 3.554821e+01 3.007680e+01 2.907397e+01 2.806925e+01 2.873586e+01 2.697298e+01 2.858464e+01 2.732859e+01 1.801103e+01 2.350213e+00 2.672251e+00 2.666202e+00 4.100615e+00 3.370489e+00 2.772092e+00 3.002242e+00 3.193658e+00 2.733866e+00 2.679806e+00 2.821234e+00 2.141078e+00 1.503436e-03
<GCONST> 9.139365e+01
<MIXTURE> 81 8.025434e-03
<MEAN> 25
 -1.118363e+00 4.065069e+00 1.017922e+01 -1.479835e+01 -9.081115e+00 -1.420841e+00 -6.765984e+00 -8.423184e+00 -4.153184e+00 -4.166779e-01 -7.571981e+00 -2.246994e+00 1.340896e-01 -5.868812e-01 -2.907629e-03 -5.557879e-01 -4.636078e-01 3.349913e-01 3.200451e-01 1.363820e-01 -1.404682e-01 1.072870e-01 -4.690804e-01 -1.249338e-01 1.149720e-02
<VARIANCE> 25
 1.015479e+01 3.280331e+01 2.645743e+01 2.932793e+01 3.370966e+01 3.054591e+01 4.542918e+01 2.826533e+01 3.799106e+01 3.187722e+01 2.530746e+01 3.105577e+01 7.726176e-01 2.276648e+00 1.545386e+00 2.873342e+00 2.663115e+00 2.128062e+00 3.279496e+00 2.288782e+00 2.355551e+00 2.538951e+00 2.298130e+00 2.078251e+00 1.184337e-03
<GCONST> 8.868987e+01
<MIXTURE> 82 8.213053e-03
<MEAN> 25
 -9.466641e+00 -4.281304e+00 1.592865e+00 -3.066405e+00 2.669028e+00 -4.401291e-01 2.355062e+00 -5.568182e-01 2.872666e+00 2.269993e+00 4.593097e-01 3.784846e+00 -1.206288e+00 -6.630483e-01 -1.867128e-01 -2.371299e+00 -1.054290e+00 -5.609900e-01 -9.994437e-01 -7.524042e-01 5.776935e-01 -3.907910e-02 -6.270960e-01 -5.556170e-01 1.739890e-01
<VARIANCE> 25
 1.601988e+01 2.119856e+01 2.806017e+01 2.383488e+01 3.019871e+01 2.845173e+01 2.642131e+01 2.987953e+01 2.527076e+01 2.240443e+01 2.598240e+01 1.554154e+01 3.528579e+00 3.610061e+00 2.927792e+00 3.004776e+00 2.888146e+00 3.859037e+00 2.325271e+00 2.484437e+00 4.421100e+00 2.491836e+00 2.191680e+00 2.225265e+00 3.054435e-03
<GCONST> 9.112415e+01
<MIXTURE> 83 1.167529e-02
<MEAN> 25
 -1.987811e+01 4.808331e+00 -1.577487e+00 -3.165731e-04 8.661535e+00 -1.693429e+00 5.269203e+00 3.019504e+00 1.475827e+00 1.707738e+00 -3.817354e-01 2.840458e+00 -3.736167e-02 -3.574831e-01 -1.206304e-01 -5.822720e-01 -8.324231e-01 -5.357130e-02 -1.269521e-01 -3.082070e-01 2.108681e-01 -1.225898e-01 -1.730604e-01 -2.061544e-01 8.874301e-03
<VARIANCE> 25
 8.037177e+00 1.734291e+01 2.525299e+01 2.113426e+01 2.346608e+01 2.230726e+01 1.954291e+01 2.070273e+01 1.849717e+01 2.176300e+01 3.129390e+01 1.386120e+01 1.003970e+00 9.305056e-01 1.185856e+00 1.348379e+00 1.923846e+00 1.220596e+00 1.124416e+00 1.471443e+00 1.604340e+00 1.313396e+00 1.252754e+00 1.111440e+00 9.847661e-04
<GCONST> 7.740942e+01
<MIXTURE> 84 1.066614e-02
<MEAN> 25
 1.330560e+00 8.507989e+00 6.938541e+00 7.872448e+00 2.630585e+00 -1.363149e+00 -4.993243e-01 -4.415966e+00 -4.636188e+00 -2.179983e+00 -2.658599e+00 -1.373939e+00 -1.924695e+00 -1.051198e+00 -1.135364e+00 7.941765e-01 2.524647e+00 1.026063e+00 1.269366e+00 1.295008e+00 1.451967e+00 -5.560239e-02 1.859557e-01 7.794195e-01 -7.144986e-02
<VARIANCE> 25
 2.182065e+01 1.711909e+01 1.893978e+01 2.047189e+01 2.640732e+01 2.772513e+01 2.937838e+01 2.283395e+01 2.669584e+01 2.808966e+01 2.095919e+01 2.306601e+01 1.904256e+00 2.528572e+00 3.565450e+00 4.096203e+00 3.353019e+00 3.938817e+00 3.167100e+00 3.040865e+00 3.419172e+00 4.159762e+00 3.429223e+00 3.122654e+00 3.390945e-03
<GCONST> 9.217366e+01
<MIXTURE> 85 7.591393e-03
<MEAN> 25
 -3.289681e+00 7.896834e+00 5.545519e+00 1.096100e+00 -3.065827e+00 -5.210327e+00 -2.936621e+00 -6.356349e+00 -3.546803e+00 -3.315573e+00 -6.208156e-01 -1.721923e+00 3.931179e+00 3.146835e-01 1.851029e+00 -1.922416e+00 -3.370323e+00 -2.567414e+00 -2.876294e+00 -2.246316e+00 -2.295370e+00 -1.298769e+00 -2.231499e+00 -5.522869e-01 9.393327e-03
<VARIANCE> 25
 4.202591e+01 2.279846e+01 3.644477e+01 3.799721e+01 4.376885e+01 4.031898e+01 3.116697e+01 2.867247e+01 2.578608e+01 2.578101e+01 2.588698e+01 2.077654e+01 2.622469e+00 4.182300e+00 4.176591e+00 5.800609e+00 4.315400e+00 3.766904e+00 3.738008e+00 4.100360e+00 3.785105e+00 3.943355e+00 3.954095e+00 3.481210e+00 5.262406e-03
<GCONST> 9.828186e+01
<MIXTURE> 86 1.273941e-02
<MEAN> 25
 -4.548563e+00 -4.156888e-01 -1.422336e+00 6.533978e+00 4.982012e+00 4.633261e+00 5.584649e+00 4.674428e+00 5.484744e+00 3.853231e+00 4.675138e+00 3.013009e+00 1.837201e-02 5.344645e-03 -7.519602e-02 -1.785139e-02 -5.849648e-02 -1.885893e-01 -2.747131e-01 -2.797361e-01 -4.673663e-01 -3.333950e-01 -1.676988e-01 -3.866290e-02 -6.947080e-04
<VARIANCE> 25
 7.621274e+00 8.078799e+00 1.036854e+01 1.081595e+01 1.413326e+01 1.235022e+01 1.249329e+01 1.186378e+01 1.580417e+01 1.278140e+01 1.449859e+01 1.239182e+01 1.025117e-01 1.905405e-01 3.020353e-01 4.596147e-01 5.943140e-01 6.495575e-01 6.738232e-01 8.126506e-01 1.019585e+00 8.178090e-01 8.250813e-01 9.010019e-01 4.717591e-05
<GCONST> 5.754296e+01
<MIXTURE> 87 1.100681e-02
<MEAN> 25
 -3.008753e+00 4.007331e+00 2.910580e+00 5.973792e+00 5.448537e+00 -7.543898e-01 1.867876e+00 -1.759733e+00 -8.170138e-01 -1.338669e+00 -7.815855e-01 1.519616e+00 -2.208200e+00 -2.908663e+00 -1.869567e+00 -2.343040e+00 -1.170658e-01 1.204825e-01 5.870961e-01 7.267947e-01 1.420453e+00 7.912884e-01 3.117531e-01 1.094817e+00 9.963233e-02
<VARIANCE> 25
 2.840989e+01 3.281581e+01 2.265304e+01 2.789484e+01 2.206630e+01 3.420765e+01 2.318460e+01 2.318214e+01 2.202050e+01 2.174710e+01 1.898196e+01 2.406863e+01 3.312400e+00 2.736074e+00 3.777232e+00 2.946273e+00 4.525737e+00 3.442391e+00 3.959733e+00 3.565505e+00 3.821940e+00 3.059526e+00 3.987319e+00 2.544008e+00 4.885107e-03
<GCONST> 9.390401e+01
<MIXTURE> 88 1.256585e-02
<MEAN> 25
 -4.339843e+00 -7.766875e-01 -1.590978e+00 5.414613e+00 4.668358e+00 3.423568e+00 4.633666e+00 3.340180e+00 3.593849e+00 2.229128e+00 2.913009e+00 2.832368e+00 1.619055e-02 1.544113e-01 2.443418e-01 4.031709e-01 2.665520e-01 1.531171e-01 -1.245403e-02 -1.656502e-01 -3.055231e-01 -2.259716e-01 -9.983151e-02 -2.087587e-02 -5.638774e-03
<VARIANCE> 25
 9.131720e+00 1.138454e+01 1.542509e+01 1.616342e+01 1.991149e+01 2.069246e+01 1.950076e+01 1.930008e+01 1.753775e+01 1.827975e+01 2.086506e+01 1.507546e+01 1.404877e+00 1.643699e+00 2.077500e+00 2.241870e+00 2.572516e+00 2.633770e+00 2.660987e+00 2.577393e+00 2.449789e+00 2.599067e+00 2.227828e+00 1.984283e+00 1.489414e-03
<GCONST> 8.262482e+01
<MIXTURE> 89 9.333527e-03
<MEAN> 25
 6.065794e+00 -6.822735e+00 -3.539746e+00 -3.166840e+00 -1.625763e+00 -5.591776e+00 -6.131400e+00 4.086602e+00 3.449833e+00 -2.805673e+00 -6.012101e+00 -3.271873e+00 -5.633339e-01 1.591459e-01 1.995561e+00 8.993776e-01 -1.872109e+00 -1.654183e+00 8.768536e-01 1.264340e+00 -7.987375e-01 -1.308258e+00 4.067499e-01 1.533975e+00 -4.907595e-03
<VARIANCE> 25
 9.101539e+00 2.664343e+01 3.121803e+01 3.012092e+01 3.603988e+01 4.177068e+01 5.949997e+01 4.203652e+01 3.912428e+01 4.225245e+01 3.583124e+01 3.259476e+01 3.684224e-01 8.417268e-01 1.487163e+00 1.315115e+00 1.922073e+00 2.123653e+00 2.585881e+00 2.033527e+00 2.260114e+00 2.136057e+00 2.324646e+00 1.470537e+00 3.657047e-04
<GCONST> 8.535507e+01
<MIXTURE> 90 7.114505e-03
<MEAN> 25
 2.448301e+00 -9.724282e+00 -4.755087e+00 -3.978399e+00 -3.383824e+00 -1.813614e+00 3.366384e+00 1.181370e+00 -7.532982e+00 -1.021728e+01 -3.429891e+00 -7.392580e-01 -1.636387e-01 9.090709e-01 1.168841e+00 -8.539504e-01 -1.613053e+00 -2.119273e-01 6.448410e-01 -2.099600e-01 -1.688670e-01 7.371390e-01 1.829639e-01 -5.501267e-01 -1.114895e-02
<VARIANCE> 25
 8.493323e+00 1.778146e+01 1.981242e+01 2.802110e+01 3.683980e+01 3.217645e+01 3.852314e+01 3.640636e+01 3.521455e+01 2.769205e+01 2.700354e+01 2.613748e+01 2.237618e-01 6.127773e-01 7.867168e-01 1.042890e+00 1.470089e+00 1.591668e+00 1.780392e+00 1.654636e+00 1.810412e+00 1.678401e+00 1.495430e+00 1.308630e+00 2.149953e-04
<GCONST> 7.813299e+01
<MIXTURE> 91 7.852945e-03
<MEAN> 25
 6.552400e+00 -7.668291e+00 -8.291583e+00 -5.278043e+00 3.670049e+00 1.076207e-01 -2.616534e+00 8.932185e-01 5.279617e-01 -2.801125e+00 -4.603889e+00 -5.437793e+00 2.469899e-01 1.031056e+00 1.644823e-01 4.870909e-01 -5.387088e-02 -6.077530e-01 -3.611828e-01 -4.168067e-02 -2.333342e-01 4.976213e-01 -1.046544e-01 1.852911e-01 -3.434981e-02
<VARIANCE> 25
 1.042260e+01 2.188886e+01 2.169385e+01 4.002895e+01 3.640432e+01 5.478181e+01 5.822850e+01 3.904250e+01 5.172518e+01 6.245411e+01 3.991840e+01 4.197620e+01 4.360348e-01 8.801483e-01 1.106840e+00 1.390981e+00 2.122386e+00 2.391310e+00 2.310355e+00 2.404813e+00 2.625072e+00 2.181872e+00 1.947205e+00 1.771960e+00 5.764404e-04
<GCONST> 8.731312e+01
<MIXTURE> 92 7.852945e-03
<MEAN> 25
 6.552400e+00 -7.668291e+00 -8.291583e+00 -5.278043e+00 3.670049e+00 1.076207e-01 -2.616534e+00 8.932185e-01 5.279617e-01 -2.801125e+00 -4.603889e+00 -5.437793e+00 2.469899e-01 1.031056e+00 1.644823e-01 4.870909e-01 -5.387088e-02 -6.077530e-01 -3.611828e-01 -4.168067e-02 -2.333342e-01 4.976213e-01 -1.046544e-01 1.852911e-01 -3.434981e-02
<VARIANCE> 25
 1.042260e+01 2.188886e+01 2.169385e+01 4.002895e+01 3.640432e+01 5.478181e+01 5.822850e+01 3.904250e+01 5.172518e+01 6.245411e+01 3.991840e+01 4.197620e+01 4.360348e-01 8.801483e-01 1.106840e+00 1.390981e+00 2.122386e+00 2.391310e+00 2.310355e+00 2.404813e+00 2.625072e+00 2.181872e+00 1.947205e+00 1.771960e+00 5.764404e-04
<GCONST> 8.731312e+01
<MIXTURE> 93 6.122769e-03
<MEAN> 25
 -6.583834e+00 -7.090394e-01 -2.522973e+00 5.877086e+00 5.829788e+00 3.930096e+00 6.177911e+00 3.636202e+00 4.475183e+00 2.500080e+00 1.870422e+00 3.841964e+00 -5.162498e-02 -1.601304e-01 -2.585750e-01 -3.063452e-01 -3.111750e-01 -2.759522e-01 -2.089484e-01 -1.598651e-01 -1.732836e-01 -1.291166e-01 -1.171705e-01 -3.676500e-02 -2.193705e-05
<VARIANCE> 25
 9.637850e+00 6.824984e+00 8.073416e+00 1.091298e+01 1.116936e+01 1.535861e+01 1.467755e+01 1.604040e+01 1.691362e+01 1.405263e+01 1.607404e+01 1.322545e+01 8.240964e-02 1.487672e-01 2.521802e-01 3.739783e-01 4.842457e-01 6.306547e-01 7.920265e-01 9.372614e-01 9.727957e-01 8.784155e-01 8.756403e-01 9.322083e-01 1.064277e-06
<GCONST> 5.368814e+01
<MIXTURE> 94 6.122769e-03
<MEAN> 25
 -6.583834e+00 -7.090394e-01 -2.522973e+00 5.877086e+00 5.829788e+00 3.930096e+00 6.177911e+00 3.636202e+00 4.475183e+00 2.500080e+00 1.870422e+00 3.841964e+00 -5.162498e-02 -1.601304e-01 -2.585750e-01 -3.063452e-01 -3.111750e-01 -2.759522e-01 -2.089484e-01 -1.598651e-01 -1.732836e-01 -1.291166e-01 -1.171705e-01 -3.676500e-02 -2.193705e-05
<VARIANCE> 25
 9.637850e+00 6.824984e+00 8.073416e+00 1.091298e+01 1.116936e+01 1.535861e+01 1.467755e+01 1.604040e+01 1.691362e+01 1.405263e+01 1.607404e+01 1.322545e+01 8.240964e-02 1.487672e-01 2.521802e-01 3.739783e-01 4.842457e-01 6.306547e-01 7.920265e-01 9.372614e-01 9.727957e-01 8.784155e-01 8.756403e-01 9.322083e-01 1.064277e-06
<GCONST> 5.368814e+01
<MIXTURE> 95 5.258835e-03
<MEAN> 25
 -5.788722e+00 -6.960382e-01 -2.030475e+00 4.901829e+00 4.220978e+00 2.817381e+00 4.176443e+00 1.680033e+00 2.339359e+00 8.921070e-01 1.186040e+00 2.600080e+00 1.491756e-01 1.497104e-01 7.896200e-02 -8.019520e-02 -3.670622e-01 -7.095588e-01 -1.042537e+00 -1.265293e+00 -1.268762e+00 -9.893671e-01 -6.430904e-01 -3.023895e-01 -1.166315e-04
<VARIANCE> 25
 1.028680e+01 6.665291e+00 1.217135e+01 1.290890e+01 1.388110e+01 1.828369e+01 1.789198e+01 1.695754e+01 1.614939e+01 1.548625e+01 1.974680e+01 1.419944e+01 2.085094e-01 2.923354e-01 4.522927e-01 6.258158e-01 8.017150e-01 8.913944e-01 9.205838e-01 9.401156e-01 9.791177e-01 1.071406e+00 1.159781e+00 1.115853e+00 4.187520e-05
<GCONST> 6.332603e+01
<MIXTURE> 96 7.034694e-03
<MEAN> 25
 -4.818573e+00 2.098623e-02 -2.470932e+00 5.293143e+00 3.996810e+00 1.915529e+00 3.894993e+00 1.774567e+00 3.030830e+00 1.131656e+00 1.199267e+00 2.988961e+00 -1.369908e-02 6.043221e-02 1.756452e-01 3.902169e-01 5.228074e-01 5.003470e-01 2.587591e-01 -1.053918e-01 -5.630807e-01 -6.382808e-01 -5.815372e-01 -3.662644e-01 -9.309299e-05
<VARIANCE> 25
 1.080902e+01 1.126929e+01 1.235602e+01 1.352356e+01 1.443337e+01 1.838032e+01 1.806445e+01 1.883101e+01 2.044606e+01 1.640052e+01 1.827094e+01 1.388888e+01 1.165199e-01 2.207964e-01 3.153137e-01 3.709709e-01 4.617109e-01 6.392418e-01 8.060564e-01 9.581183e-01 1.016706e+00 8.303965e-01 8.575165e-01 9.804490e-01 1.072550e-06
<GCONST> 5.725682e+01
<MIXTURE> 97 7.034694e-03
<MEAN> 25
 -4.818573e+00 2.098623e-02 -2.470932e+00 5.293143e+00 3.996810e+00 1.915529e+00 3.894993e+00 1.774567e+00 3.030830e+00 1.131656e+00 1.199267e+00 2.988961e+00 -1.369908e-02 6.043221e-02 1.756452e-01 3.902169e-01 5.228074e-01 5.003470e-01 2.587591e-01 -1.053918e-01 -5.630807e-01 -6.382808e-01 -5.815372e-01 -3.662644e-01 -9.309299e-05
<VARIANCE> 25
 1.080902e+01 1.126929e+01 1.235602e+01 1.352356e+01 1.443337e+01 1.838032e+01 1.806445e+01 1.883101e+01 2.044606e+01 1.640052e+01 1.827094e+01 1.388888e+01 1.165199e-01 2.207964e-01 3.153137e-01 3.709709e-01 4.617109e-01 6.392418e-01 8.060564e-01 9.581183e-01 1.016706e+00 8.303965e-01 8.575165e-01 9.804490e-01 1.072550e-06
<GCONST> 5.725682e+01
<MIXTURE> 98 9.917808e-03
<MEAN> 25
 -1.587466e+00 7.859117e-01 -1.858790e-01 4.444199e+00 3.579251e+00 2.357211e+00 3.050329e+00 1.460401e+00 1.560269e+00 6.794063e-01 4.984731e-01 9.896725e-01 -1.852781e+00 -1.466997e+00 -1.028090e+00 4.545323e-02 6.225699e-01 7.780441e-01 1.215467e+00 1.370025e+00 1.711955e+00 1.113066e+00 1.269462e+00 9.877331e-01 -3.284265e-02
<VARIANCE> 25
 1.414277e+01 2.156386e+01 3.148737e+01 3.255201e+01 4.161094e+01 3.691039e+01 3.188477e+01 2.904686e+01 2.712318e+01 3.021648e+01 2.683242e+01 2.285747e+01 1.339594e+00 1.531410e+00 2.307158e+00 2.607064e+00 2.877360e+00 2.867380e+00 2.858206e+00 2.828280e+00 2.605073e+00 3.077084e+00 2.769895e+00 2.124004e+00 2.464630e-03
<GCONST> 9.045589e+01
<MIXTURE> 99 6.696178e-03
<MEAN> 25
 -6.741174e+00 9.866110e+00 4.407771e+00 4.831616e+00 2.087899e+00 -7.004566e+00 2.325184e-01 -4.256756e+00 -2.444516e+00 -3.866009e+00 -2.056828e+00 2.008584e+00 5.037513e-01 -9.167073e-01 1.588510e-01 -3.274512e-01 -8.332266e-01 -2.608873e-01 -2.360162e-01 -5.332298e-02 -5.733903e-02 2.473401e-02 2.963227e-01 6.544808e-02 1.199803e-02
<VARIANCE> 25
 2.659450e+01 2.091774e+01 5.050985e+01 2.681289e+01 3.139740e+01 2.996099e+01 3.149671e+01 2.169814e+01 2.299547e+01 2.001449e+01 1.589637e+01 2.499475e+01 1.822415e+00 2.494183e+00 1.286520e+00 2.227480e+00 2.280999e+00 2.466563e+00 1.482743e+00 1.347693e+00 1.409186e+00 1.198258e+00 1.044454e+00 1.193771e+00 1.332989e-03
<GCONST> 8.408034e+01
<MIXTURE> 100 4.498084e-03
<MEAN> 25
 -1.598846e+00 6.343815e+00 1.027643e+01 -7.461509e+00 -1.078032e+01 -5.075908e+00 -4.941624e+00 -9.967764e+00 -4.717892e+00 -8.566053e-01 -2.733429e+00 -2.706581e+00 2.917777e+00 -1.260205e+00 1.300081e+00 -2.185144e+00 -3.419462e+00 -7.846164e-01 -1.218671e+00 -8.194708e-01 -1.475649e+00 3.464315e-01 -1.655077e+00 -2.857991e-01 2.016769e-03
<VARIANCE> 25
 1.362559e+01 2.106410e+01 2.246311e+01 2.643159e+01 2.303214e+01 2.372111e+01 2.910631e+01 2.171225e+01 2.747838e+01 2.266171e+01 2.240767e+01 2.135320e+01 1.798925e+00 3.953389e+00 2.920510e+00 4.289764e+00 4.183713e+00 4.537823e+00 4.014880e+00 4.340110e+00 4.167312e+00 3.895926e+00 3.911311e+00 3.225505e+00 1.674636e-03
<GCONST> 9.257097e+01
<MIXTURE> 101 6.007792e-03
<MEAN> 25
 8.091969e+00 -4.293110e+00 -6.082077e+00 -7.199792e+00 4.441441e-01 -6.988546e-01 -1.019271e+01 -8.777949e-01 1.495255e+00 3.206485e+00 -2.173237e+00 -6.323310e+00 7.217482e-01 6.408961e-01 -1.401080e+00 -1.602584e+00 8.392373e-01 2.327681e+00 4.640514e-01 -1.533536e+00 -1.206451e+00 1.037613e+00 1.456594e+00 -5.965585e-01 -5.353724e-03
<VARIANCE> 25
 8.165951e+00 1.626602e+01 2.969905e+01 3.617303e+01 3.148120e+01 3.414454e+01 3.905593e+01 3.769492e+01 3.118302e+01 4.406559e+01 4.697017e+01 2.495410e+01 3.069926e-01 5.718072e-01 1.029967e+00 1.525190e+00 1.570892e+00 2.039045e+00 2.234725e+00 2.559529e+00 2.335471e+00 2.008808e+00 1.736740e+00 2.027315e+00 3.197103e-04
<GCONST> 8.275822e+01
<MIXTURE> 102 6.007792e-03
<MEAN> 25
 8.091969e+00 -4.293110e+00 -6.082077e+00 -7.199792e+00 4.441441e-01 -6.988546e-01 -1.019271e+01 -8.777949e-01 1.495255e+00 3.206485e+00 -2.173237e+00 -6.323310e+00 7.217482e-01 6.408961e-01 -1.401080e+00 -1.602584e+00 8.392373e-01 2.327681e+00 4.640514e-01 -1.533536e+00 -1.206451e+00 1.037613e+00 1.456594e+00 -5.965585e-01 -5.353724e-03
<VARIANCE> 25
 8.165951e+00 1.626602e+01 2.969905e+01 3.617303e+01 3.148120e+01 3.414454e+01 3.905593e+01 3.769492e+01 3.118302e+01 4.406559e+01 4.697017e+01 2.495410e+01 3.069926e-01 5.718072e-01 1.029967e+00 1.525190e+00 1.570892e+00 2.039045e+00 2.234725e+00 2.559529e+00 2.335471e+00 2.008808e+00 1.736740e+00 2.027315e+00 3.197103e-04
<GCONST> 8.275822e+01
<MIXTURE> 103 5.694618e-03
<MEAN> 25
 3.264331e+00 -9.442994e+00 -6.146711e+00 -3.104561e+00 -1.330066e+00 -1.972645e+00 2.437277e+00 2.448063e+00 -4.595077e+00 -9.238389e+00 -5.054505e+00 3.265023e-01 -1.487320e-01 -1.483838e+00 -9.790536e-01 3.755181e-01 1.194811e+00 1.013279e+00 1.638023e-01 -2.507916e-01 -7.926565e-01 -9.259571e-01 -4.646758e-02 1.283182e-01 2.691133e-02
<VARIANCE> 25
 1.129987e+01 2.026921e+01 2.270637e+01 3.141835e+01 4.759102e+01 3.467203e+01 4.598082e+01 3.679690e+01 4.177095e+01 2.907874e+01 2.977586e+01 2.629282e+01 6.568026e-01 1.242301e+00 1.524419e+00 1.926370e+00 2.934423e+00 2.393453e+00 2.866886e+00 2.583534e+00 2.558513e+00 2.541862e+00 2.090372e+00 2.004242e+00 8.007967e-04
<GCONST> 8.755878e+01
<MIXTURE> 104 5.694618e-03
<MEAN> 25
 3.264331e+00 -9.442994e+00 -6.146711e+00 -3.104561e+00 -1.330066e+00 -1.972645e+00 2.437277e+00 2.448063e+00 -4.595077e+00 -9.238389e+00 -5.054505e+00 3.265023e-01 -1.487320e-01 -1.483838e+00 -9.790536e-01 3.755181e-01 1.194811e+00 1.013279e+00 1.638023e-01 -2.507916e-01 -7.926565e-01 -9.259571e-01 -4.646758e-02 1.283182e-01 2.691133e-02
<VARIANCE> 25
 1.129987e+01 2.026921e+01 2.270637e+01 3.141835e+01 4.759102e+01 3.467203e+01 4.598082e+01 3.679690e+01 4.177095e+01 2.907874e+01 2.977586e+01 2.629282e+01 6.568026e-01 1.242301e+00 1.524419e+00 1.926370e+00 2.934423e+00 2.393453e+00 2.866886e+00 2.583534e+00 2.558513e+00 2.541862e+00 2.090372e+00 2.004242e+00 8.007967e-04
<GCONST> 8.755878e+01
<MIXTURE> 105 4.710235e-03
<MEAN> 25
 2.367036e+00 -1.647366e+00 9.251649e+00 -2.541817e+00 -1.159286e+01 -5.036001e+00 -4.351460e+00 -8.023981e-01 -3.976279e+00 -3.214313e+00 1.457096e+00 -9.404225e-01 1.434116e-02 4.186835e-02 5.290465e-02 -2.165284e-02 -1.276314e-02 1.782715e-02 -6.501627e-03 3.207509e-03 -4.240142e-02 8.466280e-02 3.830579e-02 -4.916926e-02 -2.532851e-03
<VARIANCE> 25
 1.327353e+01 2.761518e+01 3.889769e+01 4.313078e+01 3.780999e+01 5.673076e+01 3.969184e+01 4.168761e+01 3.817822e+01 4.191953e+01 4.132678e+01 3.249598e+01 8.215219e-02 1.827069e-01 3.336475e-01 2.859747e-01 3.721916e-01 5.109150e-01 4.672343e-01 5.075107e-01 5.006829e-01 4.985006e-01 4.029583e-01 3.943883e-01 8.866213e-05
<GCONST> 6.673351e+01
<MIXTURE> 106 4.710235e-03
<MEAN> 25
 2.367036e+00 -1.647366e+00 9.251649e+00 -2.541817e+00 -1.159286e+01 -5.036001e+00 -4.351460e+00 -8.023981e-01 -3.976279e+00 -3.214313e+00 1.457096e+00 -9.404225e-01 1.434116e-02 4.186835e-02 5.290465e-02 -2.165284e-02 -1.276314e-02 1.782715e-02 -6.501627e-03 3.207509e-03 -4.240142e-02 8.466280e-02 3.830579e-02 -4.916926e-02 -2.532851e-03
<VARIANCE> 25
 1.327353e+01 2.761518e+01 3.889769e+01 4.313078e+01 3.780999e+01 5.673076e+01 3.969184e+01 4.168761e+01 3.817822e+01 4.191953e+01 4.132678e+01 3.249598e+01 8.215219e-02 1.827069e-01 3.336475e-01 2.859747e-01 3.721916e-01 5.109150e-01 4.672343e-01 5.075107e-01 5.006829e-01 4.985006e-01 4.029583e-01 3.943883e-01 8.866213e-05
<GCONST> 6.673351e+01
<MIXTURE> 107 5.452374e-03
<MEAN> 25
 8.646577e+00 -2.326831e+00 -8.040469e+00 -9.645658e+00 1.941262e+00 3.002785e+00 -8.584284e+00 -4.495690e+00 -9.176003e-01 3.395035e+00 8.341087e-01 -5.068221e+00 -6.151909e-01 -7.710599e-01 8.361206e-01 1.759263e+00 2.209530e-01 -1.996880e+00 -9.005001e-01 8.361084e-01 1.755980e+00 3.936271e-02 -1.652201e+00 -8.131213e-01 -1.766157e-03
<VARIANCE> 25
 9.194852e+00 2.037748e+01 2.823970e+01 4.362030e+01 3.561337e+01 3.849822e+01 5.135770e+01 3.655669e+01 4.564226e+01 4.147034e+01 5.109668e+01 3.017971e+01 3.595454e-01 9.664633e-01 1.455431e+00 2.426852e+00 2.275655e+00 2.845378e+00 2.673042e+00 2.561840e+00 2.303808e+00 3.020146e+00 1.937117e+00 2.200004e+00 6.984533e-04
<GCONST> 8.806363e+01
<MIXTURE> 108 5.452374e-03
<MEAN> 25
 8.646577e+00 -2.326831e+00 -8.040469e+00 -9.645658e+00 1.941262e+00 3.002785e+00 -8.584284e+00 -4.495690e+00 -9.176003e-01 3.395035e+00 8.341087e-01 -5.068221e+00 -6.151909e-01 -7.710599e-01 8.361206e-01 1.759263e+00 2.209530e-01 -1.996880e+00 -9.005001e-01 8.361084e-01 1.755980e+00 3.936271e-02 -1.652201e+00 -8.131213e-01 -1.766157e-03
<VARIANCE> 25
 9.194852e+00 2.037748e+01 2.823970e+01 4.362030e+01 3.561337e+01 3.849822e+01 5.135770e+01 3.655669e+01 4.564226e+01 4.147034e+01 5.109668e+01 3.017971e+01 3.595454e-01 9.664633e-01 1.455431e+00 2.426852e+00 2.275655e+00 2.845378e+00 2.673042e+00 2.561840e+00 2.303808e+00 3.020146e+00 1.937117e+00 2.200004e+00 6.984533e-04
<GCONST> 8.806363e+01
<MIXTURE> 109 6.661064e-03
<MEAN> 25
 4.078953e+00 -1.055176e+01 -8.307000e+00 -1.363349e+00 2.753808e+00 -4.435233e-02 -6.947386e-02 1.455599e+00 -2.571533e+00 -8.374611e+00 -5.385905e+00 6.381705e-02 -3.290868e-02 -1.324811e-01 -3.310838e-02 2.508125e-01 1.969537e-01 1.186484e-01 -1.251376e-01 -1.051593e-01 -4.090896e-02 -1.307368e-01 2.187762e-01 1.233586e-02 -3.512846e-03
<VARIANCE> 25
 9.121006e+00 1.818599e+01 1.998725e+01 3.149619e+01 4.081089e+01 3.677639e+01 4.662247e+01 3.437169e+01 4.605235e+01 3.525327e+01 2.956870e+01 2.816973e+01 1.932787e-01 4.230132e-01 5.383944e-01 6.343464e-01 1.230946e+00 9.937168e-01 1.257963e+00 1.093522e+00 1.118246e+00 9.525304e-01 8.778939e-01 8.854488e-01 1.820988e-04
<GCONST> 7.445591e+01
<MIXTURE> 110 6.661064e-03
<MEAN> 25
 4.078953e+00 -1.055176e+01 -8.307000e+00 -1.363349e+00 2.753808e+00 -4.435233e-02 -6.947386e-02 1.455599e+00 -2.571533e+00 -8.374611e+00 -5.385905e+00 6.381705e-02 -3.290868e-02 -1.324811e-01 -3.310838e-02 2.508125e-01 1.969537e-01 1.186484e-01 -1.251376e-01 -1.051593e-01 -4.090896e-02 -1.307368e-01 2.187762e-01 1.233586e-02 -3.512846e-03
<VARIANCE> 25
 9.121006e+00 1.818599e+01 1.998725e+01 3.149619e+01 4.081089e+01 3.677639e+01 4.662247e+01 3.437169e+01 4.605235e+01 3.525327e+01 2.956870e+01 2.816973e+01 1.932787e-01 4.230132e-01 5.383944e-01 6.343464e-01 1.230946e+00 9.937168e-01 1.257963e+00 1.093522e+00 1.118246e+00 9.525304e-01 8.778939e-01 8.854488e-01 1.820988e-04
<GCONST> 7.445591e+01
<MIXTURE> 111 4.337247e-03
<MEAN> 25
 -4.559206e+00 -9.611979e-01 -1.775108e+00 1.586208e+00 9.316386e-01 8.681996e-01 2.793018e-01 1.761807e-01 2.355090e-01 -5.988849e-01 -5.712576e-01 1.964267e+00 -1.217406e-02 -2.350732e-02 -7.687404e-02 -6.493554e-02 -2.091940e-02 -1.850563e-02 -7.408779e-03 -3.235862e-02 -1.363909e-01 -2.336926e-01 -1.895866e-01 -1.317975e-01 -6.106733e-05
<VARIANCE> 25
 7.247339e+00 5.043938e+00 1.016888e+01 9.777310e+00 1.292328e+01 2.387079e+01 1.446437e+01 1.300501e+01 1.246937e+01 1.186839e+01 1.354979e+01 1.137239e+01 8.190691e-02 1.646366e-01 2.711272e-01 4.165545e-01 5.723659e-01 7.274017e-01 7.914916e-01 8.790126e-01 8.847978e-01 8.883350e-01 8.505861e-01 8.659969e-01 2.311789e-05
<GCONST> 5.620101e+01
<MIXTURE> 112 4.337247e-03
<MEAN> 25
 -4.559206e+00 -9.611979e-01 -1.775108e+00 1.586208e+00 9.316386e-01 8.681996e-01 2.793018e-01 1.761807e-01 2.355090e-01 -5.988849e-01 -5.712576e-01 1.964267e+00 -1.217406e-02 -2.350732e-02 -7.687404e-02 -6.493554e-02 -2.091940e-02 -1.850563e-02 -7.408779e-03 -3.235862e-02 -1.363909e-01 -2.336926e-01 -1.895866e-01 -1.317975e-01 -6.106733e-05
<VARIANCE> 25
 7.247339e+00 5.043938e+00 1.016888e+01 9.777310e+00 1.292328e+01 2.387079e+01 1.446437e+01 1.300501e+01 1.246937e+01 1.186839e+01 1.354979e+01 1.137239e+01 8.190691e-02 1.646366e-01 2.711272e-01 4.165545e-01 5.723659e-01 7.274017e-01 7.914916e-01 8.790126e-01 8.847978e-01 8.883350e-01 8.505861e-01 8.659969e-01 2.311789e-05
<GCONST> 5.620101e+01
<MIXTURE> 113 5.938666e-03
<MEAN> 25
 9.990557e+00 1.287779e+00 -9.182018e+00 -1.781599e+01 -3.918360e-01 6.083397e+00 -4.542396e+00 -8.392200e-01 -5.436626e+00 2.538936e-01 -2.854574e-01 -4.828221e-01 -2.383378e-02 -6.619608e-02 -1.351144e-01 -9.620277e-02 1.362640e-01 1.440373e-01 4.991943e-02 6.942014e-02 6.839516e-03 -2.051371e-01 7.348361e-02 8.841421e-02 -1.244552e-03
<VARIANCE> 25
 8.780147e+00 1.585354e+01 2.674686e+01 3.248561e+01 4.763699e+01 3.018186e+01 4.052207e+01 3.876075e+01 3.237661e+01 4.340904e+01 3.326110e+01 2.495322e+01 1.380071e-01 4.082745e-01 3.087965e-01 6.002444e-01 6.184625e-01 6.020870e-01 7.465007e-01 9.788239e-01 8.662024e-01 1.109141e+00 6.835355e-01 6.382093e-01 1.291655e-04
<GCONST> 7.056219e+01
<MIXTURE> 114 5.938666e-03
<MEAN> 25
 9.990557e+00 1.287779e+00 -9.182018e+00 -1.781599e+01 -3.918360e-01 6.083397e+00 -4.542396e+00 -8.392200e-01 -5.436626e+00 2.538936e-01 -2.854574e-01 -4.828221e-01 -2.383378e-02 -6.619608e-02 -1.351144e-01 -9.620277e-02 1.362640e-01 1.440373e-01 4.991943e-02 6.942014e-02 6.839516e-03 -2.051371e-01 7.348361e-02 8.841421e-02 -1.244552e-03
<VARIANCE> 25
 8.780147e+00 1.585354e+01 2.674686e+01 3.248561e+01 4.763699e+01 3.018186e+01 4.052207e+01 3.876075e+01 3.237661e+01 4.340904e+01 3.326110e+01 2.495322e+01 1.380071e-01 4.082745e-01 3.087965e-01 6.002444e-01 6.184625e-01 6.020870e-01 7.465007e-01 9.788239e-01 8.662024e-01 1.109141e+00 6.835355e-01 6.382093e-01 1.291655e-04
<GCONST> 7.056219e+01
<MIXTURE> 115 2.935202e-03
<MEAN> 25
 -4.062068e+00 -7.645642e-01 -3.099746e+00 3.615640e+00 2.399380e+00 -3.972802e-01 2.222449e+00 3.456411e-01 1.421875e+00 -1.618022e-02 4.341887e-02 2.706209e+00 2.283428e-02 -6.373762e-02 -2.307710e-01 -4.427098e-01 -6.311899e-01 -6.675199e-01 -5.885204e-01 -5.062456e-01 -4.727868e-01 -4.469569e-01 -3.244960e-01 -1.579369e-01 -8.046748e-06
<VARIANCE> 25
 9.364650e+00 9.920976e+00 1.347682e+01 1.298807e+01 1.343712e+01 1.757827e+01 1.703846e+01 2.136631e+01 1.796040e+01 1.708868e+01 1.905954e+01 1.458900e+01 2.129617e-01 3.520273e-01 4.814437e-01 5.620546e-01 6.311815e-01 7.921636e-01 1.001155e+00 1.123796e+00 1.098487e+00 1.001178e+00 1.062485e+00 1.063599e+00 9.995460e-07
<GCONST> 6.028824e+01
<MIXTURE> 116 2.935202e-03
<MEAN> 25
 -4.062068e+00 -7.645642e-01 -3.099746e+00 3.615640e+00 2.399380e+00 -3.972802e-01 2.222449e+00 3.456411e-01 1.421875e+00 -1.618022e-02 4.341887e-02 2.706209e+00 2.283428e-02 -6.373762e-02 -2.307710e-01 -4.427098e-01 -6.311899e-01 -6.675199e-01 -5.885204e-01 -5.062456e-01 -4.727868e-01 -4.469569e-01 -3.244960e-01 -1.579369e-01 -8.046748e-06
<VARIANCE> 25
 9.364650e+00 9.920976e+00 1.347682e+01 1.298807e+01 1.343712e+01 1.757827e+01 1.703846e+01 2.136631e+01 1.796040e+01 1.708868e+01 1.905954e+01 1.458900e+01 2.129617e-01 3.520273e-01 4.814437e-01 5.620546e-01 6.311815e-01 7.921636e-01 1.001155e+00 1.123796e+00 1.098487e+00 1.001178e+00 1.062485e+00 1.063599e+00 9.995460e-07
<GCONST> 6.028824e+01
<MIXTURE> 117 6.506003e-03
<MEAN> 25
 -4.558482e+00 1.329214e+00 7.745109e-01 9.634502e+00 6.113824e+00 6.093348e+00 6.523135e+00 4.989614e+00 6.734666e+00 4.794924e+00 6.210572e+00 2.950052e+00 -5.903813e-02 -2.303647e-01 -3.473133e-01 -3.939299e-01 -3.403054e-01 -3.059236e-01 -2.749003e-01 -3.620300e-01 -3.762145e-01 -3.193779e-01 -2.844641e-01 -1.326733e-01 7.093873e-06
<VARIANCE> 25
 6.949136e+00 9.104670e+00 1.046048e+01 1.377812e+01 1.542763e+01 1.517579e+01 1.689892e+01 1.739304e+01 1.827737e+01 1.600313e+01 1.640659e+01 1.506055e+01 2.108338e-01 3.055234e-01 4.107716e-01 6.047795e-01 8.222972e-01 1.024538e+00 1.152867e+00 1.225587e+00 1.218541e+00 1.185461e+00 1.126362e+00 1.079240e+00 1.086119e-06
<GCONST> 6.026177e+01
<MIXTURE> 118 6.506003e-03
<MEAN> 25
 -4.558482e+00 1.329214e+00 7.745109e-01 9.634502e+00 6.113824e+00 6.093348e+00 6.523135e+00 4.989614e+00 6.734666e+00 4.794924e+00 6.210572e+00 2.950052e+00 -5.903813e-02 -2.303647e-01 -3.473133e-01 -3.939299e-01 -3.403054e-01 -3.059236e-01 -2.749003e-01 -3.620300e-01 -3.762145e-01 -3.193779e-01 -2.844641e-01 -1.326733e-01 7.093873e-06
<VARIANCE> 25
 6.949136e+00 9.104670e+00 1.046048e+01 1.377812e+01 1.542763e+01 1.517579e+01 1.689892e+01 1.739304e+01 1.827737e+01 1.600313e+01 1.640659e+01 1.506055e+01 2.108338e-01 3.055234e-01 4.107716e-01 6.047795e-01 8.222972e-01 1.024538e+00 1.152867e+00 1.225587e+00 1.218541e+00 1.185461e+00 1.126362e+00 1.079240e+00 1.086119e-06
<GCONST> 6.026177e+01
<MIXTURE> 119 4.297961e-03
<MEAN> 25
 -4.992247e+00 -7.619017e+00 2.201520e+00 1.988191e+00 2.227819e+00 1.902915e-01 5.239325e+00 5.893304e+00 1.194495e+00 9.538732e-01 6.599114e+00 1.572529e+00 -4.804671e-02 -7.774952e-02 3.588601e-02 -5.483249e-02 -1.227120e-01 -1.808533e-01 -6.682374e-02 -9.179764e-03 -9.508076e-02 -1.182223e-01 -5.685589e-02 -6.356478e-02 1.141296e-03
<VARIANCE> 25
 8.529854e+00 9.828784e+00 1.670370e+01 2.029861e+01 2.280676e+01 2.317689e+01 2.519724e+01 2.691339e+01 2.512619e+01 2.801633e+01 2.037669e+01 2.033172e+01 1.614508e-01 2.821938e-01 4.582660e-01 6.317743e-01 8.029644e-01 1.003140e+00 1.100683e+00 1.277843e+00 1.293715e+00 1.252595e+00 1.200142e+00 1.117178e+00 2.308949e-04
<GCONST> 6.977383e+01
<MIXTURE> 120 4.297961e-03
<MEAN> 25
 -4.992247e+00 -7.619017e+00 2.201520e+00 1.988191e+00 2.227819e+00 1.902915e-01 5.239325e+00 5.893304e+00 1.194495e+00 9.538732e-01 6.599114e+00 1.572529e+00 -4.804671e-02 -7.774952e-02 3.588601e-02 -5.483249e-02 -1.227120e-01 -1.808533e-01 -6.682374e-02 -9.179764e-03 -9.508076e-02 -1.182223e-01 -5.685589e-02 -6.356478e-02 1.141296e-03
<VARIANCE> 25
 8.529854e+00 9.828784e+00 1.670370e+01 2.029861e+01 2.280676e+01 2.317689e+01 2.519724e+01 2.691339e+01 2.512619e+01 2.801633e+01 2.037669e+01 2.033172e+01 1.614508e-01 2.821938e-01 4.582660e-01 6.317743e-01 8.029644e-01 1.003140e+00 1.100683e+00 1.277843e+00 1.293715e+00 1.252595e+00 1.200142e+00 1.117178e+00 2.308949e-04
<GCONST> 6.977383e+01
<MIXTURE> 121 4.567511e-03
<MEAN> 25
 2.018391e-01 -2.505863e+00 5.192532e+00 -1.284834e+01 -1.267689e+01 -1.630291e+00 9.684131e-01 -5.062465e+00 -4.233338e+00 -4.979148e-01 -5.456715e+00 -4.325419e+00 2.360702e-02 1.357048e-01 -4.101651e-02 7.396919e-02 1.583373e-01 9.682479e-02 -7.570013e-02 -1.972501e-01 -2.687166e-01 -2.515616e-01 -1.185465e-01 2.841023e-04 -7.528437e-03
<VARIANCE> 25
 7.689989e+00 1.555257e+01 1.739023e+01 2.066438e+01 2.438967e+01 2.925138e+01 2.947895e+01 2.473679e+01 3.522203e+01 2.815944e+01 2.000342e+01 2.106539e+01 1.542974e-01 6.407335e-01 6.193038e-01 7.051983e-01 7.664229e-01 1.193540e+00 1.113369e+00 1.142885e+00 1.209433e+00 1.190452e+00 9.379764e-01 8.669702e-01 2.115352e-04
<GCONST> 7.142651e+01
<MIXTURE> 122 4.567511e-03
<MEAN> 25
 2.018391e-01 -2.505863e+00 5.192532e+00 -1.284834e+01 -1.267689e+01 -1.630291e+00 9.684131e-01 -5.062465e+00 -4.233338e+00 -4.979148e-01 -5.456715e+00 -4.325419e+00 2.360702e-02 1.357048e-01 -4.101651e-02 7.396919e-02 1.583373e-01 9.682479e-02 -7.570013e-02 -1.972501e-01 -2.687166e-01 -2.515616e-01 -1.185465e-01 2.841023e-04 -7.528437e-03
<VARIANCE> 25
 7.689989e+00 1.555257e+01 1.739023e+01 2.066438e+01 2.438967e+01 2.925138e+01 2.947895e+01 2.473679e+01 3.522203e+01 2.815944e+01 2.000342e+01 2.106539e+01 1.542974e-01 6.407335e-01 6.193038e-01 7.051983e-01 7.664229e-01 1.193540e+00 1.113369e+00 1.142885e+00 1.209433e+00 1.190452e+00 9.379764e-01 8.669702e-01 2.115352e-04
<GCONST> 7.142651e+01
<MIXTURE> 123 4.393044e-03
<MEAN> 25
 -4.242969e+00 1.253981e+00 -4.347563e-02 6.233595e+00 5.345699e+00 3.488515e+00 3.578116e+00 4.604024e-01 6.264465e-01 -5.320114e-01 4.524195e-02 9.313418e-01 -4.539613e-01 -7.534859e-01 -8.345497e-01 -6.134096e-01 -2.920434e-01 4.738225e-02 3.767078e-01 6.805254e-01 8.147403e-01 7.722358e-01 6.854791e-01 5.364060e-01 -2.695506e-03
<VARIANCE> 25
 1.021921e+01 1.244164e+01 1.527266e+01 1.709331e+01 2.166136e+01 2.866162e+01 2.257134e+01 1.893128e+01 2.029336e+01 1.696483e+01 2.141916e+01 1.904178e+01 3.840005e-01 3.629716e-01 5.026148e-01 7.101365e-01 9.557763e-01 1.093942e+00 1.145930e+00 1.155734e+00 1.135563e+00 1.126883e+00 1.191094e+00 1.159772e+00 9.548116e-05
<GCONST> 6.933577e+01
<MIXTURE> 124 4.069876e-03
<MEAN> 25
 -6.095738e+00 -5.138889e-01 -3.103042e+00 5.358097e+00 5.099159e+00 3.738930e+00 5.830812e+00 2.674757e+00 3.739133e+00 1.233819e+00 1.163218e+00 3.209206e+00 -1.868292e-01 -3.354115e-01 -3.529545e-01 -2.124579e-01 5.633460e-02 4.589347e-01 7.407925e-01 9.061444e-01 6.634343e-01 3.203650e-01 8.177634e-02 4.905195e-02 2.493976e-04
<VARIANCE> 25
 1.147834e+01 1.007146e+01 1.050268e+01 1.165008e+01 1.132546e+01 1.917108e+01 1.594804e+01 1.649020e+01 1.619086e+01 1.466141e+01 1.754785e+01 1.409504e+01 9.884267e-02 1.543844e-01 2.466727e-01 4.487363e-01 6.518045e-01 6.741148e-01 7.698677e-01 7.847306e-01 9.313432e-01 9.434335e-01 9.152117e-01 9.544278e-01 1.776368e-05
<GCONST> 5.852419e+01
<MIXTURE> 125 4.069876e-03
<MEAN> 25
 -6.095738e+00 -5.138889e-01 -3.103042e+00 5.358097e+00 5.099159e+00 3.738930e+00 5.830812e+00 2.674757e+00 3.739133e+00 1.233819e+00 1.163218e+00 3.209206e+00 -1.868292e-01 -3.354115e-01 -3.529545e-01 -2.124579e-01 5.633460e-02 4.589347e-01 7.407925e-01 9.061444e-01 6.634343e-01 3.203650e-01 8.177634e-02 4.905195e-02 2.493976e-04
<VARIANCE> 25
 1.147834e+01 1.007146e+01 1.050268e+01 1.165008e+01 1.132546e+01 1.917108e+01 1.594804e+01 1.649020e+01 1.619086e+01 1.466141e+01 1.754785e+01 1.409504e+01 9.884267e-02 1.543844e-01 2.466727e-01 4.487363e-01 6.518045e-01 6.741148e-01 7.698677e-01 7.847306e-01 9.313432e-01 9.434335e-01 9.152117e-01 9.544278e-01 1.776368e-05
<GCONST> 5.852419e+01
<MIXTURE> 126 2.402244e-03
<MEAN> 25
 -4.080088e+00 -6.751561e+00 -5.274612e+00 1.864822e+00 3.981992e+00 -3.272824e+00 -7.301100e-02 2.984484e+00 3.434945e+00 -2.800670e+00 -1.296093e+00 2.880951e+00 3.876475e-02 -1.865689e-02 -6.051368e-02 -1.241165e-01 -2.804062e-01 -3.863729e-01 -2.393744e-01 -9.130035e-02 -1.764703e-01 -1.355487e-01 -1.249747e-01 -6.071204e-02 -6.629751e-04
<VARIANCE> 25
 8.172303e+00 1.237396e+01 1.310381e+01 1.719265e+01 2.445132e+01 2.221779e+01 2.205028e+01 3.160985e+01 3.056576e+01 2.545306e+01 2.125978e+01 1.886720e+01 2.053807e-01 3.586975e-01 4.616112e-01 5.493104e-01 7.464284e-01 9.686947e-01 1.095084e+00 1.276708e+00 1.471530e+00 1.338119e+00 1.312160e+00 1.152725e+00 2.096186e-04
<GCONST> 7.012769e+01
<MIXTURE> 127 2.402244e-03
<MEAN> 25
 -4.080088e+00 -6.751561e+00 -5.274612e+00 1.864822e+00 3.981992e+00 -3.272824e+00 -7.301100e-02 2.984484e+00 3.434945e+00 -2.800670e+00 -1.296093e+00 2.880951e+00 3.876475e-02 -1.865689e-02 -6.051368e-02 -1.241165e-01 -2.804062e-01 -3.863729e-01 -2.393744e-01 -9.130035e-02 -1.764703e-01 -1.355487e-01 -1.249747e-01 -6.071204e-02 -6.629751e-04
<VARIANCE> 25
 8.172303e+00 1.237396e+01 1.310381e+01 1.719265e+01 2.445132e+01 2.221779e+01 2.205028e+01 3.160985e+01 3.056576e+01 2.545306e+01 2.125978e+01 1.886720e+01 2.053807e-01 3.586975e-01 4.616112e-01 5.493104e-01 7.464284e-01 9.686947e-01 1.095084e+00 1.276708e+00 1.471530e+00 1.338119e+00 1.312160e+00 1.152725e+00 2.096186e-04
<GCONST> 7.012769e+01
<MIXTURE> 128 3.790457e-03
<MEAN> 25
 -3.929191e+00 1.556946e+00 -3.537212e-01 6.574304e+00 3.623768e+00 1.856655e+00 3.590406e+00 2.364852e+00 3.981110e+00 3.693745e+00 3.759681e+00 3.531260e+00 -3.948188e-01 -1.958558e-01 9.644414e-02 7.242510e-01 1.181661e+00 1.133358e+00 7.164910e-01 1.308014e-01 -4.405590e-01 -7.852826e-01 -7.009622e-01 -3.941197e-01 -3.603523e-05
<VARIANCE> 25
 1.019173e+01 1.175360e+01 1.499273e+01 1.927087e+01 1.998875e+01 2.117715e+01 2.428505e+01 2.468195e+01 2.644364e+01 2.387947e+01 2.676752e+01 1.815939e+01 8.905398e-01 1.144703e+00 1.364869e+00 1.500521e+00 1.577955e+00 1.858876e+00 2.242832e+00 2.319628e+00 2.147666e+00 1.855199e+00 1.740641e+00 1.745554e+00 1.009425e-06
<GCONST> 7.362616e+01
<TRANSP> 3
 0.000000e+00 1.000000e+00 0.000000e+00
 0.000000e+00 9.999990e-01 9.999998e-07
 0.000000e+00 0.000000e+00 0.000000e+00
<ENDHMM>
