~o
<STREAMINFO> 1 25
<VECSIZE> 25<NULLD><MFCC_E_D_N><DIAGC>
~h "jmodel"
<BEGINHMM>
<NUMSTATES> 3
<STATE> 2
<NUMMIXES> 128
<MIXTURE> 1 5.748963e-03
<MEAN> 25
 -2.601794e+00 3.400420e+00 2.079973e+00 8.231982e+00 4.032345e+00 3.403641e+00 4.260273e+00 3.480219e+00 6.044889e+00 4.627364e+00 5.810284e+00 3.331551e+00 -1.996883e+00 -1.535346e+00 -8.678671e-01 1.130018e+00 1.591745e+00 2.178534e+00 2.138443e+00 1.945603e+00 1.740717e+00 1.155751e+00 1.483993e+00 6.130287e-01 -4.948119e-02
<VARIANCE> 25
 9.412631e+00 1.154883e+01 1.477897e+01 2.175340e+01 2.294900e+01 2.269180e+01 2.190963e+01 2.445199e+01 1.998919e+01 2.570564e+01 1.963114e+01 1.713633e+01 1.657156e+00 2.113008e+00 2.838719e+00 3.115572e+00 3.506414e+00 3.212286e+00 3.271533e+00 3.446713e+00 3.463996e+00 3.711614e+00 3.413789e+00 2.810953e+00 2.989289e-03
<GCONST> 8.828744e+01
<MIXTURE> 2 4.549242e-03
<MEAN> 25
 -4.913769e+00 1.387294e+00 1.041891e+00 9.815988e+00 6.648186e+00 7.340713e+00 8.018202e+00 6.799792e+00 8.481215e+00 6.162674e+00 7.480397e+00 3.186808e+00 -5.945721e-02 4.855919e-02 1.362860e-01 2.101678e-01 2.623679e-01 2.577488e-01 2.755856e-01 3.193595e-01 3.597459e-01 2.905718e-01 2.180716e-01 3.185621e-02 2.652705e-05
<VARIANCE> 25
 6.759491e+00 8.774801e+00 1.036780e+01 1.560222e+01 1.671225e+01 1.526653e+01 1.731758e+01 1.856063e+01 1.649269e+01 1.825922e+01 1.815860e+01 1.432399e+01 1.224320e-01 2.221697e-01 3.273886e-01 4.613023e-01 6.299694e-01 8.047048e-01 9.096755e-01 9.737799e-01 1.020630e+00 1.055031e+00 1.059619e+00 1.085490e+00 1.047276e-06
<GCONST> 5.784830e+01
<MIXTURE> 3 4.549242e-03
<MEAN> 25
 -4.913769e+00 1.387294e+00 1.041891e+00 9.815988e+00 6.648186e+00 7.340713e+00 8.018202e+00 6.799792e+00 8.481215e+00 6.162674e+00 7.480397e+00 3.186808e+00 -5.945721e-02 4.855919e-02 1.362860e-01 2.101678e-01 2.623679e-01 2.577488e-01 2.755856e-01 3.193595e-01 3.597459e-01 2.905718e-01 2.180716e-01 3.185621e-02 2.652705e-05
<VARIANCE> 25
 6.759491e+00 8.774801e+00 1.036780e+01 1.560222e+01 1.671225e+01 1.526653e+01 1.731758e+01 1.856063e+01 1.649269e+01 1.825922e+01 1.815860e+01 1.432399e+01 1.224320e-01 2.221697e-01 3.273886e-01 4.613023e-01 6.299694e-01 8.047048e-01 9.096755e-01 9.737799e-01 1.020630e+00 1.055031e+00 1.059619e+00 1.085490e+00 1.047276e-06
<GCONST> 5.784830e+01
<MIXTURE> 4 1.671429e-02
<MEAN> 25
 2.845769e+00 2.555090e+00 -2.467004e+00 1.152881e+00 3.753414e+00 -4.458309e-01 5.152824e-01 5.014613e-03 2.054374e+00 1.158125e+00 -3.095582e+00 -1.071810e+00 -2.211277e+00 1.313470e+00 1.206913e+00 2.856226e+00 9.108310e-01 3.850511e-01 1.923159e+00 1.767609e-01 2.070733e+00 -6.247735e-01 1.381873e+00 7.791215e-01 -1.253052e-01
<VARIANCE> 25
 1.556797e+01 2.241052e+01 2.200420e+01 3.518204e+01 3.032519e+01 5.004087e+01 5.501490e+01 4.034127e+01 4.463807e+01 7.320792e+01 3.916716e+01 2.595599e+01 1.991986e+00 3.511752e+00 3.165643e+00 3.644307e+00 3.356598e+00 4.148914e+00 4.619082e+00 4.925354e+00 5.093792e+00 6.679155e+00 4.573730e+00 3.628129e+00 4.776630e-03
<GCONST> 9.964056e+01
<MIXTURE> 5 3.206198e-03
<MEAN> 25
 -3.417352e+00 2.181477e+00 6.106890e-01 9.428705e+00 6.697002e+00 6.315889e+00 7.112815e+00 4.723240e+00 5.496359e+00 3.847573e+00 4.658439e+00 2.606768e+00 -3.246287e-01 7.528413e-01 1.224751e+00 1.032583e+00 3.076409e-01 -1.001793e-01 -8.380573e-02 3.359570e-02 4.580392e-01 6.836697e-01 4.038835e-01 8.802247e-02 -2.763750e-05
<VARIANCE> 25
 1.025034e+01 1.394221e+01 2.348519e+01 2.561526e+01 2.021966e+01 1.942422e+01 2.011375e+01 2.035815e+01 2.141947e+01 2.128605e+01 2.409681e+01 1.635932e+01 1.209999e+00 1.244327e+00 1.357118e+00 1.673478e+00 2.284641e+00 2.376147e+00 2.301355e+00 2.275198e+00 2.315381e+00 2.238100e+00 2.085460e+00 1.873909e+00 1.000124e-06
<GCONST> 7.516559e+01
<MIXTURE> 6 5.475854e-03
<MEAN> 25
 9.570524e+00 7.587081e-02 -5.962915e+00 -1.016125e+01 -1.723737e+00 6.830401e+00 -6.166220e+00 -5.384888e+00 -4.524005e+00 1.415222e+00 5.068237e+00 -1.538387e+00 4.663720e-01 8.841847e-01 -2.454903e-01 -1.218916e+00 -4.785255e-01 1.286997e+00 1.696765e+00 -4.619651e-02 -1.248706e+00 -1.333920e+00 2.308872e-01 1.171510e+00 -1.053517e-02
<VARIANCE> 25
 7.809794e+00 1.606579e+01 2.341439e+01 3.788538e+01 3.258165e+01 2.741097e+01 4.142181e+01 3.444521e+01 4.029461e+01 3.649073e+01 3.793475e+01 2.483530e+01 2.782327e-01 7.512634e-01 9.215974e-01 2.137709e+00 1.585210e+00 1.744714e+00 1.943472e+00 2.387006e+00 2.097576e+00 1.932702e+00 2.124304e+00 1.328215e+00 7.297368e-04
<GCONST> 8.264496e+01
<MIXTURE> 7 5.475854e-03
<MEAN> 25
 9.570524e+00 7.587081e-02 -5.962915e+00 -1.016125e+01 -1.723737e+00 6.830401e+00 -6.166220e+00 -5.384888e+00 -4.524005e+00 1.415222e+00 5.068237e+00 -1.538387e+00 4.663720e-01 8.841847e-01 -2.454903e-01 -1.218916e+00 -4.785255e-01 1.286997e+00 1.696765e+00 -4.619651e-02 -1.248706e+00 -1.333920e+00 2.308872e-01 1.171510e+00 -1.053517e-02
<VARIANCE> 25
 7.809794e+00 1.606579e+01 2.341439e+01 3.788538e+01 3.258165e+01 2.741097e+01 4.142181e+01 3.444521e+01 4.029461e+01 3.649073e+01 3.793475e+01 2.483530e+01 2.782327e-01 7.512634e-01 9.215974e-01 2.137709e+00 1.585210e+00 1.744714e+00 1.943472e+00 2.387006e+00 2.097576e+00 1.932702e+00 2.124304e+00 1.328215e+00 7.297368e-04
<GCONST> 8.264496e+01
<MIXTURE> 8 1.165917e-02
<MEAN> 25
 -4.860216e+00 1.707599e+00 1.397085e+00 9.499043e+00 6.129282e+00 5.974015e+00 6.758288e+00 5.317494e+00 7.558787e+00 4.612600e+00 6.163466e+00 3.472865e+00 -5.620288e-01 -1.405826e+00 -1.279017e+00 -1.922179e+00 -1.123099e-01 -7.246840e-01 -1.970094e-01 -4.712979e-01 -5.100760e-01 -8.980290e-02 -1.502337e-01 6.361366e-02 9.901421e-02
<VARIANCE> 25
 8.654084e+00 9.637808e+00 1.095437e+01 1.505072e+01 1.575368e+01 1.475023e+01 1.661267e+01 1.644760e+01 1.961481e+01 2.147337e+01 1.758935e+01 1.595094e+01 2.588573e+00 2.457972e+00 4.182580e+00 3.719434e+00 3.079382e+00 3.300914e+00 2.767409e+00 3.175129e+00 3.050904e+00 2.381319e+00 2.157377e+00 2.079697e+00 6.078742e-03
<GCONST> 8.568278e+01
<MIXTURE> 9 1.199672e-02
<MEAN> 25
 9.022414e+00 3.239105e+00 -6.104416e+00 -1.023679e+01 -2.311065e+00 4.743489e+00 -2.287159e+00 -1.721765e+00 -6.268992e+00 -1.322788e-01 9.726024e-01 -6.468604e-01 1.532386e+00 -7.364426e-02 -2.955676e-01 -2.471645e+00 -1.660690e+00 4.948929e-01 -1.250312e+00 -2.640465e-01 -5.123429e-01 -5.716897e-01 4.773113e-01 -1.374275e-01 7.067572e-02
<VARIANCE> 25
 1.190052e+01 1.956766e+01 3.080382e+01 5.022721e+01 4.572279e+01 2.957476e+01 4.026468e+01 4.972245e+01 4.534189e+01 4.838262e+01 3.392460e+01 2.786482e+01 1.980695e+00 2.222926e+00 4.420728e+00 4.810907e+00 4.592609e+00 4.707230e+00 4.465734e+00 5.437852e+00 5.552845e+00 3.813159e+00 3.820908e+00 2.571045e+00 2.061015e-03
<GCONST> 9.805375e+01
<MIXTURE> 10 6.596976e-03
<MEAN> 25
 4.499395e-01 7.339944e+00 5.091363e+00 7.444471e+00 1.803957e+00 -2.821784e+00 5.857021e-03 -2.059525e+00 1.510067e+00 2.000483e-01 7.395415e-01 6.139663e-01 -1.910585e+00 -3.690837e-01 -5.219666e-01 2.922802e+00 2.374328e+00 2.537768e+00 2.304603e+00 1.959496e+00 1.957544e+00 1.422246e+00 2.203335e+00 6.107432e-01 -1.374363e-01
<VARIANCE> 25
 1.948914e+01 2.055765e+01 2.069447e+01 2.959023e+01 3.495269e+01 4.224783e+01 3.564941e+01 3.343073e+01 2.925523e+01 3.194599e+01 2.651275e+01 2.337012e+01 2.051240e+00 3.942085e+00 5.088340e+00 4.848213e+00 5.053991e+00 4.374954e+00 4.536328e+00 5.258422e+00 4.278337e+00 5.214777e+00 4.217999e+00 3.035620e+00 2.734621e-03
<GCONST> 9.732409e+01
<MIXTURE> 11 1.633820e-02
<MEAN> 25
 7.326659e+00 3.963956e+00 3.694651e+00 4.614390e+00 -2.390072e+00 -1.363626e+00 -2.046470e+00 -6.963419e+00 -4.063024e+00 -2.071842e-01 -2.173403e+00 -1.758433e+00 -3.703966e-01 4.949631e-01 2.467371e-01 4.889089e-01 4.537108e-01 -1.768741e-01 3.890542e-01 -5.351573e-02 2.710341e-01 -1.415099e-01 -4.237301e-01 1.306469e-01 -2.412577e-02
<VARIANCE> 25
 1.054797e+01 2.548316e+01 1.906894e+01 3.348977e+01 3.960605e+01 3.575054e+01 4.447905e+01 3.817174e+01 4.477738e+01 3.586089e+01 3.199197e+01 3.183408e+01 8.454784e-01 1.123397e+00 1.573537e+00 2.204314e+00 1.875656e+00 2.204107e+00 2.054632e+00 2.955770e+00 2.842926e+00 1.948978e+00 1.964205e+00 1.693562e+00 1.192393e-03
<GCONST> 8.759785e+01
<MIXTURE> 12 5.904134e-03
<MEAN> 25
 1.012307e+01 2.414635e+00 -4.301601e+00 -1.615651e+01 -8.992463e+00 9.593899e+00 -8.424457e-01 -1.276714e+00 -2.182305e+00 -4.179771e+00 9.578410e-01 6.496769e-01 3.814578e-02 2.789028e-01 1.020880e-01 -3.105949e-01 -3.242198e-01 9.390079e-03 3.863475e-01 1.928624e-01 2.238919e-01 -4.083735e-01 -2.798554e-01 1.012783e-01 -8.741894e-03
<VARIANCE> 25
 8.391231e+00 2.299894e+01 1.886108e+01 3.000399e+01 3.517564e+01 2.787486e+01 3.412824e+01 4.250468e+01 3.719320e+01 3.238405e+01 3.318702e+01 2.346413e+01 2.469233e-01 5.836022e-01 5.973842e-01 9.611037e-01 1.121453e+00 9.023305e-01 9.967885e-01 1.331760e+00 1.070813e+00 1.028541e+00 1.225949e+00 8.020641e-01 5.069046e-04
<GCONST> 7.576280e+01
<MIXTURE> 13 5.904134e-03
<MEAN> 25
 1.012307e+01 2.414635e+00 -4.301601e+00 -1.615651e+01 -8.992463e+00 9.593899e+00 -8.424457e-01 -1.276714e+00 -2.182305e+00 -4.179771e+00 9.578410e-01 6.496769e-01 3.814578e-02 2.789028e-01 1.020880e-01 -3.105949e-01 -3.242198e-01 9.390079e-03 3.863475e-01 1.928624e-01 2.238919e-01 -4.083735e-01 -2.798554e-01 1.012783e-01 -8.741894e-03
<VARIANCE> 25
 8.391231e+00 2.299894e+01 1.886108e+01 3.000399e+01 3.517564e+01 2.787486e+01 3.412824e+01 4.250468e+01 3.719320e+01 3.238405e+01 3.318702e+01 2.346413e+01 2.469233e-01 5.836022e-01 5.973842e-01 9.611037e-01 1.121453e+00 9.023305e-01 9.967885e-01 1.331760e+00 1.070813e+00 1.028541e+00 1.225949e+00 8.020641e-01 5.069046e-04
<GCONST> 7.576280e+01
<MIXTURE> 14 6.488954e-03
<MEAN> 25
 -4.432450e+00 5.022134e-02 -8.799738e-01 7.918293e+00 7.502212e+00 8.207319e+00 9.071632e+00 5.703433e+00 8.113609e+00 4.559706e+00 7.050560e+00 4.458563e+00 -4.079237e-01 2.148063e-01 6.264145e-01 5.243018e-01 1.969161e-01 -1.180110e-01 1.793911e-01 4.014243e-01 4.621856e-01 3.896153e-01 1.773970e-01 2.264866e-01 -1.034946e-02
<VARIANCE> 25
 7.921563e+00 1.193097e+01 1.709130e+01 1.951701e+01 1.775435e+01 1.901056e+01 2.266106e+01 2.695105e+01 2.093789e+01 2.145101e+01 2.034668e+01 1.435499e+01 8.511339e-01 1.401267e+00 1.752213e+00 1.737965e+00 2.198658e+00 2.149383e+00 1.893088e+00 2.137724e+00 2.119716e+00 2.151594e+00 2.218342e+00 1.615708e+00 8.410749e-04
<GCONST> 8.028011e+01
<MIXTURE> 15 2.475190e-03
<MEAN> 25
 -5.427077e+00 -6.141926e-01 -1.822640e-01 7.370239e+00 5.716372e+00 5.721347e+00 6.106898e+00 4.937989e+00 5.216884e+00 4.122640e+00 5.488585e+00 2.566029e+00 -1.215642e-01 -3.154318e-02 7.548411e-02 2.380480e-01 4.894380e-01 7.849618e-01 1.066736e+00 1.174939e+00 1.050067e+00 7.486325e-01 4.267332e-01 1.527956e-01 -4.566708e-05
<VARIANCE> 25
 6.941300e+00 5.662366e+00 9.092813e+00 1.281144e+01 1.395059e+01 1.431626e+01 1.502669e+01 1.495629e+01 1.429316e+01 1.419915e+01 1.500991e+01 1.248358e+01 1.242384e-01 2.058261e-01 3.170945e-01 5.085337e-01 7.002291e-01 7.877032e-01 7.611484e-01 7.913551e-01 9.113559e-01 1.021824e+00 1.071610e+00 1.033018e+00 2.815555e-05
<GCONST> 5.859373e+01
<MIXTURE> 16 2.475190e-03
<MEAN> 25
 -5.427077e+00 -6.141926e-01 -1.822640e-01 7.370239e+00 5.716372e+00 5.721347e+00 6.106898e+00 4.937989e+00 5.216884e+00 4.122640e+00 5.488585e+00 2.566029e+00 -1.215642e-01 -3.154318e-02 7.548411e-02 2.380480e-01 4.894380e-01 7.849618e-01 1.066736e+00 1.174939e+00 1.050067e+00 7.486325e-01 4.267332e-01 1.527956e-01 -4.566708e-05
<VARIANCE> 25
 6.941300e+00 5.662366e+00 9.092813e+00 1.281144e+01 1.395059e+01 1.431626e+01 1.502669e+01 1.495629e+01 1.429316e+01 1.419915e+01 1.500991e+01 1.248358e+01 1.242384e-01 2.058261e-01 3.170945e-01 5.085337e-01 7.002291e-01 7.877032e-01 7.611484e-01 7.913551e-01 9.113559e-01 1.021824e+00 1.071610e+00 1.033018e+00 2.815555e-05
<GCONST> 5.859373e+01
<MIXTURE> 17 9.518312e-03
<MEAN> 25
 3.336729e+00 -1.987313e+00 6.211752e+00 2.852502e+00 -4.721889e+00 -8.786565e+00 -4.177937e+00 1.011058e+00 -2.241103e+00 -3.712905e+00 -1.443935e-02 -6.652284e-02 -5.681490e-01 -1.653730e+00 1.463258e+00 -2.243610e+00 -2.503699e+00 -9.679651e-01 -5.300977e-01 1.750333e+00 -1.088830e+00 -4.543172e-01 1.099771e+00 6.778917e-01 9.069966e-02
<VARIANCE> 25
 1.372168e+01 3.145290e+01 2.595927e+01 3.309054e+01 4.219620e+01 6.111496e+01 3.988664e+01 4.226158e+01 3.897856e+01 2.340513e+01 2.405163e+01 2.322048e+01 1.563068e+00 3.026924e+00 3.431246e+00 2.535578e+00 3.299129e+00 7.015491e+00 5.529664e+00 7.207453e+00 5.463545e+00 3.439185e+00 2.758194e+00 2.533830e+00 2.375847e-03
<GCONST> 9.657618e+01
<MIXTURE> 18 1.221018e-02
<MEAN> 25
 2.822967e+00 3.506915e+00 6.064824e+00 5.153527e+00 -2.941333e+00 -8.561709e+00 -1.168950e+00 -2.003874e+00 -1.242988e+00 -3.597338e+00 -1.785864e+00 4.171486e-01 -7.747278e-01 2.388966e+00 -4.903540e-01 2.154572e+00 2.718810e+00 1.635978e+00 1.194358e+00 -5.015456e-01 1.685169e+00 1.948309e-01 2.309178e-02 -2.533451e-01 -1.329191e-01
<VARIANCE> 25
 1.709590e+01 2.562174e+01 2.478873e+01 2.303462e+01 3.441361e+01 4.735454e+01 3.916679e+01 3.403986e+01 4.381473e+01 4.582621e+01 2.836153e+01 2.413147e+01 2.576772e+00 2.723786e+00 4.221054e+00 3.589567e+00 3.446999e+00 4.221682e+00 3.960756e+00 4.665266e+00 5.065662e+00 3.745811e+00 3.515866e+00 3.295316e+00 3.139136e-03
<GCONST> 9.699155e+01
<MIXTURE> 19 9.912824e-03
<MEAN> 25
 -9.555294e+00 1.491977e+00 -1.569352e+00 8.659844e-01 5.030217e+00 2.483253e+00 4.648483e+00 1.000634e+00 1.959923e+00 1.107267e+00 1.492218e+00 2.167447e+00 2.093780e+00 1.513641e+00 2.363279e+00 9.996610e-01 -1.255091e+00 -1.218496e+00 -1.542367e+00 -1.374504e+00 -1.486953e+00 -6.866310e-01 -8.974296e-01 -7.936087e-01 5.340533e-03
<VARIANCE> 25
 6.667767e+01 2.589438e+01 5.101976e+01 5.194789e+01 3.294335e+01 3.758741e+01 3.344677e+01 2.365510e+01 2.451079e+01 2.238122e+01 2.692954e+01 2.081300e+01 1.960586e+00 1.902988e+00 1.854315e+00 2.181717e+00 2.198790e+00 2.039967e+00 3.296156e+00 2.361824e+00 1.732415e+00 2.577367e+00 2.029650e+00 1.585378e+00 2.093197e-03
<GCONST> 9.047765e+01
<MIXTURE> 20 6.308331e-03
<MEAN> 25
 -1.417644e+01 7.409010e+00 8.248011e-01 6.165163e+00 4.849584e+00 1.592585e+00 5.211534e+00 8.475491e-01 9.526577e-01 7.810856e-01 2.566382e+00 -2.818739e-01 -3.282200e+00 -8.639732e-01 -1.566401e+00 3.305584e-01 1.538753e+00 2.063966e+00 1.976435e+00 2.050559e+00 2.134740e+00 2.038139e+00 1.674655e+00 9.441610e-01 4.731628e-02
<VARIANCE> 25
 1.985358e+01 2.338810e+01 3.119752e+01 3.722817e+01 3.077338e+01 2.831129e+01 2.993713e+01 3.137735e+01 2.806795e+01 2.819587e+01 2.506847e+01 2.099805e+01 2.090085e+00 2.190431e+00 1.906109e+00 2.536637e+00 2.692901e+00 2.304270e+00 2.305510e+00 2.318860e+00 2.250332e+00 2.650841e+00 2.263643e+00 1.862040e+00 1.908181e-03
<GCONST> 8.926183e+01
<MIXTURE> 21 7.928653e-03
<MEAN> 25
 3.226810e+00 -4.714431e+00 7.351136e+00 -1.292021e+00 -1.003100e+01 -1.049837e+01 -4.213005e+00 6.436999e+00 -4.178732e+00 -2.211008e+00 -6.884049e-01 9.871100e-01 -6.846662e-01 1.079727e+00 2.684375e+00 2.463961e-03 -1.642513e+00 7.246563e-01 4.138551e-01 -1.442752e+00 -1.912986e+00 1.654126e-01 1.152059e+00 2.491494e-01 -1.314395e-02
<VARIANCE> 25
 7.906168e+00 1.651246e+01 2.999032e+01 2.076361e+01 2.168710e+01 3.415102e+01 3.798348e+01 3.928061e+01 4.081249e+01 3.337246e+01 3.089579e+01 1.875377e+01 3.001706e-01 8.479698e-01 1.588738e+00 1.056483e+00 1.620082e+00 2.412865e+00 2.793228e+00 2.165638e+00 1.593066e+00 2.372947e+00 1.734848e+00 1.744549e+00 3.260494e-04
<GCONST> 8.146840e+01
<MIXTURE> 22 8.827789e-03
<MEAN> 25
 -1.826232e+01 6.915501e+00 -4.875679e+00 7.116978e+00 4.687126e+00 2.172801e+00 8.650617e+00 1.431005e+00 5.743971e+00 2.820214e+00 5.077590e+00 1.531655e+00 -3.809592e-01 -3.615093e-01 -2.015233e-01 -6.903683e-02 6.718697e-03 2.744496e-01 2.940263e-01 2.182671e-01 2.475074e-01 2.611165e-01 1.419523e-02 2.702245e-01 1.349544e-02
<VARIANCE> 25
 8.288841e+00 1.585997e+01 2.027784e+01 2.353064e+01 2.118533e+01 2.167714e+01 1.806345e+01 1.773036e+01 1.751222e+01 2.072689e+01 2.066800e+01 1.338710e+01 1.038482e+00 1.428255e+00 1.346924e+00 1.481231e+00 1.303519e+00 1.623820e+00 1.518196e+00 1.413801e+00 1.467542e+00 1.445364e+00 1.460729e+00 1.118732e+00 1.817022e-03
<GCONST> 7.794051e+01
<MIXTURE> 23 6.455497e-03
<MEAN> 25
 7.983385e+00 2.475840e+00 2.848266e+00 2.286271e+00 -4.678730e+00 -2.875018e+00 -4.339065e+00 -6.461512e+00 -3.640784e+00 -1.108229e+00 -3.782478e+00 -2.225450e+00 4.313434e-02 1.879414e-01 -3.685297e-03 6.635240e-02 -5.188083e-03 8.305278e-02 6.684111e-02 -8.125906e-02 -2.445566e-02 2.510452e-02 -3.525457e-02 4.547930e-02 -4.421189e-03
<VARIANCE> 25
 1.010482e+01 2.169034e+01 2.485058e+01 4.014554e+01 3.814067e+01 5.461480e+01 5.766497e+01 5.330789e+01 4.766745e+01 4.575706e+01 5.043966e+01 3.975444e+01 1.173988e-01 2.885705e-01 3.739832e-01 4.864085e-01 5.814137e-01 7.325988e-01 8.154168e-01 8.821952e-01 8.886424e-01 8.816153e-01 8.372142e-01 7.452261e-01 9.171301e-05
<GCONST> 7.292088e+01
<MIXTURE> 24 6.455497e-03
<MEAN> 25
 7.983385e+00 2.475840e+00 2.848266e+00 2.286271e+00 -4.678730e+00 -2.875018e+00 -4.339065e+00 -6.461512e+00 -3.640784e+00 -1.108229e+00 -3.782478e+00 -2.225450e+00 4.313434e-02 1.879414e-01 -3.685297e-03 6.635240e-02 -5.188083e-03 8.305278e-02 6.684111e-02 -8.125906e-02 -2.445566e-02 2.510452e-02 -3.525457e-02 4.547930e-02 -4.421189e-03
<VARIANCE> 25
 1.010482e+01 2.169034e+01 2.485058e+01 4.014554e+01 3.814067e+01 5.461480e+01 5.766497e+01 5.330789e+01 4.766745e+01 4.575706e+01 5.043966e+01 3.975444e+01 1.173988e-01 2.885705e-01 3.739832e-01 4.864085e-01 5.814137e-01 7.325988e-01 8.154168e-01 8.821952e-01 8.886424e-01 8.816153e-01 8.372142e-01 7.452261e-01 9.171301e-05
<GCONST> 7.292088e+01
<MIXTURE> 25 1.118642e-02
<MEAN> 25
 2.755786e-01 3.316362e+00 1.680970e+01 -1.050687e+00 -1.135205e+01 -1.845381e+00 -5.106803e+00 -2.679682e+00 -7.086393e+00 -5.075056e+00 3.773304e+00 -1.571971e+00 -1.407694e-01 4.352235e-01 2.095871e-01 1.589778e-01 1.639036e-01 1.885285e-01 1.663180e-01 -2.169235e-01 -2.824979e-01 1.029513e-01 -8.143677e-02 -9.431461e-02 -1.265436e-02
<VARIANCE> 25
 8.637749e+00 2.241594e+01 2.019764e+01 2.780968e+01 3.065714e+01 4.020174e+01 2.701722e+01 3.168442e+01 2.821532e+01 3.976294e+01 2.371063e+01 2.694562e+01 5.797563e-01 1.403089e+00 1.418861e+00 1.344213e+00 2.299403e+00 2.203176e+00 1.736236e+00 1.660677e+00 1.547259e+00 1.626673e+00 1.319973e+00 1.276280e+00 1.246582e-03
<GCONST> 8.277334e+01
<MIXTURE> 26 7.727677e-03
<MEAN> 25
 2.064502e+00 -6.178551e+00 -1.025575e+01 -7.648721e-01 7.828602e+00 5.484016e+00 4.230917e+00 -2.419678e-01 2.474822e+00 -9.468019e-01 -2.702412e+00 -9.537199e-01 -6.485314e-01 6.006348e-01 3.647361e-01 7.265695e-01 1.887899e-01 2.588172e-01 3.188835e-01 3.182368e-01 3.349005e-01 6.832393e-02 4.117545e-01 4.113092e-01 -5.248937e-02
<VARIANCE> 25
 2.460917e+01 3.466183e+01 2.595647e+01 6.135764e+01 3.894581e+01 4.278716e+01 4.555719e+01 4.314040e+01 4.059029e+01 5.309032e+01 4.103704e+01 4.586946e+01 1.671895e+00 1.938834e+00 1.900214e+00 1.994333e+00 2.325661e+00 2.347558e+00 2.548753e+00 2.655489e+00 2.397980e+00 2.401199e+00 2.205806e+00 1.981570e+00 3.402503e-03
<GCONST> 9.394673e+01
<MIXTURE> 27 7.727677e-03
<MEAN> 25
 2.064502e+00 -6.178551e+00 -1.025575e+01 -7.648721e-01 7.828602e+00 5.484016e+00 4.230917e+00 -2.419678e-01 2.474822e+00 -9.468019e-01 -2.702412e+00 -9.537199e-01 -6.485314e-01 6.006348e-01 3.647361e-01 7.265695e-01 1.887899e-01 2.588172e-01 3.188835e-01 3.182368e-01 3.349005e-01 6.832393e-02 4.117545e-01 4.113092e-01 -5.248937e-02
<VARIANCE> 25
 2.460917e+01 3.466183e+01 2.595647e+01 6.135764e+01 3.894581e+01 4.278716e+01 4.555719e+01 4.314040e+01 4.059029e+01 5.309032e+01 4.103704e+01 4.586946e+01 1.671895e+00 1.938834e+00 1.900214e+00 1.994333e+00 2.325661e+00 2.347558e+00 2.548753e+00 2.655489e+00 2.397980e+00 2.401199e+00 2.205806e+00 1.981570e+00 3.402503e-03
<GCONST> 9.394673e+01
<MIXTURE> 28 5.036674e-03
<MEAN> 25
 -5.454303e+00 2.925584e-02 -1.550813e+00 6.623225e+00 5.234361e+00 3.518663e+00 5.434108e+00 3.128079e+00 3.942363e+00 2.370703e+00 2.634931e+00 3.222124e+00 -1.153006e-01 2.224413e-01 5.274835e-01 7.824730e-01 8.183789e-01 7.001315e-01 5.200915e-01 3.930941e-01 4.459765e-01 4.796841e-01 3.703603e-01 1.905955e-01 -9.237896e-06
<VARIANCE> 25
 1.039678e+01 8.402451e+00 1.220531e+01 1.481100e+01 1.465730e+01 1.767525e+01 1.806931e+01 1.894857e+01 1.724051e+01 1.683063e+01 2.056530e+01 1.495351e+01 2.559688e-01 3.360867e-01 4.057606e-01 4.644412e-01 6.231883e-01 8.460352e-01 1.055227e+00 1.141365e+00 1.099026e+00 1.028820e+00 1.034994e+00 1.064879e+00 1.006729e-06
<GCONST> 6.024141e+01
<MIXTURE> 29 5.036674e-03
<MEAN> 25
 -5.454303e+00 2.925584e-02 -1.550813e+00 6.623225e+00 5.234361e+00 3.518663e+00 5.434108e+00 3.128079e+00 3.942363e+00 2.370703e+00 2.634931e+00 3.222124e+00 -1.153006e-01 2.224413e-01 5.274835e-01 7.824730e-01 8.183789e-01 7.001315e-01 5.200915e-01 3.930941e-01 4.459765e-01 4.796841e-01 3.703603e-01 1.905955e-01 -9.237896e-06
<VARIANCE> 25
 1.039678e+01 8.402451e+00 1.220531e+01 1.481100e+01 1.465730e+01 1.767525e+01 1.806931e+01 1.894857e+01 1.724051e+01 1.683063e+01 2.056530e+01 1.495351e+01 2.559688e-01 3.360867e-01 4.057606e-01 4.644412e-01 6.231883e-01 8.460352e-01 1.055227e+00 1.141365e+00 1.099026e+00 1.028820e+00 1.034994e+00 1.064879e+00 1.006729e-06
<GCONST> 6.024141e+01
<MIXTURE> 30 8.917812e-03
<MEAN> 25
 -5.216354e+00 1.334563e+00 1.361097e+00 8.820740e+00 6.764206e+00 6.822866e+00 8.821243e+00 4.748843e+00 8.213734e+00 3.000208e+00 5.872624e+00 4.387772e+00 -1.801483e-02 3.478888e-02 8.294494e-02 1.768780e-01 1.689287e-02 -8.921370e-02 -9.084033e-02 -3.512873e-02 -4.387044e-02 -5.955617e-02 6.749839e-03 1.064219e-02 -7.503888e-04
<VARIANCE> 25
 5.088139e+00 9.236478e+00 7.372957e+00 1.007873e+01 1.137242e+01 1.164005e+01 1.456736e+01 1.752759e+01 1.506922e+01 1.685289e+01 1.678487e+01 1.178532e+01 7.527090e-02 1.717042e-01 2.633617e-01 5.733404e-01 4.770475e-01 6.521413e-01 6.071201e-01 6.063176e-01 6.368890e-01 6.974450e-01 1.209046e+00 8.145553e-01 4.408790e-05
<GCONST> 5.609570e+01
<MIXTURE> 31 4.136493e-03
<MEAN> 25
 -3.305399e+00 -5.692767e+00 5.628058e-02 4.881029e+00 3.688893e+00 1.694950e+00 5.251640e+00 6.651733e+00 2.737757e+00 1.235430e+00 6.536080e+00 3.158401e+00 2.529292e-01 4.747070e-01 -2.114383e-01 3.096477e-01 1.215231e-01 4.246805e-01 1.916660e-01 1.438888e-02 3.801185e-01 3.825880e-01 1.063199e-01 1.155764e-01 -1.841088e-02
<VARIANCE> 25
 7.154261e+00 1.528132e+01 1.750756e+01 1.800370e+01 2.531327e+01 2.393448e+01 2.365384e+01 2.534675e+01 2.592989e+01 2.803028e+01 2.031915e+01 1.871424e+01 1.912070e-01 4.941712e-01 6.028202e-01 7.677338e-01 9.689432e-01 1.091838e+00 1.221775e+00 1.391420e+00 1.344378e+00 1.315039e+00 1.244767e+00 1.133194e+00 2.564565e-04
<GCONST> 7.182928e+01
<MIXTURE> 32 4.136493e-03
<MEAN> 25
 -3.305399e+00 -5.692767e+00 5.628058e-02 4.881029e+00 3.688893e+00 1.694950e+00 5.251640e+00 6.651733e+00 2.737757e+00 1.235430e+00 6.536080e+00 3.158401e+00 2.529292e-01 4.747070e-01 -2.114383e-01 3.096477e-01 1.215231e-01 4.246805e-01 1.916660e-01 1.438888e-02 3.801185e-01 3.825880e-01 1.063199e-01 1.155764e-01 -1.841088e-02
<VARIANCE> 25
 7.154261e+00 1.528132e+01 1.750756e+01 1.800370e+01 2.531327e+01 2.393448e+01 2.365384e+01 2.534675e+01 2.592989e+01 2.803028e+01 2.031915e+01 1.871424e+01 1.912070e-01 4.941712e-01 6.028202e-01 7.677338e-01 9.689432e-01 1.091838e+00 1.221775e+00 1.391420e+00 1.344378e+00 1.315039e+00 1.244767e+00 1.133194e+00 2.564565e-04
<GCONST> 7.182928e+01
<MIXTURE> 33 1.508826e-02
<MEAN> 25
 5.778528e+00 -4.417209e+00 -2.012168e+00 -2.355492e+00 -2.494324e+00 -6.480817e+00 -8.451468e+00 5.079545e+00 1.243971e+00 1.489156e-01 -4.901777e+00 -2.672849e+00 7.495315e-01 -9.410585e-01 -2.402244e+00 -1.852389e+00 1.406943e+00 1.429125e+00 -1.061898e+00 6.392093e-01 9.367130e-01 7.245921e-01 -1.000214e-01 -1.591675e+00 3.648502e-02
<VARIANCE> 25
 9.940064e+00 1.836152e+01 2.793643e+01 3.117319e+01 3.574785e+01 3.839024e+01 4.092305e+01 7.150037e+01 3.755771e+01 3.670546e+01 2.997063e+01 2.559035e+01 9.771109e-01 1.777751e+00 2.574218e+00 1.773038e+00 3.711691e+00 3.134065e+00 3.823932e+00 5.521820e+00 4.287388e+00 3.691068e+00 2.894813e+00 2.388573e+00 1.220912e-03
<GCONST> 9.256146e+01
<MIXTURE> 34 1.588179e-02
<MEAN> 25
 7.615449e+00 -8.265339e-01 5.415484e-01 9.523688e-01 -3.602218e+00 -1.312884e-01 -7.369617e+00 -5.313784e+00 -5.529662e+00 1.454636e+00 4.927683e-01 -6.768540e+00 1.229253e-01 9.608916e-01 1.902723e+00 1.519724e+00 -2.799193e-02 3.013847e-01 1.802374e+00 -1.703091e+00 -7.271548e-01 2.240373e-01 -8.462660e-01 1.132167e+00 -6.169182e-02
<VARIANCE> 25
 8.815406e+00 2.440692e+01 3.040157e+01 4.065851e+01 3.351784e+01 3.935883e+01 5.382732e+01 4.602053e+01 6.405974e+01 3.374355e+01 4.980735e+01 5.686029e+01 9.502518e-01 1.862472e+00 3.916512e+00 4.330435e+00 4.301064e+00 4.502047e+00 5.477740e+00 4.667200e+00 4.211465e+00 4.854905e+00 4.557320e+00 5.351624e+00 9.141733e-04
<GCONST> 9.788586e+01
<MIXTURE> 35 1.467755e-02
<MEAN> 25
 -2.894872e+00 -5.026286e+00 -1.084766e+01 -2.296549e+00 8.999995e+00 2.356452e+00 2.914917e+00 2.445124e+00 2.369828e+00 3.122316e+00 2.526388e-01 1.400136e+00 6.470137e-01 -1.394894e+00 -1.744069e+00 -1.812855e+00 4.677571e-01 -3.922428e-01 -7.747447e-01 5.274810e-01 -8.499115e-01 5.469832e-01 -5.740772e-01 -8.498706e-01 1.245980e-01
<VARIANCE> 25
 1.405727e+01 2.360654e+01 3.416371e+01 6.753885e+01 3.033731e+01 5.264675e+01 3.878790e+01 3.080120e+01 5.175343e+01 3.081627e+01 3.685956e+01 2.119606e+01 2.620885e+00 2.873880e+00 6.302080e+00 5.527005e+00 4.365175e+00 4.959126e+00 3.820273e+00 4.594352e+00 4.413637e+00 3.288270e+00 4.920010e+00 2.966057e+00 4.347994e-03
<GCONST> 9.941985e+01
<MIXTURE> 36 1.093293e-02
<MEAN> 25
 4.996708e+00 -3.553596e+00 7.024337e+00 2.620986e+00 -1.010812e+01 -8.942703e+00 -6.369386e+00 3.180022e+00 -1.993639e+00 -4.500401e+00 2.756793e+00 -2.048082e-01 3.568337e-01 1.571405e-01 -9.089158e-01 7.808544e-03 8.843232e-01 3.605080e-02 -4.761967e-01 2.473930e-02 4.363701e-01 5.708832e-01 -4.333947e-01 -3.353347e-01 -1.585663e-02
<VARIANCE> 25
 9.781617e+00 1.671458e+01 2.245128e+01 2.826995e+01 3.131087e+01 3.237309e+01 4.611576e+01 3.638655e+01 3.951836e+01 3.312000e+01 2.786442e+01 2.724023e+01 4.688039e-01 7.338656e-01 1.594921e+00 1.241110e+00 1.660033e+00 1.638756e+00 2.177030e+00 1.731868e+00 2.036694e+00 1.692570e+00 1.424250e+00 1.460782e+00 7.305213e-04
<GCONST> 8.234467e+01
<MIXTURE> 37 1.246826e-02
<MEAN> 25
 9.489245e-01 6.924055e+00 1.183712e+01 -5.012043e+00 -7.878898e+00 -9.591432e-01 -3.968178e+00 -8.761539e+00 -3.947028e+00 -1.096001e-01 -3.843915e+00 -1.489229e+00 5.516546e-02 6.681632e-01 -1.473837e+00 3.446714e+00 2.091318e+00 -4.439017e-01 1.269742e+00 4.123433e-01 9.152588e-01 -4.390300e-01 3.297077e-01 -2.690780e-03 -9.503035e-02
<VARIANCE> 25
 1.585941e+01 2.983862e+01 2.871909e+01 4.890792e+01 3.158275e+01 2.927868e+01 5.049408e+01 3.381157e+01 3.655338e+01 3.862729e+01 3.459361e+01 2.837182e+01 2.817183e+00 3.103975e+00 2.915562e+00 3.890669e+00 4.316733e+00 3.605288e+00 4.142362e+00 3.476015e+00 4.418882e+00 3.426828e+00 3.948224e+00 2.618757e+00 3.577262e-03
<GCONST> 9.719738e+01
<MIXTURE> 38 1.154525e-02
<MEAN> 25
 -4.548995e+00 8.889151e+00 4.598017e+00 3.559791e+00 8.358315e-01 -5.474318e+00 -4.882301e-01 -2.640812e+00 -2.545394e+00 -3.220214e+00 -1.336125e+00 -2.008572e-01 -4.490676e+00 1.255533e+00 -3.573177e-01 1.364980e+00 2.500253e+00 1.400407e+00 1.996814e+00 9.210871e-01 7.404271e-01 6.931110e-01 9.787672e-01 3.578508e-01 4.892764e-02
<VARIANCE> 25
 3.063956e+01 2.890969e+01 3.773654e+01 3.517459e+01 4.774263e+01 3.656573e+01 3.572625e+01 4.068867e+01 3.648283e+01 3.188348e+01 2.426394e+01 3.215212e+01 2.311796e+00 3.819681e+00 3.862276e+00 5.282250e+00 4.224809e+00 4.875972e+00 4.713107e+00 4.535603e+00 4.373897e+00 4.877627e+00 4.277611e+00 3.186314e+00 2.146049e-03
<GCONST> 9.919936e+01
<MIXTURE> 39 9.501865e-03
<MEAN> 25
 1.493770e+00 2.026769e+00 1.050321e+01 -8.606867e+00 -1.125465e+01 -8.055009e-01 -3.026309e+00 -6.422485e+00 -5.399936e+00 1.321735e+00 -3.582286e+00 -2.283530e+00 -6.677129e-01 1.451469e+00 1.610735e+00 -1.307217e+00 3.004790e-02 1.125920e+00 -9.856451e-01 -1.226751e+00 4.572437e-01 4.917604e-01 -6.291480e-01 2.789004e-01 -2.200178e-04
<VARIANCE> 25
 9.039532e+00 3.162963e+01 3.133240e+01 3.925595e+01 3.452776e+01 4.132325e+01 4.232567e+01 3.674868e+01 4.582235e+01 3.268040e+01 3.425472e+01 2.746821e+01 6.846461e-01 1.482834e+00 1.400627e+00 2.790084e+00 2.319708e+00 3.041128e+00 3.569655e+00 2.569946e+00 2.481989e+00 2.432431e+00 2.241795e+00 2.395882e+00 1.128371e-03
<GCONST> 8.972858e+01
<MIXTURE> 40 1.030800e-02
<MEAN> 25
 -9.244848e+00 2.131379e+00 -1.218345e+00 8.053673e+00 3.829133e+00 5.702963e+00 5.512892e+00 4.106699e+00 4.713306e+00 4.113235e+00 5.773248e+00 1.759143e+00 -1.109534e-01 -2.468697e-01 -1.927580e-02 -1.846976e-01 -4.922689e-02 -8.395625e-02 8.565021e-02 6.903312e-02 1.280633e-02 1.642977e-02 5.899970e-02 1.625816e-02 3.522845e-03
<VARIANCE> 25
 4.192918e+01 2.028112e+01 2.978031e+01 2.798576e+01 2.571672e+01 2.026658e+01 2.073112e+01 1.901124e+01 1.731442e+01 1.853120e+01 1.857428e+01 1.433166e+01 7.396802e-01 7.329756e-01 8.716137e-01 1.154982e+00 1.256579e+00 1.282314e+00 1.316042e+00 1.260731e+00 1.237909e+00 1.204532e+00 1.166258e+00 1.068288e+00 8.445823e-04
<GCONST> 7.692674e+01
<MIXTURE> 41 6.713375e-03
<MEAN> 25
 1.357498e+00 1.692421e+00 1.045238e+01 -6.868352e+00 -1.043749e+01 -3.746889e+00 -2.508857e+00 -5.086121e+00 -4.798736e+00 2.697976e+00 -1.689807e+00 -1.017764e+00 8.657573e-02 -7.524429e-01 1.716342e+00 -3.525538e+00 -2.442492e+00 -1.138122e-01 -4.709890e-01 -3.637725e-01 -8.193069e-01 1.085257e+00 -1.069857e+00 1.355769e-01 8.492077e-02
<VARIANCE> 25
 1.172114e+01 2.993805e+01 3.259460e+01 4.025447e+01 3.836623e+01 4.064521e+01 3.680299e+01 3.026267e+01 3.434786e+01 2.853187e+01 3.175690e+01 2.721078e+01 3.143384e+00 3.277078e+00 3.817197e+00 3.829072e+00 4.871610e+00 5.822041e+00 4.885282e+00 4.524873e+00 3.947055e+00 4.166686e+00 3.829472e+00 3.496954e+00 3.040653e-03
<GCONST> 9.805796e+01
<MIXTURE> 42 1.106211e-02
<MEAN> 25
 -2.024558e+00 3.941840e+00 4.060128e+00 3.420931e+00 2.243809e-01 -7.181643e+00 -1.343676e+00 -2.895221e+00 -1.424698e+00 -1.591169e+00 -2.727090e+00 1.241342e+00 4.290037e+00 -5.858688e-01 1.768303e+00 4.015325e-02 -2.652855e+00 -1.133475e+00 -2.581653e+00 -3.707437e-01 -1.022073e+00 -5.419511e-01 3.482199e-01 -1.305304e+00 3.159333e-03
<VARIANCE> 25
 3.492151e+01 2.183012e+01 4.165720e+01 2.677444e+01 3.366914e+01 4.609348e+01 3.309540e+01 3.394458e+01 2.684129e+01 2.597296e+01 2.158779e+01 1.674734e+01 3.805516e+00 4.637793e+00 5.750731e+00 4.278420e+00 4.771681e+00 5.551073e+00 5.060347e+00 5.990271e+00 4.762043e+00 4.354839e+00 4.203459e+00 3.282535e+00 4.833693e-03
<GCONST> 9.949519e+01
<MIXTURE> 43 7.108249e-03
<MEAN> 25
 3.148702e+00 -6.296522e+00 -2.279882e+00 -5.219324e+00 -7.291339e+00 -3.419409e+00 4.023396e+00 1.408121e+00 -5.056592e+00 -6.927226e+00 -4.380706e+00 -1.283867e+00 2.315575e-01 2.162275e+00 1.908277e+00 -1.308261e-01 -1.414667e+00 -7.861136e-01 -9.612511e-01 -8.048468e-01 8.295730e-01 1.478216e+00 3.205618e-01 3.075343e-02 -4.509141e-02
<VARIANCE> 25
 9.546203e+00 1.952881e+01 2.725252e+01 3.497279e+01 3.919253e+01 3.637841e+01 3.420787e+01 4.060547e+01 3.929546e+01 4.088109e+01 2.670865e+01 2.937857e+01 6.876094e-01 1.240690e+00 1.557550e+00 2.471298e+00 2.377498e+00 2.368467e+00 2.640278e+00 3.071371e+00 2.587691e+00 2.563767e+00 2.354738e+00 1.915252e+00 9.407889e-04
<GCONST> 8.802055e+01
<MIXTURE> 44 7.328289e-03
<MEAN> 25
 -1.542683e+01 1.552812e+00 3.588809e+00 -3.285932e+00 3.382372e+00 2.102024e+00 -2.459197e-02 2.436458e+00 1.545718e+00 -7.923084e-01 1.821714e+00 1.979604e+00 -1.656554e-01 -2.008481e-03 1.639962e-01 3.004726e-01 -1.121461e-01 1.939294e-01 4.689800e-01 1.065892e-01 2.492417e-01 1.420291e-01 5.923568e-02 9.711503e-02 4.436434e-03
<VARIANCE> 25
 4.104522e+01 2.799138e+01 3.492783e+01 3.028074e+01 2.950349e+01 3.021881e+01 2.513671e+01 3.191994e+01 2.790183e+01 2.746434e+01 2.725542e+01 1.945207e+01 1.228457e+00 1.547997e+00 1.399850e+00 1.348151e+00 2.167710e+00 1.662611e+00 1.514387e+00 1.654931e+00 1.574884e+00 1.505292e+00 1.370821e+00 1.225846e+00 1.295130e-03
<GCONST> 8.456433e+01
<MIXTURE> 45 1.364932e-02
<MEAN> 25
 -1.311222e+01 4.801783e+00 -1.605493e+00 4.047521e+00 5.277739e+00 -2.438817e+00 4.999948e+00 1.545886e+00 4.356400e+00 9.216697e-01 2.516678e+00 3.642739e+00 -3.075975e+00 3.921543e-01 -1.159610e+00 -9.138643e-01 3.840891e-01 5.599410e-01 8.060256e-01 -4.137213e-02 -4.285119e-02 2.386899e-01 -4.515495e-02 7.891675e-02 1.265403e-01
<VARIANCE> 25
 3.569441e+01 2.891983e+01 3.032174e+01 3.191252e+01 2.691867e+01 4.011394e+01 2.384449e+01 2.590840e+01 2.274724e+01 2.209438e+01 2.275290e+01 1.846522e+01 2.140713e+00 2.857706e+00 3.709743e+00 2.700653e+00 1.982092e+00 2.864529e+00 2.185694e+00 1.878078e+00 1.733645e+00 1.943786e+00 1.928133e+00 1.683581e+00 3.872361e-03
<GCONST> 8.953513e+01
<MIXTURE> 46 9.336259e-03
<MEAN> 25
 -9.308488e+00 2.340282e+00 1.128593e+00 7.500598e+00 5.865650e+00 3.290956e+00 7.069986e+00 4.371863e+00 5.763934e+00 4.525717e+00 5.054132e+00 2.958605e+00 9.881873e-01 -2.243172e-01 2.670692e-02 1.020068e+00 6.290506e-01 9.584780e-01 4.120275e-01 6.677211e-01 4.862724e-01 5.238193e-01 6.485056e-01 5.219162e-01 -1.046465e-01
<VARIANCE> 25
 3.446063e+01 4.296939e+01 3.835776e+01 5.054164e+01 5.027448e+01 4.230132e+01 3.691490e+01 3.534948e+01 3.261378e+01 3.173137e+01 2.792149e+01 2.029523e+01 4.041698e+00 4.088206e+00 3.813643e+00 4.076112e+00 4.120974e+00 3.640783e+00 3.343041e+00 3.055317e+00 2.945207e+00 2.872825e+00 2.274934e+00 1.771148e+00 7.839818e-03
<GCONST> 9.819608e+01
<MIXTURE> 47 7.116147e-03
<MEAN> 25
 7.297432e+00 -7.391619e+00 -7.758582e+00 -6.452637e+00 1.512362e+00 7.897240e-01 -2.411495e+00 1.324861e+00 2.970216e+00 1.777651e-01 -4.283514e+00 -6.709408e+00 -1.780515e-01 -1.253914e+00 -6.846238e-01 -4.290628e-01 6.211808e-01 8.144350e-01 8.682846e-01 3.051776e-01 1.089819e-01 -8.681677e-01 -4.662197e-01 -4.576325e-01 3.011179e-02
<VARIANCE> 25
 1.082715e+01 2.092339e+01 2.041637e+01 3.295698e+01 3.600019e+01 5.281725e+01 4.521541e+01 4.226535e+01 4.369681e+01 4.686069e+01 4.844736e+01 3.349481e+01 5.272843e-01 7.728454e-01 1.127420e+00 1.670746e+00 1.969403e+00 2.191028e+00 2.327764e+00 2.498799e+00 2.218930e+00 2.189262e+00 2.178985e+00 2.010728e+00 5.511693e-04
<GCONST> 8.651628e+01
<MIXTURE> 48 7.116147e-03
<MEAN> 25
 7.297432e+00 -7.391619e+00 -7.758582e+00 -6.452637e+00 1.512362e+00 7.897240e-01 -2.411495e+00 1.324861e+00 2.970216e+00 1.777651e-01 -4.283514e+00 -6.709408e+00 -1.780515e-01 -1.253914e+00 -6.846238e-01 -4.290628e-01 6.211808e-01 8.144350e-01 8.682846e-01 3.051776e-01 1.089819e-01 -8.681677e-01 -4.662197e-01 -4.576325e-01 3.011179e-02
<VARIANCE> 25
 1.082715e+01 2.092339e+01 2.041637e+01 3.295698e+01 3.600019e+01 5.281725e+01 4.521541e+01 4.226535e+01 4.369681e+01 4.686069e+01 4.844736e+01 3.349481e+01 5.272843e-01 7.728454e-01 1.127420e+00 1.670746e+00 1.969403e+00 2.191028e+00 2.327764e+00 2.498799e+00 2.218930e+00 2.189262e+00 2.178985e+00 2.010728e+00 5.511693e-04
<GCONST> 8.651628e+01
<MIXTURE> 49 5.548473e-03
<MEAN> 25
 -5.391421e+00 1.194191e+00 4.955084e-01 7.990427e+00 5.989684e+00 5.886518e+00 7.498888e+00 4.061582e+00 6.501354e+00 2.976146e+00 4.943735e+00 3.610351e+00 2.509501e-01 6.023688e-01 7.324730e-01 4.466767e-01 -2.978358e-01 -6.952444e-01 -9.467344e-01 -8.951617e-01 -8.783995e-01 -6.317756e-01 -5.270229e-01 -1.613762e-01 -5.847255e-04
<VARIANCE> 25
 7.883700e+00 1.022242e+01 1.216484e+01 1.417299e+01 1.303072e+01 1.433793e+01 2.220219e+01 1.761057e+01 2.277995e+01 1.612494e+01 1.706792e+01 1.464523e+01 2.650620e-01 2.420117e-01 3.716663e-01 5.705670e-01 8.164973e-01 8.637593e-01 8.372647e-01 1.089878e+00 9.856128e-01 1.055837e+00 1.298128e+00 1.147873e+00 1.694174e-05
<GCONST> 6.282743e+01
<MIXTURE> 50 6.234641e-03
<MEAN> 25
 -4.687051e+00 1.460932e-01 -1.395994e+00 6.236344e+00 4.236114e+00 2.284733e+00 3.771969e+00 1.989233e+00 2.867455e+00 1.351571e+00 2.137689e+00 2.861643e+00 5.582045e-02 1.718941e-01 9.622900e-02 -1.751660e-01 -5.074110e-01 -6.084118e-01 -4.239913e-01 -4.463992e-02 4.433377e-01 7.647435e-01 7.288746e-01 4.440441e-01 -1.175141e-05
<VARIANCE> 25
 1.044643e+01 1.126239e+01 1.443165e+01 1.537927e+01 1.518367e+01 1.840308e+01 1.876615e+01 1.926864e+01 1.903138e+01 1.757499e+01 2.154210e+01 1.506521e+01 1.444899e-01 2.403555e-01 3.743181e-01 5.131966e-01 5.935557e-01 7.303810e-01 9.467249e-01 1.110535e+00 1.048900e+00 9.091862e-01 9.235778e-01 9.836319e-01 1.019667e-06
<GCONST> 5.950019e+01
<MIXTURE> 51 6.234641e-03
<MEAN> 25
 -4.687051e+00 1.460932e-01 -1.395994e+00 6.236344e+00 4.236114e+00 2.284733e+00 3.771969e+00 1.989233e+00 2.867455e+00 1.351571e+00 2.137689e+00 2.861643e+00 5.582045e-02 1.718941e-01 9.622900e-02 -1.751660e-01 -5.074110e-01 -6.084118e-01 -4.239913e-01 -4.463992e-02 4.433377e-01 7.647435e-01 7.288746e-01 4.440441e-01 -1.175141e-05
<VARIANCE> 25
 1.044643e+01 1.126239e+01 1.443165e+01 1.537927e+01 1.518367e+01 1.840308e+01 1.876615e+01 1.926864e+01 1.903138e+01 1.757499e+01 2.154210e+01 1.506521e+01 1.444899e-01 2.403555e-01 3.743181e-01 5.131966e-01 5.935557e-01 7.303810e-01 9.467249e-01 1.110535e+00 1.048900e+00 9.091862e-01 9.235778e-01 9.836319e-01 1.019667e-06
<GCONST> 5.950019e+01
<MIXTURE> 52 6.367945e-03
<MEAN> 25
 9.610450e+00 1.691378e+00 -5.824596e+00 -1.429071e+01 -4.752095e+00 8.792967e+00 -2.069068e+00 -3.145396e+00 -4.346289e+00 -2.095534e+00 3.231265e+00 9.689128e-01 -4.478779e-01 -3.180799e-01 -2.692670e-02 1.201910e+00 1.378891e+00 -5.849549e-01 -3.055407e-01 -5.922502e-01 2.146202e-01 1.025274e+00 4.436646e-01 -3.465181e-01 -1.921542e-02
<VARIANCE> 25
 1.012637e+01 2.053642e+01 2.316527e+01 3.786791e+01 4.554832e+01 2.821907e+01 4.837241e+01 4.329025e+01 4.397403e+01 4.161454e+01 3.757651e+01 2.807104e+01 4.409585e-01 1.562761e+00 1.199309e+00 2.477518e+00 2.153415e+00 2.051921e+00 3.126822e+00 2.481839e+00 2.783367e+00 2.803171e+00 2.525492e+00 2.354322e+00 1.727326e-03
<GCONST> 8.906725e+01
<MIXTURE> 53 6.367945e-03
<MEAN> 25
 9.610450e+00 1.691378e+00 -5.824596e+00 -1.429071e+01 -4.752095e+00 8.792967e+00 -2.069068e+00 -3.145396e+00 -4.346289e+00 -2.095534e+00 3.231265e+00 9.689128e-01 -4.478779e-01 -3.180799e-01 -2.692670e-02 1.201910e+00 1.378891e+00 -5.849549e-01 -3.055407e-01 -5.922502e-01 2.146202e-01 1.025274e+00 4.436646e-01 -3.465181e-01 -1.921542e-02
<VARIANCE> 25
 1.012637e+01 2.053642e+01 2.316527e+01 3.786791e+01 4.554832e+01 2.821907e+01 4.837241e+01 4.329025e+01 4.397403e+01 4.161454e+01 3.757651e+01 2.807104e+01 4.409585e-01 1.562761e+00 1.199309e+00 2.477518e+00 2.153415e+00 2.051921e+00 3.126822e+00 2.481839e+00 2.783367e+00 2.803171e+00 2.525492e+00 2.354322e+00 1.727326e-03
<GCONST> 8.906725e+01
<MIXTURE> 54 7.368620e-03
<MEAN> 25
 -3.760262e+00 2.672805e-01 -4.946239e-01 8.080694e+00 6.440160e+00 4.556681e+00 4.910296e+00 4.490217e+00 4.329286e+00 3.263044e+00 4.286325e+00 2.404754e+00 -3.521486e-03 2.015903e-02 4.072941e-02 4.725937e-02 4.165566e-02 4.276299e-02 2.581357e-02 5.443576e-02 6.138275e-02 1.973890e-02 1.302746e-02 1.961934e-02 4.158659e-06
<VARIANCE> 25
 9.009451e+00 1.077625e+01 9.533564e+00 1.750947e+01 1.273204e+01 1.312703e+01 1.265375e+01 1.102538e+01 1.254784e+01 1.520895e+01 1.796801e+01 1.214325e+01 4.462708e-02 9.349739e-02 1.482710e-01 2.223412e-01 2.964535e-01 3.797323e-01 4.447908e-01 5.171442e-01 5.371121e-01 5.090839e-01 5.204727e-01 5.222238e-01 1.079628e-06
<GCONST> 4.745036e+01
<MIXTURE> 55 7.368620e-03
<MEAN> 25
 -3.760262e+00 2.672805e-01 -4.946239e-01 8.080694e+00 6.440160e+00 4.556681e+00 4.910296e+00 4.490217e+00 4.329286e+00 3.263044e+00 4.286325e+00 2.404754e+00 -3.521486e-03 2.015903e-02 4.072941e-02 4.725937e-02 4.165566e-02 4.276299e-02 2.581357e-02 5.443576e-02 6.138275e-02 1.973890e-02 1.302746e-02 1.961934e-02 4.158659e-06
<VARIANCE> 25
 9.009451e+00 1.077625e+01 9.533564e+00 1.750947e+01 1.273204e+01 1.312703e+01 1.265375e+01 1.102538e+01 1.254784e+01 1.520895e+01 1.796801e+01 1.214325e+01 4.462708e-02 9.349739e-02 1.482710e-01 2.223412e-01 2.964535e-01 3.797323e-01 4.447908e-01 5.171442e-01 5.371121e-01 5.090839e-01 5.204727e-01 5.222238e-01 1.079628e-06
<GCONST> 4.745036e+01
<MIXTURE> 56 6.132464e-03
<MEAN> 25
 7.485505e+00 -6.762475e+00 -9.082232e+00 -8.651539e+00 3.870583e+00 3.828747e+00 -2.248880e+00 -1.220431e+00 1.765814e+00 7.182926e-01 -2.477475e+00 -7.128057e+00 -1.136335e-02 2.901022e-02 -7.065564e-02 6.284858e-03 2.641057e-01 7.812849e-02 1.147560e-01 -1.552313e-01 -5.205224e-02 3.973293e-03 -8.910304e-02 2.165556e-02 -6.960114e-03
<VARIANCE> 25
 9.510595e+00 2.325718e+01 1.989380e+01 4.096877e+01 3.343615e+01 5.203566e+01 6.093897e+01 4.041006e+01 3.962589e+01 3.729921e+01 3.975021e+01 3.096302e+01 2.024974e-01 4.244977e-01 4.591384e-01 7.787840e-01 8.023796e-01 1.101463e+00 9.020589e-01 8.996634e-01 8.966275e-01 1.050397e+00 1.017057e+00 7.706767e-01 2.374111e-04
<GCONST> 7.526967e+01
<MIXTURE> 57 6.132464e-03
<MEAN> 25
 7.485505e+00 -6.762475e+00 -9.082232e+00 -8.651539e+00 3.870583e+00 3.828747e+00 -2.248880e+00 -1.220431e+00 1.765814e+00 7.182926e-01 -2.477475e+00 -7.128057e+00 -1.136335e-02 2.901022e-02 -7.065564e-02 6.284858e-03 2.641057e-01 7.812849e-02 1.147560e-01 -1.552313e-01 -5.205224e-02 3.973293e-03 -8.910304e-02 2.165556e-02 -6.960114e-03
<VARIANCE> 25
 9.510595e+00 2.325718e+01 1.989380e+01 4.096877e+01 3.343615e+01 5.203566e+01 6.093897e+01 4.041006e+01 3.962589e+01 3.729921e+01 3.975021e+01 3.096302e+01 2.024974e-01 4.244977e-01 4.591384e-01 7.787840e-01 8.023796e-01 1.101463e+00 9.020589e-01 8.996634e-01 8.966275e-01 1.050397e+00 1.017057e+00 7.706767e-01 2.374111e-04
<GCONST> 7.526967e+01
<MIXTURE> 58 6.172147e-03
<MEAN> 25
 2.579793e+00 -3.101335e+00 7.385379e+00 -5.280287e+00 -1.346302e+01 -5.606753e+00 1.627477e+00 8.516608e-01 -2.435030e+00 1.859852e+00 5.212254e-01 -8.449941e-01 -3.109827e-02 -1.356731e-01 -6.808200e-02 -1.610320e-01 -1.806587e-02 2.347520e-01 3.752882e-01 2.196400e-01 1.739823e-02 2.095759e-02 -7.991822e-02 -1.405073e-01 -2.929895e-03
<VARIANCE> 25
 7.382008e+00 1.506253e+01 2.043842e+01 2.703228e+01 2.323862e+01 4.637280e+01 3.299698e+01 3.469804e+01 3.239037e+01 3.126113e+01 2.284548e+01 2.018860e+01 3.073795e-01 8.022226e-01 7.559960e-01 1.015335e+00 8.962339e-01 1.223639e+00 1.151508e+00 1.301864e+00 1.076675e+00 1.066918e+00 9.159228e-01 8.762059e-01 7.240470e-04
<GCONST> 7.557300e+01
<MIXTURE> 59 6.172147e-03
<MEAN> 25
 2.579793e+00 -3.101335e+00 7.385379e+00 -5.280287e+00 -1.346302e+01 -5.606753e+00 1.627477e+00 8.516608e-01 -2.435030e+00 1.859852e+00 5.212254e-01 -8.449941e-01 -3.109827e-02 -1.356731e-01 -6.808200e-02 -1.610320e-01 -1.806587e-02 2.347520e-01 3.752882e-01 2.196400e-01 1.739823e-02 2.095759e-02 -7.991822e-02 -1.405073e-01 -2.929895e-03
<VARIANCE> 25
 7.382008e+00 1.506253e+01 2.043842e+01 2.703228e+01 2.323862e+01 4.637280e+01 3.299698e+01 3.469804e+01 3.239037e+01 3.126113e+01 2.284548e+01 2.018860e+01 3.073795e-01 8.022226e-01 7.559960e-01 1.015335e+00 8.962339e-01 1.223639e+00 1.151508e+00 1.301864e+00 1.076675e+00 1.066918e+00 9.159228e-01 8.762059e-01 7.240470e-04
<GCONST> 7.557300e+01
<MIXTURE> 60 4.479129e-03
<MEAN> 25
 -4.266039e+00 -6.583211e-01 -1.079300e+00 3.702660e+00 1.735897e+00 2.122419e+00 1.650394e+00 1.528713e+00 2.167459e+00 1.259973e+00 2.385626e+00 1.920696e+00 -2.839356e-02 5.628049e-02 1.012131e-01 1.291809e-01 1.295057e-01 1.296471e-01 1.787256e-01 3.223444e-01 5.440179e-01 6.633825e-01 5.566511e-01 3.029067e-01 -3.850234e-04
<VARIANCE> 25
 6.925581e+00 4.550167e+00 1.028183e+01 1.131354e+01 1.357330e+01 1.698826e+01 1.409902e+01 1.184950e+01 1.277149e+01 1.319743e+01 1.592031e+01 1.229517e+01 8.686081e-02 1.681882e-01 2.790363e-01 4.328039e-01 5.858243e-01 7.274900e-01 8.273863e-01 8.980612e-01 9.027954e-01 8.357123e-01 8.385966e-01 8.617592e-01 2.296616e-05
<GCONST> 5.633884e+01
<MIXTURE> 61 4.479129e-03
<MEAN> 25
 -4.266039e+00 -6.583211e-01 -1.079300e+00 3.702660e+00 1.735897e+00 2.122419e+00 1.650394e+00 1.528713e+00 2.167459e+00 1.259973e+00 2.385626e+00 1.920696e+00 -2.839356e-02 5.628049e-02 1.012131e-01 1.291809e-01 1.295057e-01 1.296471e-01 1.787256e-01 3.223444e-01 5.440179e-01 6.633825e-01 5.566511e-01 3.029067e-01 -3.850234e-04
<VARIANCE> 25
 6.925581e+00 4.550167e+00 1.028183e+01 1.131354e+01 1.357330e+01 1.698826e+01 1.409902e+01 1.184950e+01 1.277149e+01 1.319743e+01 1.592031e+01 1.229517e+01 8.686081e-02 1.681882e-01 2.790363e-01 4.328039e-01 5.858243e-01 7.274900e-01 8.273863e-01 8.980612e-01 9.027954e-01 8.357123e-01 8.385966e-01 8.617592e-01 2.296616e-05
<GCONST> 5.633884e+01
<MIXTURE> 62 3.278034e-03
<MEAN> 25
 -5.077880e+00 1.290509e+00 1.047413e+00 8.822546e+00 6.090187e+00 5.014423e+00 5.505891e+00 3.954403e+00 4.976928e+00 3.862468e+00 4.975578e+00 2.952884e+00 -1.000294e+00 -1.168725e+00 -9.606475e-01 -2.781832e-01 4.312597e-01 1.002364e+00 1.371907e+00 1.548865e+00 1.461232e+00 1.247165e+00 1.068683e+00 7.254443e-01 -1.221689e-03
<VARIANCE> 25
 9.821649e+00 1.022311e+01 1.312326e+01 1.665737e+01 1.750871e+01 1.767662e+01 1.958465e+01 1.980748e+01 1.873888e+01 1.899339e+01 2.141086e+01 1.468475e+01 3.999068e-01 4.294512e-01 5.598347e-01 7.755678e-01 1.030374e+00 1.184263e+00 1.265265e+00 1.271915e+00 1.360643e+00 1.355825e+00 1.390741e+00 1.361262e+00 1.652706e-05
<GCONST> 6.758347e+01
<MIXTURE> 63 4.351215e-03
<MEAN> 25
 -4.171663e+00 -2.407019e+00 -4.776887e+00 2.809098e+00 3.411861e+00 -9.561247e-02 2.980010e+00 1.436513e+00 2.451400e+00 -8.299423e-01 -1.006870e+00 2.523219e+00 -1.083077e-01 3.246329e-01 4.148694e-01 5.191392e-01 4.180855e-01 4.257398e-01 4.099796e-01 1.557375e-01 1.564249e-01 2.557683e-01 2.284799e-01 1.227810e-01 -4.619331e-03
<VARIANCE> 25
 8.750383e+00 1.466840e+01 1.643028e+01 1.625836e+01 1.792553e+01 2.914600e+01 2.399702e+01 2.430795e+01 2.498822e+01 2.171087e+01 2.091765e+01 1.651140e+01 2.729526e-01 4.564607e-01 6.177408e-01 7.116292e-01 9.617301e-01 1.145334e+00 1.247612e+00 1.352470e+00 1.363858e+00 1.394780e+00 1.326006e+00 1.234001e+00 1.782266e-04
<GCONST> 7.137587e+01
<MIXTURE> 64 4.351215e-03
<MEAN> 25
 -4.171663e+00 -2.407019e+00 -4.776887e+00 2.809098e+00 3.411861e+00 -9.561247e-02 2.980010e+00 1.436513e+00 2.451400e+00 -8.299423e-01 -1.006870e+00 2.523219e+00 -1.083077e-01 3.246329e-01 4.148694e-01 5.191392e-01 4.180855e-01 4.257398e-01 4.099796e-01 1.557375e-01 1.564249e-01 2.557683e-01 2.284799e-01 1.227810e-01 -4.619331e-03
<VARIANCE> 25
 8.750383e+00 1.466840e+01 1.643028e+01 1.625836e+01 1.792553e+01 2.914600e+01 2.399702e+01 2.430795e+01 2.498822e+01 2.171087e+01 2.091765e+01 1.651140e+01 2.729526e-01 4.564607e-01 6.177408e-01 7.116292e-01 9.617301e-01 1.145334e+00 1.247612e+00 1.352470e+00 1.363858e+00 1.394780e+00 1.326006e+00 1.234001e+00 1.782266e-04
<GCONST> 7.137587e+01
<MIXTURE> 65 1.721197e-02
<MEAN> 25
 7.402846e+00 1.279103e+00 1.613873e+00 7.617435e-01 -5.103481e+00 -3.507576e+00 -6.574400e+00 -6.690749e+00 -5.132600e+00 -2.395949e+00 -3.600225e+00 -3.136472e+00 9.623587e-02 1.657569e-01 -1.581743e-02 2.370575e-01 -2.021897e-01 1.739961e-02 -4.426428e-02 -1.244378e-01 1.476882e-01 1.412926e-01 -2.570242e-01 -2.115027e-01 -7.183201e-03
<VARIANCE> 25
 1.046355e+01 2.047644e+01 2.547027e+01 3.274355e+01 3.603194e+01 5.334375e+01 6.713693e+01 5.196857e+01 5.666368e+01 5.484851e+01 6.940301e+01 7.774184e+01 5.284508e-01 9.329377e-01 1.623780e+00 1.731912e+00 1.776439e+00 2.222578e+00 2.425212e+00 2.681833e+00 2.686963e+00 2.323541e+00 2.473989e+00 2.286076e+00 4.670888e-04
<GCONST> 8.986151e+01
<MIXTURE> 66 1.191532e-02
<MEAN> 25
 5.947107e+00 -4.032320e+00 -5.390544e+00 -5.204856e+00 1.287264e+00 -5.091492e+00 -7.112480e+00 2.125120e+00 1.332857e-01 -1.926806e-01 -6.945199e+00 -3.565069e+00 -2.858579e-02 1.708249e+00 2.143535e+00 2.204618e+00 -1.140256e+00 -1.060184e+00 8.735971e-02 -7.930211e-01 1.713521e-01 1.543711e-02 -2.720296e-01 1.029887e+00 -6.723357e-02
<VARIANCE> 25
 1.101482e+01 1.962359e+01 2.391310e+01 2.995804e+01 3.362379e+01 4.713556e+01 4.885899e+01 4.592657e+01 5.015594e+01 7.677178e+01 3.951237e+01 3.283018e+01 1.157950e+00 2.206253e+00 2.101216e+00 2.341490e+00 3.830218e+00 3.958262e+00 4.079610e+00 5.485422e+00 4.458458e+00 4.941987e+00 3.531595e+00 2.880245e+00 1.704862e-03
<GCONST> 9.580130e+01
<MIXTURE> 67 1.559142e-02
<MEAN> 25
 8.030553e+00 1.806114e+00 -4.804790e+00 -7.615914e+00 8.259115e-01 3.086372e+00 -2.734880e+00 -2.030697e+00 -4.045418e+00 8.298722e-01 8.546875e-02 -1.968442e+00 -1.107072e+00 1.751720e+00 9.848490e-01 3.171757e+00 1.622269e+00 -5.304371e-01 1.349765e+00 -3.426414e-01 1.010559e+00 -2.648647e-01 -3.136581e-04 7.731529e-01 -1.282273e-01
<VARIANCE> 25
 1.082175e+01 2.819304e+01 2.412394e+01 5.058674e+01 3.896745e+01 4.215788e+01 5.437327e+01 3.779895e+01 5.841445e+01 5.317246e+01 4.577506e+01 3.744858e+01 1.637080e+00 2.553111e+00 2.636579e+00 3.736274e+00 3.545021e+00 3.416224e+00 3.559022e+00 4.790609e+00 5.348026e+00 4.917617e+00 3.902919e+00 2.994029e+00 2.473961e-03
<GCONST> 9.806855e+01
<MIXTURE> 68 1.485092e-02
<MEAN> 25
 -2.515218e+00 -2.720704e+00 -4.468612e+00 6.750307e-01 5.601614e+00 -6.522486e-01 2.570001e+00 4.762236e-01 2.191215e+00 1.533542e+00 1.605173e-02 1.454864e+00 2.572261e+00 3.336162e-01 3.102024e-01 -2.177176e+00 -2.460299e+00 -1.758717e+00 -2.631218e+00 -8.734323e-01 -2.342350e+00 -6.618944e-01 -1.800233e+00 -1.229963e+00 1.070430e-01
<VARIANCE> 25
 2.352681e+01 2.489168e+01 4.883266e+01 4.333639e+01 3.927714e+01 5.955573e+01 3.920327e+01 4.266275e+01 3.500778e+01 4.191554e+01 3.747552e+01 2.388893e+01 1.597469e+00 3.410573e+00 5.248107e+00 5.802282e+00 3.875843e+00 4.436906e+00 4.797954e+00 6.002711e+00 5.045255e+00 5.851522e+00 4.940710e+00 2.840985e+00 5.471887e-03
<GCONST> 1.013802e+02
<MIXTURE> 69 1.204884e-02
<MEAN> 25
 3.907138e+00 -4.281638e+00 -3.566817e+00 -3.515566e+00 -2.760267e+00 -8.193799e+00 -2.136836e+00 3.098650e+00 -6.192346e-01 -3.252487e+00 -6.686214e+00 1.332951e-01 1.823170e+00 -1.780883e+00 -8.022739e-01 -2.046757e+00 -9.108252e-01 -6.373088e-01 -1.061536e+00 1.652947e+00 -1.167496e+00 -6.682178e-01 -2.052118e+00 -4.623910e-01 6.194281e-02
<VARIANCE> 25
 8.743462e+00 1.752148e+01 2.360759e+01 2.180043e+01 3.551407e+01 2.914841e+01 4.367398e+01 3.422581e+01 3.460083e+01 4.223235e+01 2.951464e+01 2.242830e+01 2.994135e+00 3.151634e+00 3.475196e+00 3.286209e+00 5.033119e+00 4.459963e+00 7.479658e+00 8.358519e+00 6.121641e+00 7.310476e+00 4.294812e+00 3.623025e+00 2.155352e-03
<GCONST> 9.758916e+01
<MIXTURE> 70 1.329190e-02
<MEAN> 25
 6.329119e+00 -2.590883e+00 -2.678694e+00 -2.438318e+00 -1.094781e+00 -6.754338e-01 -8.650521e+00 -3.556589e+00 -2.092224e+00 2.414545e+00 1.177390e+00 -6.739512e+00 1.803248e+00 -8.517467e-01 -6.826795e-01 -1.823942e+00 -1.831708e+00 8.158627e-01 -2.391228e+00 8.405232e-02 -9.340918e-01 3.958446e-01 1.216818e+00 -1.981399e+00 6.308478e-02
<VARIANCE> 25
 1.081364e+01 1.919975e+01 2.467429e+01 3.983626e+01 2.788556e+01 3.714191e+01 5.134468e+01 4.196194e+01 5.050129e+01 3.115070e+01 5.280515e+01 3.762117e+01 2.698207e+00 2.585691e+00 4.105488e+00 3.909677e+00 4.154539e+00 5.779119e+00 7.356162e+00 6.183320e+00 7.685335e+00 4.299339e+00 7.760896e+00 4.441487e+00 2.414420e-03
<GCONST> 1.004721e+02
<MIXTURE> 71 1.406903e-02
<MEAN> 25
 6.308110e+00 5.386784e+00 4.275076e+00 3.429821e+00 -3.003333e+00 -3.160001e+00 -3.278128e+00 -6.920924e+00 -4.519533e+00 -2.507494e+00 -4.812910e+00 -3.238021e+00 -1.560338e+00 -7.748329e-01 -2.094508e-01 -1.710005e+00 1.036096e+00 -2.800151e-01 4.634060e-02 1.502748e+00 3.587218e-01 -1.748851e-01 5.696313e-01 2.185076e-01 4.221864e-02
<VARIANCE> 25
 1.843073e+01 2.574412e+01 2.332077e+01 4.693776e+01 4.361911e+01 4.057792e+01 4.120546e+01 4.154995e+01 3.921063e+01 4.281235e+01 3.891022e+01 3.336344e+01 1.680674e+00 3.056750e+00 5.127629e+00 4.793190e+00 4.703264e+00 4.947640e+00 4.731595e+00 5.186557e+00 4.210834e+00 3.952143e+00 3.758536e+00 3.224568e+00 1.445504e-03
<GCONST> 9.857935e+01
<MIXTURE> 72 8.134747e-03
<MEAN> 25
 3.163055e+00 -3.811741e+00 7.090203e+00 -1.532245e+00 -1.082253e+01 -9.770659e+00 -3.935332e+00 4.055951e+00 -6.050412e+00 -7.921072e-01 -2.504263e+00 1.368367e+00 8.976132e-01 -7.377876e-01 -2.720356e+00 4.257948e-01 1.999863e+00 -9.235842e-01 -1.288875e+00 1.833958e+00 1.972638e+00 -7.982296e-01 -8.522046e-01 3.498316e-01 -1.786598e-03
<VARIANCE> 25
 9.315601e+00 1.492369e+01 3.532811e+01 3.159814e+01 2.592555e+01 2.694271e+01 3.816157e+01 4.365703e+01 3.778837e+01 3.752842e+01 3.078633e+01 2.352768e+01 3.342100e-01 8.234562e-01 1.790967e+00 1.220209e+00 1.828789e+00 2.264806e+00 2.617849e+00 2.463373e+00 2.221609e+00 2.438679e+00 2.023983e+00 1.902011e+00 4.732669e-04
<GCONST> 8.386724e+01
<MIXTURE> 73 1.213625e-02
<MEAN> 25
 -5.558705e+00 -4.169351e-01 -1.206584e+00 5.032869e+00 4.379086e+00 2.288563e+00 6.013273e+00 2.839385e+00 5.278069e+00 2.587824e+00 3.628961e+00 2.927340e+00 6.326635e-01 -1.197312e+00 -1.276291e+00 -2.959563e+00 -9.092454e-01 -1.384628e+00 -8.296512e-01 -6.214435e-01 -1.431558e+00 -5.270221e-01 -8.660458e-01 -2.543674e-01 1.572843e-01
<VARIANCE> 25
 1.135580e+01 1.348895e+01 1.409789e+01 2.284852e+01 2.059048e+01 2.269013e+01 1.935692e+01 2.090913e+01 2.318506e+01 2.013493e+01 2.130602e+01 1.589003e+01 3.756963e+00 2.742859e+00 6.933728e+00 5.172835e+00 5.669412e+00 4.868499e+00 3.847564e+00 5.018449e+00 4.394808e+00 3.705051e+00 3.282540e+00 3.178945e+00 3.610180e-03
<GCONST> 9.257623e+01
<MIXTURE> 74 1.756491e-02
<MEAN> 25
 3.950849e+00 -2.694678e+00 6.483221e+00 -6.157892e-01 -7.528689e+00 -9.192238e+00 -3.878958e+00 1.260871e+00 -5.099565e+00 -2.913254e+00 -1.562364e+00 5.401599e-01 6.799976e-02 2.153126e+00 -2.223014e-01 1.600757e+00 1.209427e+00 4.801275e-01 6.911986e-01 -1.541107e+00 1.193362e+00 -1.316023e-01 -2.761888e-01 -1.699137e-01 -8.292096e-02
<VARIANCE> 25
 9.952521e+00 2.157998e+01 3.651350e+01 3.106560e+01 3.550731e+01 4.988255e+01 5.170971e+01 5.075471e+01 4.632505e+01 4.787622e+01 3.836981e+01 3.087064e+01 2.502231e+00 2.331118e+00 3.711735e+00 2.231804e+00 3.144192e+00 3.933444e+00 5.403729e+00 5.915439e+00 5.872664e+00 3.619837e+00 3.014712e+00 2.845675e+00 1.734916e-03
<GCONST> 9.719056e+01
<MIXTURE> 75 9.711651e-03
<MEAN> 25
 2.688365e+00 -1.471442e+00 1.091680e+01 1.672671e+00 -1.161511e+01 -7.899727e+00 -4.805079e+00 -9.519391e-02 -4.683386e+00 -4.629005e+00 3.260028e+00 2.316302e-01 1.709490e+00 -1.745739e+00 2.978066e-01 -2.845150e-01 -2.410064e+00 -5.552061e-01 -1.511027e+00 1.000567e+00 -2.713582e-01 -3.781221e-01 1.072982e+00 -5.749106e-01 3.882396e-02
<VARIANCE> 25
 1.079322e+01 1.956797e+01 3.074616e+01 2.708868e+01 2.748297e+01 3.673178e+01 3.206359e+01 3.510399e+01 3.357658e+01 3.082476e+01 1.985430e+01 2.117581e+01 2.358441e+00 1.876740e+00 4.412765e+00 2.474704e+00 3.754748e+00 4.252526e+00 4.174462e+00 3.535431e+00 4.288153e+00 3.305979e+00 3.105747e+00 2.595914e+00 1.495081e-03
<GCONST> 9.252501e+01
<MIXTURE> 76 1.052359e-02
<MEAN> 25
 -6.790513e+00 -1.556571e+00 -2.796904e+00 3.993740e+00 4.306149e+00 1.905463e+00 4.194747e+00 2.169540e+00 2.728044e+00 5.068486e-01 1.719737e+00 2.474610e+00 -1.160099e-01 -5.796991e-01 -2.911270e-01 -8.210465e-01 -5.892802e-01 -8.438942e-01 -5.584016e-01 -3.501646e-01 -4.742121e-01 -4.313171e-01 -2.446593e-01 -1.332240e-01 2.194517e-02
<VARIANCE> 25
 3.617243e+01 2.785637e+01 2.959022e+01 2.756925e+01 3.030864e+01 3.139326e+01 2.717841e+01 2.755294e+01 2.608172e+01 2.466557e+01 2.702567e+01 1.950571e+01 1.130521e+00 1.114933e+00 1.410720e+00 1.237600e+00 1.460242e+00 1.653281e+00 1.698924e+00 1.724481e+00 1.601696e+00 1.573227e+00 1.548272e+00 1.391931e+00 1.256316e-03
<GCONST> 8.353461e+01
<MIXTURE> 77 1.244626e-02
<MEAN> 25
 -4.658543e-01 8.581156e+00 1.246326e+01 -1.161557e+01 -7.009792e+00 9.552834e-01 -9.281704e+00 -7.231242e+00 -3.382416e+00 -1.926737e-01 -4.658104e+00 -1.486602e+00 6.784163e-02 1.375095e-01 7.416856e-02 2.508817e-01 -2.220174e-02 7.873185e-02 -6.476167e-02 -6.275032e-02 8.255592e-02 -4.402501e-02 2.514004e-02 1.178870e-01 -9.920550e-03
<VARIANCE> 25
 1.043842e+01 2.011502e+01 2.754053e+01 4.160445e+01 3.319155e+01 3.379070e+01 3.667891e+01 3.184447e+01 3.526803e+01 3.323468e+01 3.754324e+01 3.493339e+01 2.988598e-01 7.776957e-01 6.457735e-01 1.085457e+00 1.239453e+00 9.876260e-01 1.223092e+00 1.074415e+00 1.043959e+00 1.066520e+00 9.719954e-01 9.219181e-01 5.399837e-04
<GCONST> 7.780342e+01
<MIXTURE> 78 9.702551e-03
<MEAN> 25
 -1.152456e+01 1.078751e+00 -1.598827e+00 2.286942e+00 4.443544e+00 -2.320175e+00 3.766687e+00 2.596011e+00 2.620878e+00 7.041529e-01 -5.598466e-01 3.062389e+00 2.386794e+00 -2.796445e-01 1.994150e-01 5.883465e-01 -2.297590e-02 3.626822e-02 -2.972570e-01 -7.793944e-02 2.366773e-01 1.573237e-01 -3.692584e-01 -4.593823e-01 -6.218211e-02
<VARIANCE> 25
 4.191292e+01 3.298977e+01 3.309827e+01 3.266338e+01 3.939140e+01 3.787250e+01 3.655904e+01 3.286510e+01 2.907691e+01 2.796394e+01 2.764799e+01 2.015160e+01 4.993553e+00 2.573872e+00 2.860336e+00 3.057791e+00 2.844328e+00 3.589600e+00 3.287281e+00 2.921062e+00 2.374685e+00 2.381828e+00 2.279025e+00 2.159858e+00 4.693819e-03
<GCONST> 9.485983e+01
<MIXTURE> 79 1.156824e-02
<MEAN> 25
 2.536328e+00 1.280403e+00 9.376077e+00 -6.306847e+00 -1.193715e+01 -1.625009e+00 -1.734210e+00 -6.582428e+00 -7.049103e+00 7.331483e-01 -3.432674e+00 -3.222121e+00 1.140478e+00 -4.486975e-01 -1.416127e+00 2.256231e+00 4.457161e-01 -1.520217e+00 6.423531e-01 8.524607e-01 -2.394727e-01 -5.248893e-01 2.355974e-01 3.326387e-01 -3.679899e-02
<VARIANCE> 25
 1.386528e+01 2.443045e+01 3.673717e+01 4.884568e+01 3.224207e+01 4.250252e+01 4.222143e+01 3.688449e+01 4.086615e+01 4.066673e+01 4.186478e+01 2.936732e+01 1.019418e+00 2.274604e+00 1.847237e+00 2.156605e+00 2.454087e+00 2.713801e+00 3.275457e+00 3.406221e+00 3.093121e+00 2.620851e+00 2.515184e+00 2.003672e+00 1.197786e-03
<GCONST> 9.188236e+01
<MIXTURE> 80 7.550998e-03
<MEAN> 25
 -1.540259e+01 3.969228e+00 -2.267874e-01 3.343530e+00 2.710374e+00 6.199022e-01 6.635551e+00 1.887882e+00 3.430948e+00 2.525173e+00 4.170413e+00 2.094023e+00 4.278615e+00 -2.252105e-02 1.786078e+00 -9.676898e-01 -2.745852e+00 -2.914196e+00 -2.455763e+00 -2.164221e+00 -1.926927e+00 -1.627073e+00 -1.683629e+00 -6.206648e-01 -4.386143e-02
<VARIANCE> 25
 2.399564e+01 1.786836e+01 3.775257e+01 3.311889e+01 2.791875e+01 3.150923e+01 2.610011e+01 2.880804e+01 2.842710e+01 2.643521e+01 2.792520e+01 2.294072e+01 2.228816e+00 2.405290e+00 2.581437e+00 3.935830e+00 3.221171e+00 2.603866e+00 2.886294e+00 3.048976e+00 2.496529e+00 2.462818e+00 2.513601e+00 1.959628e+00 1.369213e-03
<GCONST> 9.074194e+01
<MIXTURE> 81 8.025434e-03
<MEAN> 25
 -1.113434e+00 4.058248e+00 1.018038e+01 -1.479206e+01 -9.080565e+00 -1.419527e+00 -6.763919e+00 -8.423419e+00 -4.160944e+00 -4.094590e-01 -7.569404e+00 -2.247805e+00 1.336970e-01 -5.860059e-01 -1.376866e-03 -5.562958e-01 -4.633544e-01 3.341124e-01 3.213599e-01 1.359573e-01 -1.388450e-01 1.077176e-01 -4.715157e-01 -1.233272e-01 1.147441e-02
<VARIANCE> 25
 1.017223e+01 3.285465e+01 2.646646e+01 2.939075e+01 3.368837e+01 3.051711e+01 4.543369e+01 2.828718e+01 3.809852e+01 3.189984e+01 2.531186e+01 3.102876e+01 7.716572e-01 2.276915e+00 1.546154e+00 2.869989e+00 2.662791e+00 2.127867e+00 3.282347e+00 2.286716e+00 2.357424e+00 2.537881e+00 2.300957e+00 2.083982e+00 1.183718e-03
<GCONST> 8.869956e+01
<MIXTURE> 82 8.213053e-03
<MEAN> 25
 -9.824700e+00 -4.005246e+00 1.440047e+00 -2.828407e+00 3.402964e+00 3.656888e-01 2.652075e+00 3.233032e-01 3.154567e+00 1.290213e+00 1.588782e+00 3.196479e+00 -1.209504e+00 -2.716895e-01 2.689989e-01 -2.575357e+00 -1.030379e+00 -1.359676e+00 -1.104097e+00 -9.739338e-01 -6.769312e-01 -4.330454e-01 -4.083965e-01 -1.655716e-03 1.795324e-01
<VARIANCE> 25
 1.697903e+01 2.323969e+01 3.049812e+01 2.900351e+01 3.154596e+01 3.096811e+01 3.436920e+01 3.519913e+01 2.919159e+01 2.549772e+01 2.885084e+01 1.661067e+01 3.608845e+00 3.061721e+00 3.077289e+00 3.030227e+00 3.363930e+00 3.156379e+00 2.851766e+00 2.984713e+00 4.035594e+00 2.344377e+00 2.419059e+00 1.873224e+00 3.186830e-03
<GCONST> 9.262560e+01
<MIXTURE> 83 1.167529e-02
<MEAN> 25
 -2.011262e+01 5.423290e+00 -2.149811e+00 -1.497705e-01 7.660500e+00 -1.277928e+00 5.656002e+00 2.836828e+00 1.477189e+00 2.014965e+00 6.493673e-01 2.952308e+00 -5.409511e-02 -4.907004e-01 -3.704078e-03 -3.123384e-01 -4.907334e-01 -9.111971e-02 -9.981443e-02 -8.667809e-02 -1.797570e-02 1.050097e-02 -6.773870e-02 1.976892e-02 5.605280e-03
<VARIANCE> 25
 8.583172e+00 1.596246e+01 3.032137e+01 2.308468e+01 2.111881e+01 2.315883e+01 2.201495e+01 2.340654e+01 2.145803e+01 2.203007e+01 2.238855e+01 1.401597e+01 1.037310e+00 9.373073e-01 1.200182e+00 1.088468e+00 1.308965e+00 1.277083e+00 1.264830e+00 1.338466e+00 1.308516e+00 1.317242e+00 1.206431e+00 1.097514e+00 8.965385e-04
<GCONST> 7.685011e+01
<MIXTURE> 84 1.066614e-02
<MEAN> 25
 1.082479e+00 8.819105e+00 6.724494e+00 8.075253e+00 3.325566e+00 -6.033497e-01 -1.046159e+00 -5.425546e+00 -2.527600e+00 -3.177595e+00 -2.112730e+00 -1.566980e+00 -1.735161e+00 -8.365332e-01 -8.657238e-01 1.426327e+00 1.901358e+00 1.248315e+00 1.435458e+00 7.494687e-01 1.323179e+00 2.338166e-01 3.914780e-01 5.009041e-01 -7.100050e-02
<VARIANCE> 25
 2.025579e+01 1.727510e+01 1.864229e+01 2.328405e+01 2.596027e+01 2.675637e+01 2.700929e+01 2.819156e+01 3.261613e+01 2.420772e+01 2.378737e+01 2.146716e+01 1.805689e+00 2.687097e+00 3.866050e+00 2.975967e+00 3.123876e+00 3.469612e+00 2.939931e+00 4.063710e+00 3.631305e+00 3.340093e+00 3.337239e+00 2.482326e+00 3.120692e-03
<GCONST> 9.168958e+01
<MIXTURE> 85 7.591393e-03
<MEAN> 25
 -3.631865e+00 7.819589e+00 5.216053e+00 1.633612e+00 -3.321005e+00 -5.943874e+00 -2.712790e+00 -6.686999e+00 -3.082114e+00 -3.343476e+00 -1.189324e+00 -1.437814e+00 4.083389e+00 1.280491e-01 1.914121e+00 -1.920664e+00 -3.300317e+00 -2.617457e+00 -3.115472e+00 -2.166534e+00 -2.361120e+00 -1.150151e+00 -2.256085e+00 -7.756495e-01 5.953291e-03
<VARIANCE> 25
 4.695926e+01 2.245559e+01 3.554688e+01 3.707993e+01 3.633270e+01 4.708169e+01 3.029742e+01 3.363123e+01 2.859197e+01 2.617736e+01 3.188028e+01 2.211987e+01 2.998111e+00 4.408256e+00 3.917701e+00 4.970466e+00 4.200236e+00 3.532204e+00 3.964635e+00 3.904835e+00 3.694299e+00 3.835522e+00 3.597738e+00 3.434280e+00 5.226225e-03
<GCONST> 9.853761e+01
<MIXTURE> 86 1.273941e-02
<MEAN> 25
 -5.174557e+00 -4.182103e-01 -3.044327e-01 6.555684e+00 4.965803e+00 4.734015e+00 6.094830e+00 4.030072e+00 5.571390e+00 3.261712e+00 5.098732e+00 3.159850e+00 -6.310325e-03 9.244772e-03 -2.414530e-02 -2.586554e-03 -1.056874e-01 -2.084741e-01 -2.643954e-01 -3.330025e-01 -3.402853e-01 -3.182369e-01 -2.152329e-01 -1.113919e-01 -7.157472e-04
<VARIANCE> 25
 6.979597e+00 8.076829e+00 9.811030e+00 1.125435e+01 1.367446e+01 1.241287e+01 1.472457e+01 1.291358e+01 1.617047e+01 1.471575e+01 1.321340e+01 1.279227e+01 9.062603e-02 1.852651e-01 2.873371e-01 5.154641e-01 5.533838e-01 6.809076e-01 6.604961e-01 6.800530e-01 7.412955e-01 7.921873e-01 9.549530e-01 8.634568e-01 5.009863e-05
<GCONST> 5.726753e+01
<MIXTURE> 87 1.100681e-02
<MEAN> 25
 -2.520259e+00 4.346950e+00 3.421457e+00 7.694945e+00 5.197695e+00 5.590276e-01 2.133714e+00 -3.079057e+00 1.509840e+00 -1.836955e+00 -7.275164e-01 4.562633e-02 -1.699300e+00 -3.040253e+00 -2.156190e+00 -2.339319e+00 -3.699083e-02 -6.346048e-01 1.469437e-01 1.823429e+00 8.324892e-01 8.271053e-01 3.590512e-01 6.575627e-01 1.112660e-01
<VARIANCE> 25
 2.862036e+01 2.574005e+01 2.226271e+01 2.878478e+01 2.114067e+01 2.464040e+01 2.006753e+01 2.820258e+01 2.652508e+01 2.045529e+01 2.360276e+01 1.890506e+01 2.904151e+00 2.088179e+00 4.164438e+00 3.523400e+00 4.205093e+00 5.888723e+00 3.902125e+00 4.089276e+00 4.583018e+00 2.719176e+00 2.940988e+00 2.082933e+00 3.624727e-03
<GCONST> 9.318597e+01
<MIXTURE> 88 1.256585e-02
<MEAN> 25
 -4.185449e+00 -6.136909e-01 -1.789234e+00 5.053877e+00 4.706206e+00 4.100806e+00 5.449608e+00 2.912718e+00 4.179724e+00 2.075988e+00 3.174929e+00 2.565984e+00 -1.053168e-01 8.646271e-02 3.016788e-01 4.576848e-01 3.974952e-01 2.044752e-01 7.005735e-02 -2.076335e-01 -2.127658e-01 -2.094721e-01 -4.488217e-02 3.700409e-02 -5.047640e-03
<VARIANCE> 25
 8.878652e+00 9.672872e+00 1.558406e+01 1.673268e+01 1.913627e+01 2.579212e+01 2.301264e+01 1.920140e+01 2.031026e+01 1.773253e+01 2.137796e+01 1.470698e+01 1.350644e+00 1.621799e+00 2.015433e+00 2.196746e+00 2.626181e+00 2.603023e+00 2.561038e+00 2.478065e+00 2.365610e+00 2.351308e+00 2.230819e+00 2.047370e+00 1.513577e-03
<GCONST> 8.267709e+01
<MIXTURE> 89 9.333527e-03
<MEAN> 25
 5.549143e+00 -6.453977e+00 -2.705894e+00 -3.103931e+00 -1.987000e+00 -6.621476e+00 -6.455258e+00 5.283071e+00 2.409118e+00 -1.379071e+00 -6.742638e+00 -2.544460e+00 -5.047534e-01 1.752159e-01 2.120248e+00 8.898295e-01 -1.960960e+00 -1.588290e+00 7.961001e-01 1.397267e+00 -8.241738e-01 -1.280881e+00 5.521581e-01 1.447311e+00 -4.781340e-03
<VARIANCE> 25
 9.597589e+00 2.419804e+01 3.154796e+01 2.668113e+01 3.288572e+01 4.288681e+01 5.281275e+01 4.563110e+01 4.098880e+01 5.130051e+01 3.563091e+01 3.162927e+01 3.401400e-01 7.393198e-01 1.409253e+00 1.161795e+00 1.733262e+00 1.884305e+00 2.356024e+00 2.041747e+00 1.990231e+00 1.964852e+00 2.200875e+00 1.332894e+00 3.384189e-04
<GCONST> 8.416300e+01
<MIXTURE> 90 7.114505e-03
<MEAN> 25
 2.448113e+00 -9.723411e+00 -4.760112e+00 -3.983542e+00 -3.370804e+00 -1.823529e+00 3.348027e+00 1.209592e+00 -7.529737e+00 -1.018573e+01 -3.432227e+00 -7.547699e-01 -1.636231e-01 9.075420e-01 1.168295e+00 -8.546032e-01 -1.607787e+00 -2.101378e-01 6.428275e-01 -2.113812e-01 -1.689549e-01 7.416368e-01 1.821392e-01 -5.484920e-01 -1.112069e-02
<VARIANCE> 25
 8.476442e+00 1.775216e+01 1.979457e+01 2.798359e+01 3.686098e+01 3.217545e+01 3.862072e+01 3.676243e+01 3.515189e+01 2.814982e+01 2.695554e+01 2.621656e+01 2.233329e-01 6.128801e-01 7.853227e-01 1.041306e+00 1.481692e+00 1.590484e+00 1.779087e+00 1.652649e+00 1.807129e+00 1.686073e+00 1.493151e+00 1.307528e+00 2.151353e-04
<GCONST> 7.815692e+01
<MIXTURE> 91 7.852945e-03
<MEAN> 25
 6.052840e+00 -7.539253e+00 -8.356231e+00 -5.255657e+00 3.818804e+00 -5.208152e-01 -2.629058e+00 1.450186e+00 2.583089e-01 -2.214211e+00 -4.970379e+00 -5.388044e+00 2.160290e-01 1.019514e+00 2.568469e-01 3.850010e-01 -2.166541e-02 -5.029104e-01 -3.528887e-01 -2.653950e-01 -4.410189e-02 6.200520e-01 -2.066271e-01 2.315219e-01 -3.437580e-02
<VARIANCE> 25
 1.071253e+01 2.156972e+01 1.943230e+01 3.841772e+01 3.379807e+01 5.347752e+01 5.345539e+01 4.719179e+01 5.196428e+01 6.592239e+01 3.874044e+01 4.061827e+01 4.355908e-01 8.842370e-01 1.116470e+00 1.362653e+00 2.110282e+00 2.264961e+00 2.288051e+00 2.667055e+00 2.188945e+00 2.388775e+00 1.996025e+00 1.737283e+00 5.878968e-04
<GCONST> 8.713522e+01
<MIXTURE> 92 7.852945e-03
<MEAN> 25
 6.052840e+00 -7.539253e+00 -8.356231e+00 -5.255657e+00 3.818804e+00 -5.208152e-01 -2.629058e+00 1.450186e+00 2.583089e-01 -2.214211e+00 -4.970379e+00 -5.388044e+00 2.160290e-01 1.019514e+00 2.568469e-01 3.850010e-01 -2.166541e-02 -5.029104e-01 -3.528887e-01 -2.653950e-01 -4.410189e-02 6.200520e-01 -2.066271e-01 2.315219e-01 -3.437580e-02
<VARIANCE> 25
 1.071253e+01 2.156972e+01 1.943230e+01 3.841772e+01 3.379807e+01 5.347752e+01 5.345539e+01 4.719179e+01 5.196428e+01 6.592239e+01 3.874044e+01 4.061827e+01 4.355908e-01 8.842370e-01 1.116470e+00 1.362653e+00 2.110282e+00 2.264961e+00 2.288051e+00 2.667055e+00 2.188945e+00 2.388775e+00 1.996025e+00 1.737283e+00 5.878968e-04
<GCONST> 8.713522e+01
<MIXTURE> 93 6.122769e-03
<MEAN> 25
 -6.818295e+00 -8.797764e-01 -2.319083e+00 5.853542e+00 5.894737e+00 3.913455e+00 6.190896e+00 3.578710e+00 4.257890e+00 2.462774e+00 1.800239e+00 3.745332e+00 -5.753021e-02 -1.540702e-01 -2.533254e-01 -3.307011e-01 -3.272173e-01 -2.841916e-01 -2.166909e-01 -1.687175e-01 -1.555253e-01 -1.449507e-01 -1.018374e-01 -4.678162e-02 -1.465725e-05
<VARIANCE> 25
 8.946336e+00 6.316223e+00 8.452477e+00 1.141193e+01 1.131257e+01 1.578887e+01 1.543786e+01 1.622720e+01 1.565043e+01 1.451893e+01 1.669392e+01 1.337955e+01 8.290524e-02 1.542191e-01 2.612548e-01 3.748805e-01 4.925906e-01 6.334068e-01 7.668663e-01 8.758081e-01 9.089145e-01 8.664142e-01 8.917912e-01 9.324903e-01 1.031801e-06
<GCONST> 5.364072e+01
<MIXTURE> 94 6.122769e-03
<MEAN> 25
 -6.818295e+00 -8.797764e-01 -2.319083e+00 5.853542e+00 5.894737e+00 3.913455e+00 6.190896e+00 3.578710e+00 4.257890e+00 2.462774e+00 1.800239e+00 3.745332e+00 -5.753021e-02 -1.540702e-01 -2.533254e-01 -3.307011e-01 -3.272173e-01 -2.841916e-01 -2.166909e-01 -1.687175e-01 -1.555253e-01 -1.449507e-01 -1.018374e-01 -4.678162e-02 -1.465725e-05
<VARIANCE> 25
 8.946336e+00 6.316223e+00 8.452477e+00 1.141193e+01 1.131257e+01 1.578887e+01 1.543786e+01 1.622720e+01 1.565043e+01 1.451893e+01 1.669392e+01 1.337955e+01 8.290524e-02 1.542191e-01 2.612548e-01 3.748805e-01 4.925906e-01 6.334068e-01 7.668663e-01 8.758081e-01 9.089145e-01 8.664142e-01 8.917912e-01 9.324903e-01 1.031801e-06
<GCONST> 5.364072e+01
<MIXTURE> 95 5.258835e-03
<MEAN> 25
 -5.833521e+00 -6.775097e-01 -1.934781e+00 4.915030e+00 4.214143e+00 2.842865e+00 4.251566e+00 1.642128e+00 2.285632e+00 8.548781e-01 1.210568e+00 2.649534e+00 1.444122e-01 1.451126e-01 8.844732e-02 -7.462434e-02 -3.777460e-01 -7.176851e-01 -1.051166e+00 -1.276674e+00 -1.256889e+00 -9.817991e-01 -6.468901e-01 -3.056792e-01 -1.701571e-04
<VARIANCE> 25
 1.012959e+01 6.770325e+00 1.239342e+01 1.270318e+01 1.385096e+01 1.824655e+01 1.831405e+01 1.677483e+01 1.564096e+01 1.530319e+01 1.983199e+01 1.457449e+01 2.076525e-01 2.910806e-01 4.506790e-01 6.313674e-01 7.927227e-01 8.892630e-01 9.053320e-01 9.186330e-01 9.659166e-01 1.077847e+00 1.153143e+00 1.104963e+00 4.174641e-05
<GCONST> 6.324018e+01
<MIXTURE> 96 7.034694e-03
<MEAN> 25
 -5.102170e+00 -4.359891e-01 -2.223645e+00 5.182831e+00 3.871186e+00 1.791775e+00 3.559090e+00 1.803303e+00 2.487020e+00 9.376880e-01 1.137644e+00 2.842635e+00 -2.875657e-02 8.584028e-02 2.132863e-01 4.034693e-01 5.366135e-01 4.981327e-01 2.450794e-01 -1.250197e-01 -4.599734e-01 -6.483105e-01 -6.084873e-01 -3.648124e-01 -1.850110e-05
<VARIANCE> 25
 1.097900e+01 9.783493e+00 1.294750e+01 1.433760e+01 1.497274e+01 1.945621e+01 1.810233e+01 1.923196e+01 1.824951e+01 1.659510e+01 1.974449e+01 1.449161e+01 1.204825e-01 2.189181e-01 3.155157e-01 3.979440e-01 4.942329e-01 6.590580e-01 8.646733e-01 9.936625e-01 9.567049e-01 8.646659e-01 8.850894e-01 9.399689e-01 1.004281e-06
<GCONST> 5.757545e+01
<MIXTURE> 97 7.034694e-03
<MEAN> 25
 -5.102170e+00 -4.359891e-01 -2.223645e+00 5.182831e+00 3.871186e+00 1.791775e+00 3.559090e+00 1.803303e+00 2.487020e+00 9.376880e-01 1.137644e+00 2.842635e+00 -2.875657e-02 8.584028e-02 2.132863e-01 4.034693e-01 5.366135e-01 4.981327e-01 2.450794e-01 -1.250197e-01 -4.599734e-01 -6.483105e-01 -6.084873e-01 -3.648124e-01 -1.850110e-05
<VARIANCE> 25
 1.097900e+01 9.783493e+00 1.294750e+01 1.433760e+01 1.497274e+01 1.945621e+01 1.810233e+01 1.923196e+01 1.824951e+01 1.659510e+01 1.974449e+01 1.449161e+01 1.204825e-01 2.189181e-01 3.155157e-01 3.979440e-01 4.942329e-01 6.590580e-01 8.646733e-01 9.936625e-01 9.567049e-01 8.646659e-01 8.850894e-01 9.399689e-01 1.004281e-06
<GCONST> 5.757545e+01
<MIXTURE> 98 9.917808e-03
<MEAN> 25
 -1.489067e+00 1.625305e+00 -4.228824e-01 4.021511e+00 2.936269e+00 1.640056e+00 4.084396e+00 -2.033396e-01 4.211854e+00 6.355794e-02 9.763157e-01 2.035060e+00 -1.765312e+00 -1.128967e+00 -9.500102e-01 4.213217e-01 7.952982e-01 7.652326e-01 1.286297e+00 9.400888e-01 2.024041e+00 7.452375e-01 1.135926e+00 1.112388e+00 -4.500903e-02
<VARIANCE> 25
 1.008925e+01 1.887673e+01 2.612321e+01 3.306683e+01 3.200785e+01 3.493492e+01 2.806987e+01 3.528777e+01 3.148205e+01 2.911976e+01 3.163679e+01 2.593152e+01 1.021284e+00 1.691550e+00 2.063317e+00 2.337350e+00 2.266577e+00 2.351290e+00 3.238747e+00 3.017554e+00 2.829410e+00 3.358825e+00 3.092330e+00 1.923176e+00 2.300065e-03
<GCONST> 8.943863e+01
<MIXTURE> 99 6.696178e-03
<MEAN> 25
 -6.082925e+00 9.974014e+00 6.878621e+00 4.058519e+00 1.133705e+00 -5.009519e+00 -1.623795e+00 -4.372359e+00 -2.941948e+00 -4.035139e+00 -1.608840e+00 2.795784e-01 4.639831e-01 -8.417978e-01 2.925237e-01 -4.000393e-01 -1.101263e+00 -5.557087e-01 -2.837863e-01 -2.244388e-01 -9.079871e-02 -6.958167e-02 2.087183e-01 1.901666e-01 1.200316e-02
<VARIANCE> 25
 3.652115e+01 2.387313e+01 4.456859e+01 3.584627e+01 3.545670e+01 3.502308e+01 2.680387e+01 2.892487e+01 3.071987e+01 2.815510e+01 1.996669e+01 2.812489e+01 2.259363e+00 2.089242e+00 1.408762e+00 1.764911e+00 2.568454e+00 2.074158e+00 1.578831e+00 1.648094e+00 1.546314e+00 1.654783e+00 1.328800e+00 1.216969e+00 1.634086e-03
<GCONST> 8.706015e+01
<MIXTURE> 100 4.498084e-03
<MEAN> 25
 -1.598578e+00 6.344357e+00 1.027686e+01 -7.462423e+00 -1.078190e+01 -5.074846e+00 -4.941619e+00 -9.968721e+00 -4.718636e+00 -8.549884e-01 -2.733007e+00 -2.708313e+00 2.917796e+00 -1.260401e+00 1.299755e+00 -2.185870e+00 -3.419401e+00 -7.841082e-01 -1.218687e+00 -8.197924e-01 -1.475425e+00 3.467067e-01 -1.655667e+00 -2.860793e-01 2.015146e-03
<VARIANCE> 25
 1.362799e+01 2.106346e+01 2.246274e+01 2.642855e+01 2.301835e+01 2.372508e+01 2.911030e+01 2.170814e+01 2.748589e+01 2.265243e+01 2.241234e+01 2.134091e+01 1.799265e+00 3.953660e+00 2.920058e+00 4.286278e+00 4.184463e+00 4.537132e+00 4.016357e+00 4.340182e+00 4.167799e+00 3.895894e+00 3.910261e+00 3.225930e+00 1.674822e-03
<GCONST> 9.256978e+01
<MIXTURE> 101 6.007792e-03
<MEAN> 25
 7.717827e+00 -3.351524e+00 -6.082771e+00 -6.480332e+00 3.090867e-01 -1.319158e+00 -1.172100e+01 -5.712544e-01 1.259689e+00 3.403694e+00 -1.861621e+00 -5.369419e+00 7.183861e-01 7.152488e-01 -1.414252e+00 -1.554783e+00 1.014621e+00 2.437775e+00 1.337600e-01 -1.728940e+00 -1.052556e+00 1.019931e+00 1.532557e+00 -4.824239e-01 -6.045383e-03
<VARIANCE> 25
 8.976550e+00 1.481475e+01 2.667101e+01 3.819289e+01 3.336103e+01 3.249340e+01 3.985511e+01 4.505779e+01 3.426420e+01 4.148312e+01 4.749969e+01 2.153843e+01 2.683913e-01 6.142709e-01 1.205083e+00 1.382896e+00 1.481899e+00 1.945294e+00 2.014022e+00 2.183125e+00 2.110412e+00 2.175609e+00 1.726871e+00 1.966946e+00 3.476931e-04
<GCONST> 8.246548e+01
<MIXTURE> 102 6.007792e-03
<MEAN> 25
 7.717827e+00 -3.351524e+00 -6.082771e+00 -6.480332e+00 3.090867e-01 -1.319158e+00 -1.172100e+01 -5.712544e-01 1.259689e+00 3.403694e+00 -1.861621e+00 -5.369419e+00 7.183861e-01 7.152488e-01 -1.414252e+00 -1.554783e+00 1.014621e+00 2.437775e+00 1.337600e-01 -1.728940e+00 -1.052556e+00 1.019931e+00 1.532557e+00 -4.824239e-01 -6.045383e-03
<VARIANCE> 25
 8.976550e+00 1.481475e+01 2.667101e+01 3.819289e+01 3.336103e+01 3.249340e+01 3.985511e+01 4.505779e+01 3.426420e+01 4.148312e+01 4.749969e+01 2.153843e+01 2.683913e-01 6.142709e-01 1.205083e+00 1.382896e+00 1.481899e+00 1.945294e+00 2.014022e+00 2.183125e+00 2.110412e+00 2.175609e+00 1.726871e+00 1.966946e+00 3.476931e-04
<GCONST> 8.246548e+01
<MIXTURE> 103 5.694618e-03
<MEAN> 25
 3.361644e+00 -9.475241e+00 -6.127369e+00 -3.092768e+00 -1.324322e+00 -1.973924e+00 2.441231e+00 2.515100e+00 -4.596346e+00 -9.244309e+00 -5.068244e+00 3.680466e-01 -1.578333e-01 -1.489545e+00 -9.796621e-01 3.730710e-01 1.212686e+00 1.019095e+00 1.613424e-01 -2.672652e-01 -7.770758e-01 -9.454138e-01 -3.796278e-02 1.220623e-01 2.690869e-02
<VARIANCE> 25
 1.035254e+01 2.032088e+01 2.291470e+01 3.164989e+01 4.803605e+01 3.497165e+01 4.641092e+01 3.680706e+01 4.236871e+01 2.943899e+01 3.004656e+01 2.645431e+01 6.442574e-01 1.251404e+00 1.536958e+00 1.942638e+00 2.923974e+00 2.408700e+00 2.896198e+00 2.578762e+00 2.581675e+00 2.523456e+00 2.103146e+00 2.019745e+00 8.084333e-04
<GCONST> 8.760018e+01
<MIXTURE> 104 5.694618e-03
<MEAN> 25
 3.361644e+00 -9.475241e+00 -6.127369e+00 -3.092768e+00 -1.324322e+00 -1.973924e+00 2.441231e+00 2.515100e+00 -4.596346e+00 -9.244309e+00 -5.068244e+00 3.680466e-01 -1.578333e-01 -1.489545e+00 -9.796621e-01 3.730710e-01 1.212686e+00 1.019095e+00 1.613424e-01 -2.672652e-01 -7.770758e-01 -9.454138e-01 -3.796278e-02 1.220623e-01 2.690869e-02
<VARIANCE> 25
 1.035254e+01 2.032088e+01 2.291470e+01 3.164989e+01 4.803605e+01 3.497165e+01 4.641092e+01 3.680706e+01 4.236871e+01 2.943899e+01 3.004656e+01 2.645431e+01 6.442574e-01 1.251404e+00 1.536958e+00 1.942638e+00 2.923974e+00 2.408700e+00 2.896198e+00 2.578762e+00 2.581675e+00 2.523456e+00 2.103146e+00 2.019745e+00 8.084333e-04
<GCONST> 8.760018e+01
<MIXTURE> 105 4.710235e-03
<MEAN> 25
 2.063179e+00 -1.454888e+00 9.528579e+00 -2.577298e+00 -1.176641e+01 -4.860291e+00 -4.457800e+00 -4.853345e-01 -4.365600e+00 -2.665857e+00 1.186706e+00 -1.057089e+00 2.348149e-02 9.793205e-03 3.884045e-02 -7.484421e-03 -4.709152e-02 7.863206e-02 -1.674035e-02 1.238514e-02 -2.269068e-02 2.326939e-02 4.046467e-02 -1.703790e-02 -2.089298e-03
<VARIANCE> 25
 1.326855e+01 2.732266e+01 4.062423e+01 4.322406e+01 3.641389e+01 5.195587e+01 4.074829e+01 4.287085e+01 4.343863e+01 4.550004e+01 4.199672e+01 2.946643e+01 8.364733e-02 1.855798e-01 3.299307e-01 3.069828e-01 4.055633e-01 4.267414e-01 4.486416e-01 4.947732e-01 4.753212e-01 4.204876e-01 4.033261e-01 3.816902e-01 8.527379e-05
<GCONST> 6.646626e+01
<MIXTURE> 106 4.710235e-03
<MEAN> 25
 2.063179e+00 -1.454888e+00 9.528579e+00 -2.577298e+00 -1.176641e+01 -4.860291e+00 -4.457800e+00 -4.853345e-01 -4.365600e+00 -2.665857e+00 1.186706e+00 -1.057089e+00 2.348149e-02 9.793205e-03 3.884045e-02 -7.484421e-03 -4.709152e-02 7.863206e-02 -1.674035e-02 1.238514e-02 -2.269068e-02 2.326939e-02 4.046467e-02 -1.703790e-02 -2.089298e-03
<VARIANCE> 25
 1.326855e+01 2.732266e+01 4.062423e+01 4.322406e+01 3.641389e+01 5.195587e+01 4.074829e+01 4.287085e+01 4.343863e+01 4.550004e+01 4.199672e+01 2.946643e+01 8.364733e-02 1.855798e-01 3.299307e-01 3.069828e-01 4.055633e-01 4.267414e-01 4.486416e-01 4.947732e-01 4.753212e-01 4.204876e-01 4.033261e-01 3.816902e-01 8.527379e-05
<GCONST> 6.646626e+01
<MIXTURE> 107 5.452374e-03
<MEAN> 25
 8.569838e+00 -1.956205e+00 -7.577810e+00 -9.260484e+00 1.800042e+00 3.138051e+00 -8.253757e+00 -4.512777e+00 -1.528225e+00 2.973422e+00 9.009441e-01 -4.707525e+00 -6.199446e-01 -7.595567e-01 8.697217e-01 1.727031e+00 2.488921e-01 -2.033496e+00 -8.003029e-01 7.997680e-01 1.723771e+00 3.116272e-02 -1.673693e+00 -6.817464e-01 -1.297459e-03
<VARIANCE> 25
 9.024360e+00 2.125955e+01 2.930762e+01 4.146101e+01 3.398244e+01 3.770150e+01 5.109904e+01 3.560250e+01 4.866094e+01 4.354937e+01 4.813028e+01 3.117906e+01 3.633888e-01 9.469885e-01 1.389329e+00 2.355544e+00 2.213759e+00 2.680668e+00 2.868615e+00 2.439957e+00 2.212328e+00 2.982281e+00 1.846936e+00 2.522961e+00 7.140100e-04
<GCONST> 8.796692e+01
<MIXTURE> 108 5.452374e-03
<MEAN> 25
 8.569838e+00 -1.956205e+00 -7.577810e+00 -9.260484e+00 1.800042e+00 3.138051e+00 -8.253757e+00 -4.512777e+00 -1.528225e+00 2.973422e+00 9.009441e-01 -4.707525e+00 -6.199446e-01 -7.595567e-01 8.697217e-01 1.727031e+00 2.488921e-01 -2.033496e+00 -8.003029e-01 7.997680e-01 1.723771e+00 3.116272e-02 -1.673693e+00 -6.817464e-01 -1.297459e-03
<VARIANCE> 25
 9.024360e+00 2.125955e+01 2.930762e+01 4.146101e+01 3.398244e+01 3.770150e+01 5.109904e+01 3.560250e+01 4.866094e+01 4.354937e+01 4.813028e+01 3.117906e+01 3.633888e-01 9.469885e-01 1.389329e+00 2.355544e+00 2.213759e+00 2.680668e+00 2.868615e+00 2.439957e+00 2.212328e+00 2.982281e+00 1.846936e+00 2.522961e+00 7.140100e-04
<GCONST> 8.796692e+01
<MIXTURE> 109 6.661064e-03
<MEAN> 25
 4.069345e+00 -1.054690e+01 -8.302502e+00 -1.395268e+00 2.760024e+00 -9.319407e-02 -1.119478e-01 1.559096e+00 -2.594630e+00 -8.277218e+00 -5.380905e+00 2.808589e-03 -3.384950e-02 -1.307546e-01 -2.659819e-02 2.403345e-01 2.030671e-01 1.231551e-01 -1.273934e-01 -1.110405e-01 -4.221369e-02 -1.088388e-01 2.165699e-01 1.405880e-02 -3.457850e-03
<VARIANCE> 25
 9.049449e+00 1.807090e+01 1.986282e+01 3.141243e+01 4.055684e+01 3.688172e+01 4.655134e+01 3.562479e+01 4.583019e+01 3.642367e+01 2.938380e+01 2.854232e+01 1.917208e-01 4.204016e-01 5.402890e-01 6.455298e-01 1.228386e+00 9.902921e-01 1.250234e+00 1.089921e+00 1.110307e+00 1.018268e+00 8.726242e-01 8.800095e-01 1.813256e-04
<GCONST> 7.453323e+01
<MIXTURE> 110 6.661064e-03
<MEAN> 25
 4.069345e+00 -1.054690e+01 -8.302502e+00 -1.395268e+00 2.760024e+00 -9.319407e-02 -1.119478e-01 1.559096e+00 -2.594630e+00 -8.277218e+00 -5.380905e+00 2.808589e-03 -3.384950e-02 -1.307546e-01 -2.659819e-02 2.403345e-01 2.030671e-01 1.231551e-01 -1.273934e-01 -1.110405e-01 -4.221369e-02 -1.088388e-01 2.165699e-01 1.405880e-02 -3.457850e-03
<VARIANCE> 25
 9.049449e+00 1.807090e+01 1.986282e+01 3.141243e+01 4.055684e+01 3.688172e+01 4.655134e+01 3.562479e+01 4.583019e+01 3.642367e+01 2.938380e+01 2.854232e+01 1.917208e-01 4.204016e-01 5.402890e-01 6.455298e-01 1.228386e+00 9.902921e-01 1.250234e+00 1.089921e+00 1.110307e+00 1.018268e+00 8.726242e-01 8.800095e-01 1.813256e-04
<GCONST> 7.453323e+01
<MIXTURE> 111 4.337247e-03
<MEAN> 25
 -4.473955e+00 -9.059547e-01 -1.720704e+00 1.688466e+00 9.649615e-01 9.647143e-01 3.150875e-01 2.109315e-01 8.955120e-02 -5.414770e-01 -6.298600e-01 1.964892e+00 -2.106568e-02 -3.248458e-02 -7.231177e-02 -7.356668e-02 -3.727707e-02 6.410618e-03 -1.100217e-03 -5.926869e-02 -1.404798e-01 -2.029584e-01 -1.900816e-01 -1.064513e-01 -2.144750e-04
<VARIANCE> 25
 7.000833e+00 4.978620e+00 1.021360e+01 9.408835e+00 1.310893e+01 2.384204e+01 1.467446e+01 1.316580e+01 1.160465e+01 1.191128e+01 1.362820e+01 1.158972e+01 7.917439e-02 1.635600e-01 2.752572e-01 4.205670e-01 5.694305e-01 7.053961e-01 8.005540e-01 8.582300e-01 8.927462e-01 8.559003e-01 8.621547e-01 8.477923e-01 2.231603e-05
<GCONST> 5.598007e+01
<MIXTURE> 112 4.337247e-03
<MEAN> 25
 -4.473955e+00 -9.059547e-01 -1.720704e+00 1.688466e+00 9.649615e-01 9.647143e-01 3.150875e-01 2.109315e-01 8.955120e-02 -5.414770e-01 -6.298600e-01 1.964892e+00 -2.106568e-02 -3.248458e-02 -7.231177e-02 -7.356668e-02 -3.727707e-02 6.410618e-03 -1.100217e-03 -5.926869e-02 -1.404798e-01 -2.029584e-01 -1.900816e-01 -1.064513e-01 -2.144750e-04
<VARIANCE> 25
 7.000833e+00 4.978620e+00 1.021360e+01 9.408835e+00 1.310893e+01 2.384204e+01 1.467446e+01 1.316580e+01 1.160465e+01 1.191128e+01 1.362820e+01 1.158972e+01 7.917439e-02 1.635600e-01 2.752572e-01 4.205670e-01 5.694305e-01 7.053961e-01 8.005540e-01 8.582300e-01 8.927462e-01 8.559003e-01 8.621547e-01 8.477923e-01 2.231603e-05
<GCONST> 5.598007e+01
<MIXTURE> 113 5.938666e-03
<MEAN> 25
 9.443758e+00 6.469495e-01 -7.626943e+00 -1.689688e+01 -2.920713e+00 7.421460e+00 -4.450918e+00 -5.378277e-01 -5.421958e+00 -4.909113e-01 -1.527324e-01 -9.953891e-02 1.326988e-02 4.958734e-02 1.437243e-02 -7.928839e-02 -3.434837e-02 1.100005e-01 1.634509e-01 -1.355553e-01 3.783665e-02 -1.530075e-01 7.479791e-02 5.131128e-02 -3.888691e-03
<VARIANCE> 25
 7.633384e+00 1.682768e+01 2.651820e+01 2.992369e+01 5.230404e+01 3.468042e+01 3.329571e+01 3.417000e+01 3.070418e+01 3.688472e+01 3.004907e+01 2.242209e+01 1.036790e-01 3.118812e-01 3.055603e-01 5.162550e-01 7.103114e-01 5.792203e-01 6.702730e-01 7.532409e-01 8.649060e-01 7.682751e-01 6.256246e-01 5.874125e-01 1.252088e-04
<GCONST> 6.831886e+01
<MIXTURE> 114 5.938666e-03
<MEAN> 25
 9.443758e+00 6.469495e-01 -7.626943e+00 -1.689688e+01 -2.920713e+00 7.421460e+00 -4.450918e+00 -5.378277e-01 -5.421958e+00 -4.909113e-01 -1.527324e-01 -9.953891e-02 1.326988e-02 4.958734e-02 1.437243e-02 -7.928839e-02 -3.434837e-02 1.100005e-01 1.634509e-01 -1.355553e-01 3.783665e-02 -1.530075e-01 7.479791e-02 5.131128e-02 -3.888691e-03
<VARIANCE> 25
 7.633384e+00 1.682768e+01 2.651820e+01 2.992369e+01 5.230404e+01 3.468042e+01 3.329571e+01 3.417000e+01 3.070418e+01 3.688472e+01 3.004907e+01 2.242209e+01 1.036790e-01 3.118812e-01 3.055603e-01 5.162550e-01 7.103114e-01 5.792203e-01 6.702730e-01 7.532409e-01 8.649060e-01 7.682751e-01 6.256246e-01 5.874125e-01 1.252088e-04
<GCONST> 6.831886e+01
<MIXTURE> 115 2.935202e-03
<MEAN> 25
 -4.031812e+00 -7.516993e-01 -3.107575e+00 3.657782e+00 2.413861e+00 -4.275825e-01 2.235625e+00 4.128911e-01 1.389452e+00 -2.004864e-02 4.015947e-02 2.687919e+00 3.164842e-02 -7.217427e-02 -2.307328e-01 -4.386803e-01 -6.333820e-01 -6.702842e-01 -5.920813e-01 -5.094293e-01 -4.865857e-01 -4.565607e-01 -3.437974e-01 -1.648882e-01 -3.304301e-06
<VARIANCE> 25
 9.266962e+00 9.885826e+00 1.353484e+01 1.270900e+01 1.348746e+01 1.755960e+01 1.708539e+01 2.080490e+01 1.794156e+01 1.721214e+01 1.919428e+01 1.466447e+01 2.037512e-01 3.456371e-01 4.854678e-01 5.615467e-01 6.341248e-01 7.979602e-01 1.007954e+00 1.130778e+00 1.075135e+00 9.943370e-01 1.025482e+00 1.064711e+00 1.000102e-06
<GCONST> 6.016154e+01
<MIXTURE> 116 2.935202e-03
<MEAN> 25
 -4.031812e+00 -7.516993e-01 -3.107575e+00 3.657782e+00 2.413861e+00 -4.275825e-01 2.235625e+00 4.128911e-01 1.389452e+00 -2.004864e-02 4.015947e-02 2.687919e+00 3.164842e-02 -7.217427e-02 -2.307328e-01 -4.386803e-01 -6.333820e-01 -6.702842e-01 -5.920813e-01 -5.094293e-01 -4.865857e-01 -4.565607e-01 -3.437974e-01 -1.648882e-01 -3.304301e-06
<VARIANCE> 25
 9.266962e+00 9.885826e+00 1.353484e+01 1.270900e+01 1.348746e+01 1.755960e+01 1.708539e+01 2.080490e+01 1.794156e+01 1.721214e+01 1.919428e+01 1.466447e+01 2.037512e-01 3.456371e-01 4.854678e-01 5.615467e-01 6.341248e-01 7.979602e-01 1.007954e+00 1.130778e+00 1.075135e+00 9.943370e-01 1.025482e+00 1.064711e+00 1.000102e-06
<GCONST> 6.016154e+01
<MIXTURE> 117 6.506003e-03
<MEAN> 25
 -4.677091e+00 1.169903e+00 1.081536e+00 9.732200e+00 6.237961e+00 6.210928e+00 6.558058e+00 4.981949e+00 6.503946e+00 4.833139e+00 6.274852e+00 2.782583e+00 -7.090566e-02 -2.290541e-01 -3.519503e-01 -4.170156e-01 -3.578625e-01 -3.034151e-01 -2.856092e-01 -3.214954e-01 -3.734733e-01 -3.605841e-01 -2.506271e-01 -1.343708e-01 -1.278747e-05
<VARIANCE> 25
 7.095280e+00 8.716547e+00 9.656471e+00 1.411567e+01 1.532963e+01 1.521030e+01 1.799270e+01 1.779249e+01 1.679434e+01 1.659432e+01 1.699036e+01 1.478783e+01 2.137856e-01 3.062541e-01 4.206134e-01 6.060210e-01 8.419596e-01 1.036152e+00 1.154477e+00 1.215244e+00 1.216770e+00 1.178502e+00 1.166235e+00 1.133818e+00 1.039978e-06
<GCONST> 6.033613e+01
<MIXTURE> 118 6.506003e-03
<MEAN> 25
 -4.677091e+00 1.169903e+00 1.081536e+00 9.732200e+00 6.237961e+00 6.210928e+00 6.558058e+00 4.981949e+00 6.503946e+00 4.833139e+00 6.274852e+00 2.782583e+00 -7.090566e-02 -2.290541e-01 -3.519503e-01 -4.170156e-01 -3.578625e-01 -3.034151e-01 -2.856092e-01 -3.214954e-01 -3.734733e-01 -3.605841e-01 -2.506271e-01 -1.343708e-01 -1.278747e-05
<VARIANCE> 25
 7.095280e+00 8.716547e+00 9.656471e+00 1.411567e+01 1.532963e+01 1.521030e+01 1.799270e+01 1.779249e+01 1.679434e+01 1.659432e+01 1.699036e+01 1.478783e+01 2.137856e-01 3.062541e-01 4.206134e-01 6.060210e-01 8.419596e-01 1.036152e+00 1.154477e+00 1.215244e+00 1.216770e+00 1.178502e+00 1.166235e+00 1.133818e+00 1.039978e-06
<GCONST> 6.033613e+01
<MIXTURE> 119 4.297961e-03
<MEAN> 25
 -4.975598e+00 -7.634647e+00 2.231646e+00 2.016639e+00 2.239614e+00 2.076994e-01 5.275206e+00 5.939713e+00 1.166136e+00 9.677677e-01 6.613866e+00 1.569998e+00 -4.997206e-02 -7.931148e-02 3.729610e-02 -5.719883e-02 -1.261394e-01 -1.799054e-01 -6.905186e-02 -1.393463e-02 -9.187473e-02 -1.121016e-01 -5.515629e-02 -5.818786e-02 1.111643e-03
<VARIANCE> 25
 8.501863e+00 9.813537e+00 1.656438e+01 2.018279e+01 2.286663e+01 2.320607e+01 2.499717e+01 2.648552e+01 2.503739e+01 2.807428e+01 2.040337e+01 2.041015e+01 1.604242e-01 2.824877e-01 4.597538e-01 6.328265e-01 8.034651e-01 1.003842e+00 1.099947e+00 1.277788e+00 1.285857e+00 1.245821e+00 1.192396e+00 1.112443e+00 2.316193e-04
<GCONST> 6.971953e+01
<MIXTURE> 120 4.297961e-03
<MEAN> 25
 -4.975598e+00 -7.634647e+00 2.231646e+00 2.016639e+00 2.239614e+00 2.076994e-01 5.275206e+00 5.939713e+00 1.166136e+00 9.677677e-01 6.613866e+00 1.569998e+00 -4.997206e-02 -7.931148e-02 3.729610e-02 -5.719883e-02 -1.261394e-01 -1.799054e-01 -6.905186e-02 -1.393463e-02 -9.187473e-02 -1.121016e-01 -5.515629e-02 -5.818786e-02 1.111643e-03
<VARIANCE> 25
 8.501863e+00 9.813537e+00 1.656438e+01 2.018279e+01 2.286663e+01 2.320607e+01 2.499717e+01 2.648552e+01 2.503739e+01 2.807428e+01 2.040337e+01 2.041015e+01 1.604242e-01 2.824877e-01 4.597538e-01 6.328265e-01 8.034651e-01 1.003842e+00 1.099947e+00 1.277788e+00 1.285857e+00 1.245821e+00 1.192396e+00 1.112443e+00 2.316193e-04
<GCONST> 6.971953e+01
<MIXTURE> 121 4.567511e-03
<MEAN> 25
 2.118658e-01 -2.523822e+00 5.147889e+00 -1.290099e+01 -1.264083e+01 -1.660090e+00 9.934381e-01 -5.102806e+00 -4.198925e+00 -4.874425e-01 -5.505492e+00 -4.312656e+00 2.371865e-02 1.326693e-01 -4.087580e-02 7.954546e-02 1.595090e-01 7.767432e-02 -7.869787e-02 -1.837623e-01 -2.674815e-01 -2.565881e-01 -1.156602e-01 4.609463e-04 -7.454264e-03
<VARIANCE> 25
 7.750097e+00 1.559316e+01 1.729954e+01 2.037182e+01 2.444197e+01 2.930381e+01 2.955273e+01 2.458613e+01 3.525864e+01 2.832542e+01 1.973509e+01 2.117036e+01 1.551395e-01 6.427662e-01 6.230743e-01 7.042429e-01 7.728539e-01 1.150074e+00 1.117794e+00 1.120201e+00 1.217823e+00 1.194194e+00 9.429381e-01 8.715418e-01 2.112166e-04
<GCONST> 7.140372e+01
<MIXTURE> 122 4.567511e-03
<MEAN> 25
 2.118658e-01 -2.523822e+00 5.147889e+00 -1.290099e+01 -1.264083e+01 -1.660090e+00 9.934381e-01 -5.102806e+00 -4.198925e+00 -4.874425e-01 -5.505492e+00 -4.312656e+00 2.371865e-02 1.326693e-01 -4.087580e-02 7.954546e-02 1.595090e-01 7.767432e-02 -7.869787e-02 -1.837623e-01 -2.674815e-01 -2.565881e-01 -1.156602e-01 4.609463e-04 -7.454264e-03
<VARIANCE> 25
 7.750097e+00 1.559316e+01 1.729954e+01 2.037182e+01 2.444197e+01 2.930381e+01 2.955273e+01 2.458613e+01 3.525864e+01 2.832542e+01 1.973509e+01 2.117036e+01 1.551395e-01 6.427662e-01 6.230743e-01 7.042429e-01 7.728539e-01 1.150074e+00 1.117794e+00 1.120201e+00 1.217823e+00 1.194194e+00 9.429381e-01 8.715418e-01 2.112166e-04
<GCONST> 7.140372e+01
<MIXTURE> 123 4.393044e-03
<MEAN> 25
 -4.189769e+00 1.542193e+00 4.723858e-01 6.497073e+00 4.881782e+00 3.171795e+00 3.506225e+00 -1.545064e-01 5.612883e-01 -7.922843e-01 5.223618e-01 1.018092e+00 -4.903738e-01 -8.321884e-01 -9.649971e-01 -6.186551e-01 -1.679181e-01 1.103789e-01 3.152384e-01 6.944719e-01 6.532562e-01 8.550239e-01 7.726310e-01 5.412705e-01 -2.234037e-03
<VARIANCE> 25
 9.678796e+00 1.303855e+01 1.566252e+01 1.684366e+01 2.178529e+01 2.634522e+01 2.059215e+01 2.108917e+01 1.839551e+01 1.684926e+01 2.300535e+01 1.850690e+01 3.434440e-01 3.646047e-01 5.733383e-01 6.640859e-01 9.789398e-01 1.074661e+00 1.144191e+00 1.109511e+00 1.276927e+00 1.153130e+00 1.138743e+00 1.106742e+00 9.506867e-05
<GCONST> 6.917991e+01
<MIXTURE> 124 4.069876e-03
<MEAN> 25
 -6.552069e+00 -1.156279e+00 -2.864905e+00 5.139226e+00 4.973051e+00 3.405569e+00 5.449015e+00 2.533076e+00 3.261502e+00 1.249301e+00 1.135542e+00 3.066528e+00 -2.017175e-01 -3.219124e-01 -3.566146e-01 -2.235099e-01 1.295640e-01 5.200918e-01 8.049791e-01 8.535445e-01 6.441130e-01 3.221986e-01 8.200797e-02 -2.511143e-02 9.238684e-05
<VARIANCE> 25
 1.091076e+01 7.180825e+00 1.133844e+01 1.241780e+01 1.197641e+01 1.966194e+01 1.566696e+01 1.699439e+01 1.572101e+01 1.600507e+01 1.903155e+01 1.433782e+01 1.048500e-01 1.667816e-01 2.702311e-01 4.198769e-01 5.878214e-01 6.999511e-01 7.431691e-01 8.097764e-01 9.108461e-01 9.734172e-01 1.010834e+00 9.830977e-01 1.811908e-05
<GCONST> 5.877478e+01
<MIXTURE> 125 4.069876e-03
<MEAN> 25
 -6.552069e+00 -1.156279e+00 -2.864905e+00 5.139226e+00 4.973051e+00 3.405569e+00 5.449015e+00 2.533076e+00 3.261502e+00 1.249301e+00 1.135542e+00 3.066528e+00 -2.017175e-01 -3.219124e-01 -3.566146e-01 -2.235099e-01 1.295640e-01 5.200918e-01 8.049791e-01 8.535445e-01 6.441130e-01 3.221986e-01 8.200797e-02 -2.511143e-02 9.238684e-05
<VARIANCE> 25
 1.091076e+01 7.180825e+00 1.133844e+01 1.241780e+01 1.197641e+01 1.966194e+01 1.566696e+01 1.699439e+01 1.572101e+01 1.600507e+01 1.903155e+01 1.433782e+01 1.048500e-01 1.667816e-01 2.702311e-01 4.198769e-01 5.878214e-01 6.999511e-01 7.431691e-01 8.097764e-01 9.108461e-01 9.734172e-01 1.010834e+00 9.830977e-01 1.811908e-05
<GCONST> 5.877478e+01
<MIXTURE> 126 2.402244e-03
<MEAN> 25
 -3.789409e+00 -6.939326e+00 -5.283062e+00 2.319165e+00 4.276576e+00 -3.242348e+00 6.873186e-02 3.554803e+00 3.339537e+00 -2.696844e+00 -1.428999e+00 3.055118e+00 -2.217428e-03 -6.520982e-03 -3.573399e-02 -1.582929e-01 -3.185374e-01 -3.892020e-01 -2.737126e-01 -1.576408e-01 -1.132739e-01 -1.152409e-01 -9.801896e-02 -3.068399e-02 -1.473702e-03
<VARIANCE> 25
 7.430479e+00 1.260943e+01 1.383552e+01 1.512810e+01 2.466782e+01 2.368990e+01 2.273960e+01 2.842033e+01 3.128713e+01 2.624311e+01 2.176466e+01 1.919596e+01 1.706255e-01 3.518538e-01 4.831492e-01 5.670057e-01 7.537218e-01 9.956318e-01 1.121974e+00 1.262370e+00 1.328812e+00 1.311376e+00 1.213595e+00 1.146982e+00 2.108020e-04
<GCONST> 6.979293e+01
<MIXTURE> 127 2.402244e-03
<MEAN> 25
 -3.789409e+00 -6.939326e+00 -5.283062e+00 2.319165e+00 4.276576e+00 -3.242348e+00 6.873186e-02 3.554803e+00 3.339537e+00 -2.696844e+00 -1.428999e+00 3.055118e+00 -2.217428e-03 -6.520982e-03 -3.573399e-02 -1.582929e-01 -3.185374e-01 -3.892020e-01 -2.737126e-01 -1.576408e-01 -1.132739e-01 -1.152409e-01 -9.801896e-02 -3.068399e-02 -1.473702e-03
<VARIANCE> 25
 7.430479e+00 1.260943e+01 1.383552e+01 1.512810e+01 2.466782e+01 2.368990e+01 2.273960e+01 2.842033e+01 3.128713e+01 2.624311e+01 2.176466e+01 1.919596e+01 1.706255e-01 3.518538e-01 4.831492e-01 5.670057e-01 7.537218e-01 9.956318e-01 1.121974e+00 1.262370e+00 1.328812e+00 1.311376e+00 1.213595e+00 1.146982e+00 2.108020e-04
<GCONST> 6.979293e+01
<MIXTURE> 128 3.790457e-03
<MEAN> 25
 -3.932312e+00 1.542260e+00 -3.395606e-01 6.574956e+00 3.620886e+00 1.858524e+00 3.578438e+00 2.371291e+00 3.963737e+00 3.700038e+00 3.770648e+00 3.525767e+00 -3.959258e-01 -1.971947e-01 9.854064e-02 7.266377e-01 1.184640e+00 1.135574e+00 7.178549e-01 1.311206e-01 -4.391236e-01 -7.880312e-01 -7.024524e-01 -3.937370e-01 -3.639260e-05
<VARIANCE> 25
 1.021169e+01 1.169795e+01 1.498902e+01 1.931587e+01 2.004346e+01 2.117684e+01 2.430691e+01 2.466979e+01 2.641630e+01 2.387401e+01 2.679969e+01 1.820187e+01 8.925062e-01 1.146447e+00 1.365830e+00 1.502669e+00 1.580472e+00 1.862761e+00 2.248894e+00 2.325214e+00 2.147720e+00 1.857375e+00 1.744147e+00 1.748381e+00 1.000065e-06
<GCONST> 7.364102e+01
<TRANSP> 3
 0.000000e+00 1.000000e+00 0.000000e+00
 0.000000e+00 9.999990e-01 9.999998e-07
 0.000000e+00 0.000000e+00 0.000000e+00
<ENDHMM>
