~o
<STREAMINFO> 1 25
<VECSIZE> 25<NULLD><MFCC_E_D_N><DIAGC>
~h "jmodel"
<BEGINHMM>
<NUMSTATES> 3
<STATE> 2
<NUMMIXES> 128
<MIXTURE> 1 5.748963e-03
<MEAN> 25
 -2.070013e+00 3.326451e+00 1.596344e+00 7.921446e+00 4.618668e+00 3.390289e+00 4.241785e+00 3.785189e+00 5.983133e+00 4.679546e+00 5.100129e+00 3.199391e+00 -1.977408e+00 -1.257766e+00 -7.725962e-01 8.300371e-01 1.560611e+00 2.591327e+00 2.504193e+00 1.933198e+00 1.675095e+00 1.213420e+00 1.531292e+00 6.824158e-01 -5.117385e-02
<VARIANCE> 25
 1.004247e+01 1.028903e+01 1.556925e+01 2.008646e+01 2.028291e+01 2.060041e+01 2.061366e+01 1.925983e+01 1.918208e+01 2.142257e+01 2.195273e+01 1.485329e+01 1.542487e+00 2.621905e+00 2.683024e+00 3.101789e+00 3.576893e+00 3.645577e+00 3.529682e+00 3.034518e+00 3.060683e+00 3.388478e+00 3.061915e+00 2.492926e+00 2.912936e-03
<GCONST> 8.714320e+01
<MIXTURE> 2 4.549242e-03
<MEAN> 25
 -4.720368e+00 1.348672e+00 8.863751e-01 9.676159e+00 6.614665e+00 7.409111e+00 7.821094e+00 6.828894e+00 8.393866e+00 6.202117e+00 7.505772e+00 3.112445e+00 -6.316022e-02 4.445978e-02 1.374728e-01 2.195487e-01 2.505086e-01 2.763198e-01 2.815547e-01 3.154529e-01 3.503889e-01 3.019927e-01 1.920799e-01 7.267290e-02 -6.620462e-06
<VARIANCE> 25
 7.330383e+00 8.675179e+00 1.075707e+01 1.671007e+01 1.691109e+01 1.526501e+01 1.645383e+01 1.886378e+01 1.616541e+01 1.797700e+01 1.813076e+01 1.404617e+01 1.220684e-01 2.262758e-01 3.335952e-01 4.691133e-01 6.536182e-01 8.004902e-01 9.210796e-01 1.003478e+00 1.043968e+00 1.078470e+00 1.074667e+00 1.001144e+00 1.046732e-06
<GCONST> 5.804575e+01
<MIXTURE> 3 4.549242e-03
<MEAN> 25
 -4.720368e+00 1.348672e+00 8.863751e-01 9.676159e+00 6.614665e+00 7.409111e+00 7.821094e+00 6.828894e+00 8.393866e+00 6.202117e+00 7.505772e+00 3.112445e+00 -6.316022e-02 4.445978e-02 1.374728e-01 2.195487e-01 2.505086e-01 2.763198e-01 2.815547e-01 3.154529e-01 3.503889e-01 3.019927e-01 1.920799e-01 7.267290e-02 -6.620462e-06
<VARIANCE> 25
 7.330383e+00 8.675179e+00 1.075707e+01 1.671007e+01 1.691109e+01 1.526501e+01 1.645383e+01 1.886378e+01 1.616541e+01 1.797700e+01 1.813076e+01 1.404617e+01 1.220684e-01 2.262758e-01 3.335952e-01 4.691133e-01 6.536182e-01 8.004902e-01 9.210796e-01 1.003478e+00 1.043968e+00 1.078470e+00 1.074667e+00 1.001144e+00 1.046732e-06
<GCONST> 5.804575e+01
<MIXTURE> 4 1.671429e-02
<MEAN> 25
 3.995619e+00 1.438368e+00 -4.282258e+00 1.234201e+00 4.233378e+00 -3.229609e-01 4.222537e-01 6.127151e-01 1.542898e+00 2.525830e+00 -3.319690e+00 1.290577e-02 -2.912027e+00 1.056544e+00 1.145936e+00 3.132810e+00 1.094329e+00 1.356075e-01 1.834947e+00 5.208429e-01 1.139689e+00 -3.709968e-01 1.136004e+00 1.304465e+00 -7.756625e-02
<VARIANCE> 25
 1.637617e+01 2.505193e+01 2.076370e+01 3.157432e+01 4.159989e+01 5.677223e+01 5.576287e+01 4.680749e+01 4.441647e+01 5.224549e+01 4.817556e+01 2.857101e+01 2.157625e+00 4.830963e+00 3.326830e+00 4.355544e+00 3.919607e+00 6.227906e+00 4.492097e+00 8.739946e+00 4.639469e+00 6.605780e+00 5.198013e+00 3.781501e+00 5.979731e-03
<GCONST> 1.022247e+02
<MIXTURE> 5 3.206198e-03
<MEAN> 25
 -3.199096e+00 2.166213e+00 3.224918e-01 9.087115e+00 6.542304e+00 6.370309e+00 7.210677e+00 4.621950e+00 5.598153e+00 3.833756e+00 4.750319e+00 2.715515e+00 -3.331260e-01 7.428527e-01 1.221792e+00 1.020232e+00 2.951873e-01 -1.664303e-01 -1.183270e-01 7.125615e-02 4.268807e-01 6.548128e-01 4.250035e-01 8.255330e-02 -1.063102e-04
<VARIANCE> 25
 1.084514e+01 1.340031e+01 2.448960e+01 2.695650e+01 1.990343e+01 1.955219e+01 1.965542e+01 1.993928e+01 2.085318e+01 2.090350e+01 2.354710e+01 1.600501e+01 1.161205e+00 1.204169e+00 1.304576e+00 1.608937e+00 2.201534e+00 2.409636e+00 2.230078e+00 2.237823e+00 2.255018e+00 2.266087e+00 2.036164e+00 1.800221e+00 1.130415e-06
<GCONST> 7.495288e+01
<MIXTURE> 6 5.475854e-03
<MEAN> 25
 9.922689e+00 -6.684896e-01 -6.664164e+00 -1.135333e+01 -1.825388e+00 6.424287e+00 -5.596142e+00 -4.967938e+00 -3.635003e+00 1.977645e+00 4.289597e+00 -1.243823e+00 4.921711e-01 9.158129e-01 -4.271221e-01 -1.329219e+00 -6.570668e-01 1.296692e+00 1.538614e+00 1.946454e-01 -1.105695e+00 -1.179789e+00 2.763811e-01 1.307304e+00 -7.672904e-03
<VARIANCE> 25
 9.040148e+00 1.707719e+01 2.355247e+01 3.925635e+01 3.674222e+01 2.992572e+01 4.254168e+01 3.737689e+01 3.990443e+01 3.740271e+01 4.109850e+01 2.690375e+01 3.077700e-01 8.206334e-01 1.002972e+00 2.171409e+00 1.552755e+00 1.911537e+00 1.811947e+00 1.992097e+00 2.427667e+00 1.866765e+00 2.159155e+00 1.457213e+00 5.750881e-04
<GCONST> 8.347651e+01
<MIXTURE> 7 5.475854e-03
<MEAN> 25
 9.922689e+00 -6.684896e-01 -6.664164e+00 -1.135333e+01 -1.825388e+00 6.424287e+00 -5.596142e+00 -4.967938e+00 -3.635003e+00 1.977645e+00 4.289597e+00 -1.243823e+00 4.921711e-01 9.158129e-01 -4.271221e-01 -1.329219e+00 -6.570668e-01 1.296692e+00 1.538614e+00 1.946454e-01 -1.105695e+00 -1.179789e+00 2.763811e-01 1.307304e+00 -7.672904e-03
<VARIANCE> 25
 9.040148e+00 1.707719e+01 2.355247e+01 3.925635e+01 3.674222e+01 2.992572e+01 4.254168e+01 3.737689e+01 3.990443e+01 3.740271e+01 4.109850e+01 2.690375e+01 3.077700e-01 8.206334e-01 1.002972e+00 2.171409e+00 1.552755e+00 1.911537e+00 1.811947e+00 1.992097e+00 2.427667e+00 1.866765e+00 2.159155e+00 1.457213e+00 5.750881e-04
<GCONST> 8.347651e+01
<MIXTURE> 8 1.165917e-02
<MEAN> 25
 -4.006032e+00 1.654491e+00 7.354248e-01 8.295286e+00 6.463423e+00 6.373211e+00 6.590772e+00 5.423358e+00 6.838868e+00 4.857327e+00 6.412551e+00 3.397797e+00 -8.363904e-01 -1.537055e+00 -1.124899e+00 -1.635962e+00 -2.698289e-01 -1.175156e+00 -1.911687e-01 -3.289445e-01 -3.259526e-01 1.295754e-01 -1.803059e-01 -5.910376e-02 1.037377e-01
<VARIANCE> 25
 9.834440e+00 8.631157e+00 1.091916e+01 2.003774e+01 1.411073e+01 1.469209e+01 1.705034e+01 1.556866e+01 1.544869e+01 1.782030e+01 1.661281e+01 1.262064e+01 2.578656e+00 3.122877e+00 3.609081e+00 3.486950e+00 3.040749e+00 3.526725e+00 3.008842e+00 2.995107e+00 2.614180e+00 2.743242e+00 2.153718e+00 1.746732e+00 5.995181e-03
<GCONST> 8.502313e+01
<MIXTURE> 9 1.199672e-02
<MEAN> 25
 1.053154e+01 2.407043e+00 -6.412990e+00 -1.003036e+01 -2.577101e+00 4.482658e+00 -1.751880e-01 -2.359754e+00 -5.869811e+00 2.743118e-01 1.719280e+00 -8.590464e-01 1.354950e+00 -4.556474e-01 -8.337035e-01 -2.936980e+00 -1.716091e+00 9.048287e-01 -9.402554e-01 4.445567e-01 -4.338916e-01 -4.100270e-01 7.324382e-01 -7.065749e-01 7.380905e-02
<VARIANCE> 25
 1.375009e+01 1.765220e+01 2.454462e+01 4.536174e+01 4.057871e+01 2.361815e+01 3.890675e+01 4.314863e+01 3.077064e+01 3.283474e+01 3.063448e+01 2.408971e+01 1.635548e+00 1.832675e+00 3.357292e+00 3.634930e+00 3.517641e+00 2.847374e+00 3.289078e+00 7.208395e+00 4.134832e+00 2.994445e+00 3.234435e+00 2.625861e+00 1.558409e-03
<GCONST> 9.352792e+01
<MIXTURE> 10 6.596976e-03
<MEAN> 25
 1.177887e+00 7.036449e+00 4.545486e+00 6.925375e+00 1.869127e+00 -2.581585e+00 -1.072271e+00 -1.762096e+00 1.811419e+00 3.063267e-01 5.854418e-01 1.068142e+00 -1.909045e+00 -4.741038e-01 -4.880118e-01 2.510420e+00 2.420609e+00 3.084647e+00 2.529622e+00 2.074041e+00 1.985946e+00 1.481050e+00 2.184826e+00 6.654704e-01 -1.348033e-01
<VARIANCE> 25
 1.804529e+01 2.036158e+01 2.378844e+01 2.584778e+01 3.462254e+01 3.304277e+01 3.440148e+01 3.000736e+01 3.203606e+01 2.808574e+01 2.528098e+01 2.406764e+01 2.025422e+00 3.282556e+00 4.990000e+00 6.090462e+00 4.843023e+00 4.792266e+00 4.603232e+00 4.561918e+00 4.065109e+00 4.513926e+00 4.140064e+00 3.005385e+00 2.488166e-03
<GCONST> 9.640189e+01
<MIXTURE> 11 1.633820e-02
<MEAN> 25
 8.131483e+00 3.360383e+00 3.112325e+00 4.858390e+00 -3.017771e+00 -2.410693e+00 -2.067657e+00 -6.121981e+00 -3.840953e+00 3.539537e-01 -2.451398e+00 -1.986485e+00 -2.828070e-01 4.828796e-01 2.248836e-01 3.594044e-01 3.056729e-01 -1.237873e-01 5.272509e-01 -3.258471e-01 -5.959475e-02 -1.435283e-01 -1.326643e-01 2.586694e-01 -1.552331e-02
<VARIANCE> 25
 7.388711e+00 2.708693e+01 1.479948e+01 3.214022e+01 3.147399e+01 3.476436e+01 5.295701e+01 3.596936e+01 5.079070e+01 3.835355e+01 2.985549e+01 2.574234e+01 9.272968e-01 1.128274e+00 1.941554e+00 1.909902e+00 1.800305e+00 2.396643e+00 1.827398e+00 2.999490e+00 2.083801e+00 1.576178e+00 1.656590e+00 1.455210e+00 1.297755e-03
<GCONST> 8.612070e+01
<MIXTURE> 12 5.904134e-03
<MEAN> 25
 1.116203e+01 2.523488e+00 -5.548104e+00 -1.620124e+01 -8.981875e+00 8.834478e+00 -1.289354e-01 -2.545287e-01 -2.235234e+00 -4.299721e+00 1.442319e+00 -7.834970e-01 -2.271548e-02 3.169937e-01 4.807216e-02 -4.252857e-01 -2.160572e-01 1.022837e-01 3.717743e-01 2.768054e-01 3.532403e-01 -4.917256e-01 -4.611555e-01 1.077991e-01 -9.310867e-03
<VARIANCE> 25
 8.916293e+00 2.376008e+01 2.161851e+01 3.079935e+01 3.599699e+01 2.538848e+01 3.837164e+01 4.784435e+01 3.905570e+01 3.249559e+01 3.154339e+01 3.151367e+01 2.181238e-01 7.782521e-01 5.993562e-01 1.084832e+00 1.132003e+00 9.183344e-01 1.006610e+00 1.375892e+00 1.158225e+00 1.029637e+00 1.037153e+00 8.660107e-01 5.824364e-04
<GCONST> 7.696577e+01
<MIXTURE> 13 5.904134e-03
<MEAN> 25
 1.116203e+01 2.523488e+00 -5.548104e+00 -1.620124e+01 -8.981875e+00 8.834478e+00 -1.289354e-01 -2.545287e-01 -2.235234e+00 -4.299721e+00 1.442319e+00 -7.834970e-01 -2.271548e-02 3.169937e-01 4.807216e-02 -4.252857e-01 -2.160572e-01 1.022837e-01 3.717743e-01 2.768054e-01 3.532403e-01 -4.917256e-01 -4.611555e-01 1.077991e-01 -9.310867e-03
<VARIANCE> 25
 8.916293e+00 2.376008e+01 2.161851e+01 3.079935e+01 3.599699e+01 2.538848e+01 3.837164e+01 4.784435e+01 3.905570e+01 3.249559e+01 3.154339e+01 3.151367e+01 2.181238e-01 7.782521e-01 5.993562e-01 1.084832e+00 1.132003e+00 9.183344e-01 1.006610e+00 1.375892e+00 1.158225e+00 1.029637e+00 1.037153e+00 8.660107e-01 5.824364e-04
<GCONST> 7.696577e+01
<MIXTURE> 14 6.488954e-03
<MEAN> 25
 -3.531000e+00 4.939124e-02 -6.255538e-01 7.748641e+00 7.125945e+00 7.387802e+00 7.999562e+00 6.264607e+00 7.199063e+00 4.936506e+00 6.665787e+00 4.312835e+00 -2.807444e-01 1.947269e-01 4.018483e-01 3.489764e-01 -4.679733e-02 -1.295442e-01 4.988009e-02 2.175933e-01 2.486539e-01 5.392541e-01 5.027921e-01 7.537074e-02 -7.033236e-03
<VARIANCE> 25
 1.039106e+01 1.244022e+01 1.720359e+01 2.029542e+01 1.846665e+01 1.736498e+01 1.914933e+01 2.318354e+01 1.708423e+01 2.152314e+01 2.105876e+01 1.374794e+01 8.586588e-01 1.565839e+00 1.821225e+00 1.661138e+00 2.011014e+00 2.387106e+00 2.145771e+00 2.191559e+00 2.089005e+00 2.339247e+00 2.206544e+00 1.577927e+00 9.324230e-04
<GCONST> 8.048216e+01
<MIXTURE> 15 2.475190e-03
<MEAN> 25
 -5.052020e+00 -4.290186e-01 -2.962044e-01 7.061874e+00 5.755621e+00 5.784671e+00 6.007459e+00 4.811534e+00 5.356133e+00 4.070489e+00 5.377127e+00 2.713226e+00 -1.337745e-01 -4.541545e-02 6.280535e-02 2.181960e-01 4.733365e-01 7.482613e-01 1.017939e+00 1.127842e+00 1.055767e+00 7.379763e-01 3.732831e-01 1.502640e-01 -1.608339e-04
<VARIANCE> 25
 8.007861e+00 5.770349e+00 8.691722e+00 1.302717e+01 1.332064e+01 1.363879e+01 1.422208e+01 1.492562e+01 1.369468e+01 1.356663e+01 1.484257e+01 1.225278e+01 1.230622e-01 2.071138e-01 3.097207e-01 5.144405e-01 6.664630e-01 7.779368e-01 7.853295e-01 8.053579e-01 9.018704e-01 1.035781e+00 1.062973e+00 9.899875e-01 2.749981e-05
<GCONST> 5.835772e+01
<MIXTURE> 16 2.475190e-03
<MEAN> 25
 -5.052020e+00 -4.290186e-01 -2.962044e-01 7.061874e+00 5.755621e+00 5.784671e+00 6.007459e+00 4.811534e+00 5.356133e+00 4.070489e+00 5.377127e+00 2.713226e+00 -1.337745e-01 -4.541545e-02 6.280535e-02 2.181960e-01 4.733365e-01 7.482613e-01 1.017939e+00 1.127842e+00 1.055767e+00 7.379763e-01 3.732831e-01 1.502640e-01 -1.608339e-04
<VARIANCE> 25
 8.007861e+00 5.770349e+00 8.691722e+00 1.302717e+01 1.332064e+01 1.363879e+01 1.422208e+01 1.492562e+01 1.369468e+01 1.356663e+01 1.484257e+01 1.225278e+01 1.230622e-01 2.071138e-01 3.097207e-01 5.144405e-01 6.664630e-01 7.779368e-01 7.853295e-01 8.053579e-01 9.018704e-01 1.035781e+00 1.062973e+00 9.899875e-01 2.749981e-05
<GCONST> 5.835772e+01
<MIXTURE> 17 9.518312e-03
<MEAN> 25
 3.554051e+00 -1.455761e+00 7.561157e+00 3.468610e+00 -4.294981e+00 -5.492787e+00 -2.844202e+00 -1.000127e+00 -2.662076e+00 -4.589748e+00 -2.074160e+00 -1.431935e+00 -5.653903e-01 -1.936081e+00 2.501987e+00 -2.441045e+00 -2.594919e+00 -8.240261e-02 -9.789702e-01 8.366846e-01 -1.716072e+00 -5.264046e-01 6.280163e-01 3.852336e-01 9.451938e-02
<VARIANCE> 25
 1.240242e+01 3.133808e+01 3.429688e+01 4.530990e+01 3.819448e+01 3.256144e+01 4.054609e+01 2.879347e+01 4.119849e+01 2.020078e+01 2.416305e+01 1.930338e+01 1.370564e+00 3.163095e+00 3.976244e+00 2.936584e+00 3.868089e+00 4.020919e+00 5.551096e+00 3.694602e+00 5.935822e+00 3.182081e+00 2.723796e+00 2.103817e+00 1.664126e-03
<GCONST> 9.429123e+01
<MIXTURE> 18 1.221018e-02
<MEAN> 25
 4.941142e+00 3.218226e+00 5.129527e+00 4.614806e+00 -4.091727e+00 -8.496229e+00 -2.266569e+00 -1.536282e+00 -3.730451e+00 -2.581357e+00 -4.706412e-01 -6.827261e-01 -4.535326e-01 1.969180e+00 -1.042189e+00 1.579668e+00 2.736844e+00 2.065354e+00 1.505276e+00 -7.491841e-01 2.017911e+00 7.447712e-01 -2.528155e-01 2.316479e-01 -1.200528e-01
<VARIANCE> 25
 1.579864e+01 2.327658e+01 2.883870e+01 2.515481e+01 3.380219e+01 3.623886e+01 4.015662e+01 2.760304e+01 3.294941e+01 2.296847e+01 2.586549e+01 2.162020e+01 3.016580e+00 3.537105e+00 6.570822e+00 3.261628e+00 3.193113e+00 5.074167e+00 7.312677e+00 4.471333e+00 5.362936e+00 3.628100e+00 4.037253e+00 3.378298e+00 3.130689e-03
<GCONST> 9.703747e+01
<MIXTURE> 19 9.912824e-03
<MEAN> 25
 -8.910202e+00 1.984573e+00 -1.788804e+00 2.282634e+00 3.907524e+00 -5.461457e-01 2.904948e+00 -2.245822e-01 2.904778e+00 -2.864408e-01 1.108780e-01 2.539566e+00 1.961916e+00 1.809062e+00 2.332768e+00 6.335273e-01 -1.058806e+00 -1.101644e+00 -1.319701e+00 -1.361879e+00 -1.726203e+00 -1.488135e+00 -8.370137e-01 -9.620333e-01 -3.877285e-03
<VARIANCE> 25
 6.615932e+01 3.787068e+01 5.136415e+01 4.314391e+01 2.683595e+01 3.638936e+01 3.095036e+01 3.291787e+01 2.123480e+01 2.247288e+01 2.576378e+01 1.396204e+01 1.801130e+00 2.365534e+00 2.197330e+00 1.568424e+00 1.699593e+00 1.668836e+00 1.991440e+00 2.790288e+00 1.733680e+00 1.403355e+00 1.800970e+00 1.191323e+00 1.768431e-03
<GCONST> 8.809944e+01
<MIXTURE> 20 6.308331e-03
<MEAN> 25
 -1.480729e+01 6.163005e+00 1.478787e+00 3.987990e+00 3.205111e+00 2.315690e+00 3.845175e+00 -1.292769e+00 1.330622e+00 -1.693564e+00 9.014513e-01 -5.089350e-01 -3.288727e+00 -1.163781e+00 -1.650203e+00 2.610497e-01 1.365865e+00 1.952287e+00 1.655535e+00 1.496081e+00 2.025024e+00 1.749385e+00 1.570604e+00 9.806628e-01 4.894541e-02
<VARIANCE> 25
 1.847898e+01 2.152227e+01 5.132859e+01 3.746804e+01 3.202160e+01 2.624632e+01 2.855073e+01 2.660576e+01 1.987750e+01 2.815075e+01 2.334353e+01 1.806976e+01 1.685261e+00 1.904636e+00 1.771776e+00 2.374567e+00 1.900726e+00 1.746638e+00 1.667193e+00 2.389352e+00 1.668222e+00 2.255508e+00 1.857708e+00 1.351948e+00 1.234938e-03
<GCONST> 8.596725e+01
<MIXTURE> 21 7.928653e-03
<MEAN> 25
 4.069610e+00 -4.543668e+00 5.890924e+00 -1.614528e+00 -1.044887e+01 -8.604895e+00 -2.806295e+00 4.149152e+00 -2.230990e+00 -3.396632e+00 3.167422e-01 2.528479e-01 -7.086688e-01 1.332740e+00 2.555653e+00 -5.086978e-02 -1.525160e+00 3.426462e-01 5.820578e-01 -1.485332e+00 -1.936077e+00 3.078969e-01 1.322389e+00 2.234649e-01 -1.257518e-02
<VARIANCE> 25
 9.016296e+00 1.858979e+01 3.085630e+01 2.841208e+01 2.917111e+01 3.362445e+01 4.461187e+01 3.932489e+01 4.380819e+01 3.181171e+01 3.366785e+01 2.344200e+01 3.808176e-01 9.494807e-01 1.899303e+00 1.289464e+00 2.221969e+00 2.175765e+00 3.611646e+00 2.653003e+00 2.158953e+00 2.600116e+00 1.999740e+00 2.313128e+00 4.318683e-04
<GCONST> 8.533721e+01
<MIXTURE> 22 8.827789e-03
<MEAN> 25
 -1.696208e+01 6.229337e+00 -7.966456e+00 7.051052e+00 4.649786e+00 7.799220e-01 8.122441e+00 -5.443830e-01 6.347486e+00 3.346811e+00 3.654834e+00 2.476632e+00 -5.794854e-01 -1.290727e-01 -2.625467e-01 -1.919639e-01 2.644299e-01 -1.989845e-01 2.467121e-01 3.981204e-01 2.627001e-01 4.400151e-01 3.768739e-01 4.187993e-01 1.097343e-02
<VARIANCE> 25
 7.114530e+00 1.511549e+01 2.611030e+01 1.709885e+01 2.156398e+01 2.146161e+01 1.289077e+01 1.971142e+01 1.499723e+01 1.366818e+01 1.834536e+01 1.281033e+01 9.538379e-01 1.065119e+00 1.145205e+00 1.371300e+00 1.537139e+00 1.451280e+00 1.042938e+00 1.318417e+00 1.187084e+00 1.690500e+00 1.510150e+00 1.160125e+00 1.180662e-03
<GCONST> 7.528728e+01
<MIXTURE> 23 6.455497e-03
<MEAN> 25
 8.571522e+00 4.214056e-01 3.201298e+00 1.160355e+00 -4.517585e+00 -2.310625e+00 -4.719242e+00 -6.165620e+00 -6.376012e+00 6.600106e-01 -3.424934e+00 -1.805327e+00 1.187155e-03 1.598045e-01 7.985495e-02 4.725868e-02 -6.927306e-02 3.453660e-02 -1.626540e-02 -9.133157e-02 -8.028938e-02 6.345972e-02 8.850204e-02 -1.745764e-02 -5.841700e-03
<VARIANCE> 25
 7.721792e+00 2.953199e+01 1.850318e+01 3.666414e+01 3.325552e+01 4.752362e+01 5.360214e+01 4.508642e+01 5.699943e+01 4.877837e+01 4.148235e+01 3.243897e+01 1.221865e-01 3.281093e-01 3.568852e-01 4.431919e-01 6.483935e-01 6.980529e-01 8.656367e-01 9.561818e-01 6.995826e-01 7.664056e-01 6.989648e-01 6.354371e-01 8.082906e-05
<GCONST> 7.128616e+01
<MIXTURE> 24 6.455497e-03
<MEAN> 25
 8.571522e+00 4.214056e-01 3.201298e+00 1.160355e+00 -4.517585e+00 -2.310625e+00 -4.719242e+00 -6.165620e+00 -6.376012e+00 6.600106e-01 -3.424934e+00 -1.805327e+00 1.187155e-03 1.598045e-01 7.985495e-02 4.725868e-02 -6.927306e-02 3.453660e-02 -1.626540e-02 -9.133157e-02 -8.028938e-02 6.345972e-02 8.850204e-02 -1.745764e-02 -5.841700e-03
<VARIANCE> 25
 7.721792e+00 2.953199e+01 1.850318e+01 3.666414e+01 3.325552e+01 4.752362e+01 5.360214e+01 4.508642e+01 5.699943e+01 4.877837e+01 4.148235e+01 3.243897e+01 1.221865e-01 3.281093e-01 3.568852e-01 4.431919e-01 6.483935e-01 6.980529e-01 8.656367e-01 9.561818e-01 6.995826e-01 7.664056e-01 6.989648e-01 6.354371e-01 8.082906e-05
<GCONST> 7.128616e+01
<MIXTURE> 25 1.118642e-02
<MEAN> 25
 1.377764e+00 3.062996e-01 1.749712e+01 -3.709532e+00 -9.647534e+00 -2.054781e+00 -1.091501e+01 -1.298348e-02 -9.261735e+00 -7.291508e+00 4.378263e+00 -3.950959e+00 -2.824828e-01 6.984930e-01 -1.784055e-02 1.835399e-01 4.215535e-01 2.258596e-01 3.220184e-01 -6.615008e-01 -7.525870e-02 9.102778e-02 3.434317e-03 1.248465e-01 -1.334759e-02
<VARIANCE> 25
 1.025220e+01 2.251226e+01 1.570150e+01 2.130183e+01 2.535578e+01 2.597259e+01 4.554769e+01 2.481893e+01 3.157419e+01 2.482239e+01 1.517723e+01 2.266273e+01 9.462073e-01 1.224434e+00 1.057962e+00 1.034804e+00 1.761664e+00 1.627765e+00 2.164709e+00 1.929817e+00 1.127606e+00 1.833163e+00 1.201204e+00 1.544527e+00 8.410881e-04
<GCONST> 8.021033e+01
<MIXTURE> 26 7.727677e-03
<MEAN> 25
 2.431299e+00 -6.209983e+00 -1.020048e+01 -9.136043e-01 7.571509e+00 5.087127e+00 4.159137e+00 -2.273389e-01 2.700910e+00 -6.893956e-01 -2.799857e+00 -5.540918e-01 -6.286683e-01 6.669288e-01 3.699837e-01 7.785953e-01 3.032152e-01 2.717348e-01 2.837868e-01 2.485451e-01 3.982675e-01 1.466624e-02 4.145601e-01 5.046888e-01 -5.455233e-02
<VARIANCE> 25
 2.435420e+01 3.298264e+01 2.442103e+01 5.973153e+01 3.844130e+01 4.544558e+01 4.520516e+01 4.090252e+01 3.891748e+01 5.179379e+01 3.807278e+01 4.561675e+01 1.665275e+00 1.906482e+00 1.990425e+00 2.099715e+00 2.395840e+00 2.287836e+00 2.705704e+00 2.683592e+00 2.490072e+00 2.520421e+00 2.045946e+00 1.933209e+00 3.454910e-03
<GCONST> 9.379051e+01
<MIXTURE> 27 7.727677e-03
<MEAN> 25
 2.431299e+00 -6.209983e+00 -1.020048e+01 -9.136043e-01 7.571509e+00 5.087127e+00 4.159137e+00 -2.273389e-01 2.700910e+00 -6.893956e-01 -2.799857e+00 -5.540918e-01 -6.286683e-01 6.669288e-01 3.699837e-01 7.785953e-01 3.032152e-01 2.717348e-01 2.837868e-01 2.485451e-01 3.982675e-01 1.466624e-02 4.145601e-01 5.046888e-01 -5.455233e-02
<VARIANCE> 25
 2.435420e+01 3.298264e+01 2.442103e+01 5.973153e+01 3.844130e+01 4.544558e+01 4.520516e+01 4.090252e+01 3.891748e+01 5.179379e+01 3.807278e+01 4.561675e+01 1.665275e+00 1.906482e+00 1.990425e+00 2.099715e+00 2.395840e+00 2.287836e+00 2.705704e+00 2.683592e+00 2.490072e+00 2.520421e+00 2.045946e+00 1.933209e+00 3.454910e-03
<GCONST> 9.379051e+01
<MIXTURE> 28 5.036674e-03
<MEAN> 25
 -5.048531e+00 1.388762e-01 -1.767224e+00 6.375194e+00 5.216548e+00 3.905953e+00 5.690757e+00 3.069803e+00 4.050815e+00 2.184626e+00 2.689126e+00 3.243703e+00 -1.220609e-01 1.921891e-01 5.125558e-01 7.873224e-01 8.138447e-01 6.608129e-01 4.678844e-01 3.458665e-01 4.065540e-01 4.806408e-01 4.003491e-01 1.940648e-01 -8.079629e-05
<VARIANCE> 25
 1.201356e+01 8.100798e+00 1.261896e+01 1.487287e+01 1.395537e+01 2.086863e+01 1.907029e+01 1.826227e+01 1.672535e+01 1.758459e+01 1.976124e+01 1.447217e+01 2.433010e-01 3.452269e-01 3.974955e-01 4.545370e-01 6.148610e-01 8.533279e-01 1.066897e+00 1.167845e+00 1.086606e+00 1.061651e+00 1.060060e+00 1.025243e+00 1.105443e-06
<GCONST> 6.052440e+01
<MIXTURE> 29 5.036674e-03
<MEAN> 25
 -5.048531e+00 1.388762e-01 -1.767224e+00 6.375194e+00 5.216548e+00 3.905953e+00 5.690757e+00 3.069803e+00 4.050815e+00 2.184626e+00 2.689126e+00 3.243703e+00 -1.220609e-01 1.921891e-01 5.125558e-01 7.873224e-01 8.138447e-01 6.608129e-01 4.678844e-01 3.458665e-01 4.065540e-01 4.806408e-01 4.003491e-01 1.940648e-01 -8.079629e-05
<VARIANCE> 25
 1.201356e+01 8.100798e+00 1.261896e+01 1.487287e+01 1.395537e+01 2.086863e+01 1.907029e+01 1.826227e+01 1.672535e+01 1.758459e+01 1.976124e+01 1.447217e+01 2.433010e-01 3.452269e-01 3.974955e-01 4.545370e-01 6.148610e-01 8.533279e-01 1.066897e+00 1.167845e+00 1.086606e+00 1.061651e+00 1.060060e+00 1.025243e+00 1.105443e-06
<GCONST> 6.052440e+01
<MIXTURE> 30 8.917812e-03
<MEAN> 25
 -2.913668e+00 1.006711e+00 -4.058917e-01 6.829602e+00 7.282943e+00 7.559455e+00 7.404421e+00 5.279862e+00 7.236863e+00 3.915128e+00 5.235662e+00 3.895152e+00 -1.643905e-02 4.930180e-02 9.583571e-03 1.157607e-01 1.332706e-01 -3.500274e-02 1.209535e-02 5.134239e-02 -2.428004e-02 -4.662311e-02 5.385586e-02 5.269687e-02 2.024870e-04
<VARIANCE> 25
 6.549746e+00 8.005397e+00 8.523458e+00 1.421174e+01 1.164579e+01 1.195358e+01 1.453393e+01 1.772328e+01 1.302395e+01 1.466659e+01 1.931347e+01 1.101808e+01 8.027546e-02 2.085911e-01 3.481905e-01 4.973761e-01 5.476386e-01 6.696756e-01 7.006586e-01 7.386978e-01 8.962007e-01 9.166793e-01 9.621176e-01 6.623112e-01 5.116944e-05
<GCONST> 5.777100e+01
<MIXTURE> 31 4.136493e-03
<MEAN> 25
 -3.065700e+00 -5.038765e+00 1.673133e-01 4.529248e+00 3.753165e+00 2.404726e+00 5.396641e+00 5.898757e+00 3.279477e+00 1.254132e+00 6.423985e+00 3.406127e+00 2.556184e-01 5.471934e-01 -3.311914e-01 2.905576e-01 1.642467e-01 3.192610e-01 1.896450e-01 7.792765e-02 4.114674e-01 3.461367e-01 1.466962e-01 1.126855e-01 -1.781487e-02
<VARIANCE> 25
 6.904143e+00 1.812347e+01 1.711166e+01 1.719563e+01 2.337231e+01 2.553909e+01 2.206372e+01 2.788416e+01 2.569349e+01 2.640853e+01 1.969543e+01 1.748533e+01 1.729852e-01 5.191783e-01 6.804377e-01 7.239319e-01 9.149644e-01 1.101130e+00 1.143516e+00 1.342309e+00 1.237558e+00 1.279150e+00 1.212149e+00 1.040456e+00 2.370660e-04
<GCONST> 7.129816e+01
<MIXTURE> 32 4.136493e-03
<MEAN> 25
 -3.065700e+00 -5.038765e+00 1.673133e-01 4.529248e+00 3.753165e+00 2.404726e+00 5.396641e+00 5.898757e+00 3.279477e+00 1.254132e+00 6.423985e+00 3.406127e+00 2.556184e-01 5.471934e-01 -3.311914e-01 2.905576e-01 1.642467e-01 3.192610e-01 1.896450e-01 7.792765e-02 4.114674e-01 3.461367e-01 1.466962e-01 1.126855e-01 -1.781487e-02
<VARIANCE> 25
 6.904143e+00 1.812347e+01 1.711166e+01 1.719563e+01 2.337231e+01 2.553909e+01 2.206372e+01 2.788416e+01 2.569349e+01 2.640853e+01 1.969543e+01 1.748533e+01 1.729852e-01 5.191783e-01 6.804377e-01 7.239319e-01 9.149644e-01 1.101130e+00 1.143516e+00 1.342309e+00 1.237558e+00 1.279150e+00 1.212149e+00 1.040456e+00 2.370660e-04
<GCONST> 7.129816e+01
<MIXTURE> 33 1.508826e-02
<MEAN> 25
 7.885927e+00 -5.330571e+00 -4.043005e+00 -4.012885e+00 -2.477151e+00 -5.596126e+00 -7.428709e+00 4.014875e+00 4.862454e-01 2.717999e+00 -4.710270e+00 -3.483511e+00 8.100965e-01 -1.189003e+00 -2.296015e+00 -2.125244e+00 1.203752e+00 1.526620e+00 -1.360718e+00 1.103859e+00 6.910380e-01 4.695258e-01 -4.625105e-01 -1.246405e+00 4.126364e-02
<VARIANCE> 25
 7.645566e+00 2.246676e+01 2.676617e+01 3.410233e+01 4.245458e+01 3.048002e+01 4.690873e+01 8.422292e+01 3.102760e+01 4.591784e+01 4.601003e+01 2.149154e+01 9.856551e-01 1.483517e+00 1.577486e+00 2.117797e+00 3.472214e+00 2.412385e+00 4.588274e+00 6.239420e+00 4.473575e+00 3.679313e+00 5.204087e+00 2.047322e+00 1.204589e-03
<GCONST> 9.302625e+01
<MIXTURE> 34 1.588179e-02
<MEAN> 25
 9.387047e+00 -2.047661e+00 -2.872580e-01 4.428352e-01 -3.245455e+00 -1.390114e+00 -5.525393e+00 -3.096729e+00 -4.952072e+00 2.689014e+00 -2.790182e+00 -4.167030e+00 -1.929021e-01 1.160156e+00 1.551777e+00 1.566752e+00 3.177405e-02 5.466627e-01 1.257686e+00 -2.503677e+00 -6.973176e-01 7.790943e-01 -6.143802e-01 7.136112e-01 -5.769272e-02
<VARIANCE> 25
 5.148473e+00 3.579742e+01 2.606931e+01 3.712389e+01 3.520778e+01 3.433537e+01 5.611707e+01 7.238074e+01 6.612808e+01 4.043562e+01 4.104644e+01 2.917698e+01 9.913074e-01 1.648461e+00 4.565686e+00 3.713516e+00 5.206087e+00 4.674761e+00 3.766067e+00 5.446176e+00 5.514328e+00 4.086962e+00 3.684808e+00 3.416933e+00 9.316690e-04
<GCONST> 9.662894e+01
<MIXTURE> 35 1.467755e-02
<MEAN> 25
 -1.979742e+00 -6.302876e+00 -9.597635e+00 1.340353e+00 8.936729e+00 -1.681300e+00 9.174336e-01 2.715026e+00 1.320629e+00 4.820234e+00 -1.212710e+00 2.440809e+00 2.092261e-01 -1.458741e+00 -1.669379e+00 -9.343420e-01 1.403893e-02 -1.717602e+00 -1.117196e+00 6.758822e-01 1.254565e-01 2.582789e-01 -1.082738e+00 -2.773781e-01 1.114331e-01
<VARIANCE> 25
 1.570616e+01 2.804602e+01 3.308142e+01 4.961877e+01 3.466430e+01 5.772795e+01 5.076036e+01 3.587247e+01 3.940647e+01 3.185051e+01 3.555069e+01 2.545827e+01 2.962250e+00 3.598114e+00 5.777156e+00 4.552040e+00 4.808432e+00 6.269592e+00 4.836432e+00 5.771069e+00 5.078858e+00 3.472496e+00 3.838012e+00 3.190401e+00 4.343730e-03
<GCONST> 1.007967e+02
<MIXTURE> 36 1.093293e-02
<MEAN> 25
 6.163324e+00 -5.704644e+00 6.253784e+00 2.341549e+00 -1.065302e+01 -8.341852e+00 -1.108887e+01 7.262796e+00 -6.878885e+00 -7.165171e+00 4.859444e+00 -3.323873e+00 3.459343e-01 2.287537e-01 -1.025766e+00 1.046270e-01 9.418734e-01 8.464436e-02 -3.515371e-01 4.801181e-01 1.893042e-01 7.487941e-01 -3.948742e-01 -3.382304e-01 -1.789759e-02
<VARIANCE> 25
 7.057508e+00 1.947210e+01 2.586659e+01 2.162028e+01 2.793755e+01 1.927877e+01 3.571481e+01 5.116483e+01 3.808616e+01 2.938515e+01 3.236252e+01 2.155496e+01 4.150318e-01 5.591768e-01 1.112803e+00 7.828999e-01 1.113837e+00 1.516430e+00 1.586433e+00 2.724816e+00 1.284724e+00 1.623116e+00 1.689559e+00 1.187384e+00 5.439069e-04
<GCONST> 7.886800e+01
<MIXTURE> 37 1.246826e-02
<MEAN> 25
 8.698322e-01 6.510463e+00 1.284812e+01 -4.795156e+00 -8.160608e+00 -1.403757e+00 -5.514328e+00 -7.626501e+00 -4.727502e+00 -1.530270e+00 -2.766006e+00 -1.773516e+00 -9.454214e-02 6.652508e-01 -1.575993e+00 3.383632e+00 1.942209e+00 -3.142543e-01 1.847026e+00 -1.521940e-01 9.148667e-01 1.030306e-01 3.403142e-02 9.553216e-02 -8.632588e-02
<VARIANCE> 25
 1.477609e+01 2.747515e+01 2.773301e+01 4.329684e+01 2.873985e+01 2.816155e+01 4.178177e+01 3.626205e+01 3.744208e+01 3.516021e+01 3.383856e+01 2.578952e+01 3.019533e+00 3.051720e+00 3.234209e+00 3.878086e+00 4.227034e+00 3.164067e+00 5.453635e+00 4.600815e+00 3.389214e+00 3.777253e+00 4.146266e+00 2.551706e+00 3.692749e-03
<GCONST> 9.689065e+01
<MIXTURE> 38 1.154525e-02
<MEAN> 25
 -4.655005e+00 7.465328e+00 3.960921e+00 9.661989e-01 1.514106e-01 -4.186956e+00 -1.106846e+00 -3.836131e+00 -1.995376e+00 -3.685353e+00 -1.694808e+00 -1.252589e+00 -4.466214e+00 1.543442e+00 -1.264632e+00 1.163522e+00 1.746375e+00 9.194931e-01 2.544483e+00 3.504224e-02 1.793497e+00 1.979495e-01 5.064533e-01 6.627885e-01 5.368774e-02
<VARIANCE> 25
 2.404930e+01 2.316953e+01 6.929809e+01 3.173474e+01 3.446536e+01 2.550369e+01 2.401439e+01 2.574440e+01 3.240594e+01 5.040783e+01 1.688368e+01 2.099910e+01 1.591165e+00 3.400503e+00 3.538668e+00 3.414814e+00 3.874171e+00 4.202448e+00 2.962631e+00 4.479249e+00 3.958118e+00 5.716609e+00 4.772753e+00 2.273919e+00 1.537325e-03
<GCONST> 9.502232e+01
<MIXTURE> 39 9.501865e-03
<MEAN> 25
 1.572176e+00 1.753124e+00 1.140755e+01 -8.686960e+00 -1.069958e+01 -6.786307e-01 -4.468832e+00 -5.821784e+00 -5.488775e+00 -3.626273e-01 -2.947874e+00 -2.316160e+00 -8.119362e-01 1.484581e+00 1.510510e+00 -1.341926e+00 6.817152e-02 1.282750e+00 -1.145036e+00 -1.089081e+00 3.780480e-01 3.379223e-01 -3.893512e-01 2.907049e-01 3.089884e-03
<VARIANCE> 25
 8.682920e+00 3.445315e+01 3.699279e+01 3.486903e+01 3.671115e+01 3.746371e+01 5.076154e+01 3.243803e+01 4.366588e+01 3.674363e+01 3.564303e+01 2.586108e+01 8.271738e-01 1.459251e+00 1.497434e+00 3.009305e+00 2.259375e+00 2.461106e+00 4.837128e+00 3.011633e+00 2.614347e+00 2.373014e+00 2.105275e+00 2.044137e+00 1.060286e-03
<GCONST> 9.017348e+01
<MIXTURE> 40 1.030800e-02
<MEAN> 25
 -8.801028e+00 2.510979e+00 -2.832150e+00 6.739854e+00 3.090975e+00 5.287285e+00 6.720173e+00 2.719441e+00 5.847331e+00 3.977653e+00 4.542245e+00 3.087426e+00 -1.750053e-01 -1.962193e-01 -2.127784e-02 -2.623018e-02 -7.192373e-02 -2.237250e-01 2.168110e-01 9.739383e-02 -1.051043e-01 6.324948e-02 -6.311468e-02 1.154895e-01 4.872305e-03
<VARIANCE> 25
 5.093847e+01 1.734868e+01 3.878999e+01 2.389377e+01 2.250037e+01 1.618036e+01 1.624089e+01 1.737366e+01 1.315768e+01 1.674131e+01 1.852594e+01 1.315286e+01 5.834594e-01 7.939002e-01 9.058883e-01 8.243806e-01 1.023652e+00 1.121298e+00 1.161769e+00 1.251711e+00 1.013900e+00 1.164370e+00 1.120857e+00 8.433755e-01 6.149066e-04
<GCONST> 7.415982e+01
<MIXTURE> 41 6.713375e-03
<MEAN> 25
 1.629872e+00 4.267817e-01 1.121008e+01 -6.206555e+00 -8.683266e+00 -2.757848e+00 -3.533105e+00 -5.047000e+00 -4.805036e+00 1.415159e+00 -2.453791e+00 -7.976626e-01 1.046410e-01 -9.347960e-01 2.129549e+00 -3.600092e+00 -2.533525e+00 2.014694e-02 -1.449444e+00 -1.847600e-01 -1.429529e+00 6.603047e-01 -4.532753e-01 -4.410470e-02 9.067402e-02
<VARIANCE> 25
 1.185878e+01 3.342219e+01 3.019301e+01 3.347054e+01 4.201842e+01 3.654530e+01 4.279330e+01 2.580051e+01 3.537539e+01 2.686466e+01 3.156244e+01 2.191120e+01 2.673968e+00 3.208542e+00 3.624175e+00 3.746563e+00 4.109684e+00 4.836658e+00 5.581563e+00 4.502635e+00 4.077375e+00 3.691666e+00 4.073957e+00 2.780467e+00 2.465763e-03
<GCONST> 9.669178e+01
<MIXTURE> 42 1.106211e-02
<MEAN> 25
 -1.194898e+00 3.759937e+00 2.808027e+00 2.902226e+00 -1.056019e-01 -9.033348e+00 1.875932e-02 -2.695175e+00 -1.703859e+00 -2.817973e+00 -3.016067e+00 1.008927e+00 4.205742e+00 -2.961843e-01 2.174425e+00 4.102905e-01 -2.643247e+00 -1.329360e+00 -2.856643e+00 -6.764305e-02 -2.260063e+00 -8.406476e-01 5.389701e-01 -1.256158e+00 -1.157613e-02
<VARIANCE> 25
 3.157136e+01 1.969195e+01 3.994919e+01 2.315872e+01 3.179665e+01 5.566074e+01 4.099402e+01 2.258579e+01 3.671010e+01 2.054548e+01 1.302957e+01 1.543848e+01 3.602742e+00 4.408665e+00 5.019907e+00 5.275738e+00 3.396253e+00 6.726387e+00 5.024854e+00 4.347425e+00 6.039994e+00 4.032481e+00 3.093299e+00 2.726451e+00 4.427978e-03
<GCONST> 9.760820e+01
<MIXTURE> 43 7.108249e-03
<MEAN> 25
 3.167272e+00 -6.305867e+00 -2.251060e+00 -5.168565e+00 -7.359756e+00 -3.412181e+00 4.146641e+00 1.343300e+00 -5.072419e+00 -7.066381e+00 -4.326648e+00 -1.224384e+00 2.366490e-01 2.160869e+00 1.914091e+00 -1.398040e-01 -1.436129e+00 -7.907946e-01 -9.666669e-01 -7.848305e-01 8.132833e-01 1.463050e+00 3.427617e-01 2.200503e-02 -4.487817e-02
<VARIANCE> 25
 9.607211e+00 1.963591e+01 2.728072e+01 3.531133e+01 3.879398e+01 3.660023e+01 3.330817e+01 4.035289e+01 3.968649e+01 3.882719e+01 2.647194e+01 2.967087e+01 6.896899e-01 1.252469e+00 1.567862e+00 2.503032e+00 2.393229e+00 2.380527e+00 2.650594e+00 3.029517e+00 2.622319e+00 2.581383e+00 2.324623e+00 1.914405e+00 9.596116e-04
<GCONST> 8.802569e+01
<MIXTURE> 44 7.328289e-03
<MEAN> 25
 -1.977260e+01 -9.277320e-01 5.590764e+00 -3.789156e+00 -1.215364e+00 5.012298e+00 2.088577e+00 -1.181614e+00 4.354724e+00 -1.741556e+00 1.637972e+00 1.263456e+00 -1.396945e-01 -2.612133e-01 1.776871e-02 2.823352e-01 -2.589769e-01 -3.220322e-02 5.776358e-01 -1.033141e-01 2.051389e-01 2.921825e-01 -5.717563e-02 -4.680576e-02 3.009240e-03
<VARIANCE> 25
 2.112256e+01 1.350897e+01 1.729183e+01 1.542756e+01 2.477983e+01 1.655441e+01 1.533442e+01 2.197364e+01 1.724123e+01 1.607112e+01 1.768054e+01 1.185272e+01 8.022826e-01 9.826583e-01 8.635964e-01 8.229309e-01 1.163194e+00 1.378624e+00 1.252330e+00 1.220975e+00 1.057763e+00 1.157887e+00 1.215719e+00 9.984824e-01 6.274348e-04
<GCONST> 7.333329e+01
<MIXTURE> 45 1.364932e-02
<MEAN> 25
 -1.145123e+01 4.552671e+00 -4.788689e+00 3.710934e+00 5.533293e+00 -1.078760e+00 5.286106e+00 9.396580e-01 4.127923e+00 5.581422e-01 3.694845e-01 2.528244e+00 -2.944667e+00 4.812650e-01 -9.170958e-01 -5.850718e-02 1.285796e-01 1.386897e-01 1.088624e+00 -1.921369e-01 3.799200e-01 -4.990169e-02 4.144595e-01 3.417199e-01 9.847987e-02
<VARIANCE> 25
 2.909413e+01 2.532642e+01 3.919075e+01 2.484182e+01 3.400176e+01 2.748838e+01 2.056488e+01 2.236177e+01 1.821132e+01 2.040409e+01 2.446283e+01 1.481820e+01 2.139333e+00 2.378507e+00 1.962804e+00 2.256258e+00 2.312586e+00 2.521229e+00 2.022578e+00 2.084549e+00 1.779534e+00 2.249470e+00 1.968062e+00 1.251758e+00 2.989740e-03
<GCONST> 8.700533e+01
<MIXTURE> 46 9.336259e-03
<MEAN> 25
 -9.353807e+00 2.329256e+00 1.053209e+00 7.510130e+00 5.919284e+00 3.295944e+00 7.081142e+00 4.425434e+00 5.722919e+00 4.614634e+00 4.951543e+00 2.940060e+00 1.048680e+00 -2.528279e-01 4.461799e-02 9.934419e-01 6.112739e-01 9.308450e-01 3.857699e-01 6.795703e-01 4.753071e-01 4.938505e-01 6.409646e-01 5.224239e-01 -1.046861e-01
<VARIANCE> 25
 3.520852e+01 4.360183e+01 3.936709e+01 4.964132e+01 5.022953e+01 4.116609e+01 3.657840e+01 3.536425e+01 3.271756e+01 3.101885e+01 2.838166e+01 1.999087e+01 3.921034e+00 4.114567e+00 3.840423e+00 4.156696e+00 4.138130e+00 3.699244e+00 3.375029e+00 3.107545e+00 2.951595e+00 2.894239e+00 2.296353e+00 1.772844e+00 7.916408e-03
<GCONST> 9.826393e+01
<MIXTURE> 47 7.116147e-03
<MEAN> 25
 7.659402e+00 -7.249124e+00 -8.040974e+00 -7.000545e+00 1.362056e+00 6.770229e-01 -2.608341e+00 1.523678e+00 2.546767e+00 8.041580e-01 -4.387193e+00 -6.873724e+00 -1.517335e-01 -1.207989e+00 -7.633089e-01 -5.323306e-01 6.314688e-01 8.775570e-01 7.937834e-01 3.523628e-01 1.571958e-01 -8.325949e-01 -4.926027e-01 -4.773874e-01 2.914691e-02
<VARIANCE> 25
 1.115723e+01 2.079091e+01 1.975665e+01 3.626154e+01 3.807636e+01 4.954911e+01 4.591364e+01 4.538492e+01 4.491685e+01 4.808179e+01 5.035196e+01 3.152229e+01 5.151541e-01 7.567697e-01 1.109781e+00 1.715488e+00 1.946114e+00 2.103860e+00 2.316920e+00 2.468289e+00 2.180646e+00 2.248220e+00 2.286398e+00 1.911885e+00 5.477294e-04
<GCONST> 8.661007e+01
<MIXTURE> 48 7.116147e-03
<MEAN> 25
 7.659402e+00 -7.249124e+00 -8.040974e+00 -7.000545e+00 1.362056e+00 6.770229e-01 -2.608341e+00 1.523678e+00 2.546767e+00 8.041580e-01 -4.387193e+00 -6.873724e+00 -1.517335e-01 -1.207989e+00 -7.633089e-01 -5.323306e-01 6.314688e-01 8.775570e-01 7.937834e-01 3.523628e-01 1.571958e-01 -8.325949e-01 -4.926027e-01 -4.773874e-01 2.914691e-02
<VARIANCE> 25
 1.115723e+01 2.079091e+01 1.975665e+01 3.626154e+01 3.807636e+01 4.954911e+01 4.591364e+01 4.538492e+01 4.491685e+01 4.808179e+01 5.035196e+01 3.152229e+01 5.151541e-01 7.567697e-01 1.109781e+00 1.715488e+00 1.946114e+00 2.103860e+00 2.316920e+00 2.468289e+00 2.180646e+00 2.248220e+00 2.286398e+00 1.911885e+00 5.477294e-04
<GCONST> 8.661007e+01
<MIXTURE> 49 5.548473e-03
<MEAN> 25
 -4.352531e+00 8.091207e-01 -1.595234e-01 7.835499e+00 6.040597e+00 5.579963e+00 6.280985e+00 4.349514e+00 5.353308e+00 3.522007e+00 4.907555e+00 3.192252e+00 2.922296e-01 6.133437e-01 7.074717e-01 4.123811e-01 -1.446637e-01 -6.665899e-01 -8.935071e-01 -9.515485e-01 -9.585429e-01 -7.611138e-01 -4.094111e-01 -2.600884e-01 -1.689771e-04
<VARIANCE> 25
 1.094702e+01 9.889407e+00 1.319163e+01 1.592289e+01 1.442325e+01 1.507720e+01 1.823937e+01 1.844268e+01 1.688349e+01 1.667501e+01 1.869345e+01 1.313807e+01 2.852583e-01 2.519418e-01 3.502541e-01 5.779595e-01 7.719770e-01 9.362944e-01 9.928700e-01 1.168108e+00 1.067193e+00 1.192931e+00 1.198793e+00 1.086274e+00 1.430390e-05
<GCONST> 6.326690e+01
<MIXTURE> 50 6.234641e-03
<MEAN> 25
 -3.859268e+00 6.238753e-01 -1.569406e+00 5.638835e+00 4.347108e+00 3.013155e+00 4.157316e+00 1.784883e+00 3.561207e+00 1.298918e+00 2.487239e+00 3.208029e+00 3.399000e-02 1.849177e-01 9.014238e-02 -1.598145e-01 -4.982776e-01 -5.697119e-01 -4.201816e-01 -4.097311e-03 4.164334e-01 7.180032e-01 7.247759e-01 4.545095e-01 -1.241658e-05
<VARIANCE> 25
 1.136643e+01 1.079738e+01 1.291385e+01 1.446973e+01 1.345979e+01 1.926455e+01 1.747869e+01 2.049151e+01 1.919949e+01 1.645358e+01 1.968405e+01 1.416412e+01 1.285354e-01 2.134843e-01 3.630420e-01 4.924348e-01 5.724441e-01 7.320698e-01 8.344396e-01 1.032066e+00 9.938462e-01 9.303315e-01 8.347964e-01 1.070836e+00 1.434826e-06
<GCONST> 5.883068e+01
<MIXTURE> 51 6.234641e-03
<MEAN> 25
 -3.859268e+00 6.238753e-01 -1.569406e+00 5.638835e+00 4.347108e+00 3.013155e+00 4.157316e+00 1.784883e+00 3.561207e+00 1.298918e+00 2.487239e+00 3.208029e+00 3.399000e-02 1.849177e-01 9.014238e-02 -1.598145e-01 -4.982776e-01 -5.697119e-01 -4.201816e-01 -4.097311e-03 4.164334e-01 7.180032e-01 7.247759e-01 4.545095e-01 -1.241658e-05
<VARIANCE> 25
 1.136643e+01 1.079738e+01 1.291385e+01 1.446973e+01 1.345979e+01 1.926455e+01 1.747869e+01 2.049151e+01 1.919949e+01 1.645358e+01 1.968405e+01 1.416412e+01 1.285354e-01 2.134843e-01 3.630420e-01 4.924348e-01 5.724441e-01 7.320698e-01 8.344396e-01 1.032066e+00 9.938462e-01 9.303315e-01 8.347964e-01 1.070836e+00 1.434826e-06
<GCONST> 5.883068e+01
<MIXTURE> 52 6.367945e-03
<MEAN> 25
 1.056844e+01 1.863270e+00 -6.904962e+00 -1.462008e+01 -4.000210e+00 8.399550e+00 -1.410879e+00 -2.210318e+00 -3.720297e+00 -1.957737e+00 2.600591e+00 1.123426e-01 -5.517070e-01 -2.276645e-01 3.614141e-02 1.421729e+00 1.463178e+00 -3.636796e-01 -3.418294e-01 -6.342858e-01 2.072873e-01 1.104479e+00 3.505601e-01 -3.048821e-01 -2.348944e-02
<VARIANCE> 25
 8.376450e+00 1.809570e+01 2.316746e+01 3.504449e+01 4.720782e+01 2.775892e+01 4.656767e+01 4.253519e+01 3.826780e+01 4.486689e+01 3.474411e+01 2.757766e+01 5.275839e-01 1.705692e+00 1.148244e+00 2.692983e+00 2.099289e+00 1.954577e+00 2.759131e+00 2.369829e+00 2.767445e+00 2.424247e+00 2.091871e+00 2.482671e+00 1.631027e-03
<GCONST> 8.819527e+01
<MIXTURE> 53 6.367945e-03
<MEAN> 25
 1.056844e+01 1.863270e+00 -6.904962e+00 -1.462008e+01 -4.000210e+00 8.399550e+00 -1.410879e+00 -2.210318e+00 -3.720297e+00 -1.957737e+00 2.600591e+00 1.123426e-01 -5.517070e-01 -2.276645e-01 3.614141e-02 1.421729e+00 1.463178e+00 -3.636796e-01 -3.418294e-01 -6.342858e-01 2.072873e-01 1.104479e+00 3.505601e-01 -3.048821e-01 -2.348944e-02
<VARIANCE> 25
 8.376450e+00 1.809570e+01 2.316746e+01 3.504449e+01 4.720782e+01 2.775892e+01 4.656767e+01 4.253519e+01 3.826780e+01 4.486689e+01 3.474411e+01 2.757766e+01 5.275839e-01 1.705692e+00 1.148244e+00 2.692983e+00 2.099289e+00 1.954577e+00 2.759131e+00 2.369829e+00 2.767445e+00 2.424247e+00 2.091871e+00 2.482671e+00 1.631027e-03
<GCONST> 8.819527e+01
<MIXTURE> 54 7.368620e-03
<MEAN> 25
 -2.023237e+00 1.505792e+00 -1.447897e+00 5.762484e+00 6.333085e+00 5.583983e+00 5.175269e+00 3.591489e+00 5.929889e+00 2.375505e+00 3.927342e+00 3.644675e+00 -1.357137e-02 2.957927e-02 -4.930068e-03 3.083587e-02 -3.361537e-02 8.711398e-02 5.994266e-02 1.842275e-02 6.898409e-02 2.564330e-02 3.017233e-02 -1.955519e-02 4.485675e-05
<VARIANCE> 25
 6.128195e+00 6.994422e+00 6.001968e+00 1.329751e+01 8.933497e+00 9.838436e+00 8.274835e+00 9.288090e+00 1.002025e+01 1.317870e+01 1.345762e+01 9.808348e+00 3.220611e-02 7.896712e-02 1.483764e-01 2.075170e-01 3.416902e-01 3.492987e-01 4.081357e-01 6.975784e-01 4.270412e-01 5.058210e-01 4.788092e-01 4.688694e-01 1.662100e-06
<GCONST> 4.349804e+01
<MIXTURE> 55 7.368620e-03
<MEAN> 25
 -2.023237e+00 1.505792e+00 -1.447897e+00 5.762484e+00 6.333085e+00 5.583983e+00 5.175269e+00 3.591489e+00 5.929889e+00 2.375505e+00 3.927342e+00 3.644675e+00 -1.357137e-02 2.957927e-02 -4.930068e-03 3.083587e-02 -3.361537e-02 8.711398e-02 5.994266e-02 1.842275e-02 6.898409e-02 2.564330e-02 3.017233e-02 -1.955519e-02 4.485675e-05
<VARIANCE> 25
 6.128195e+00 6.994422e+00 6.001968e+00 1.329751e+01 8.933497e+00 9.838436e+00 8.274835e+00 9.288090e+00 1.002025e+01 1.317870e+01 1.345762e+01 9.808348e+00 3.220611e-02 7.896712e-02 1.483764e-01 2.075170e-01 3.416902e-01 3.492987e-01 4.081357e-01 6.975784e-01 4.270412e-01 5.058210e-01 4.788092e-01 4.688694e-01 1.662100e-06
<GCONST> 4.349804e+01
<MIXTURE> 56 6.132464e-03
<MEAN> 25
 7.822168e+00 -6.531647e+00 -9.585013e+00 -9.256273e+00 4.286744e+00 3.232410e+00 -1.793710e+00 -1.649001e+00 2.316788e+00 1.645961e+00 -3.468948e+00 -7.462594e+00 3.335091e-02 8.689972e-04 -1.349128e-01 1.000064e-01 2.525406e-01 -1.481646e-02 1.782847e-01 -4.534869e-02 5.368777e-02 -7.614556e-02 2.910328e-02 -6.772452e-02 -8.216085e-03
<VARIANCE> 25
 8.817120e+00 2.114141e+01 1.938652e+01 3.934850e+01 3.090940e+01 4.913039e+01 5.602465e+01 3.310435e+01 3.665406e+01 4.044025e+01 4.278200e+01 2.931130e+01 2.034031e-01 4.179775e-01 4.606025e-01 8.069637e-01 7.614049e-01 1.073107e+00 8.901193e-01 9.174864e-01 9.488353e-01 8.877251e-01 1.014120e+00 7.816269e-01 2.392457e-04
<GCONST> 7.449720e+01
<MIXTURE> 57 6.132464e-03
<MEAN> 25
 7.822168e+00 -6.531647e+00 -9.585013e+00 -9.256273e+00 4.286744e+00 3.232410e+00 -1.793710e+00 -1.649001e+00 2.316788e+00 1.645961e+00 -3.468948e+00 -7.462594e+00 3.335091e-02 8.689972e-04 -1.349128e-01 1.000064e-01 2.525406e-01 -1.481646e-02 1.782847e-01 -4.534869e-02 5.368777e-02 -7.614556e-02 2.910328e-02 -6.772452e-02 -8.216085e-03
<VARIANCE> 25
 8.817120e+00 2.114141e+01 1.938652e+01 3.934850e+01 3.090940e+01 4.913039e+01 5.602465e+01 3.310435e+01 3.665406e+01 4.044025e+01 4.278200e+01 2.931130e+01 2.034031e-01 4.179775e-01 4.606025e-01 8.069637e-01 7.614049e-01 1.073107e+00 8.901193e-01 9.174864e-01 9.488353e-01 8.877251e-01 1.014120e+00 7.816269e-01 2.392457e-04
<GCONST> 7.449720e+01
<MIXTURE> 58 6.172147e-03
<MEAN> 25
 2.613092e+00 -3.113902e+00 7.405937e+00 -5.289462e+00 -1.344911e+01 -5.585434e+00 1.582253e+00 8.324798e-01 -2.465917e+00 1.818614e+00 5.594522e-01 -8.685513e-01 -3.150174e-02 -1.312851e-01 -7.083762e-02 -1.639277e-01 -1.891861e-02 2.323265e-01 3.724939e-01 2.232666e-01 1.349237e-02 1.526367e-02 -7.282647e-02 -1.397948e-01 -2.904300e-03
<VARIANCE> 25
 7.509710e+00 1.508523e+01 2.038598e+01 2.695390e+01 2.320549e+01 4.642663e+01 3.383040e+01 3.470823e+01 3.275578e+01 3.160773e+01 2.276303e+01 2.022025e+01 3.066612e-01 8.053824e-01 7.490196e-01 1.017706e+00 8.824334e-01 1.207764e+00 1.170566e+00 1.302763e+00 1.071275e+00 1.069450e+00 9.124895e-01 8.761931e-01 7.226822e-04
<GCONST> 7.560619e+01
<MIXTURE> 59 6.172147e-03
<MEAN> 25
 2.613092e+00 -3.113902e+00 7.405937e+00 -5.289462e+00 -1.344911e+01 -5.585434e+00 1.582253e+00 8.324798e-01 -2.465917e+00 1.818614e+00 5.594522e-01 -8.685513e-01 -3.150174e-02 -1.312851e-01 -7.083762e-02 -1.639277e-01 -1.891861e-02 2.323265e-01 3.724939e-01 2.232666e-01 1.349237e-02 1.526367e-02 -7.282647e-02 -1.397948e-01 -2.904300e-03
<VARIANCE> 25
 7.509710e+00 1.508523e+01 2.038598e+01 2.695390e+01 2.320549e+01 4.642663e+01 3.383040e+01 3.470823e+01 3.275578e+01 3.160773e+01 2.276303e+01 2.022025e+01 3.066612e-01 8.053824e-01 7.490196e-01 1.017706e+00 8.824334e-01 1.207764e+00 1.170566e+00 1.302763e+00 1.071275e+00 1.069450e+00 9.124895e-01 8.761931e-01 7.226822e-04
<GCONST> 7.560619e+01
<MIXTURE> 60 4.479129e-03
<MEAN> 25
 -3.421837e+00 9.425567e-02 -1.177422e+00 3.628615e+00 2.290743e+00 2.715435e+00 2.252853e+00 1.184953e+00 2.795346e+00 1.304182e+00 2.638885e+00 2.781091e+00 -4.342154e-02 4.354505e-02 3.708968e-02 6.210607e-02 1.623607e-01 1.107925e-01 1.528736e-01 3.478372e-01 4.765892e-01 6.137460e-01 5.481840e-01 2.863874e-01 -7.562928e-04
<VARIANCE> 25
 7.813507e+00 6.100645e+00 8.865601e+00 9.662630e+00 1.252945e+01 1.582297e+01 1.468750e+01 1.124089e+01 1.320219e+01 1.321595e+01 1.437614e+01 1.353863e+01 7.994923e-02 1.752173e-01 2.855472e-01 4.289114e-01 5.364740e-01 7.294644e-01 8.266037e-01 8.827901e-01 9.051327e-01 9.013879e-01 8.069726e-01 8.283673e-01 2.411608e-05
<GCONST> 5.623054e+01
<MIXTURE> 61 4.479129e-03
<MEAN> 25
 -3.421837e+00 9.425567e-02 -1.177422e+00 3.628615e+00 2.290743e+00 2.715435e+00 2.252853e+00 1.184953e+00 2.795346e+00 1.304182e+00 2.638885e+00 2.781091e+00 -4.342154e-02 4.354505e-02 3.708968e-02 6.210607e-02 1.623607e-01 1.107925e-01 1.528736e-01 3.478372e-01 4.765892e-01 6.137460e-01 5.481840e-01 2.863874e-01 -7.562928e-04
<VARIANCE> 25
 7.813507e+00 6.100645e+00 8.865601e+00 9.662630e+00 1.252945e+01 1.582297e+01 1.468750e+01 1.124089e+01 1.320219e+01 1.321595e+01 1.437614e+01 1.353863e+01 7.994923e-02 1.752173e-01 2.855472e-01 4.289114e-01 5.364740e-01 7.294644e-01 8.266037e-01 8.827901e-01 9.051327e-01 9.013879e-01 8.069726e-01 8.283673e-01 2.411608e-05
<GCONST> 5.623054e+01
<MIXTURE> 62 3.278034e-03
<MEAN> 25
 -5.070638e+00 1.249346e+00 1.012220e+00 8.793285e+00 6.126452e+00 5.050724e+00 5.494726e+00 4.021955e+00 4.993116e+00 3.916344e+00 4.961592e+00 2.963639e+00 -1.000066e+00 -1.163180e+00 -9.503725e-01 -2.764356e-01 4.270624e-01 1.000663e+00 1.379070e+00 1.548748e+00 1.478195e+00 1.242274e+00 1.061468e+00 7.246574e-01 -1.274384e-03
<VARIANCE> 25
 9.928504e+00 9.952005e+00 1.311009e+01 1.680706e+01 1.735351e+01 1.749135e+01 1.965065e+01 1.909620e+01 1.883930e+01 1.867610e+01 2.152984e+01 1.479263e+01 4.026434e-01 4.336448e-01 5.542284e-01 7.788495e-01 1.031825e+00 1.194537e+00 1.256829e+00 1.278631e+00 1.325354e+00 1.361396e+00 1.402770e+00 1.367516e+00 1.631483e-05
<GCONST> 6.752145e+01
<MIXTURE> 63 4.351215e-03
<MEAN> 25
 -3.671858e+00 -1.640903e+00 -4.545524e+00 2.808174e+00 3.713480e+00 8.785697e-01 3.263370e+00 1.309076e+00 3.314310e+00 -4.076957e-01 -1.076222e+00 2.772439e+00 -1.179031e-01 3.297704e-01 3.919219e-01 4.479522e-01 3.532285e-01 4.278888e-01 4.470371e-01 1.689530e-01 1.771360e-02 2.070301e-01 3.190906e-01 1.392585e-01 -3.386267e-03
<VARIANCE> 25
 1.016634e+01 1.601597e+01 1.599732e+01 1.472900e+01 1.621407e+01 3.005340e+01 2.199157e+01 2.166839e+01 2.731002e+01 2.169267e+01 1.834193e+01 1.551523e+01 2.482691e-01 4.072705e-01 6.230642e-01 6.536990e-01 8.831743e-01 1.105521e+00 1.198924e+00 1.473696e+00 1.359806e+00 1.364207e+00 1.320268e+00 1.111510e+00 1.953999e-04
<GCONST> 7.070898e+01
<MIXTURE> 64 4.351215e-03
<MEAN> 25
 -3.671858e+00 -1.640903e+00 -4.545524e+00 2.808174e+00 3.713480e+00 8.785697e-01 3.263370e+00 1.309076e+00 3.314310e+00 -4.076957e-01 -1.076222e+00 2.772439e+00 -1.179031e-01 3.297704e-01 3.919219e-01 4.479522e-01 3.532285e-01 4.278888e-01 4.470371e-01 1.689530e-01 1.771360e-02 2.070301e-01 3.190906e-01 1.392585e-01 -3.386267e-03
<VARIANCE> 25
 1.016634e+01 1.601597e+01 1.599732e+01 1.472900e+01 1.621407e+01 3.005340e+01 2.199157e+01 2.166839e+01 2.731002e+01 2.169267e+01 1.834193e+01 1.551523e+01 2.482691e-01 4.072705e-01 6.230642e-01 6.536990e-01 8.831743e-01 1.105521e+00 1.198924e+00 1.473696e+00 1.359806e+00 1.364207e+00 1.320268e+00 1.111510e+00 1.953999e-04
<GCONST> 7.070898e+01
<MIXTURE> 65 1.721197e-02
<MEAN> 25
 8.342796e+00 4.289129e-01 2.496253e+00 1.159939e-01 -4.788107e+00 -2.848325e+00 -5.781515e+00 -6.302164e+00 -6.414860e+00 -1.548827e-01 -4.490518e+00 -1.540458e+00 1.117792e-01 2.235686e-01 2.263506e-02 1.270985e-01 -2.316392e-01 2.836361e-01 -1.321016e-01 -4.211115e-01 5.036243e-01 5.845844e-02 1.385067e-01 -2.761064e-01 -5.103960e-03
<VARIANCE> 25
 7.635391e+00 2.593135e+01 2.100698e+01 3.451875e+01 3.257838e+01 5.602480e+01 5.575872e+01 4.886035e+01 6.735535e+01 6.498206e+01 4.832165e+01 4.119532e+01 5.682965e-01 8.979765e-01 1.642642e+00 1.623179e+00 1.647865e+00 2.079541e+00 2.170636e+00 3.273472e+00 3.429506e+00 2.004838e+00 1.954556e+00 1.892680e+00 3.922560e-04
<GCONST> 8.811427e+01
<MIXTURE> 66 1.191532e-02
<MEAN> 25
 7.755135e+00 -5.030600e+00 -7.024993e+00 -5.284617e+00 1.459932e+00 -4.203802e+00 -5.946106e+00 3.328051e+00 -9.119365e-01 2.810153e+00 -7.709067e+00 -4.231179e+00 -4.490749e-01 1.814845e+00 2.381195e+00 2.106610e+00 -3.801288e-01 -6.058353e-01 6.535557e-01 -1.450105e+00 -5.678880e-01 -3.647737e-01 -6.753748e-02 1.359183e+00 -6.298927e-02
<VARIANCE> 25
 8.525546e+00 1.596539e+01 2.097532e+01 2.774099e+01 3.132648e+01 3.481496e+01 4.034807e+01 5.913485e+01 5.838491e+01 6.266544e+01 3.528958e+01 3.763631e+01 1.381848e+00 1.767686e+00 1.989107e+00 2.132063e+00 4.661944e+00 3.273558e+00 3.804134e+00 4.526164e+00 4.309517e+00 4.385373e+00 4.355227e+00 2.589584e+00 1.213560e-03
<GCONST> 9.395187e+01
<MIXTURE> 67 1.559142e-02
<MEAN> 25
 9.396772e+00 7.418613e-01 -6.109468e+00 -7.870799e+00 5.813451e-01 2.651469e+00 -2.533763e+00 -1.642609e+00 -3.698681e+00 1.359277e+00 -8.327377e-01 -2.072136e+00 -1.085182e+00 1.598497e+00 8.836650e-01 2.949964e+00 1.565452e+00 -3.253978e-01 1.426028e+00 -8.772274e-02 3.582935e-01 3.587300e-02 -2.920321e-01 6.904925e-01 -1.161696e-01
<VARIANCE> 25
 1.014414e+01 3.719955e+01 2.898992e+01 5.353532e+01 4.969352e+01 4.837454e+01 5.459636e+01 4.754909e+01 6.160225e+01 5.399899e+01 4.986589e+01 4.195390e+01 1.926397e+00 3.480116e+00 3.382220e+00 4.028117e+00 3.841136e+00 4.453827e+00 3.930719e+00 5.264231e+00 5.364119e+00 4.005267e+00 4.482503e+00 3.259774e+00 3.231439e-03
<GCONST> 1.010278e+02
<MIXTURE> 68 1.485092e-02
<MEAN> 25
 -1.931379e+00 -2.646424e+00 -4.212334e+00 1.379499e+00 4.738276e+00 -1.751402e+00 2.738846e+00 2.148126e+00 1.835693e+00 1.794598e+00 -2.491054e-01 2.134650e+00 2.556062e+00 5.595090e-01 4.902732e-01 -2.377339e+00 -2.511448e+00 -1.545458e+00 -2.306606e+00 -1.603893e+00 -1.782785e+00 -1.244267e+00 -1.774946e+00 -9.067279e-01 9.327193e-02
<VARIANCE> 25
 2.372067e+01 3.277182e+01 5.063089e+01 4.700055e+01 4.021718e+01 5.747907e+01 4.426903e+01 4.699986e+01 3.893230e+01 3.788854e+01 3.374652e+01 2.448355e+01 2.064303e+00 3.722506e+00 6.145339e+00 5.341751e+00 4.153352e+00 5.496411e+00 5.185633e+00 5.155661e+00 4.848156e+00 4.845186e+00 4.732478e+00 3.072133e+00 5.903075e-03
<GCONST> 1.024226e+02
<MIXTURE> 69 1.204884e-02
<MEAN> 25
 4.807283e+00 -4.305305e+00 -3.625454e+00 -2.981825e+00 -2.914905e+00 -8.184342e+00 -7.870667e-01 1.928156e+00 3.238704e-02 -2.603244e+00 -5.226736e+00 5.195174e-01 2.083292e+00 -2.277577e+00 -1.375234e+00 -2.440065e+00 -5.759071e-01 -5.719727e-01 -1.338149e+00 1.252890e+00 -9.867093e-01 -5.762941e-01 -2.026067e+00 -4.752316e-01 5.815959e-02
<VARIANCE> 25
 8.962780e+00 1.741949e+01 2.435558e+01 2.600499e+01 3.665585e+01 3.234124e+01 4.487590e+01 3.218325e+01 3.503889e+01 4.397002e+01 3.103928e+01 2.000094e+01 3.783732e+00 2.573819e+00 2.882918e+00 3.636984e+00 5.576984e+00 4.341084e+00 7.653013e+00 7.632299e+00 5.279249e+00 7.925819e+00 5.716720e+00 3.097617e+00 2.397919e-03
<GCONST> 9.802801e+01
<MIXTURE> 70 1.329190e-02
<MEAN> 25
 7.496949e+00 -2.697061e+00 -4.147090e+00 -3.773317e+00 -4.607437e-01 -2.093112e+00 -5.967345e+00 -2.973035e+00 -4.291434e-01 4.293669e+00 -1.455651e+00 -4.587993e+00 2.027768e+00 -1.040096e+00 -1.057413e+00 -2.479729e+00 -1.220093e+00 8.613907e-01 -1.702828e+00 3.039785e-01 3.168100e-01 1.103561e-01 7.470273e-01 -1.579096e+00 5.678204e-02
<VARIANCE> 25
 9.423472e+00 1.809891e+01 2.400786e+01 4.033390e+01 2.999220e+01 4.476735e+01 5.343170e+01 4.959019e+01 3.973706e+01 3.408399e+01 4.196593e+01 2.380985e+01 3.512507e+00 2.961560e+00 3.606224e+00 4.906219e+00 5.646811e+00 5.659791e+00 5.391202e+00 9.149755e+00 7.212493e+00 5.094851e+00 5.724986e+00 3.445963e+00 2.004666e-03
<GCONST> 1.001162e+02
<MIXTURE> 71 1.406903e-02
<MEAN> 25
 6.937676e+00 4.442554e+00 3.791043e+00 3.170583e+00 -3.060394e+00 -2.895040e+00 -1.698604e+00 -6.459191e+00 -4.174778e+00 -6.032244e-01 -3.728768e+00 -3.500608e+00 -1.732173e+00 -5.935952e-01 -5.027762e-01 -1.567224e+00 1.473476e+00 6.552119e-02 -3.173288e-01 1.152104e+00 1.050818e+00 -2.691961e-01 -3.025944e-01 2.393221e-01 3.986977e-02
<VARIANCE> 25
 1.347886e+01 2.515792e+01 1.812805e+01 4.075776e+01 3.016687e+01 3.098927e+01 3.961707e+01 3.458014e+01 4.942292e+01 4.639505e+01 3.787192e+01 2.638454e+01 1.712967e+00 3.436815e+00 5.926977e+00 5.263378e+00 4.392469e+00 7.072955e+00 4.714795e+00 6.144094e+00 6.419844e+00 3.251053e+00 5.653281e+00 3.063138e+00 1.376345e-03
<GCONST> 9.840299e+01
<MIXTURE> 72 8.134747e-03
<MEAN> 25
 3.769160e+00 -3.735964e+00 6.155301e+00 -2.706719e+00 -1.080863e+01 -8.674396e+00 -3.876150e+00 2.360899e+00 -6.215540e+00 -2.016920e+00 -1.384591e+00 -6.487900e-02 9.644691e-01 -7.015492e-01 -2.734627e+00 4.394899e-01 2.225131e+00 -7.941839e-01 -8.539865e-01 1.396514e+00 1.972926e+00 -3.236146e-01 -1.041278e+00 4.119363e-01 -1.061443e-02
<VARIANCE> 25
 1.024354e+01 1.704098e+01 3.160904e+01 3.328541e+01 3.012636e+01 3.627150e+01 4.882062e+01 3.541739e+01 4.604122e+01 4.475639e+01 3.523652e+01 2.952833e+01 4.561541e-01 9.048457e-01 2.058168e+00 1.285964e+00 2.154991e+00 2.292094e+00 4.111495e+00 2.631685e+00 2.553621e+00 3.398800e+00 2.441595e+00 2.560074e+00 5.724447e-04
<GCONST> 8.769284e+01
<MIXTURE> 73 1.213625e-02
<MEAN> 25
 -5.083467e+00 -7.228257e-01 -1.973641e+00 3.912469e+00 4.356149e+00 2.321178e+00 5.973400e+00 2.966838e+00 4.980379e+00 3.166553e+00 3.944334e+00 2.632429e+00 5.371426e-01 -1.150032e+00 -8.314750e-01 -2.491107e+00 -1.224797e+00 -1.994660e+00 -9.815108e-01 -5.042613e-01 -9.615954e-01 -2.728781e-01 -1.162629e+00 -3.990183e-01 1.560787e-01
<VARIANCE> 25
 1.239933e+01 1.583077e+01 1.442018e+01 2.235071e+01 1.933297e+01 2.197231e+01 1.824704e+01 1.868839e+01 1.568670e+01 1.731926e+01 2.217579e+01 1.415111e+01 3.911093e+00 3.061215e+00 5.574932e+00 4.015918e+00 5.128925e+00 4.233417e+00 4.601485e+00 4.345281e+00 3.758615e+00 4.161490e+00 3.344439e+00 2.561330e+00 3.913573e-03
<GCONST> 9.125794e+01
<MIXTURE> 74 1.756491e-02
<MEAN> 25
 5.032591e+00 -2.983845e+00 8.199418e+00 -5.148433e-01 -8.274591e+00 -7.367109e+00 -6.536213e+00 1.401701e+00 -8.424274e+00 -4.218477e+00 -2.934165e-02 -1.803640e+00 2.268873e-01 2.062611e+00 -1.219155e+00 1.772111e+00 1.356792e+00 3.038941e-01 1.770485e+00 -1.488416e+00 1.477344e+00 4.715309e-01 -2.547120e-01 1.276649e-01 -8.125237e-02
<VARIANCE> 25
 1.260700e+01 1.640324e+01 5.660785e+01 4.072839e+01 2.521429e+01 4.014159e+01 5.544220e+01 3.271729e+01 5.391105e+01 3.926205e+01 2.627858e+01 2.159185e+01 2.219082e+00 2.151657e+00 5.273314e+00 2.246801e+00 3.868250e+00 4.445457e+00 6.587807e+00 3.537412e+00 4.288758e+00 4.044589e+00 2.958533e+00 3.229569e+00 1.781585e-03
<GCONST> 9.625242e+01
<MIXTURE> 75 9.711651e-03
<MEAN> 25
 2.938245e+00 -3.057108e+00 1.247577e+01 -1.347539e+00 -1.137225e+01 -6.407522e+00 -8.902575e+00 7.939085e-01 -8.225525e+00 -5.953986e+00 2.457071e+00 -2.183548e+00 1.819330e+00 -1.495408e+00 8.700207e-01 -3.920151e-01 -2.519294e+00 -6.926082e-01 -2.882617e+00 2.284064e+00 -1.888418e+00 -6.320000e-01 1.903244e+00 -1.093003e+00 3.648094e-02
<VARIANCE> 25
 1.517758e+01 1.825317e+01 2.771446e+01 3.035688e+01 2.609302e+01 3.177993e+01 4.029604e+01 2.552181e+01 3.131468e+01 3.941610e+01 1.892705e+01 2.217824e+01 2.264635e+00 2.345860e+00 3.524329e+00 2.269316e+00 2.829083e+00 3.966374e+00 5.439999e+00 3.544800e+00 4.430763e+00 2.604795e+00 3.302180e+00 1.842818e+00 1.224602e-03
<GCONST> 9.179327e+01
<MIXTURE> 76 1.052359e-02
<MEAN> 25
 -7.752014e+00 -6.097432e-01 -3.643235e+00 4.347808e+00 4.057520e+00 1.955629e+00 4.563368e+00 1.072771e+00 3.120673e+00 7.748449e-01 1.427855e+00 2.813019e+00 -1.394257e-01 -4.324998e-01 -2.519069e-01 -7.469641e-01 -5.999541e-01 -9.017532e-01 -4.114375e-01 -2.402583e-01 -3.650750e-01 -3.924179e-01 -3.177779e-01 -1.330312e-02 2.114200e-02
<VARIANCE> 25
 4.220087e+01 2.763990e+01 3.176787e+01 2.484486e+01 2.930764e+01 2.863599e+01 2.374867e+01 2.916258e+01 2.246391e+01 2.267906e+01 2.357024e+01 1.678477e+01 1.106794e+00 1.245813e+00 1.403510e+00 1.170875e+00 1.480922e+00 1.982462e+00 1.652805e+00 1.674361e+00 1.393862e+00 1.601891e+00 1.416604e+00 1.270540e+00 1.175017e-03
<GCONST> 8.272385e+01
<MIXTURE> 77 1.244626e-02
<MEAN> 25
 -4.206915e-01 8.485284e+00 1.250537e+01 -1.159488e+01 -7.025692e+00 9.184129e-01 -9.352888e+00 -7.135913e+00 -3.432143e+00 -2.745375e-01 -4.590718e+00 -1.515909e+00 6.637408e-02 1.446107e-01 7.661863e-02 2.524272e-01 -2.358126e-02 7.860850e-02 -6.209455e-02 -7.122333e-02 7.860129e-02 -3.111157e-02 2.609349e-02 1.131628e-01 -1.002504e-02
<VARIANCE> 25
 1.059839e+01 2.097242e+01 2.743793e+01 4.127236e+01 3.293142e+01 3.366044e+01 3.692536e+01 3.258230e+01 3.528001e+01 3.353511e+01 3.771017e+01 3.474754e+01 2.983284e-01 7.777484e-01 6.416137e-01 1.082309e+00 1.228049e+00 9.776428e-01 1.230484e+00 1.087351e+00 1.035882e+00 1.091955e+00 9.643097e-01 9.191402e-01 5.390651e-04
<GCONST> 7.786559e+01
<MIXTURE> 78 9.702551e-03
<MEAN> 25
 -1.095603e+01 2.435116e+00 -4.117212e+00 2.405271e+00 3.544288e+00 -3.239269e+00 4.912264e+00 -1.457920e-01 4.004976e+00 3.645572e-01 -1.846870e+00 2.143241e+00 3.050505e+00 -8.097309e-01 5.090629e-01 -1.510023e-02 -1.919333e-01 -3.175711e-01 -4.450969e-01 2.101969e-01 3.784591e-01 8.210422e-02 -7.926148e-01 -8.152018e-01 -5.945455e-02
<VARIANCE> 25
 3.727488e+01 2.803358e+01 3.307027e+01 2.717909e+01 3.326592e+01 2.878330e+01 2.843211e+01 2.961746e+01 2.513712e+01 2.230803e+01 2.101342e+01 1.732768e+01 4.815080e+00 2.422943e+00 1.991656e+00 2.399480e+00 2.349189e+00 2.772074e+00 2.333942e+00 2.109853e+00 2.000151e+00 2.772742e+00 2.296772e+00 1.831520e+00 3.315821e-03
<GCONST> 9.045615e+01
<MIXTURE> 79 1.156824e-02
<MEAN> 25
 2.531782e+00 7.179512e-01 1.067763e+01 -6.921566e+00 -1.112428e+01 -1.671511e+00 -4.394437e+00 -5.164295e+00 -7.831543e+00 -9.069502e-01 -2.733360e+00 -3.707599e+00 1.199624e+00 -6.130963e-01 -1.363161e+00 2.351647e+00 2.018309e-01 -1.459473e+00 8.772949e-01 7.408874e-01 -3.092199e-01 -4.559654e-01 2.930870e-01 3.439920e-01 -3.801240e-02
<VARIANCE> 25
 1.383040e+01 2.529341e+01 4.517934e+01 4.328166e+01 3.267667e+01 3.636500e+01 7.035010e+01 4.001388e+01 4.282273e+01 4.341342e+01 4.061024e+01 2.706933e+01 8.487961e-01 2.560042e+00 1.825301e+00 2.038043e+00 2.482889e+00 2.346377e+00 3.169971e+00 3.738225e+00 2.266577e+00 2.510918e+00 2.086320e+00 1.910171e+00 1.075732e-03
<GCONST> 9.154716e+01
<MIXTURE> 80 7.550998e-03
<MEAN> 25
 -1.529290e+01 2.571369e+00 2.125274e-01 1.923320e+00 1.172099e+00 2.067562e-01 7.489104e+00 1.130315e+00 3.786536e+00 2.209160e+00 2.732688e+00 1.346001e+00 4.475646e+00 -9.526895e-02 1.650001e+00 -5.851739e-01 -2.321371e+00 -2.969301e+00 -2.204228e+00 -1.457735e+00 -2.390543e+00 -1.917073e+00 -1.446844e+00 -6.901998e-01 -5.103775e-02
<VARIANCE> 25
 1.913674e+01 2.017213e+01 4.138446e+01 3.015954e+01 3.680589e+01 3.765980e+01 2.666722e+01 2.843774e+01 2.174669e+01 2.315827e+01 2.759829e+01 1.556325e+01 2.208427e+00 2.473986e+00 2.883286e+00 3.754605e+00 2.946280e+00 2.591577e+00 2.441136e+00 3.035592e+00 3.276112e+00 2.619997e+00 2.741143e+00 1.596175e+00 1.267132e-03
<GCONST> 9.025265e+01
<MIXTURE> 81 8.025434e-03
<MEAN> 25
 -1.109311e+00 4.044863e+00 1.020682e+01 -1.477752e+01 -9.070396e+00 -1.419287e+00 -6.803504e+00 -8.387340e+00 -4.175236e+00 -4.468198e-01 -7.535477e+00 -2.255598e+00 1.329984e-01 -5.856134e-01 2.041177e-04 -5.527514e-01 -4.664655e-01 3.354475e-01 3.175585e-01 1.398748e-01 -1.417341e-01 1.056894e-01 -4.677614e-01 -1.231715e-01 1.148380e-02
<VARIANCE> 25
 1.018189e+01 3.288644e+01 2.662187e+01 2.934448e+01 3.369364e+01 3.041007e+01 4.568420e+01 2.858374e+01 3.813580e+01 3.202528e+01 2.563128e+01 3.098694e+01 7.800168e-01 2.282148e+00 1.549214e+00 2.878093e+00 2.660922e+00 2.124446e+00 3.307049e+00 2.301613e+00 2.358825e+00 2.534158e+00 2.295855e+00 2.077874e+00 1.183305e-03
<GCONST> 8.875761e+01
<MIXTURE> 82 8.213053e-03
<MEAN> 25
 -9.593822e+00 -3.622807e+00 1.224385e+00 -3.144944e+00 3.138631e+00 8.587074e-01 1.269731e+00 -5.075744e-01 2.690278e+00 1.817283e+00 7.475556e-01 2.644661e+00 -1.263072e+00 -3.376365e-01 3.783695e-01 -2.593624e+00 -1.134218e+00 -1.168004e+00 -1.489010e+00 -1.190649e+00 -5.651959e-01 -5.209835e-01 -7.280079e-01 -1.604384e-01 1.772425e-01
<VARIANCE> 25
 1.757995e+01 2.241377e+01 3.287335e+01 2.573168e+01 2.699634e+01 2.959365e+01 3.169358e+01 3.642594e+01 2.763584e+01 2.193343e+01 3.952233e+01 1.605275e+01 3.293663e+00 2.797654e+00 3.300124e+00 2.818872e+00 3.100074e+00 3.517092e+00 3.712112e+00 3.111669e+00 2.936352e+00 2.210180e+00 2.757822e+00 2.022960e+00 3.110171e-03
<GCONST> 9.236135e+01
<MIXTURE> 83 1.167529e-02
<MEAN> 25
 -1.953743e+01 5.470870e+00 -4.697089e+00 7.326911e-01 7.410661e+00 -2.106563e+00 6.191000e+00 1.480042e+00 2.860693e+00 2.630495e+00 1.170492e+00 3.213515e+00 -6.390966e-03 -5.458688e-01 1.112403e-01 -5.450482e-01 -5.758879e-01 -2.531458e-01 -7.672594e-03 1.151984e-01 3.281827e-02 1.993233e-01 -5.984151e-02 -9.395190e-02 -1.379697e-03
<VARIANCE> 25
 7.434884e+00 1.571703e+01 4.648580e+01 2.373266e+01 2.041965e+01 2.775766e+01 1.711114e+01 2.144560e+01 2.032260e+01 1.830518e+01 1.921781e+01 1.352332e+01 9.684371e-01 8.576873e-01 1.064635e+00 1.215365e+00 1.150696e+00 1.219291e+00 1.043562e+00 1.630534e+00 1.052000e+00 1.323585e+00 1.447135e+00 1.105401e+00 7.871586e-04
<GCONST> 7.603429e+01
<MIXTURE> 84 1.066614e-02
<MEAN> 25
 1.711184e+00 8.001216e+00 6.613693e+00 7.618389e+00 2.778867e+00 -1.068169e+00 -1.904694e+00 -5.442700e+00 -2.705421e+00 -2.529254e+00 -2.729108e+00 -2.054910e+00 -1.737842e+00 -1.051141e+00 -1.467964e+00 1.019356e+00 2.260267e+00 1.525086e+00 1.741722e+00 9.560499e-01 1.521360e+00 4.257649e-01 -1.358453e-02 3.961273e-01 -6.206828e-02
<VARIANCE> 25
 2.398162e+01 2.191923e+01 2.611153e+01 2.032037e+01 2.504753e+01 2.611683e+01 2.503769e+01 2.675887e+01 2.799152e+01 2.167362e+01 2.669173e+01 2.186214e+01 2.008549e+00 2.335946e+00 3.920624e+00 2.878234e+00 2.651805e+00 3.004166e+00 3.537375e+00 3.686959e+00 3.313941e+00 2.747433e+00 4.360350e+00 2.348246e+00 3.580749e-03
<GCONST> 9.176880e+01
<MIXTURE> 85 7.591393e-03
<MEAN> 25
 -4.015644e+00 7.351991e+00 6.070806e+00 2.780468e-01 -3.141229e+00 -5.207665e+00 -3.019001e+00 -6.280548e+00 -3.120772e+00 -4.857911e+00 -7.926368e-01 -2.131069e+00 3.989271e+00 1.759684e-01 1.967066e+00 -1.971273e+00 -3.277298e+00 -2.517523e+00 -3.237938e+00 -1.752226e+00 -2.703115e+00 -1.557490e+00 -1.772694e+00 -7.872785e-01 8.681693e-03
<VARIANCE> 25
 4.377306e+01 2.211274e+01 3.827200e+01 4.171729e+01 3.576153e+01 4.133804e+01 3.371798e+01 2.374985e+01 2.572455e+01 3.735855e+01 2.428847e+01 2.013699e+01 2.529351e+00 3.852528e+00 3.681482e+00 4.492877e+00 3.840663e+00 3.622548e+00 4.144293e+00 5.140402e+00 4.522231e+00 4.236784e+00 4.614633e+00 3.252792e+00 4.694463e-03
<GCONST> 9.831693e+01
<MIXTURE> 86 1.273941e-02
<MEAN> 25
 -2.163073e+00 1.295885e+00 -1.570130e+00 4.520436e+00 5.224625e+00 5.841309e+00 5.758761e+00 2.574837e+00 6.511040e+00 3.176316e+00 4.368616e+00 3.728174e+00 -1.025304e-02 4.706156e-03 1.025194e-03 8.322864e-02 7.799140e-02 -1.291776e-01 -1.211997e-01 -2.211046e-01 -4.082835e-01 -2.455262e-01 -3.005886e-01 -3.638867e-02 -6.827607e-04
<VARIANCE> 25
 4.734325e+00 4.689146e+00 5.433375e+00 7.534547e+00 8.149188e+00 8.228805e+00 8.556109e+00 1.008318e+01 9.345743e+00 1.162409e+01 1.020467e+01 8.215296e+00 6.373374e-02 2.044349e-01 2.693753e-01 4.272233e-01 4.642852e-01 6.615814e-01 7.300918e-01 7.250351e-01 7.270222e-01 1.018305e+00 8.438044e-01 6.210778e-01 4.848510e-05
<GCONST> 5.133879e+01
<MIXTURE> 87 1.100681e-02
<MEAN> 25
 -3.313019e+00 4.545759e+00 3.216919e+00 6.577505e+00 5.073741e+00 1.562085e+00 2.005703e+00 -1.007196e+00 -2.093528e-02 -1.502676e+00 -2.038744e-01 1.545016e-01 -2.114052e+00 -2.791393e+00 -2.146702e+00 -2.012491e+00 1.435017e-01 -1.745992e-01 7.483994e-01 1.252343e+00 1.364232e+00 1.167858e+00 7.355787e-01 7.603564e-01 1.012064e-01
<VARIANCE> 25
 4.020110e+01 2.560542e+01 2.855650e+01 3.037818e+01 2.978074e+01 2.986493e+01 2.570018e+01 2.460246e+01 2.377453e+01 2.454939e+01 2.906907e+01 2.026607e+01 3.435733e+00 2.442055e+00 3.627768e+00 3.526876e+00 4.212232e+00 4.318072e+00 3.839107e+00 3.370535e+00 3.067560e+00 3.401285e+00 3.300442e+00 2.566653e+00 4.441425e-03
<GCONST> 9.483918e+01
<MIXTURE> 88 1.256585e-02
<MEAN> 25
 -2.553667e+00 6.699161e-03 -1.859723e+00 4.624732e+00 5.105522e+00 4.180961e+00 5.984004e+00 2.770364e+00 4.560564e+00 2.953632e+00 3.408371e+00 3.910907e+00 9.571437e-02 -9.531215e-02 4.685331e-01 2.054550e-01 8.842454e-02 8.490434e-02 -3.228624e-01 -3.640762e-01 -1.504965e-01 -1.317180e-01 -1.658238e-01 -1.316708e-01 -4.822445e-03
<VARIANCE> 25
 7.890803e+00 7.719582e+00 1.140427e+01 1.179518e+01 1.293077e+01 1.523755e+01 1.568174e+01 2.051927e+01 1.238919e+01 1.902701e+01 2.000987e+01 1.128728e+01 1.412710e+00 1.791063e+00 2.130343e+00 1.499614e+00 1.999501e+00 2.262667e+00 2.418712e+00 3.067168e+00 1.860946e+00 2.815916e+00 2.282489e+00 1.469881e+00 1.291701e-03
<GCONST> 7.871613e+01
<MIXTURE> 89 9.333527e-03
<MEAN> 25
 5.861442e+00 -6.786347e+00 -4.062216e+00 -2.183852e+00 -2.810076e-01 -5.952244e+00 -4.975299e+00 5.010022e+00 3.424948e+00 -2.125600e+00 -6.066226e+00 -2.595377e+00 -6.978650e-01 4.225417e-02 1.951423e+00 8.461512e-01 -1.999565e+00 -1.649397e+00 9.795383e-01 1.381697e+00 -8.049201e-01 -1.300079e+00 3.109705e-01 1.658065e+00 -4.213377e-03
<VARIANCE> 25
 8.593453e+00 2.429713e+01 3.053801e+01 3.710224e+01 4.880974e+01 3.929383e+01 6.608614e+01 4.660761e+01 3.571921e+01 4.262710e+01 3.263667e+01 3.360413e+01 4.638390e-01 9.186875e-01 1.351908e+00 1.222340e+00 2.018964e+00 1.969459e+00 2.513228e+00 2.009521e+00 2.066407e+00 1.952993e+00 2.203878e+00 1.478379e+00 3.384520e-04
<GCONST> 8.547520e+01
<MIXTURE> 90 7.114505e-03
<MEAN> 25
 2.447983e+00 -9.716790e+00 -4.751349e+00 -3.967402e+00 -3.371138e+00 -1.821720e+00 3.374009e+00 1.202895e+00 -7.532626e+00 -1.020107e+01 -3.433349e+00 -7.277247e-01 -1.632512e-01 9.086454e-01 1.169282e+00 -8.568357e-01 -1.616971e+00 -2.110619e-01 6.442153e-01 -2.136888e-01 -1.711660e-01 7.358955e-01 1.833417e-01 -5.487381e-01 -1.107214e-02
<VARIANCE> 25
 8.486774e+00 1.779338e+01 1.979626e+01 2.806843e+01 3.689636e+01 3.218715e+01 3.852122e+01 3.672050e+01 3.517602e+01 2.783223e+01 2.697409e+01 2.619068e+01 2.235364e-01 6.119746e-01 7.857309e-01 1.047801e+00 1.479410e+00 1.589828e+00 1.778127e+00 1.661843e+00 1.811545e+00 1.676991e+00 1.493288e+00 1.308055e+00 2.189328e-04
<GCONST> 7.817445e+01
<MIXTURE> 91 7.852945e-03
<MEAN> 25
 6.904865e+00 -7.538831e+00 -9.070789e+00 -5.578554e+00 3.457466e+00 -5.015387e-01 -2.629588e+00 1.443703e+00 4.174470e-01 -1.360657e+00 -5.249136e+00 -5.656581e+00 2.012345e-01 1.035005e+00 2.704141e-01 4.938053e-01 3.077502e-02 -4.338736e-01 -1.764772e-01 -1.938557e-01 -1.571544e-01 4.878541e-01 -2.611029e-01 2.136999e-01 -3.674421e-02
<VARIANCE> 25
 1.035557e+01 2.092490e+01 2.008647e+01 3.892939e+01 3.663811e+01 4.918472e+01 5.547198e+01 4.508116e+01 5.484293e+01 6.940708e+01 3.512808e+01 4.109403e+01 4.633131e-01 8.296205e-01 1.152978e+00 1.427844e+00 2.266702e+00 2.387008e+00 2.456575e+00 2.393837e+00 2.165924e+00 2.141026e+00 2.956998e+00 1.686324e+00 5.530916e-04
<GCONST> 8.747079e+01
<MIXTURE> 92 7.852945e-03
<MEAN> 25
 6.904865e+00 -7.538831e+00 -9.070789e+00 -5.578554e+00 3.457466e+00 -5.015387e-01 -2.629588e+00 1.443703e+00 4.174470e-01 -1.360657e+00 -5.249136e+00 -5.656581e+00 2.012345e-01 1.035005e+00 2.704141e-01 4.938053e-01 3.077502e-02 -4.338736e-01 -1.764772e-01 -1.938557e-01 -1.571544e-01 4.878541e-01 -2.611029e-01 2.136999e-01 -3.674421e-02
<VARIANCE> 25
 1.035557e+01 2.092490e+01 2.008647e+01 3.892939e+01 3.663811e+01 4.918472e+01 5.547198e+01 4.508116e+01 5.484293e+01 6.940708e+01 3.512808e+01 4.109403e+01 4.633131e-01 8.296205e-01 1.152978e+00 1.427844e+00 2.266702e+00 2.387008e+00 2.456575e+00 2.393837e+00 2.165924e+00 2.141026e+00 2.956998e+00 1.686324e+00 5.530916e-04
<GCONST> 8.747079e+01
<MIXTURE> 93 6.122769e-03
<MEAN> 25
 -6.274029e+00 -6.702539e-01 -2.352206e+00 5.604017e+00 5.853477e+00 4.168627e+00 6.165454e+00 3.460920e+00 4.473428e+00 2.434421e+00 1.919649e+00 3.860695e+00 -5.841713e-02 -1.307816e-01 -2.422984e-01 -3.187076e-01 -3.107652e-01 -2.472490e-01 -2.149938e-01 -1.448309e-01 -1.284538e-01 -1.314540e-01 -8.505490e-02 -1.233411e-02 -2.402611e-05
<VARIANCE> 25
 1.113007e+01 6.492060e+00 7.968628e+00 1.098421e+01 1.108410e+01 1.557109e+01 1.435292e+01 1.685336e+01 1.515203e+01 1.453318e+01 1.617334e+01 1.304537e+01 7.850241e-02 1.573940e-01 2.575975e-01 3.790575e-01 4.882835e-01 6.242968e-01 7.592167e-01 9.192474e-01 8.931884e-01 9.032893e-01 8.604829e-01 9.082246e-01 1.130238e-06
<GCONST> 5.366294e+01
<MIXTURE> 94 6.122769e-03
<MEAN> 25
 -6.274029e+00 -6.702539e-01 -2.352206e+00 5.604017e+00 5.853477e+00 4.168627e+00 6.165454e+00 3.460920e+00 4.473428e+00 2.434421e+00 1.919649e+00 3.860695e+00 -5.841713e-02 -1.307816e-01 -2.422984e-01 -3.187076e-01 -3.107652e-01 -2.472490e-01 -2.149938e-01 -1.448309e-01 -1.284538e-01 -1.314540e-01 -8.505490e-02 -1.233411e-02 -2.402611e-05
<VARIANCE> 25
 1.113007e+01 6.492060e+00 7.968628e+00 1.098421e+01 1.108410e+01 1.557109e+01 1.435292e+01 1.685336e+01 1.515203e+01 1.453318e+01 1.617334e+01 1.304537e+01 7.850241e-02 1.573940e-01 2.575975e-01 3.790575e-01 4.882835e-01 6.242968e-01 7.592167e-01 9.192474e-01 8.931884e-01 9.032893e-01 8.604829e-01 9.082246e-01 1.130238e-06
<GCONST> 5.366294e+01
<MIXTURE> 95 5.258835e-03
<MEAN> 25
 -5.294242e+00 -2.880291e-01 -1.919025e+00 4.830799e+00 4.292087e+00 3.094646e+00 4.411835e+00 1.632085e+00 2.555094e+00 7.117894e-01 1.218320e+00 2.741306e+00 1.305648e-01 1.374717e-01 1.083888e-01 -6.302740e-02 -3.459550e-01 -6.471741e-01 -9.824774e-01 -1.252625e+00 -1.215694e+00 -9.567665e-01 -6.005062e-01 -2.623891e-01 -6.064801e-04
<VARIANCE> 25
 1.199103e+01 8.033018e+00 1.136299e+01 1.184653e+01 1.312489e+01 1.763090e+01 1.741330e+01 1.583932e+01 1.536418e+01 1.522313e+01 1.877251e+01 1.367720e+01 1.967569e-01 2.824797e-01 4.523171e-01 5.972352e-01 7.538108e-01 9.115201e-01 9.543580e-01 9.087750e-01 9.279280e-01 1.055579e+00 1.168483e+00 1.058997e+00 4.878074e-05
<GCONST> 6.303168e+01
<MIXTURE> 96 7.034694e-03
<MEAN> 25
 -4.451714e+00 -8.211169e-02 -2.098917e+00 5.009368e+00 4.049861e+00 2.334540e+00 3.782043e+00 1.707409e+00 3.060752e+00 1.040334e+00 1.515716e+00 3.041766e+00 -3.456496e-02 8.236728e-02 1.799901e-01 4.042342e-01 5.125309e-01 4.472590e-01 1.866237e-01 -7.362415e-02 -4.218661e-01 -7.210397e-01 -5.440274e-01 -3.252126e-01 -3.613060e-05
<VARIANCE> 25
 1.186915e+01 9.833354e+00 1.196184e+01 1.295408e+01 1.372614e+01 1.941823e+01 1.670470e+01 1.846083e+01 1.861409e+01 1.562343e+01 1.870054e+01 1.364331e+01 1.127402e-01 2.073988e-01 3.215039e-01 3.800530e-01 4.816085e-01 6.404259e-01 8.951253e-01 9.748874e-01 9.025492e-01 8.759746e-01 8.831355e-01 9.453961e-01 1.225140e-06
<GCONST> 5.708285e+01
<MIXTURE> 97 7.034694e-03
<MEAN> 25
 -4.451714e+00 -8.211169e-02 -2.098917e+00 5.009368e+00 4.049861e+00 2.334540e+00 3.782043e+00 1.707409e+00 3.060752e+00 1.040334e+00 1.515716e+00 3.041766e+00 -3.456496e-02 8.236728e-02 1.799901e-01 4.042342e-01 5.125309e-01 4.472590e-01 1.866237e-01 -7.362415e-02 -4.218661e-01 -7.210397e-01 -5.440274e-01 -3.252126e-01 -3.613060e-05
<VARIANCE> 25
 1.186915e+01 9.833354e+00 1.196184e+01 1.295408e+01 1.372614e+01 1.941823e+01 1.670470e+01 1.846083e+01 1.861409e+01 1.562343e+01 1.870054e+01 1.364331e+01 1.127402e-01 2.073988e-01 3.215039e-01 3.800530e-01 4.816085e-01 6.404259e-01 8.951253e-01 9.748874e-01 9.025492e-01 8.759746e-01 8.831355e-01 9.453961e-01 1.225140e-06
<GCONST> 5.708285e+01
<MIXTURE> 98 9.917808e-03
<MEAN> 25
 -8.040507e-01 1.576521e+00 -4.143371e-01 4.228742e+00 3.635002e+00 2.974992e+00 3.736538e+00 7.682365e-01 2.155792e+00 6.893951e-01 4.977582e-01 1.320536e+00 -1.690342e+00 -1.347512e+00 -1.055724e+00 1.848708e-01 7.393937e-01 8.614043e-01 1.410376e+00 1.468937e+00 1.615741e+00 1.069801e+00 1.367533e+00 9.198031e-01 -3.170177e-02
<VARIANCE> 25
 1.384378e+01 1.815301e+01 2.841007e+01 2.879721e+01 3.653721e+01 3.384216e+01 3.223285e+01 2.811737e+01 2.454024e+01 3.121207e+01 2.280697e+01 2.055065e+01 1.609813e+00 1.576647e+00 2.314279e+00 2.756089e+00 2.625288e+00 4.106973e+00 2.916533e+00 2.918872e+00 2.212002e+00 2.701055e+00 2.265902e+00 1.888914e+00 2.474147e-03
<GCONST> 8.944457e+01
<MIXTURE> 99 6.696178e-03
<MEAN> 25
 -7.087247e+00 1.105669e+01 3.060737e+00 5.131965e+00 2.465503e+00 -5.811188e+00 -4.250101e-01 -4.828812e+00 -2.118069e+00 -3.514382e+00 -1.737312e+00 6.554495e-01 6.185840e-01 -5.558297e-01 3.228709e-01 -2.013134e-01 -6.441728e-01 -3.440596e-01 -3.115675e-01 -1.591380e-02 4.421012e-02 -1.048382e-01 -2.199174e-02 -1.301821e-01 -2.459669e-03
<VARIANCE> 25
 2.756866e+01 2.253313e+01 6.026143e+01 2.993450e+01 3.385039e+01 2.749843e+01 2.377141e+01 2.297921e+01 2.264114e+01 2.114199e+01 1.634715e+01 2.541130e+01 2.087311e+00 1.644162e+00 1.123826e+00 1.491469e+00 2.528401e+00 2.522653e+00 1.302050e+00 1.609078e+00 1.192621e+00 1.574668e+00 1.107738e+00 1.351791e+00 1.697999e-03
<GCONST> 8.421348e+01
<MIXTURE> 100 4.498084e-03
<MEAN> 25
 -1.708245e+00 6.202167e+00 1.038032e+01 -7.554203e+00 -1.059859e+01 -5.108076e+00 -5.078972e+00 -9.886660e+00 -4.801808e+00 -1.416884e+00 -2.547482e+00 -2.852251e+00 2.939067e+00 -1.262168e+00 1.382738e+00 -2.162231e+00 -3.422182e+00 -8.050809e-01 -1.381711e+00 -6.971527e-01 -1.647217e+00 2.553250e-01 -1.538771e+00 -3.434242e-01 3.328895e-03
<VARIANCE> 25
 1.387311e+01 2.103954e+01 2.208945e+01 2.585131e+01 2.333792e+01 2.302737e+01 2.881656e+01 2.150803e+01 2.679518e+01 3.175702e+01 2.267796e+01 2.135281e+01 1.805992e+00 3.840103e+00 3.031147e+00 4.168832e+00 4.048043e+00 4.402494e+00 4.704659e+00 4.619334e+00 4.908411e+00 4.020046e+00 4.189303e+00 3.214506e+00 1.670430e-03
<GCONST> 9.323595e+01
<MIXTURE> 101 6.007792e-03
<MEAN> 25
 8.210692e+00 -4.017403e+00 -6.672915e+00 -7.005331e+00 8.537492e-01 -1.467493e+00 -1.046707e+01 -1.292769e+00 1.105307e+00 3.259750e+00 -2.853224e+00 -5.289244e+00 6.724887e-01 5.572355e-01 -1.446428e+00 -1.568218e+00 1.021063e+00 2.379476e+00 1.709222e-01 -1.418149e+00 -1.096607e+00 9.619625e-01 1.327632e+00 -4.101912e-01 -4.433564e-03
<VARIANCE> 25
 8.753923e+00 1.938334e+01 2.999056e+01 4.277784e+01 3.616614e+01 3.387298e+01 3.662982e+01 4.367998e+01 3.870010e+01 4.445351e+01 5.464942e+01 2.294852e+01 2.778678e-01 7.319873e-01 1.108822e+00 1.514227e+00 1.575676e+00 2.008521e+00 1.956047e+00 1.974360e+00 2.224522e+00 2.260161e+00 1.904141e+00 1.881367e+00 3.442221e-04
<GCONST> 8.365636e+01
<MIXTURE> 102 6.007792e-03
<MEAN> 25
 8.210692e+00 -4.017403e+00 -6.672915e+00 -7.005331e+00 8.537492e-01 -1.467493e+00 -1.046707e+01 -1.292769e+00 1.105307e+00 3.259750e+00 -2.853224e+00 -5.289244e+00 6.724887e-01 5.572355e-01 -1.446428e+00 -1.568218e+00 1.021063e+00 2.379476e+00 1.709222e-01 -1.418149e+00 -1.096607e+00 9.619625e-01 1.327632e+00 -4.101912e-01 -4.433564e-03
<VARIANCE> 25
 8.753923e+00 1.938334e+01 2.999056e+01 4.277784e+01 3.616614e+01 3.387298e+01 3.662982e+01 4.367998e+01 3.870010e+01 4.445351e+01 5.464942e+01 2.294852e+01 2.778678e-01 7.319873e-01 1.108822e+00 1.514227e+00 1.575676e+00 2.008521e+00 1.956047e+00 1.974360e+00 2.224522e+00 2.260161e+00 1.904141e+00 1.881367e+00 3.442221e-04
<GCONST> 8.365636e+01
<MIXTURE> 103 5.694618e-03
<MEAN> 25
 3.367334e+00 -9.478153e+00 -6.132084e+00 -3.088141e+00 -1.328718e+00 -1.974503e+00 2.441683e+00 2.522610e+00 -4.611756e+00 -9.252247e+00 -5.062801e+00 3.665503e-01 -1.576220e-01 -1.487448e+00 -9.797693e-01 3.735377e-01 1.211370e+00 1.020036e+00 1.581765e-01 -2.687487e-01 -7.806224e-01 -9.464895e-01 -3.455737e-02 1.207031e-01 2.695568e-02
<VARIANCE> 25
 1.033636e+01 2.031663e+01 2.289390e+01 3.169187e+01 4.804729e+01 3.500899e+01 4.641241e+01 3.679597e+01 4.212333e+01 2.936254e+01 3.004674e+01 2.641438e+01 6.434677e-01 1.253859e+00 1.540022e+00 1.944917e+00 2.941221e+00 2.409282e+00 2.891600e+00 2.578732e+00 2.567754e+00 2.523414e+00 2.096885e+00 2.015755e+00 8.069789e-04
<GCONST> 8.758620e+01
<MIXTURE> 104 5.694618e-03
<MEAN> 25
 3.367334e+00 -9.478153e+00 -6.132084e+00 -3.088141e+00 -1.328718e+00 -1.974503e+00 2.441683e+00 2.522610e+00 -4.611756e+00 -9.252247e+00 -5.062801e+00 3.665503e-01 -1.576220e-01 -1.487448e+00 -9.797693e-01 3.735377e-01 1.211370e+00 1.020036e+00 1.581765e-01 -2.687487e-01 -7.806224e-01 -9.464895e-01 -3.455737e-02 1.207031e-01 2.695568e-02
<VARIANCE> 25
 1.033636e+01 2.031663e+01 2.289390e+01 3.169187e+01 4.804729e+01 3.500899e+01 4.641241e+01 3.679597e+01 4.212333e+01 2.936254e+01 3.004674e+01 2.641438e+01 6.434677e-01 1.253859e+00 1.540022e+00 1.944917e+00 2.941221e+00 2.409282e+00 2.891600e+00 2.578732e+00 2.567754e+00 2.523414e+00 2.096885e+00 2.015755e+00 8.069789e-04
<GCONST> 8.758620e+01
<MIXTURE> 105 4.710235e-03
<MEAN> 25
 2.153461e+00 -2.162967e+00 1.032167e+01 -3.479533e+00 -1.146672e+01 -4.213680e+00 -6.410106e+00 -4.855293e-02 -5.589077e+00 -3.979752e+00 2.028480e+00 -2.195251e+00 4.252254e-02 7.020346e-02 1.008809e-01 -5.866095e-03 -4.026299e-02 7.014585e-02 -3.390653e-02 4.644574e-02 -7.581684e-02 5.145546e-02 4.829432e-02 -2.490880e-02 -2.961689e-03
<VARIANCE> 25
 1.748951e+01 2.683257e+01 4.362827e+01 4.168870e+01 3.256585e+01 4.869439e+01 6.178780e+01 4.573260e+01 4.924084e+01 4.745870e+01 3.740507e+01 3.162978e+01 1.097507e-01 2.004837e-01 3.163176e-01 3.288824e-01 3.621871e-01 4.230430e-01 4.664854e-01 5.164470e-01 4.357836e-01 3.819582e-01 3.708818e-01 3.386514e-01 8.828488e-05
<GCONST> 6.717044e+01
<MIXTURE> 106 4.710235e-03
<MEAN> 25
 2.153461e+00 -2.162967e+00 1.032167e+01 -3.479533e+00 -1.146672e+01 -4.213680e+00 -6.410106e+00 -4.855293e-02 -5.589077e+00 -3.979752e+00 2.028480e+00 -2.195251e+00 4.252254e-02 7.020346e-02 1.008809e-01 -5.866095e-03 -4.026299e-02 7.014585e-02 -3.390653e-02 4.644574e-02 -7.581684e-02 5.145546e-02 4.829432e-02 -2.490880e-02 -2.961689e-03
<VARIANCE> 25
 1.748951e+01 2.683257e+01 4.362827e+01 4.168870e+01 3.256585e+01 4.869439e+01 6.178780e+01 4.573260e+01 4.924084e+01 4.745870e+01 3.740507e+01 3.162978e+01 1.097507e-01 2.004837e-01 3.163176e-01 3.288824e-01 3.621871e-01 4.230430e-01 4.664854e-01 5.164470e-01 4.357836e-01 3.819582e-01 3.708818e-01 3.386514e-01 8.828488e-05
<GCONST> 6.717044e+01
<MIXTURE> 107 5.452374e-03
<MEAN> 25
 8.677655e+00 -2.287860e+00 -7.849846e+00 -9.451551e+00 2.043657e+00 3.023683e+00 -8.457514e+00 -4.587144e+00 -1.168558e+00 3.566556e+00 8.177699e-01 -4.989661e+00 -6.320632e-01 -7.475621e-01 7.969826e-01 1.806108e+00 2.558967e-01 -1.987628e+00 -8.807520e-01 8.388693e-01 1.803360e+00 3.665600e-02 -1.614774e+00 -8.338736e-01 -2.407577e-03
<VARIANCE> 25
 9.043232e+00 2.030074e+01 2.923265e+01 4.203281e+01 3.572190e+01 3.764109e+01 5.092352e+01 3.558711e+01 4.850340e+01 4.162136e+01 5.002953e+01 3.000326e+01 3.762410e-01 1.035092e+00 1.502054e+00 2.514535e+00 2.359021e+00 2.811432e+00 2.629500e+00 2.585235e+00 2.532126e+00 2.965494e+00 1.963642e+00 2.169165e+00 7.165165e-04
<GCONST> 8.832226e+01
<MIXTURE> 108 5.452374e-03
<MEAN> 25
 8.677655e+00 -2.287860e+00 -7.849846e+00 -9.451551e+00 2.043657e+00 3.023683e+00 -8.457514e+00 -4.587144e+00 -1.168558e+00 3.566556e+00 8.177699e-01 -4.989661e+00 -6.320632e-01 -7.475621e-01 7.969826e-01 1.806108e+00 2.558967e-01 -1.987628e+00 -8.807520e-01 8.388693e-01 1.803360e+00 3.665600e-02 -1.614774e+00 -8.338736e-01 -2.407577e-03
<VARIANCE> 25
 9.043232e+00 2.030074e+01 2.923265e+01 4.203281e+01 3.572190e+01 3.764109e+01 5.092352e+01 3.558711e+01 4.850340e+01 4.162136e+01 5.002953e+01 3.000326e+01 3.762410e-01 1.035092e+00 1.502054e+00 2.514535e+00 2.359021e+00 2.811432e+00 2.629500e+00 2.585235e+00 2.532126e+00 2.965494e+00 1.963642e+00 2.169165e+00 7.165165e-04
<GCONST> 8.832226e+01
<MIXTURE> 109 6.661064e-03
<MEAN> 25
 4.088299e+00 -1.053308e+01 -8.289068e+00 -1.361548e+00 2.758285e+00 -2.246442e-02 -6.101431e-02 1.444891e+00 -2.586675e+00 -8.348136e+00 -5.375776e+00 7.258094e-02 -3.374269e-02 -1.321118e-01 -3.131465e-02 2.523406e-01 1.967237e-01 1.198309e-01 -1.272330e-01 -1.060584e-01 -4.106785e-02 -1.290040e-01 2.215180e-01 1.170361e-02 -3.531095e-03
<VARIANCE> 25
 9.115499e+00 1.833486e+01 2.012256e+01 3.140869e+01 4.072984e+01 3.701460e+01 4.680516e+01 3.441575e+01 4.633822e+01 3.556033e+01 2.956197e+01 2.813222e+01 1.925869e-01 4.224664e-01 5.379013e-01 6.340564e-01 1.232060e+00 9.932913e-01 1.255888e+00 1.092110e+00 1.114781e+00 9.535452e-01 8.792641e-01 8.836530e-01 1.817215e-04
<GCONST> 7.447707e+01
<MIXTURE> 110 6.661064e-03
<MEAN> 25
 4.088299e+00 -1.053308e+01 -8.289068e+00 -1.361548e+00 2.758285e+00 -2.246442e-02 -6.101431e-02 1.444891e+00 -2.586675e+00 -8.348136e+00 -5.375776e+00 7.258094e-02 -3.374269e-02 -1.321118e-01 -3.131465e-02 2.523406e-01 1.967237e-01 1.198309e-01 -1.272330e-01 -1.060584e-01 -4.106785e-02 -1.290040e-01 2.215180e-01 1.170361e-02 -3.531095e-03
<VARIANCE> 25
 9.115499e+00 1.833486e+01 2.012256e+01 3.140869e+01 4.072984e+01 3.701460e+01 4.680516e+01 3.441575e+01 4.633822e+01 3.556033e+01 2.956197e+01 2.813222e+01 1.925869e-01 4.224664e-01 5.379013e-01 6.340564e-01 1.232060e+00 9.932913e-01 1.255888e+00 1.092110e+00 1.114781e+00 9.535452e-01 8.792641e-01 8.836530e-01 1.817215e-04
<GCONST> 7.447707e+01
<MIXTURE> 111 4.337247e-03
<MEAN> 25
 -4.327809e+00 -7.537001e-01 -1.701020e+00 1.750665e+00 1.090476e+00 1.108471e+00 4.499080e-01 1.857904e-01 2.711939e-01 -5.266734e-01 -5.172517e-01 2.105546e+00 -2.151084e-02 -3.120735e-02 -6.894064e-02 -7.158189e-02 -3.551795e-02 5.047005e-03 -3.977859e-04 -5.907264e-02 -1.458910e-01 -2.040113e-01 -1.677454e-01 -1.020260e-01 -2.969535e-04
<VARIANCE> 25
 7.355617e+00 5.609966e+00 9.992414e+00 9.299845e+00 1.321630e+01 2.380152e+01 1.497743e+01 1.294286e+01 1.229761e+01 1.193085e+01 1.370493e+01 1.206990e+01 7.807533e-02 1.629943e-01 2.731718e-01 4.140646e-01 5.619167e-01 7.002455e-01 8.049119e-01 8.512436e-01 8.846451e-01 8.679261e-01 8.782539e-01 8.367223e-01 2.257160e-05
<GCONST> 5.618862e+01
<MIXTURE> 112 4.337247e-03
<MEAN> 25
 -4.327809e+00 -7.537001e-01 -1.701020e+00 1.750665e+00 1.090476e+00 1.108471e+00 4.499080e-01 1.857904e-01 2.711939e-01 -5.266734e-01 -5.172517e-01 2.105546e+00 -2.151084e-02 -3.120735e-02 -6.894064e-02 -7.158189e-02 -3.551795e-02 5.047005e-03 -3.977859e-04 -5.907264e-02 -1.458910e-01 -2.040113e-01 -1.677454e-01 -1.020260e-01 -2.969535e-04
<VARIANCE> 25
 7.355617e+00 5.609966e+00 9.992414e+00 9.299845e+00 1.321630e+01 2.380152e+01 1.497743e+01 1.294286e+01 1.229761e+01 1.193085e+01 1.370493e+01 1.206990e+01 7.807533e-02 1.629943e-01 2.731718e-01 4.140646e-01 5.619167e-01 7.002455e-01 8.049119e-01 8.512436e-01 8.846451e-01 8.679261e-01 8.782539e-01 8.367223e-01 2.257160e-05
<GCONST> 5.618862e+01
<MIXTURE> 113 5.938666e-03
<MEAN> 25
 1.011061e+01 1.377309e+00 -8.607945e+00 -1.690406e+01 -1.344534e+00 5.750567e+00 -5.008006e+00 -1.283374e+00 -5.944090e+00 -3.419575e-01 2.756806e-01 -4.097602e-01 -8.741311e-03 2.040439e-02 -3.097755e-02 -1.329844e-01 6.617169e-02 1.777824e-01 6.954941e-02 2.012602e-02 -1.298507e-03 -7.763819e-02 1.371405e-01 3.418712e-02 -1.902419e-03
<VARIANCE> 25
 8.931808e+00 1.808885e+01 3.020581e+01 3.423260e+01 5.456063e+01 3.265771e+01 3.898042e+01 4.044928e+01 3.806621e+01 4.528264e+01 3.497867e+01 2.960581e+01 1.193247e-01 3.234746e-01 3.263962e-01 6.542878e-01 6.191812e-01 6.459000e-01 7.660464e-01 8.322800e-01 1.003475e+00 8.821415e-01 7.586340e-01 6.931751e-01 1.293365e-04
<GCONST> 7.133383e+01
<MIXTURE> 114 5.938666e-03
<MEAN> 25
 1.011061e+01 1.377309e+00 -8.607945e+00 -1.690406e+01 -1.344534e+00 5.750567e+00 -5.008006e+00 -1.283374e+00 -5.944090e+00 -3.419575e-01 2.756806e-01 -4.097602e-01 -8.741311e-03 2.040439e-02 -3.097755e-02 -1.329844e-01 6.617169e-02 1.777824e-01 6.954941e-02 2.012602e-02 -1.298507e-03 -7.763819e-02 1.371405e-01 3.418712e-02 -1.902419e-03
<VARIANCE> 25
 8.931808e+00 1.808885e+01 3.020581e+01 3.423260e+01 5.456063e+01 3.265771e+01 3.898042e+01 4.044928e+01 3.806621e+01 4.528264e+01 3.497867e+01 2.960581e+01 1.193247e-01 3.234746e-01 3.263962e-01 6.542878e-01 6.191812e-01 6.459000e-01 7.660464e-01 8.322800e-01 1.003475e+00 8.821415e-01 7.586340e-01 6.931751e-01 1.293365e-04
<GCONST> 7.133383e+01
<MIXTURE> 115 2.935202e-03
<MEAN> 25
 -3.912009e+00 -6.143427e-01 -3.062635e+00 3.626696e+00 2.432878e+00 -2.853225e-01 2.235403e+00 3.406771e-01 1.485921e+00 -4.336414e-02 1.755831e-01 2.888051e+00 4.172452e-02 -5.898692e-02 -2.215426e-01 -4.320308e-01 -6.401926e-01 -6.485046e-01 -5.846384e-01 -4.863796e-01 -4.884666e-01 -4.732797e-01 -3.351651e-01 -1.687463e-01 3.300510e-05
<VARIANCE> 25
 9.425624e+00 1.020265e+01 1.321338e+01 1.237707e+01 1.316728e+01 1.771187e+01 1.664406e+01 2.044518e+01 1.772889e+01 1.680930e+01 1.924513e+01 1.562815e+01 2.036599e-01 3.409562e-01 4.747776e-01 5.490359e-01 6.216269e-01 7.931881e-01 9.811700e-01 1.115620e+00 1.045318e+00 9.783115e-01 9.997370e-01 1.066741e+00 1.027013e-06
<GCONST> 5.996468e+01
<MIXTURE> 116 2.935202e-03
<MEAN> 25
 -3.912009e+00 -6.143427e-01 -3.062635e+00 3.626696e+00 2.432878e+00 -2.853225e-01 2.235403e+00 3.406771e-01 1.485921e+00 -4.336414e-02 1.755831e-01 2.888051e+00 4.172452e-02 -5.898692e-02 -2.215426e-01 -4.320308e-01 -6.401926e-01 -6.485046e-01 -5.846384e-01 -4.863796e-01 -4.884666e-01 -4.732797e-01 -3.351651e-01 -1.687463e-01 3.300510e-05
<VARIANCE> 25
 9.425624e+00 1.020265e+01 1.321338e+01 1.237707e+01 1.316728e+01 1.771187e+01 1.664406e+01 2.044518e+01 1.772889e+01 1.680930e+01 1.924513e+01 1.562815e+01 2.036599e-01 3.409562e-01 4.747776e-01 5.490359e-01 6.216269e-01 7.931881e-01 9.811700e-01 1.115620e+00 1.045318e+00 9.783115e-01 9.997370e-01 1.066741e+00 1.027013e-06
<GCONST> 5.996468e+01
<MIXTURE> 117 6.506003e-03
<MEAN> 25
 -4.467147e+00 1.132552e+00 9.731153e-01 9.519704e+00 6.200800e+00 6.282672e+00 6.456326e+00 4.865345e+00 6.452182e+00 4.812728e+00 6.263499e+00 2.766651e+00 -7.141121e-02 -2.164591e-01 -3.429259e-01 -4.010910e-01 -3.464835e-01 -2.788163e-01 -2.929919e-01 -3.167868e-01 -3.667557e-01 -3.654970e-01 -2.594126e-01 -1.218050e-01 -1.758308e-05
<VARIANCE> 25
 7.497207e+00 8.565717e+00 9.817342e+00 1.494936e+01 1.514597e+01 1.492361e+01 1.713268e+01 1.846450e+01 1.613245e+01 1.623313e+01 1.653322e+01 1.432021e+01 2.086984e-01 3.111753e-01 4.245414e-01 6.159855e-01 8.385776e-01 1.043690e+00 1.167536e+00 1.215999e+00 1.210437e+00 1.240681e+00 1.187976e+00 1.090959e+00 1.099883e-06
<GCONST> 6.039777e+01
<MIXTURE> 118 6.506003e-03
<MEAN> 25
 -4.467147e+00 1.132552e+00 9.731153e-01 9.519704e+00 6.200800e+00 6.282672e+00 6.456326e+00 4.865345e+00 6.452182e+00 4.812728e+00 6.263499e+00 2.766651e+00 -7.141121e-02 -2.164591e-01 -3.429259e-01 -4.010910e-01 -3.464835e-01 -2.788163e-01 -2.929919e-01 -3.167868e-01 -3.667557e-01 -3.654970e-01 -2.594126e-01 -1.218050e-01 -1.758308e-05
<VARIANCE> 25
 7.497207e+00 8.565717e+00 9.817342e+00 1.494936e+01 1.514597e+01 1.492361e+01 1.713268e+01 1.846450e+01 1.613245e+01 1.623313e+01 1.653322e+01 1.432021e+01 2.086984e-01 3.111753e-01 4.245414e-01 6.159855e-01 8.385776e-01 1.043690e+00 1.167536e+00 1.215999e+00 1.210437e+00 1.240681e+00 1.187976e+00 1.090959e+00 1.099883e-06
<GCONST> 6.039777e+01
<MIXTURE> 119 4.297961e-03
<MEAN> 25
 -4.940701e+00 -7.602554e+00 2.287237e+00 1.991327e+00 2.214607e+00 3.537453e-01 5.247144e+00 5.822626e+00 1.270547e+00 9.713073e-01 6.582293e+00 1.630881e+00 -4.670323e-02 -6.728222e-02 2.877212e-02 -6.305026e-02 -1.248640e-01 -1.747561e-01 -6.320634e-02 -1.621158e-02 -8.034381e-02 -1.222686e-01 -3.864357e-02 -5.933912e-02 1.030544e-03
<VARIANCE> 25
 8.470052e+00 9.794004e+00 1.658263e+01 1.995164e+01 2.260689e+01 2.439020e+01 2.475474e+01 2.709696e+01 2.545843e+01 2.775883e+01 2.023442e+01 2.040517e+01 1.593111e-01 2.904745e-01 4.609052e-01 6.275060e-01 7.947028e-01 9.930578e-01 1.087785e+00 1.264196e+00 1.278651e+00 1.237156e+00 1.201929e+00 1.097595e+00 2.289699e-04
<GCONST> 6.969342e+01
<MIXTURE> 120 4.297961e-03
<MEAN> 25
 -4.940701e+00 -7.602554e+00 2.287237e+00 1.991327e+00 2.214607e+00 3.537453e-01 5.247144e+00 5.822626e+00 1.270547e+00 9.713073e-01 6.582293e+00 1.630881e+00 -4.670323e-02 -6.728222e-02 2.877212e-02 -6.305026e-02 -1.248640e-01 -1.747561e-01 -6.320634e-02 -1.621158e-02 -8.034381e-02 -1.222686e-01 -3.864357e-02 -5.933912e-02 1.030544e-03
<VARIANCE> 25
 8.470052e+00 9.794004e+00 1.658263e+01 1.995164e+01 2.260689e+01 2.439020e+01 2.475474e+01 2.709696e+01 2.545843e+01 2.775883e+01 2.023442e+01 2.040517e+01 1.593111e-01 2.904745e-01 4.609052e-01 6.275060e-01 7.947028e-01 9.930578e-01 1.087785e+00 1.264196e+00 1.278651e+00 1.237156e+00 1.201929e+00 1.097595e+00 2.289699e-04
<GCONST> 6.969342e+01
<MIXTURE> 121 4.567511e-03
<MEAN> 25
 2.088424e-01 -2.524432e+00 5.154172e+00 -1.290201e+01 -1.264624e+01 -1.664795e+00 9.972449e-01 -5.107426e+00 -4.200988e+00 -4.897647e-01 -5.506691e+00 -4.313276e+00 2.408185e-02 1.324833e-01 -4.146957e-02 7.960482e-02 1.584553e-01 7.841347e-02 -7.940034e-02 -1.831625e-01 -2.686093e-01 -2.576307e-01 -1.143913e-01 9.377730e-04 -7.435026e-03
<VARIANCE> 25
 7.743084e+00 1.560660e+01 1.728194e+01 2.036426e+01 2.440955e+01 2.924950e+01 2.955845e+01 2.457908e+01 3.530191e+01 2.834612e+01 1.975594e+01 2.117738e+01 1.549837e-01 6.431007e-01 6.229938e-01 7.048632e-01 7.705352e-01 1.149829e+00 1.118460e+00 1.121014e+00 1.217319e+00 1.192876e+00 9.415898e-01 8.718343e-01 2.108486e-04
<GCONST> 7.139634e+01
<MIXTURE> 122 4.567511e-03
<MEAN> 25
 2.088424e-01 -2.524432e+00 5.154172e+00 -1.290201e+01 -1.264624e+01 -1.664795e+00 9.972449e-01 -5.107426e+00 -4.200988e+00 -4.897647e-01 -5.506691e+00 -4.313276e+00 2.408185e-02 1.324833e-01 -4.146957e-02 7.960482e-02 1.584553e-01 7.841347e-02 -7.940034e-02 -1.831625e-01 -2.686093e-01 -2.576307e-01 -1.143913e-01 9.377730e-04 -7.435026e-03
<VARIANCE> 25
 7.743084e+00 1.560660e+01 1.728194e+01 2.036426e+01 2.440955e+01 2.924950e+01 2.955845e+01 2.457908e+01 3.530191e+01 2.834612e+01 1.975594e+01 2.117738e+01 1.549837e-01 6.431007e-01 6.229938e-01 7.048632e-01 7.705352e-01 1.149829e+00 1.118460e+00 1.121014e+00 1.217319e+00 1.192876e+00 9.415898e-01 8.718343e-01 2.108486e-04
<GCONST> 7.139634e+01
<MIXTURE> 123 4.393044e-03
<MEAN> 25
 -3.918187e+00 1.443573e+00 -1.095004e-01 5.939814e+00 5.357249e+00 3.611609e+00 3.403512e+00 3.505430e-01 6.495243e-01 -4.037676e-01 1.189860e-01 1.134565e+00 -4.587205e-01 -7.418219e-01 -7.988426e-01 -6.021962e-01 -1.767804e-01 1.445109e-01 2.967971e-01 6.640371e-01 7.758925e-01 7.408413e-01 6.350921e-01 5.103385e-01 -3.701848e-03
<VARIANCE> 25
 1.117334e+01 1.240752e+01 1.454757e+01 1.629935e+01 1.999395e+01 2.737261e+01 2.101459e+01 1.744906e+01 1.872226e+01 1.675989e+01 2.126904e+01 1.954065e+01 3.489770e-01 3.535959e-01 5.024694e-01 6.709013e-01 9.745855e-01 1.188612e+00 1.203972e+00 1.187645e+00 1.102492e+00 1.198998e+00 1.178640e+00 1.108088e+00 9.774030e-05
<GCONST> 6.897302e+01
<MIXTURE> 124 4.069876e-03
<MEAN> 25
 -4.822832e+00 -1.130708e-01 -2.598596e+00 4.698203e+00 5.214255e+00 4.216595e+00 5.487067e+00 2.308101e+00 4.208908e+00 1.466862e+00 1.319892e+00 3.654931e+00 -1.914617e-01 -2.969307e-01 -3.155523e-01 -2.372502e-01 1.285000e-01 4.866514e-01 6.861572e-01 8.112414e-01 6.571988e-01 2.821198e-01 2.677938e-02 2.985390e-02 -4.628163e-05
<VARIANCE> 25
 1.362986e+01 7.778228e+00 9.221418e+00 1.021358e+01 9.985609e+00 1.783346e+01 1.316296e+01 1.513098e+01 1.452010e+01 1.482624e+01 1.625373e+01 1.352309e+01 8.659155e-02 1.599482e-01 2.349465e-01 4.330571e-01 5.056521e-01 6.579461e-01 7.640520e-01 7.249969e-01 9.075455e-01 1.164403e+00 8.809126e-01 8.134633e-01 1.851727e-05
<GCONST> 5.696594e+01
<MIXTURE> 125 4.069876e-03
<MEAN> 25
 -4.822832e+00 -1.130708e-01 -2.598596e+00 4.698203e+00 5.214255e+00 4.216595e+00 5.487067e+00 2.308101e+00 4.208908e+00 1.466862e+00 1.319892e+00 3.654931e+00 -1.914617e-01 -2.969307e-01 -3.155523e-01 -2.372502e-01 1.285000e-01 4.866514e-01 6.861572e-01 8.112414e-01 6.571988e-01 2.821198e-01 2.677938e-02 2.985390e-02 -4.628163e-05
<VARIANCE> 25
 1.362986e+01 7.778228e+00 9.221418e+00 1.021358e+01 9.985609e+00 1.783346e+01 1.316296e+01 1.513098e+01 1.452010e+01 1.482624e+01 1.625373e+01 1.352309e+01 8.659155e-02 1.599482e-01 2.349465e-01 4.330571e-01 5.056521e-01 6.579461e-01 7.640520e-01 7.249969e-01 9.075455e-01 1.164403e+00 8.809126e-01 8.134633e-01 1.851727e-05
<GCONST> 5.696594e+01
<MIXTURE> 126 2.402244e-03
<MEAN> 25
 -3.786363e+00 -6.929620e+00 -5.280246e+00 2.319838e+00 4.278870e+00 -3.232391e+00 7.302532e-02 3.550913e+00 3.345531e+00 -2.692522e+00 -1.427471e+00 3.058677e+00 -2.174268e-03 -6.315909e-03 -3.551044e-02 -1.581972e-01 -3.185489e-01 -3.886231e-01 -2.734568e-01 -1.575452e-01 -1.132523e-01 -1.152888e-01 -9.777886e-02 -3.062049e-02 -1.468948e-03
<VARIANCE> 25
 7.435546e+00 1.269666e+01 1.383856e+01 1.511284e+01 2.465731e+01 2.376939e+01 2.273694e+01 2.839892e+01 3.129408e+01 2.625199e+01 2.175712e+01 1.918215e+01 1.705199e-01 3.518077e-01 4.832686e-01 5.667686e-01 7.532374e-01 9.957021e-01 1.122190e+00 1.263028e+00 1.328651e+00 1.310065e+00 1.213945e+00 1.146145e+00 2.108907e-04
<GCONST> 6.979935e+01
<MIXTURE> 127 2.402244e-03
<MEAN> 25
 -3.786363e+00 -6.929620e+00 -5.280246e+00 2.319838e+00 4.278870e+00 -3.232391e+00 7.302532e-02 3.550913e+00 3.345531e+00 -2.692522e+00 -1.427471e+00 3.058677e+00 -2.174268e-03 -6.315909e-03 -3.551044e-02 -1.581972e-01 -3.185489e-01 -3.886231e-01 -2.734568e-01 -1.575452e-01 -1.132523e-01 -1.152888e-01 -9.777886e-02 -3.062049e-02 -1.468948e-03
<VARIANCE> 25
 7.435546e+00 1.269666e+01 1.383856e+01 1.511284e+01 2.465731e+01 2.376939e+01 2.273694e+01 2.839892e+01 3.129408e+01 2.625199e+01 2.175712e+01 1.918215e+01 1.705199e-01 3.518077e-01 4.832686e-01 5.667686e-01 7.532374e-01 9.957021e-01 1.122190e+00 1.263028e+00 1.328651e+00 1.310065e+00 1.213945e+00 1.146145e+00 2.108907e-04
<GCONST> 6.979935e+01
<MIXTURE> 128 3.790457e-03
<MEAN> 25
 -3.895230e+00 1.545399e+00 -3.555617e-01 6.536359e+00 3.614307e+00 1.897444e+00 3.612328e+00 2.362619e+00 4.008770e+00 3.709022e+00 3.783477e+00 3.535680e+00 -3.965816e-01 -1.906437e-01 1.048798e-01 7.228262e-01 1.172768e+00 1.118793e+00 7.086692e-01 1.375704e-01 -4.361652e-01 -7.903947e-01 -6.966515e-01 -3.911045e-01 -4.063748e-05
<VARIANCE> 25
 1.026962e+01 1.161929e+01 1.498826e+01 1.931204e+01 1.988341e+01 2.125523e+01 2.424256e+01 2.459895e+01 2.641882e+01 2.371462e+01 2.677878e+01 1.809090e+01 8.851963e-01 1.143127e+00 1.362581e+00 1.494988e+00 1.582800e+00 1.889229e+00 2.242944e+00 2.313828e+00 2.137131e+00 1.845431e+00 1.737643e+00 1.736338e+00 1.016152e-06
<GCONST> 7.359966e+01
<TRANSP> 3
 0.000000e+00 1.000000e+00 0.000000e+00
 0.000000e+00 9.999990e-01 9.999998e-07
 0.000000e+00 0.000000e+00 0.000000e+00
<ENDHMM>
