~o
<STREAMINFO> 1 25
<VECSIZE> 25<NULLD><MFCC_E_D_N><DIAGC>
~h "jmodel"
<BEGINHMM>
<NUMSTATES> 3
<STATE> 2
<NUMMIXES> 128
<MIXTURE> 1 5.748963e-03
<MEAN> 25
 -2.573910e+00 3.179564e+00 2.163641e+00 8.657009e+00 4.336700e+00 3.312059e+00 3.991935e+00 3.790371e+00 5.951394e+00 5.288144e+00 5.831531e+00 3.033445e+00 -1.987012e+00 -1.614952e+00 -8.682209e-01 1.065532e+00 1.548792e+00 2.236892e+00 2.072823e+00 2.034745e+00 1.671928e+00 1.183839e+00 1.598811e+00 5.982581e-01 -4.892583e-02
<VARIANCE> 25
 9.928105e+00 1.160473e+01 1.568335e+01 1.869713e+01 2.275295e+01 2.268517e+01 2.185518e+01 2.245065e+01 2.125258e+01 2.224678e+01 2.062329e+01 1.683876e+01 1.775087e+00 2.085397e+00 2.966348e+00 3.149510e+00 3.684183e+00 3.425839e+00 3.551262e+00 3.485496e+00 3.477586e+00 3.997176e+00 3.507627e+00 2.785195e+00 3.322809e-03
<GCONST> 8.862456e+01
<MIXTURE> 2 4.549242e-03
<MEAN> 25
 -4.883426e+00 1.295643e+00 9.497740e-01 9.876885e+00 6.693422e+00 7.454677e+00 7.867863e+00 6.932547e+00 8.372812e+00 6.353749e+00 7.645167e+00 3.101998e+00 -6.262881e-02 3.992541e-02 1.422036e-01 2.283039e-01 2.655558e-01 2.830859e-01 2.923036e-01 3.140477e-01 3.434910e-01 3.024098e-01 1.937761e-01 8.017283e-02 3.808392e-06
<VARIANCE> 25
 6.936186e+00 8.922873e+00 1.105831e+01 1.596190e+01 1.716204e+01 1.570442e+01 1.692571e+01 1.855435e+01 1.651488e+01 1.739523e+01 1.813191e+01 1.444791e+01 1.247993e-01 2.263059e-01 3.350324e-01 4.664610e-01 6.464717e-01 8.120191e-01 9.280660e-01 1.005869e+00 1.056354e+00 1.082950e+00 1.073834e+00 1.009544e+00 9.972198e-07
<GCONST> 5.808121e+01
<MIXTURE> 3 4.549242e-03
<MEAN> 25
 -4.883426e+00 1.295643e+00 9.497740e-01 9.876885e+00 6.693422e+00 7.454677e+00 7.867863e+00 6.932547e+00 8.372812e+00 6.353749e+00 7.645167e+00 3.101998e+00 -6.262881e-02 3.992541e-02 1.422036e-01 2.283039e-01 2.655558e-01 2.830859e-01 2.923036e-01 3.140477e-01 3.434910e-01 3.024098e-01 1.937761e-01 8.017283e-02 3.808392e-06
<VARIANCE> 25
 6.936186e+00 8.922873e+00 1.105831e+01 1.596190e+01 1.716204e+01 1.570442e+01 1.692571e+01 1.855435e+01 1.651488e+01 1.739523e+01 1.813191e+01 1.444791e+01 1.247993e-01 2.263059e-01 3.350324e-01 4.664610e-01 6.464717e-01 8.120191e-01 9.280660e-01 1.005869e+00 1.056354e+00 1.082950e+00 1.073834e+00 1.009544e+00 9.972198e-07
<GCONST> 5.808121e+01
<MIXTURE> 4 1.671429e-02
<MEAN> 25
 3.086007e+00 3.559618e+00 -3.860531e+00 1.347253e+00 3.369385e+00 -3.000522e+00 1.046341e+00 -7.860966e-01 2.504582e+00 2.332664e+00 -3.629307e+00 4.920067e-01 -2.718186e+00 1.523854e+00 1.254748e+00 3.264397e+00 7.308695e-01 5.639925e-01 1.150175e+00 -2.068461e-01 1.292090e+00 -7.137356e-01 1.891971e+00 7.020499e-01 -1.038403e-01
<VARIANCE> 25
 1.683898e+01 2.551121e+01 2.089921e+01 3.022481e+01 3.457906e+01 9.071661e+01 5.102710e+01 4.378188e+01 4.295190e+01 5.488944e+01 5.725912e+01 2.531018e+01 1.805445e+00 4.123130e+00 3.272410e+00 4.297189e+00 3.758680e+00 4.919643e+00 5.349412e+00 6.652803e+00 4.548353e+00 6.917287e+00 6.657465e+00 3.303926e+00 5.642761e-03
<GCONST> 1.017673e+02
<MIXTURE> 5 3.206198e-03
<MEAN> 25
 -3.418533e+00 2.178507e+00 6.058108e-01 9.421141e+00 6.689493e+00 6.309678e+00 7.108778e+00 4.713290e+00 5.505073e+00 3.849018e+00 4.657211e+00 2.608127e+00 -3.248333e-01 7.508796e-01 1.222179e+00 1.032287e+00 3.102081e-01 -1.022419e-01 -8.397529e-02 3.743374e-02 4.585447e-01 6.833434e-01 4.047539e-01 8.867922e-02 -2.942479e-05
<VARIANCE> 25
 1.024469e+01 1.394869e+01 2.348270e+01 2.564089e+01 2.023856e+01 1.944497e+01 2.010060e+01 2.040514e+01 2.146001e+01 2.127912e+01 2.407444e+01 1.634843e+01 1.208520e+00 1.245759e+00 1.361801e+00 1.671443e+00 2.291043e+00 2.385911e+00 2.298463e+00 2.287656e+00 2.317704e+00 2.238775e+00 2.087686e+00 1.872111e+00 1.001857e-06
<GCONST> 7.518641e+01
<MIXTURE> 6 5.475854e-03
<MEAN> 25
 9.278116e+00 -1.667085e+00 -6.922174e+00 -1.054281e+01 -2.735149e+00 6.565032e+00 -6.208653e+00 -5.143333e+00 -4.236808e+00 1.623330e+00 5.051614e+00 -8.405954e-01 4.711091e-01 1.000600e+00 -3.586130e-01 -1.682648e+00 -4.742901e-01 1.351517e+00 1.573693e+00 3.823421e-01 -1.509151e+00 -1.325785e+00 2.682946e-01 8.640401e-01 -1.035576e-02
<VARIANCE> 25
 1.066150e+01 1.917868e+01 2.017131e+01 3.452326e+01 3.240738e+01 2.700681e+01 4.082907e+01 3.027904e+01 3.513233e+01 3.438457e+01 4.486707e+01 2.933331e+01 3.308146e-01 8.226883e-01 8.883522e-01 1.887886e+00 1.500812e+00 1.713484e+00 1.659927e+00 1.916971e+00 2.599166e+00 1.856102e+00 2.711833e+00 2.133650e+00 5.026108e-04
<GCONST> 8.303793e+01
<MIXTURE> 7 5.475854e-03
<MEAN> 25
 9.278116e+00 -1.667085e+00 -6.922174e+00 -1.054281e+01 -2.735149e+00 6.565032e+00 -6.208653e+00 -5.143333e+00 -4.236808e+00 1.623330e+00 5.051614e+00 -8.405954e-01 4.711091e-01 1.000600e+00 -3.586130e-01 -1.682648e+00 -4.742901e-01 1.351517e+00 1.573693e+00 3.823421e-01 -1.509151e+00 -1.325785e+00 2.682946e-01 8.640401e-01 -1.035576e-02
<VARIANCE> 25
 1.066150e+01 1.917868e+01 2.017131e+01 3.452326e+01 3.240738e+01 2.700681e+01 4.082907e+01 3.027904e+01 3.513233e+01 3.438457e+01 4.486707e+01 2.933331e+01 3.308146e-01 8.226883e-01 8.883522e-01 1.887886e+00 1.500812e+00 1.713484e+00 1.659927e+00 1.916971e+00 2.599166e+00 1.856102e+00 2.711833e+00 2.133650e+00 5.026108e-04
<GCONST> 8.303793e+01
<MIXTURE> 8 1.165917e-02
<MEAN> 25
 -4.855282e+00 1.170322e+00 9.981435e-01 9.208586e+00 6.200336e+00 5.779848e+00 6.298571e+00 5.132145e+00 7.664035e+00 6.024799e+00 6.464388e+00 3.083425e+00 -5.880086e-01 -1.322857e+00 -1.035650e+00 -1.542015e+00 -7.251260e-02 -1.071076e+00 -1.356844e-01 -1.035398e-01 -3.022205e-01 -1.714954e-01 -2.066562e-01 4.738342e-02 9.122844e-02
<VARIANCE> 25
 8.607522e+00 9.318880e+00 1.136624e+01 1.543810e+01 1.645446e+01 1.600368e+01 1.692522e+01 1.929825e+01 2.366382e+01 1.789039e+01 1.728877e+01 1.279692e+01 2.516605e+00 2.714049e+00 3.841668e+00 3.766190e+00 3.936942e+00 4.182658e+00 2.853397e+00 4.460091e+00 2.663419e+00 2.465234e+00 2.323057e+00 1.773012e+00 6.577003e-03
<GCONST> 8.652045e+01
<MIXTURE> 9 1.199672e-02
<MEAN> 25
 9.331096e+00 2.583090e+00 -6.393544e+00 -9.700082e+00 -2.619279e+00 5.415270e+00 -2.875303e+00 -2.139661e+00 -6.335469e+00 -1.355137e+00 1.229692e+00 -4.943549e-01 1.409151e+00 -1.803678e-01 -4.351891e-01 -2.487640e+00 -1.705865e+00 8.745917e-01 -9.666697e-01 -3.820666e-01 -1.929441e-01 -5.186023e-01 5.952418e-01 -1.301742e-01 6.656613e-02
<VARIANCE> 25
 1.133452e+01 2.581683e+01 3.223146e+01 5.558565e+01 4.667252e+01 3.022620e+01 4.242392e+01 4.994888e+01 5.516255e+01 4.871791e+01 3.943608e+01 3.536748e+01 2.280517e+00 2.409694e+00 4.143342e+00 4.974171e+00 4.555231e+00 3.890636e+00 4.970767e+00 5.576437e+00 6.468694e+00 3.924359e+00 3.836809e+00 2.885701e+00 2.591366e-03
<GCONST> 9.977371e+01
<MIXTURE> 10 6.596976e-03
<MEAN> 25
 8.969248e-01 7.441870e+00 5.302346e+00 7.073028e+00 1.542146e+00 -2.056348e+00 -6.296868e-01 -1.798906e+00 1.258501e+00 8.300251e-01 9.287043e-01 6.287447e-01 -1.847007e+00 -5.789383e-01 -5.306293e-01 2.847117e+00 2.464456e+00 2.595275e+00 2.259254e+00 2.210624e+00 1.862635e+00 1.487911e+00 2.329846e+00 4.798543e-01 -1.395154e-01
<VARIANCE> 25
 1.893537e+01 2.012335e+01 2.315830e+01 2.759114e+01 3.630737e+01 3.437533e+01 3.390804e+01 3.223930e+01 2.868241e+01 2.850940e+01 2.580021e+01 2.364766e+01 2.238272e+00 3.427753e+00 5.321259e+00 5.443810e+00 5.345596e+00 4.577968e+00 4.767057e+00 4.819515e+00 4.152228e+00 5.109435e+00 4.247110e+00 3.046913e+00 2.594528e-03
<GCONST> 9.699251e+01
<MIXTURE> 11 1.633820e-02
<MEAN> 25
 7.898290e+00 4.211027e+00 4.057019e+00 5.026633e+00 -3.489006e+00 -2.043021e+00 -9.620432e-01 -7.336838e+00 -3.788807e+00 1.086343e+00 -2.952305e+00 -1.663016e+00 -2.485157e-01 4.386142e-01 2.134634e-01 2.071909e-01 4.688262e-01 -9.317701e-02 3.922039e-01 -1.833881e-01 -3.350670e-01 2.702129e-02 2.853496e-02 2.376699e-01 -1.564293e-02
<VARIANCE> 25
 9.326205e+00 2.262260e+01 2.142890e+01 2.963568e+01 3.654599e+01 3.695897e+01 6.442027e+01 4.709642e+01 4.215435e+01 4.221391e+01 3.424423e+01 3.039659e+01 9.053298e-01 1.257446e+00 1.722491e+00 2.202126e+00 1.959019e+00 2.182149e+00 2.298103e+00 3.346544e+00 2.399223e+00 2.192447e+00 2.172647e+00 1.566096e+00 9.483453e-04
<GCONST> 8.828986e+01
<MIXTURE> 12 5.904134e-03
<MEAN> 25
 1.084322e+01 2.233607e+00 -4.750974e+00 -1.639722e+01 -8.573965e+00 8.998459e+00 -3.353459e-01 -1.503798e+00 -2.311785e+00 -3.379101e+00 -1.520365e-01 1.740292e+00 -1.766490e-02 3.821593e-01 2.749433e-01 -5.443025e-01 -1.424911e-01 -1.767279e-02 3.515439e-01 4.617982e-01 1.524998e-01 -5.100912e-01 -3.483993e-01 -5.064651e-02 -1.145514e-02
<VARIANCE> 25
 7.252315e+00 2.432230e+01 1.985477e+01 3.012319e+01 3.409375e+01 2.528938e+01 3.444469e+01 4.038143e+01 3.927596e+01 3.744044e+01 4.378477e+01 2.782757e+01 2.398977e-01 6.114523e-01 7.407813e-01 1.230381e+00 1.101099e+00 9.839119e-01 9.980252e-01 1.359267e+00 1.023411e+00 1.034901e+00 1.243425e+00 8.189746e-01 5.584643e-04
<GCONST> 7.686745e+01
<MIXTURE> 13 5.904134e-03
<MEAN> 25
 1.084322e+01 2.233607e+00 -4.750974e+00 -1.639722e+01 -8.573965e+00 8.998459e+00 -3.353459e-01 -1.503798e+00 -2.311785e+00 -3.379101e+00 -1.520365e-01 1.740292e+00 -1.766490e-02 3.821593e-01 2.749433e-01 -5.443025e-01 -1.424911e-01 -1.767279e-02 3.515439e-01 4.617982e-01 1.524998e-01 -5.100912e-01 -3.483993e-01 -5.064651e-02 -1.145514e-02
<VARIANCE> 25
 7.252315e+00 2.432230e+01 1.985477e+01 3.012319e+01 3.409375e+01 2.528938e+01 3.444469e+01 4.038143e+01 3.927596e+01 3.744044e+01 4.378477e+01 2.782757e+01 2.398977e-01 6.114523e-01 7.407813e-01 1.230381e+00 1.101099e+00 9.839119e-01 9.980252e-01 1.359267e+00 1.023411e+00 1.034901e+00 1.243425e+00 8.189746e-01 5.584643e-04
<GCONST> 7.686745e+01
<MIXTURE> 14 6.488954e-03
<MEAN> 25
 -4.502892e+00 -4.703609e-01 -7.656572e-01 8.515388e+00 7.325299e+00 7.159647e+00 7.717394e+00 6.895053e+00 7.631262e+00 5.167320e+00 6.725831e+00 4.065390e+00 -2.654843e-01 1.608863e-01 2.758438e-01 3.220816e-01 5.960532e-02 2.080296e-01 1.139934e-01 1.555139e-01 3.031886e-01 4.556372e-01 5.611811e-01 1.331961e-01 -1.072757e-02
<VARIANCE> 25
 8.722418e+00 1.272308e+01 1.912223e+01 1.767448e+01 1.978551e+01 1.989244e+01 2.017904e+01 2.116816e+01 2.075626e+01 2.264581e+01 1.998170e+01 1.468780e+01 8.821431e-01 1.540394e+00 1.797029e+00 1.830851e+00 2.211343e+00 2.715394e+00 2.079545e+00 2.274512e+00 2.131982e+00 2.422904e+00 2.295578e+00 1.786864e+00 1.141878e-03
<GCONST> 8.146869e+01
<MIXTURE> 15 2.475190e-03
<MEAN> 25
 -5.463383e+00 -7.085847e-01 -2.694446e-01 7.252723e+00 5.622926e+00 5.560752e+00 6.021518e+00 4.913811e+00 5.304630e+00 4.116816e+00 5.466685e+00 2.586717e+00 -1.365892e-01 -4.836902e-02 5.689150e-02 2.499394e-01 4.588041e-01 7.398178e-01 1.051245e+00 1.181425e+00 1.095035e+00 7.628786e-01 4.149401e-01 1.394328e-01 -4.371142e-04
<VARIANCE> 25
 6.884080e+00 5.991257e+00 8.811438e+00 1.300546e+01 1.418782e+01 1.408078e+01 1.429174e+01 1.429835e+01 1.386722e+01 1.353895e+01 1.476267e+01 1.330916e+01 1.296178e-01 2.164123e-01 3.214176e-01 4.988137e-01 6.884426e-01 8.105416e-01 7.486434e-01 7.551532e-01 9.381825e-01 9.833897e-01 1.024708e+00 1.023555e+00 2.987466e-05
<GCONST> 5.853118e+01
<MIXTURE> 16 2.475190e-03
<MEAN> 25
 -5.463383e+00 -7.085847e-01 -2.694446e-01 7.252723e+00 5.622926e+00 5.560752e+00 6.021518e+00 4.913811e+00 5.304630e+00 4.116816e+00 5.466685e+00 2.586717e+00 -1.365892e-01 -4.836902e-02 5.689150e-02 2.499394e-01 4.588041e-01 7.398178e-01 1.051245e+00 1.181425e+00 1.095035e+00 7.628786e-01 4.149401e-01 1.394328e-01 -4.371142e-04
<VARIANCE> 25
 6.884080e+00 5.991257e+00 8.811438e+00 1.300546e+01 1.418782e+01 1.408078e+01 1.429174e+01 1.429835e+01 1.386722e+01 1.353895e+01 1.476267e+01 1.330916e+01 1.296178e-01 2.164123e-01 3.214176e-01 4.988137e-01 6.884426e-01 8.105416e-01 7.486434e-01 7.551532e-01 9.381825e-01 9.833897e-01 1.024708e+00 1.023555e+00 2.987466e-05
<GCONST> 5.853118e+01
<MIXTURE> 17 9.518312e-03
<MEAN> 25
 4.107913e+00 -9.224759e-01 6.600411e+00 2.057005e+00 -6.298126e+00 -7.079285e+00 -1.557085e+00 1.912821e+00 -3.343302e+00 -2.148876e+00 -1.018350e+00 -2.642359e-02 -7.456185e-01 -1.079325e+00 1.341733e+00 -1.993688e+00 -2.375787e+00 2.332990e-02 -3.226507e-01 1.078289e+00 -3.395769e-01 -1.109140e-01 8.206249e-01 3.198652e-01 8.020510e-02
<VARIANCE> 25
 1.430145e+01 2.846820e+01 2.798518e+01 3.245692e+01 4.541619e+01 4.549758e+01 5.508392e+01 4.434045e+01 3.010939e+01 3.237338e+01 2.793837e+01 2.327795e+01 1.639995e+00 2.921226e+00 3.585587e+00 2.722007e+00 4.073794e+00 5.256589e+00 5.150656e+00 5.985034e+00 3.509017e+00 3.422900e+00 2.667900e+00 2.518303e+00 1.765539e-03
<GCONST> 9.595047e+01
<MIXTURE> 18 1.221018e-02
<MEAN> 25
 2.775247e+00 3.693128e+00 7.238139e+00 5.066758e+00 -5.084548e+00 -7.077688e+00 -2.308401e+00 -1.670273e+00 -2.613729e+00 -3.015275e+00 -7.441621e-01 1.004566e+00 -6.338717e-01 2.313105e+00 -2.874858e-01 1.714381e+00 2.994733e+00 1.356783e+00 1.450660e+00 -2.074756e-01 9.407051e-01 7.369372e-01 -4.835013e-01 3.090631e-01 -1.358543e-01
<VARIANCE> 25
 1.918037e+01 2.625105e+01 3.187597e+01 2.253353e+01 3.709904e+01 4.270964e+01 3.651209e+01 3.284786e+01 3.862307e+01 3.186712e+01 2.727305e+01 2.624774e+01 2.271628e+00 2.678783e+00 4.085926e+00 3.720599e+00 3.685431e+00 3.988054e+00 6.029115e+00 3.863294e+00 4.005594e+00 4.057570e+00 4.594098e+00 4.049955e+00 3.965282e-03
<GCONST> 9.743649e+01
<MIXTURE> 19 9.912824e-03
<MEAN> 25
 -9.899751e+00 1.569874e+00 6.843810e-01 9.129105e-01 4.307539e+00 2.878124e+00 4.119807e+00 4.404989e-01 2.438219e+00 5.826467e-01 3.513676e-01 1.985759e+00 1.940281e+00 1.785319e+00 2.335456e+00 5.365134e-01 -1.161555e+00 -1.198239e+00 -1.413381e+00 -1.235488e+00 -1.645763e+00 -1.215919e+00 -8.817633e-01 -8.516104e-01 4.092387e-03
<VARIANCE> 25
 6.305019e+01 2.615678e+01 4.743069e+01 4.997890e+01 3.080917e+01 3.405760e+01 2.929647e+01 2.745558e+01 2.289006e+01 2.376673e+01 2.814903e+01 1.635340e+01 3.202504e+00 1.914081e+00 2.708091e+00 2.046386e+00 2.402115e+00 1.930518e+00 3.027762e+00 2.178922e+00 1.918206e+00 1.730360e+00 2.884865e+00 1.628794e+00 2.357105e-03
<GCONST> 9.084567e+01
<MIXTURE> 20 6.308331e-03
<MEAN> 25
 -1.417967e+01 8.147740e+00 2.213798e+00 5.397696e+00 5.216867e+00 1.537524e+00 4.497848e+00 9.528085e-01 5.016704e-01 -3.154068e-02 2.305318e+00 -2.535894e-01 -3.274569e+00 -9.383395e-01 -1.343261e+00 4.067670e-01 1.629300e+00 2.089099e+00 1.775875e+00 1.851790e+00 2.089158e+00 1.763659e+00 1.328201e+00 9.145347e-01 4.492726e-02
<VARIANCE> 25
 1.791525e+01 2.317280e+01 3.868042e+01 3.688269e+01 2.918352e+01 2.532846e+01 2.909436e+01 2.776917e+01 2.724042e+01 2.796749e+01 2.216957e+01 1.807881e+01 1.844934e+00 2.131149e+00 1.940125e+00 2.256677e+00 2.374299e+00 2.033222e+00 2.318189e+00 2.233829e+00 2.018351e+00 2.698023e+00 2.674862e+00 1.616692e+00 1.655934e-03
<GCONST> 8.798811e+01
<MIXTURE> 21 7.928653e-03
<MEAN> 25
 4.056230e+00 -4.483047e+00 5.629968e+00 -1.605538e+00 -1.035357e+01 -8.467838e+00 -2.401953e+00 4.125710e+00 -1.969472e+00 -3.381353e+00 1.690479e-01 3.516374e-01 -7.389317e-01 1.372835e+00 2.624216e+00 -4.319577e-02 -1.527756e+00 3.129297e-01 5.353332e-01 -1.476936e+00 -1.958296e+00 2.911350e-01 1.340528e+00 2.502483e-01 -1.277891e-02
<VARIANCE> 25
 8.849815e+00 1.849881e+01 3.015845e+01 2.804844e+01 3.064415e+01 3.591831e+01 4.438420e+01 3.877431e+01 4.271101e+01 3.133824e+01 3.347285e+01 2.286634e+01 3.890072e-01 9.913322e-01 1.901637e+00 1.274426e+00 2.201313e+00 2.190082e+00 3.782151e+00 2.474860e+00 2.130390e+00 2.589604e+00 1.989322e+00 2.241718e+00 4.221537e-04
<GCONST> 8.525397e+01
<MIXTURE> 22 8.827789e-03
<MEAN> 25
 -1.752662e+01 7.522151e+00 -4.181782e+00 7.889027e+00 4.842613e+00 2.328035e+00 8.193073e+00 1.409199e+00 5.231240e+00 2.649794e+00 5.276526e+00 1.320589e+00 -3.223706e-01 -2.559952e-01 -8.090234e-02 -1.487466e-01 3.988170e-02 1.782974e-01 1.570898e-01 2.111657e-01 2.486060e-01 1.282784e-01 1.313009e-01 2.157267e-01 7.350008e-03
<VARIANCE> 25
 9.732797e+00 1.760872e+01 1.632926e+01 2.694644e+01 2.224014e+01 2.209592e+01 1.879867e+01 1.909090e+01 1.729477e+01 2.535267e+01 2.064797e+01 1.315641e+01 1.035728e+00 1.302804e+00 1.303933e+00 1.471807e+00 1.360779e+00 1.455112e+00 1.424371e+00 1.451014e+00 1.511900e+00 1.531715e+00 1.299272e+00 1.101722e+00 1.668116e-03
<GCONST> 7.810875e+01
<MIXTURE> 23 6.455497e-03
<MEAN> 25
 7.961886e+00 2.432128e+00 3.282524e+00 2.455711e+00 -4.852718e+00 -3.182705e+00 -3.347109e+00 -6.975594e+00 -3.590237e+00 -5.122352e-01 -4.213237e+00 -1.831877e+00 3.089855e-02 1.407387e-01 -4.199590e-02 7.453753e-02 2.784313e-02 -1.057151e-02 6.670129e-02 6.683363e-03 -2.445910e-02 -5.474810e-03 1.315608e-02 6.252442e-02 -4.304030e-03
<VARIANCE> 25
 9.897191e+00 2.129140e+01 2.485657e+01 3.899680e+01 3.636338e+01 5.157683e+01 7.407186e+01 5.712347e+01 4.675728e+01 5.049761e+01 4.658875e+01 4.051158e+01 1.130389e-01 3.071909e-01 4.194642e-01 4.781538e-01 5.855554e-01 7.505302e-01 7.895817e-01 9.126800e-01 8.707037e-01 9.008878e-01 7.927172e-01 7.354828e-01 8.397460e-05
<GCONST> 7.308678e+01
<MIXTURE> 24 6.455497e-03
<MEAN> 25
 7.961886e+00 2.432128e+00 3.282524e+00 2.455711e+00 -4.852718e+00 -3.182705e+00 -3.347109e+00 -6.975594e+00 -3.590237e+00 -5.122352e-01 -4.213237e+00 -1.831877e+00 3.089855e-02 1.407387e-01 -4.199590e-02 7.453753e-02 2.784313e-02 -1.057151e-02 6.670129e-02 6.683363e-03 -2.445910e-02 -5.474810e-03 1.315608e-02 6.252442e-02 -4.304030e-03
<VARIANCE> 25
 9.897191e+00 2.129140e+01 2.485657e+01 3.899680e+01 3.636338e+01 5.157683e+01 7.407186e+01 5.712347e+01 4.675728e+01 5.049761e+01 4.658875e+01 4.051158e+01 1.130389e-01 3.071909e-01 4.194642e-01 4.781538e-01 5.855554e-01 7.505302e-01 7.895817e-01 9.126800e-01 8.707037e-01 9.008878e-01 7.927172e-01 7.354828e-01 8.397460e-05
<GCONST> 7.308678e+01
<MIXTURE> 25 1.118642e-02
<MEAN> 25
 -1.848529e-02 3.372494e+00 1.666014e+01 -1.259454e+00 -1.019932e+01 -1.528425e+00 -5.698913e+00 -1.916911e+00 -7.470573e+00 -5.841967e+00 3.432168e+00 -2.385646e+00 -4.948350e-02 2.336433e-01 1.381896e-01 3.043091e-01 -4.519335e-02 9.143861e-02 3.288095e-02 -8.960844e-02 -4.005170e-01 2.288082e-01 8.336742e-02 -2.275898e-01 -8.600537e-03
<VARIANCE> 25
 8.367857e+00 1.966861e+01 1.834745e+01 2.500837e+01 3.545483e+01 3.585256e+01 2.729873e+01 3.163379e+01 2.616615e+01 3.269270e+01 2.068260e+01 2.695600e+01 8.884134e-01 2.059761e+00 1.265065e+00 1.359138e+00 2.666299e+00 1.863391e+00 1.756957e+00 1.462945e+00 1.485778e+00 1.811137e+00 1.301820e+00 1.243847e+00 1.467105e-03
<GCONST> 8.280367e+01
<MIXTURE> 26 7.727677e-03
<MEAN> 25
 2.393606e+00 -5.823040e+00 -9.882823e+00 -6.187131e-01 7.557541e+00 5.568761e+00 4.347088e+00 -4.464506e-01 2.441225e+00 -9.956802e-01 -2.747903e+00 -8.595078e-01 -7.288143e-01 6.339934e-01 4.259019e-01 6.800485e-01 1.046620e-01 1.285413e-01 2.368730e-01 2.987385e-01 3.308445e-01 7.362799e-02 3.745003e-01 4.511569e-01 -5.324515e-02
<VARIANCE> 25
 2.395031e+01 3.659193e+01 2.642939e+01 5.852615e+01 3.818526e+01 3.972584e+01 4.443868e+01 4.106672e+01 3.748068e+01 5.204122e+01 3.834124e+01 4.397980e+01 1.581639e+00 1.900769e+00 1.992487e+00 2.139552e+00 2.261918e+00 2.549574e+00 2.417489e+00 2.574383e+00 2.363604e+00 2.194159e+00 2.177123e+00 1.870430e+00 3.128524e-03
<GCONST> 9.332070e+01
<MIXTURE> 27 7.727677e-03
<MEAN> 25
 2.393606e+00 -5.823040e+00 -9.882823e+00 -6.187131e-01 7.557541e+00 5.568761e+00 4.347088e+00 -4.464506e-01 2.441225e+00 -9.956802e-01 -2.747903e+00 -8.595078e-01 -7.288143e-01 6.339934e-01 4.259019e-01 6.800485e-01 1.046620e-01 1.285413e-01 2.368730e-01 2.987385e-01 3.308445e-01 7.362799e-02 3.745003e-01 4.511569e-01 -5.324515e-02
<VARIANCE> 25
 2.395031e+01 3.659193e+01 2.642939e+01 5.852615e+01 3.818526e+01 3.972584e+01 4.443868e+01 4.106672e+01 3.748068e+01 5.204122e+01 3.834124e+01 4.397980e+01 1.581639e+00 1.900769e+00 1.992487e+00 2.139552e+00 2.261918e+00 2.549574e+00 2.417489e+00 2.574383e+00 2.363604e+00 2.194159e+00 2.177123e+00 1.870430e+00 3.128524e-03
<GCONST> 9.332070e+01
<MIXTURE> 28 5.036674e-03
<MEAN> 25
 -5.398352e+00 7.043627e-02 -1.632803e+00 6.511230e+00 5.154252e+00 3.496109e+00 5.389651e+00 3.020818e+00 4.062685e+00 2.384537e+00 2.646535e+00 3.261423e+00 -1.244353e-01 2.015670e-01 5.219375e-01 7.796871e-01 8.171610e-01 7.057068e-01 5.123344e-01 4.115183e-01 4.820997e-01 5.058846e-01 4.078653e-01 2.030000e-01 -2.774113e-05
<VARIANCE> 25
 1.041908e+01 8.425101e+00 1.217812e+01 1.518618e+01 1.481867e+01 1.761152e+01 1.784436e+01 1.933414e+01 1.793814e+01 1.643569e+01 2.034484e+01 1.484159e+01 2.566736e-01 3.561226e-01 4.020225e-01 4.573668e-01 6.118525e-01 8.322628e-01 1.043951e+00 1.151620e+00 1.172668e+00 1.051455e+00 1.101598e+00 1.058006e+00 9.972697e-07
<GCONST> 6.041418e+01
<MIXTURE> 29 5.036674e-03
<MEAN> 25
 -5.398352e+00 7.043627e-02 -1.632803e+00 6.511230e+00 5.154252e+00 3.496109e+00 5.389651e+00 3.020818e+00 4.062685e+00 2.384537e+00 2.646535e+00 3.261423e+00 -1.244353e-01 2.015670e-01 5.219375e-01 7.796871e-01 8.171610e-01 7.057068e-01 5.123344e-01 4.115183e-01 4.820997e-01 5.058846e-01 4.078653e-01 2.030000e-01 -2.774113e-05
<VARIANCE> 25
 1.041908e+01 8.425101e+00 1.217812e+01 1.518618e+01 1.481867e+01 1.761152e+01 1.784436e+01 1.933414e+01 1.793814e+01 1.643569e+01 2.034484e+01 1.484159e+01 2.566736e-01 3.561226e-01 4.020225e-01 4.573668e-01 6.118525e-01 8.322628e-01 1.043951e+00 1.151620e+00 1.172668e+00 1.051455e+00 1.101598e+00 1.058006e+00 9.972697e-07
<GCONST> 6.041418e+01
<MIXTURE> 30 8.917812e-03
<MEAN> 25
 -4.818981e+00 -4.903165e-01 3.143122e-02 8.800306e+00 7.841999e+00 7.850871e+00 7.796507e+00 6.219528e+00 6.732860e+00 4.926192e+00 6.878014e+00 3.662703e+00 -2.774454e-02 2.201541e-02 1.113905e-02 1.155162e-01 1.334135e-01 2.138692e-01 -3.090533e-02 -7.613061e-03 2.684311e-02 -7.709614e-02 8.457062e-02 9.008445e-02 -1.394907e-03
<VARIANCE> 25
 6.991020e+00 9.690561e+00 1.323675e+01 1.299919e+01 1.462441e+01 2.219527e+01 1.846988e+01 2.014675e+01 1.521848e+01 1.660765e+01 2.133384e+01 1.377560e+01 8.734396e-02 1.808048e-01 3.098083e-01 5.117769e-01 5.877806e-01 9.479457e-01 7.517723e-01 7.601085e-01 8.607154e-01 1.043867e+00 8.615240e-01 8.216546e-01 6.076350e-05
<GCONST> 6.093246e+01
<MIXTURE> 31 4.136493e-03
<MEAN> 25
 -3.606504e+00 -5.627156e+00 -2.746058e-02 4.834872e+00 3.944951e+00 1.709135e+00 5.112453e+00 6.380320e+00 3.400410e+00 1.472727e+00 6.122264e+00 3.149862e+00 2.589805e-01 5.018948e-01 -2.102134e-01 2.773014e-01 6.130290e-02 5.087122e-01 1.044361e-01 -5.606884e-02 3.336271e-01 3.701349e-01 1.485821e-01 3.333975e-02 -1.880226e-02
<VARIANCE> 25
 7.745543e+00 1.439070e+01 1.648831e+01 1.685431e+01 2.446023e+01 2.246285e+01 2.322940e+01 2.480331e+01 2.976694e+01 2.701057e+01 2.148302e+01 1.754811e+01 1.800584e-01 4.763720e-01 5.866551e-01 7.440962e-01 9.699678e-01 1.171330e+00 1.297559e+00 1.382873e+00 1.368096e+00 1.247229e+00 1.222408e+00 1.177196e+00 2.670027e-04
<GCONST> 7.167244e+01
<MIXTURE> 32 4.136493e-03
<MEAN> 25
 -3.606504e+00 -5.627156e+00 -2.746058e-02 4.834872e+00 3.944951e+00 1.709135e+00 5.112453e+00 6.380320e+00 3.400410e+00 1.472727e+00 6.122264e+00 3.149862e+00 2.589805e-01 5.018948e-01 -2.102134e-01 2.773014e-01 6.130290e-02 5.087122e-01 1.044361e-01 -5.606884e-02 3.336271e-01 3.701349e-01 1.485821e-01 3.333975e-02 -1.880226e-02
<VARIANCE> 25
 7.745543e+00 1.439070e+01 1.648831e+01 1.685431e+01 2.446023e+01 2.246285e+01 2.322940e+01 2.480331e+01 2.976694e+01 2.701057e+01 2.148302e+01 1.754811e+01 1.800584e-01 4.763720e-01 5.866551e-01 7.440962e-01 9.699678e-01 1.171330e+00 1.297559e+00 1.382873e+00 1.368096e+00 1.247229e+00 1.222408e+00 1.177196e+00 2.670027e-04
<GCONST> 7.167244e+01
<MIXTURE> 33 1.508826e-02
<MEAN> 25
 6.191809e+00 -4.541302e+00 -1.368963e+00 -1.416902e+00 -2.400925e+00 -6.793789e+00 -7.805314e+00 2.881949e+00 8.167918e-01 -7.510889e-01 -4.023214e+00 -2.879741e+00 8.038708e-01 -8.888060e-01 -2.603254e+00 -1.992605e+00 1.581616e+00 1.345282e+00 -1.207761e+00 2.358603e-01 9.926829e-01 1.396398e+00 -1.845662e-01 -1.306845e+00 3.167387e-02
<VARIANCE> 25
 9.630909e+00 1.781987e+01 2.562953e+01 3.228741e+01 3.412331e+01 4.029826e+01 4.120985e+01 4.147243e+01 4.203435e+01 4.057199e+01 3.040656e+01 2.422834e+01 1.017946e+00 1.853604e+00 1.985438e+00 1.806996e+00 4.071696e+00 3.043987e+00 3.864070e+00 5.225684e+00 3.161826e+00 5.629827e+00 2.888083e+00 2.261210e+00 1.327573e-03
<GCONST> 9.209065e+01
<MIXTURE> 34 1.588179e-02
<MEAN> 25
 8.298677e+00 -7.118413e-01 5.912370e-01 1.229763e+00 -3.323491e+00 -1.466995e+00 -7.401321e+00 -4.143635e+00 -2.167940e+00 -7.640178e-01 -1.335647e+00 -4.419354e+00 -1.147399e-01 1.223964e+00 1.611336e+00 2.292369e+00 -2.332736e-01 -2.068236e-01 1.135071e+00 -1.489287e+00 -7.304044e-01 3.126330e-01 -8.595766e-01 6.729939e-01 -6.012918e-02
<VARIANCE> 25
 9.974410e+00 3.276546e+01 3.193626e+01 4.737901e+01 4.008812e+01 4.569964e+01 7.345720e+01 5.362960e+01 5.287931e+01 5.086322e+01 6.111107e+01 3.564155e+01 1.439118e+00 2.057246e+00 4.096097e+00 3.873489e+00 5.299984e+00 5.524314e+00 6.116415e+00 5.946805e+00 5.437649e+00 4.688965e+00 5.493312e+00 5.473575e+00 1.193722e-03
<GCONST> 1.011652e+02
<MIXTURE> 35 1.467755e-02
<MEAN> 25
 -8.344597e-01 -4.583374e+00 -9.752996e+00 6.434298e-01 8.613304e+00 -3.115152e-01 2.949392e+00 1.745427e+00 3.414254e+00 3.655515e+00 -7.220087e-02 1.688757e+00 7.106504e-01 -8.458492e-01 -8.710057e-01 -1.270246e+00 5.632838e-01 -7.745706e-01 -1.428085e-02 3.950631e-02 -5.362572e-01 5.901710e-01 -1.209179e+00 -6.077008e-01 1.093744e-01
<VARIANCE> 25
 1.974313e+01 2.490967e+01 4.115416e+01 4.832010e+01 3.822890e+01 4.738812e+01 4.732324e+01 3.522749e+01 5.113168e+01 3.562992e+01 3.561710e+01 2.907961e+01 2.821310e+00 2.979514e+00 6.303198e+00 4.312000e+00 4.743653e+00 4.451812e+00 6.026047e+00 3.990631e+00 4.776352e+00 4.234283e+00 4.829331e+00 3.442176e+00 5.211182e-03
<GCONST> 1.013337e+02
<MIXTURE> 36 1.093293e-02
<MEAN> 25
 5.082693e+00 -3.912508e+00 6.852148e+00 2.639915e+00 -1.008666e+01 -9.107903e+00 -6.124725e+00 3.237753e+00 -1.771742e+00 -4.779739e+00 2.566236e+00 3.088742e-02 4.010994e-01 1.029368e-01 -9.402932e-01 4.157404e-02 8.617412e-01 -3.771158e-02 -5.808183e-01 -6.341941e-02 4.487728e-01 4.839313e-01 -3.281930e-01 -3.022159e-01 -1.406944e-02
<VARIANCE> 25
 9.690680e+00 1.709113e+01 2.115135e+01 2.673617e+01 2.965712e+01 3.032274e+01 4.405658e+01 3.307345e+01 3.708842e+01 3.335804e+01 2.744617e+01 2.612497e+01 4.821434e-01 7.217329e-01 1.475830e+00 1.467317e+00 1.621244e+00 1.611174e+00 2.214978e+00 1.747598e+00 1.939118e+00 2.706878e+00 1.449835e+00 1.601968e+00 7.366639e-04
<GCONST> 8.249391e+01
<MIXTURE> 37 1.246826e-02
<MEAN> 25
 5.030155e-01 7.709426e+00 1.206091e+01 -5.452249e+00 -7.989534e+00 -9.895879e-01 -5.077570e+00 -8.210586e+00 -3.661348e+00 -9.846777e-01 -3.624485e+00 -1.263465e+00 1.822162e-01 6.752281e-01 -1.350488e+00 3.541734e+00 2.001704e+00 -2.984073e-01 1.115577e+00 4.326450e-01 5.431374e-01 -2.989049e-01 5.211285e-01 -9.257264e-02 -9.563623e-02
<VARIANCE> 25
 1.598667e+01 2.606636e+01 3.057836e+01 5.136912e+01 3.379557e+01 3.205598e+01 4.372675e+01 3.576719e+01 3.861351e+01 3.607551e+01 3.748681e+01 3.069724e+01 2.939482e+00 3.450492e+00 2.994648e+00 4.189961e+00 4.596276e+00 3.711569e+00 4.278011e+00 3.774109e+00 3.443702e+00 3.650911e+00 3.871336e+00 2.769234e+00 4.081089e-03
<GCONST> 9.783578e+01
<MIXTURE> 38 1.154525e-02
<MEAN> 25
 -5.148835e+00 1.021873e+01 4.807087e+00 3.410626e+00 1.553987e+00 -4.989038e+00 -5.222837e-01 -2.743186e+00 -2.145060e+00 -3.612122e+00 -1.328291e+00 -2.835411e-01 -4.248657e+00 1.317876e+00 -3.307604e-01 1.574611e+00 2.264171e+00 1.367893e+00 1.922413e+00 5.726232e-01 7.215374e-01 1.221875e-01 1.239421e+00 3.762985e-01 4.220998e-02
<VARIANCE> 25
 2.624515e+01 2.480124e+01 5.203435e+01 3.983959e+01 3.587446e+01 3.081187e+01 3.477714e+01 3.557874e+01 3.400996e+01 2.517677e+01 2.084518e+01 2.182015e+01 1.853289e+00 3.158952e+00 3.003630e+00 4.564257e+00 3.256013e+00 3.758338e+00 4.322852e+00 3.762507e+00 3.277158e+00 4.906980e+00 4.397335e+00 2.360195e+00 1.756556e-03
<GCONST> 9.551496e+01
<MIXTURE> 39 9.501865e-03
<MEAN> 25
 1.341520e+00 2.614880e+00 1.025833e+01 -9.177054e+00 -1.123152e+01 -9.844405e-01 -3.014217e+00 -6.506287e+00 -4.544282e+00 8.436247e-01 -3.661879e+00 -2.302362e+00 -7.374822e-01 1.527446e+00 1.622722e+00 -1.382968e+00 8.320031e-02 1.213909e+00 -1.203258e+00 -1.247422e+00 4.236054e-01 4.373997e-01 -4.941564e-01 1.192913e-01 1.914335e-03
<VARIANCE> 25
 8.896235e+00 3.002623e+01 3.181744e+01 3.830923e+01 3.778140e+01 4.249647e+01 4.509965e+01 3.418929e+01 3.930230e+01 3.336187e+01 3.614284e+01 2.933314e+01 7.071691e-01 1.559280e+00 1.507531e+00 2.920134e+00 2.417094e+00 2.827509e+00 3.044142e+00 2.739679e+00 2.427920e+00 2.623480e+00 2.130738e+00 2.062604e+00 1.234505e-03
<GCONST> 8.976501e+01
<MIXTURE> 40 1.030800e-02
<MEAN> 25
 -9.166896e+00 1.726517e+00 -1.311480e+00 7.935492e+00 4.038143e+00 5.078523e+00 5.188602e+00 3.940976e+00 5.517543e+00 4.459119e+00 5.429637e+00 1.719508e+00 -8.081058e-02 -1.559340e-01 -9.525271e-02 -2.693524e-01 -1.368275e-01 -9.256297e-03 1.228905e-01 -1.291557e-02 -1.032742e-02 4.856362e-02 1.019109e-04 3.089191e-02 5.975128e-03
<VARIANCE> 25
 3.777567e+01 2.114580e+01 2.761944e+01 2.518389e+01 2.532005e+01 2.055927e+01 1.801442e+01 2.012216e+01 2.240337e+01 1.852791e+01 1.786410e+01 1.342560e+01 6.780505e-01 7.858018e-01 9.313789e-01 1.111377e+00 1.075537e+00 1.228137e+00 1.244994e+00 1.267696e+00 1.325699e+00 1.188717e+00 1.157230e+00 1.002777e+00 9.131772e-04
<GCONST> 7.657571e+01
<MIXTURE> 41 6.713375e-03
<MEAN> 25
 1.575017e+00 1.759445e+00 1.027003e+01 -6.433856e+00 -1.032553e+01 -3.874570e+00 -2.028074e+00 -5.009030e+00 -4.487475e+00 2.846231e+00 -2.232383e+00 -8.553621e-01 1.500278e-01 -7.954087e-01 1.738037e+00 -3.518291e+00 -2.433093e+00 -2.689294e-02 -3.822407e-01 -4.630647e-01 -8.917981e-01 1.225524e+00 -9.937900e-01 1.098084e-01 8.329090e-02
<VARIANCE> 25
 1.274798e+01 2.878966e+01 3.251047e+01 4.467001e+01 3.830985e+01 3.861613e+01 4.048232e+01 3.243024e+01 3.286386e+01 2.890991e+01 3.671766e+01 2.626140e+01 3.234065e+00 3.234285e+00 3.747155e+00 3.702105e+00 4.736241e+00 5.816355e+00 5.066168e+00 4.664424e+00 3.958246e+00 4.649473e+00 3.753399e+00 3.106090e+00 3.024344e-03
<GCONST> 9.836383e+01
<MIXTURE> 42 1.106211e-02
<MEAN> 25
 -3.212903e+00 5.222463e+00 5.314078e+00 2.689032e+00 -2.527014e-01 -5.058603e+00 -6.780837e-01 -2.371635e+00 -1.403178e-01 -3.689846e+00 -2.668333e+00 1.074177e+00 4.157750e+00 -8.461751e-01 1.536908e+00 7.714802e-02 -2.733015e+00 -1.485895e+00 -1.701780e+00 -1.858505e-01 -1.330895e+00 -4.961219e-01 2.912069e-01 -9.305339e-01 4.733091e-03
<VARIANCE> 25
 3.823761e+01 1.824554e+01 4.116133e+01 3.538271e+01 2.769471e+01 3.765998e+01 2.883053e+01 2.095170e+01 2.940324e+01 2.992435e+01 1.678663e+01 1.289101e+01 3.624251e+00 4.836780e+00 5.212134e+00 3.772396e+00 3.445336e+00 6.145133e+00 5.094146e+00 5.264710e+00 4.121263e+00 6.138914e+00 3.714390e+00 2.367298e+00 3.452049e-03
<GCONST> 9.720916e+01
<MIXTURE> 43 7.108249e-03
<MEAN> 25
 3.208999e+00 -6.257956e+00 -2.249719e+00 -5.177602e+00 -7.289931e+00 -3.300264e+00 4.189230e+00 1.309688e+00 -4.950798e+00 -7.017852e+00 -4.319347e+00 -1.230379e+00 2.129270e-01 2.172823e+00 1.941460e+00 -1.336685e-01 -1.417695e+00 -7.923498e-01 -9.776788e-01 -7.749216e-01 7.893019e-01 1.443324e+00 3.633018e-01 2.663423e-02 -4.474146e-02
<VARIANCE> 25
 9.621736e+00 1.966117e+01 2.702472e+01 3.479251e+01 3.886364e+01 3.702266e+01 3.306829e+01 3.932665e+01 4.022020e+01 3.885034e+01 2.622834e+01 2.927233e+01 7.294686e-01 1.245056e+00 1.624696e+00 2.465394e+00 2.360133e+00 2.367512e+00 2.677719e+00 2.990733e+00 2.664116e+00 2.608549e+00 2.336976e+00 1.898414e+00 9.430157e-04
<GCONST> 8.802995e+01
<MIXTURE> 44 7.328289e-03
<MEAN> 25
 -1.591692e+01 2.065267e+00 4.880103e+00 -2.366602e+00 4.306211e+00 3.406209e+00 3.384306e-01 1.802373e+00 2.373827e+00 -1.166437e+00 1.335799e+00 1.824660e+00 -2.303508e-01 -2.901786e-01 3.058488e-02 2.609024e-01 -3.175501e-01 3.700993e-01 3.089501e-01 -2.221890e-01 5.402463e-01 3.347689e-02 -3.720655e-02 6.754224e-03 1.244252e-02
<VARIANCE> 25
 4.016507e+01 2.983714e+01 3.622971e+01 2.779543e+01 3.715846e+01 3.211988e+01 2.389204e+01 3.503962e+01 2.989065e+01 2.838808e+01 2.350263e+01 1.640832e+01 1.226892e+00 1.768971e+00 1.428932e+00 1.141738e+00 2.670250e+00 1.730296e+00 1.396073e+00 1.910629e+00 2.065629e+00 1.452360e+00 1.353486e+00 1.047993e+00 1.317772e-03
<GCONST> 8.505582e+01
<MIXTURE> 45 1.364932e-02
<MEAN> 25
 -1.328013e+01 3.092886e+00 3.362184e-01 2.522248e+00 5.963788e+00 1.319044e-01 3.909119e+00 3.071829e+00 3.612185e+00 1.461540e+00 3.422711e+00 2.756297e+00 -3.661857e+00 4.551333e-01 -3.904899e-02 -7.070566e-01 7.812371e-01 4.299628e-01 9.681174e-01 5.403405e-02 -1.440789e-01 -1.341317e-01 1.796171e-02 1.129515e-01 1.367163e-01
<VARIANCE> 25
 4.172820e+01 2.781862e+01 3.700031e+01 2.931036e+01 2.784280e+01 2.429621e+01 2.926143e+01 2.310877e+01 1.978782e+01 1.988693e+01 2.532156e+01 1.316304e+01 4.367707e+00 2.519297e+00 2.876915e+00 2.295755e+00 2.798969e+00 2.607045e+00 2.543792e+00 2.286091e+00 1.759025e+00 1.743092e+00 2.342757e+00 1.529504e+00 4.698039e-03
<GCONST> 8.988030e+01
<MIXTURE> 46 9.336259e-03
<MEAN> 25
 -9.188974e+00 2.244133e+00 1.046874e+00 7.444885e+00 5.716591e+00 3.205822e+00 6.866392e+00 4.065684e+00 5.968333e+00 4.762131e+00 4.946775e+00 2.864395e+00 9.645264e-01 -2.652144e-01 -9.190423e-04 9.915172e-01 6.439180e-01 9.273762e-01 3.310079e-01 6.715407e-01 4.623418e-01 4.028184e-01 6.886660e-01 4.956318e-01 -1.042074e-01
<VARIANCE> 25
 3.454054e+01 4.281526e+01 3.821713e+01 4.799847e+01 4.999583e+01 4.119931e+01 3.699414e+01 3.791470e+01 3.344814e+01 3.043896e+01 2.719779e+01 1.940169e+01 3.909407e+00 3.967445e+00 3.772737e+00 3.965273e+00 4.125884e+00 4.067107e+00 3.346121e+00 3.261311e+00 2.892352e+00 3.054125e+00 2.407061e+00 1.724281e+00 7.966220e-03
<GCONST> 9.825734e+01
<MIXTURE> 47 7.116147e-03
<MEAN> 25
 7.351214e+00 -7.401703e+00 -7.710905e+00 -6.196307e+00 1.546583e+00 9.281287e-01 -1.921134e+00 1.272954e+00 3.074011e+00 -1.930432e-02 -4.484803e+00 -6.488801e+00 -1.530052e-01 -1.266050e+00 -6.672027e-01 -4.876480e-01 6.297306e-01 7.921575e-01 8.733749e-01 3.174050e-01 1.260978e-01 -8.134136e-01 -4.406177e-01 -4.260212e-01 3.127285e-02
<VARIANCE> 25
 1.020552e+01 2.005980e+01 1.961573e+01 3.287294e+01 3.462264e+01 5.047852e+01 4.895578e+01 3.910661e+01 4.175191e+01 4.558661e+01 4.818025e+01 3.298926e+01 5.128723e-01 7.383071e-01 1.086082e+00 1.684932e+00 1.891776e+00 2.120943e+00 2.215215e+00 2.371214e+00 2.107668e+00 2.150854e+00 2.102849e+00 1.948745e+00 5.580995e-04
<GCONST> 8.579556e+01
<MIXTURE> 48 7.116147e-03
<MEAN> 25
 7.351214e+00 -7.401703e+00 -7.710905e+00 -6.196307e+00 1.546583e+00 9.281287e-01 -1.921134e+00 1.272954e+00 3.074011e+00 -1.930432e-02 -4.484803e+00 -6.488801e+00 -1.530052e-01 -1.266050e+00 -6.672027e-01 -4.876480e-01 6.297306e-01 7.921575e-01 8.733749e-01 3.174050e-01 1.260978e-01 -8.134136e-01 -4.406177e-01 -4.260212e-01 3.127285e-02
<VARIANCE> 25
 1.020552e+01 2.005980e+01 1.961573e+01 3.287294e+01 3.462264e+01 5.047852e+01 4.895578e+01 3.910661e+01 4.175191e+01 4.558661e+01 4.818025e+01 3.298926e+01 5.128723e-01 7.383071e-01 1.086082e+00 1.684932e+00 1.891776e+00 2.120943e+00 2.215215e+00 2.371214e+00 2.107668e+00 2.150854e+00 2.102849e+00 1.948745e+00 5.580995e-04
<GCONST> 8.579556e+01
<MIXTURE> 49 5.548473e-03
<MEAN> 25
 -5.134718e+00 2.388710e-01 -4.810786e-01 8.403356e+00 6.219709e+00 6.318759e+00 6.110598e+00 3.971439e+00 4.923135e+00 3.037592e+00 5.084866e+00 3.129281e+00 3.963206e-01 6.580569e-01 7.578729e-01 4.257530e-01 -1.360279e-01 -7.482305e-01 -1.056948e+00 -1.130252e+00 -1.039950e+00 -8.226631e-01 -6.842501e-01 -3.504883e-01 9.287429e-05
<VARIANCE> 25
 8.805450e+00 9.317885e+00 1.723362e+01 1.455948e+01 1.459450e+01 2.048720e+01 1.783419e+01 2.041921e+01 1.680533e+01 2.109592e+01 1.913041e+01 1.378455e+01 2.664120e-01 2.418929e-01 3.604624e-01 6.113228e-01 8.317979e-01 9.571630e-01 9.319436e-01 9.640881e-01 1.108783e+00 1.315778e+00 1.536925e+00 1.168882e+00 1.325099e-05
<GCONST> 6.406561e+01
<MIXTURE> 50 6.234641e-03
<MEAN> 25
 -4.663185e+00 9.873856e-02 -1.457251e+00 6.191235e+00 4.214808e+00 2.275258e+00 3.704663e+00 1.978602e+00 2.794966e+00 1.405614e+00 2.158419e+00 2.851152e+00 5.512077e-02 1.739305e-01 9.549642e-02 -1.761746e-01 -5.100462e-01 -6.127428e-01 -4.260528e-01 -4.847934e-02 4.448247e-01 7.761778e-01 7.422288e-01 4.460331e-01 -1.474435e-05
<VARIANCE> 25
 1.053041e+01 1.116193e+01 1.434233e+01 1.544588e+01 1.534109e+01 1.855188e+01 1.853967e+01 1.949867e+01 1.865159e+01 1.746077e+01 2.161573e+01 1.518896e+01 1.453829e-01 2.414173e-01 3.779061e-01 5.172197e-01 5.996132e-01 7.373333e-01 9.554217e-01 1.120921e+00 1.067164e+00 9.109887e-01 9.227710e-01 9.882396e-01 1.000543e-06
<GCONST> 5.957046e+01
<MIXTURE> 51 6.234641e-03
<MEAN> 25
 -4.663185e+00 9.873856e-02 -1.457251e+00 6.191235e+00 4.214808e+00 2.275258e+00 3.704663e+00 1.978602e+00 2.794966e+00 1.405614e+00 2.158419e+00 2.851152e+00 5.512077e-02 1.739305e-01 9.549642e-02 -1.761746e-01 -5.100462e-01 -6.127428e-01 -4.260528e-01 -4.847934e-02 4.448247e-01 7.761778e-01 7.422288e-01 4.460331e-01 -1.474435e-05
<VARIANCE> 25
 1.053041e+01 1.116193e+01 1.434233e+01 1.544588e+01 1.534109e+01 1.855188e+01 1.853967e+01 1.949867e+01 1.865159e+01 1.746077e+01 2.161573e+01 1.518896e+01 1.453829e-01 2.414173e-01 3.779061e-01 5.172197e-01 5.996132e-01 7.373333e-01 9.554217e-01 1.120921e+00 1.067164e+00 9.109887e-01 9.227710e-01 9.882396e-01 1.000543e-06
<GCONST> 5.957046e+01
<MIXTURE> 52 6.367945e-03
<MEAN> 25
 1.001432e+01 1.992115e+00 -5.978810e+00 -1.385093e+01 -4.034890e+00 8.407762e+00 -2.550026e+00 -2.305354e+00 -5.892282e+00 -2.467281e+00 3.368055e+00 7.122164e-02 -3.768003e-01 -3.772234e-01 -7.827386e-02 1.127083e+00 1.246653e+00 -4.757112e-01 -5.449229e-01 -7.024375e-01 8.893428e-02 1.000121e+00 5.140013e-01 -5.370445e-01 -1.677825e-02
<VARIANCE> 25
 8.461178e+00 1.903688e+01 2.270051e+01 4.340058e+01 4.118676e+01 2.732989e+01 4.546742e+01 4.955275e+01 6.660339e+01 4.318396e+01 4.382441e+01 3.652712e+01 4.120356e-01 1.525058e+00 1.268313e+00 2.500233e+00 2.224404e+00 1.995614e+00 3.114711e+00 2.560765e+00 3.042967e+00 2.810671e+00 2.611840e+00 2.042695e+00 1.715092e-03
<GCONST> 8.971889e+01
<MIXTURE> 53 6.367945e-03
<MEAN> 25
 1.001432e+01 1.992115e+00 -5.978810e+00 -1.385093e+01 -4.034890e+00 8.407762e+00 -2.550026e+00 -2.305354e+00 -5.892282e+00 -2.467281e+00 3.368055e+00 7.122164e-02 -3.768003e-01 -3.772234e-01 -7.827386e-02 1.127083e+00 1.246653e+00 -4.757112e-01 -5.449229e-01 -7.024375e-01 8.893428e-02 1.000121e+00 5.140013e-01 -5.370445e-01 -1.677825e-02
<VARIANCE> 25
 8.461178e+00 1.903688e+01 2.270051e+01 4.340058e+01 4.118676e+01 2.732989e+01 4.546742e+01 4.955275e+01 6.660339e+01 4.318396e+01 4.382441e+01 3.652712e+01 4.120356e-01 1.525058e+00 1.268313e+00 2.500233e+00 2.224404e+00 1.995614e+00 3.114711e+00 2.560765e+00 3.042967e+00 2.810671e+00 2.611840e+00 2.042695e+00 1.715092e-03
<GCONST> 8.971889e+01
<MIXTURE> 54 7.368620e-03
<MEAN> 25
 -3.638610e+00 4.543053e-02 -6.967068e-01 8.031222e+00 6.484798e+00 4.640822e+00 4.687950e+00 4.595538e+00 4.059724e+00 3.591194e+00 4.470088e+00 2.337419e+00 -2.451599e-03 2.595277e-02 3.420591e-02 4.865393e-02 5.179727e-02 4.807199e-02 3.815408e-02 2.736035e-02 2.900907e-02 2.312312e-02 1.355128e-02 1.933742e-03 -1.122633e-05
<VARIANCE> 25
 9.137648e+00 1.035678e+01 9.397345e+00 1.817443e+01 1.330064e+01 1.366216e+01 1.205311e+01 1.128340e+01 1.135273e+01 1.353279e+01 1.787503e+01 1.259282e+01 4.087473e-02 8.742494e-02 1.538428e-01 2.270917e-01 3.075700e-01 3.969444e-01 4.604599e-01 5.222985e-01 5.432755e-01 5.226963e-01 5.142222e-01 5.156423e-01 9.990154e-07
<GCONST> 4.728430e+01
<MIXTURE> 55 7.368620e-03
<MEAN> 25
 -3.638610e+00 4.543053e-02 -6.967068e-01 8.031222e+00 6.484798e+00 4.640822e+00 4.687950e+00 4.595538e+00 4.059724e+00 3.591194e+00 4.470088e+00 2.337419e+00 -2.451599e-03 2.595277e-02 3.420591e-02 4.865393e-02 5.179727e-02 4.807199e-02 3.815408e-02 2.736035e-02 2.900907e-02 2.312312e-02 1.355128e-02 1.933742e-03 -1.122633e-05
<VARIANCE> 25
 9.137648e+00 1.035678e+01 9.397345e+00 1.817443e+01 1.330064e+01 1.366216e+01 1.205311e+01 1.128340e+01 1.135273e+01 1.353279e+01 1.787503e+01 1.259282e+01 4.087473e-02 8.742494e-02 1.538428e-01 2.270917e-01 3.075700e-01 3.969444e-01 4.604599e-01 5.222985e-01 5.432755e-01 5.226963e-01 5.142222e-01 5.156423e-01 9.990154e-07
<GCONST> 4.728430e+01
<MIXTURE> 56 6.132464e-03
<MEAN> 25
 7.620798e+00 -6.692387e+00 -9.140178e+00 -8.618036e+00 3.949721e+00 3.818020e+00 -2.473684e+00 -1.289471e+00 1.770897e+00 9.032870e-01 -2.277781e+00 -7.022082e+00 -1.462750e-02 2.690101e-02 -8.002716e-02 -3.229010e-03 2.589296e-01 7.521030e-02 1.442196e-01 -1.494150e-01 1.101187e-02 -1.208300e-02 -1.113026e-01 8.804456e-03 -7.206404e-03
<VARIANCE> 25
 9.258619e+00 2.302074e+01 1.956523e+01 4.045587e+01 3.248247e+01 5.041511e+01 6.415471e+01 3.748247e+01 3.947650e+01 3.932421e+01 4.114841e+01 3.107583e+01 2.022085e-01 4.225955e-01 4.449764e-01 7.799003e-01 7.792173e-01 1.093091e+00 9.240842e-01 8.918830e-01 1.032719e+00 9.340701e-01 1.050661e+00 7.743602e-01 2.350006e-04
<GCONST> 7.520000e+01
<MIXTURE> 57 6.132464e-03
<MEAN> 25
 7.620798e+00 -6.692387e+00 -9.140178e+00 -8.618036e+00 3.949721e+00 3.818020e+00 -2.473684e+00 -1.289471e+00 1.770897e+00 9.032870e-01 -2.277781e+00 -7.022082e+00 -1.462750e-02 2.690101e-02 -8.002716e-02 -3.229010e-03 2.589296e-01 7.521030e-02 1.442196e-01 -1.494150e-01 1.101187e-02 -1.208300e-02 -1.113026e-01 8.804456e-03 -7.206404e-03
<VARIANCE> 25
 9.258619e+00 2.302074e+01 1.956523e+01 4.045587e+01 3.248247e+01 5.041511e+01 6.415471e+01 3.748247e+01 3.947650e+01 3.932421e+01 4.114841e+01 3.107583e+01 2.022085e-01 4.225955e-01 4.449764e-01 7.799003e-01 7.792173e-01 1.093091e+00 9.240842e-01 8.918830e-01 1.032719e+00 9.340701e-01 1.050661e+00 7.743602e-01 2.350006e-04
<GCONST> 7.520000e+01
<MIXTURE> 58 6.172147e-03
<MEAN> 25
 2.726899e+00 -3.246360e+00 7.421276e+00 -5.186002e+00 -1.367799e+01 -5.567674e+00 2.002387e+00 1.220194e+00 -2.532632e+00 2.178350e+00 -3.658931e-02 -4.272506e-01 -1.815852e-02 -1.825156e-01 -7.123845e-02 -2.453483e-01 -3.925092e-02 3.301114e-01 2.317815e-01 1.330256e-01 5.035331e-02 1.276062e-02 -3.401722e-02 -1.314095e-01 -1.061469e-03
<VARIANCE> 25
 7.684292e+00 1.464232e+01 1.918499e+01 2.588951e+01 2.273807e+01 4.477441e+01 3.291895e+01 3.649142e+01 3.132006e+01 3.151880e+01 2.769873e+01 2.235999e+01 2.947670e-01 7.972918e-01 7.187139e-01 1.090603e+00 8.893082e-01 1.331516e+00 1.467563e+00 1.373857e+00 1.040692e+00 1.017916e+00 9.088336e-01 8.406816e-01 7.449932e-04
<GCONST> 7.598323e+01
<MIXTURE> 59 6.172147e-03
<MEAN> 25
 2.726899e+00 -3.246360e+00 7.421276e+00 -5.186002e+00 -1.367799e+01 -5.567674e+00 2.002387e+00 1.220194e+00 -2.532632e+00 2.178350e+00 -3.658931e-02 -4.272506e-01 -1.815852e-02 -1.825156e-01 -7.123845e-02 -2.453483e-01 -3.925092e-02 3.301114e-01 2.317815e-01 1.330256e-01 5.035331e-02 1.276062e-02 -3.401722e-02 -1.314095e-01 -1.061469e-03
<VARIANCE> 25
 7.684292e+00 1.464232e+01 1.918499e+01 2.588951e+01 2.273807e+01 4.477441e+01 3.291895e+01 3.649142e+01 3.132006e+01 3.151880e+01 2.769873e+01 2.235999e+01 2.947670e-01 7.972918e-01 7.187139e-01 1.090603e+00 8.893082e-01 1.331516e+00 1.467563e+00 1.373857e+00 1.040692e+00 1.017916e+00 9.088336e-01 8.406816e-01 7.449932e-04
<GCONST> 7.598323e+01
<MIXTURE> 60 4.479129e-03
<MEAN> 25
 -4.253935e+00 -6.207769e-01 -1.113351e+00 3.676175e+00 1.731845e+00 2.098284e+00 1.672045e+00 1.505337e+00 2.210334e+00 1.250779e+00 2.402812e+00 1.968827e+00 -3.647208e-02 4.830334e-02 1.002353e-01 1.339979e-01 1.293406e-01 1.295394e-01 1.785264e-01 3.333161e-01 5.489886e-01 6.860444e-01 5.731627e-01 2.986223e-01 -5.215505e-04
<VARIANCE> 25
 6.909177e+00 4.785095e+00 1.023903e+01 1.129880e+01 1.345037e+01 1.678160e+01 1.393259e+01 1.183471e+01 1.278455e+01 1.313519e+01 1.587089e+01 1.239789e+01 9.038361e-02 1.734944e-01 2.770659e-01 4.275514e-01 5.773810e-01 7.231116e-01 8.292856e-01 8.922577e-01 9.060776e-01 8.727664e-01 8.763432e-01 8.545269e-01 2.395161e-05
<GCONST> 5.649979e+01
<MIXTURE> 61 4.479129e-03
<MEAN> 25
 -4.253935e+00 -6.207769e-01 -1.113351e+00 3.676175e+00 1.731845e+00 2.098284e+00 1.672045e+00 1.505337e+00 2.210334e+00 1.250779e+00 2.402812e+00 1.968827e+00 -3.647208e-02 4.830334e-02 1.002353e-01 1.339979e-01 1.293406e-01 1.295394e-01 1.785264e-01 3.333161e-01 5.489886e-01 6.860444e-01 5.731627e-01 2.986223e-01 -5.215505e-04
<VARIANCE> 25
 6.909177e+00 4.785095e+00 1.023903e+01 1.129880e+01 1.345037e+01 1.678160e+01 1.393259e+01 1.183471e+01 1.278455e+01 1.313519e+01 1.587089e+01 1.239789e+01 9.038361e-02 1.734944e-01 2.770659e-01 4.275514e-01 5.773810e-01 7.231116e-01 8.292856e-01 8.922577e-01 9.060776e-01 8.727664e-01 8.763432e-01 8.545269e-01 2.395161e-05
<GCONST> 5.649979e+01
<MIXTURE> 62 3.278034e-03
<MEAN> 25
 -4.881534e+00 1.433937e+00 6.370661e-01 8.245276e+00 5.747965e+00 4.768646e+00 5.314681e+00 3.594347e+00 5.293272e+00 3.737120e+00 4.880000e+00 3.186121e+00 -9.775447e-01 -1.150544e+00 -8.754602e-01 -2.268848e-01 4.227763e-01 9.894211e-01 1.273839e+00 1.537981e+00 1.526739e+00 1.325065e+00 1.179269e+00 7.206349e-01 -1.348448e-03
<VARIANCE> 25
 9.726048e+00 9.785456e+00 1.398655e+01 1.944368e+01 1.792505e+01 1.724239e+01 1.880940e+01 2.035349e+01 1.939244e+01 1.781992e+01 2.029589e+01 1.450754e+01 3.808265e-01 4.048010e-01 5.860345e-01 7.558348e-01 9.654202e-01 1.112902e+00 1.313710e+00 1.196764e+00 1.306605e+00 1.388775e+00 1.498587e+00 1.294183e+00 1.548545e-05
<GCONST> 6.734255e+01
<MIXTURE> 63 4.351215e-03
<MEAN> 25
 -4.089008e+00 -1.923542e+00 -4.645023e+00 2.687606e+00 3.141257e+00 -2.299686e-01 3.207152e+00 1.232744e+00 2.726549e+00 -1.164725e+00 -1.292745e+00 2.668092e+00 -1.548432e-01 3.231809e-01 4.107782e-01 4.694597e-01 3.467939e-01 3.364793e-01 3.338257e-01 1.732788e-01 7.897478e-02 2.998858e-01 2.514842e-01 1.521677e-01 -6.018935e-03
<VARIANCE> 25
 8.573771e+00 1.655819e+01 1.518181e+01 1.531944e+01 1.771281e+01 2.465995e+01 2.214389e+01 2.295527e+01 2.495805e+01 2.507264e+01 1.960985e+01 1.629799e+01 3.000870e-01 4.214677e-01 5.909121e-01 6.586176e-01 8.540192e-01 1.219814e+00 1.231491e+00 1.278326e+00 1.373875e+00 1.377776e+00 1.263139e+00 1.195475e+00 1.972940e-04
<GCONST> 7.087107e+01
<MIXTURE> 64 4.351215e-03
<MEAN> 25
 -4.089008e+00 -1.923542e+00 -4.645023e+00 2.687606e+00 3.141257e+00 -2.299686e-01 3.207152e+00 1.232744e+00 2.726549e+00 -1.164725e+00 -1.292745e+00 2.668092e+00 -1.548432e-01 3.231809e-01 4.107782e-01 4.694597e-01 3.467939e-01 3.364793e-01 3.338257e-01 1.732788e-01 7.897478e-02 2.998858e-01 2.514842e-01 1.521677e-01 -6.018935e-03
<VARIANCE> 25
 8.573771e+00 1.655819e+01 1.518181e+01 1.531944e+01 1.771281e+01 2.465995e+01 2.214389e+01 2.295527e+01 2.495805e+01 2.507264e+01 1.960985e+01 1.629799e+01 3.000870e-01 4.214677e-01 5.909121e-01 6.586176e-01 8.540192e-01 1.219814e+00 1.231491e+00 1.278326e+00 1.373875e+00 1.377776e+00 1.263139e+00 1.195475e+00 1.972940e-04
<GCONST> 7.087107e+01
<MIXTURE> 65 1.721197e-02
<MEAN> 25
 7.947210e+00 2.011988e+00 2.419059e+00 6.834330e-01 -5.265588e+00 -3.899906e+00 -3.860340e+00 -6.873132e+00 -4.712574e+00 -1.143590e+00 -5.205209e+00 -1.505913e+00 1.874043e-01 -9.802487e-03 1.151694e-01 1.079235e-01 -2.098521e-01 1.998485e-01 2.101891e-02 -3.262174e-01 1.568013e-02 4.827925e-02 1.622903e-01 -1.397919e-02 -2.818153e-03
<VARIANCE> 25
 8.458651e+00 1.834289e+01 2.917110e+01 3.237796e+01 3.421642e+01 5.614679e+01 7.962474e+01 6.665018e+01 6.712238e+01 6.974344e+01 5.998526e+01 5.109052e+01 5.225734e-01 9.386416e-01 1.657408e+00 1.901627e+00 1.838688e+00 2.180487e+00 2.856785e+00 3.729989e+00 2.753428e+00 3.310800e+00 2.449282e+00 2.018168e+00 3.967337e-04
<GCONST> 9.062466e+01
<MIXTURE> 66 1.191532e-02
<MEAN> 25
 6.673838e+00 -3.579514e+00 -5.083209e+00 -4.625467e+00 1.179843e+00 -5.644054e+00 -6.160198e+00 2.109248e+00 2.541967e-01 1.145496e+00 -7.062886e+00 -2.841957e+00 -4.452792e-01 1.750937e+00 2.086755e+00 2.334420e+00 -1.234209e+00 -1.493708e+00 5.279359e-01 -8.628932e-01 2.235265e-01 -5.255683e-01 -3.859815e-01 1.173864e+00 -5.706809e-02
<VARIANCE> 25
 7.562989e+00 1.977852e+01 2.476341e+01 2.669626e+01 3.276292e+01 5.015578e+01 6.731432e+01 3.798268e+01 4.339050e+01 9.480686e+01 6.826351e+01 3.824408e+01 1.421726e+00 2.222623e+00 2.285784e+00 2.099481e+00 3.319562e+00 3.989942e+00 5.444740e+00 4.321610e+00 4.260690e+00 4.511047e+00 4.636036e+00 2.959278e+00 1.340536e-03
<GCONST> 9.630998e+01
<MIXTURE> 67 1.559142e-02
<MEAN> 25
 8.629366e+00 1.480465e+00 -6.273894e+00 -9.386891e+00 -1.809152e-01 4.853815e+00 -2.405997e+00 -7.894947e-01 -6.323290e+00 -1.667032e+00 2.194296e+00 -2.551488e+00 -8.355309e-01 1.754256e+00 7.900627e-01 3.344409e+00 1.370995e+00 -1.021989e-01 1.251262e+00 5.050817e-01 -2.327168e-01 4.277531e-03 5.851493e-02 6.703994e-02 -1.211437e-01
<VARIANCE> 25
 9.345660e+00 2.748107e+01 2.116775e+01 5.557403e+01 3.798626e+01 4.254067e+01 6.135175e+01 5.064047e+01 8.930121e+01 5.281323e+01 5.317695e+01 5.142841e+01 2.080903e+00 2.326442e+00 2.409880e+00 4.502413e+00 3.537623e+00 3.347308e+00 3.244600e+00 5.387158e+00 5.600220e+00 3.536240e+00 4.550158e+00 3.187937e+00 2.269979e-03
<GCONST> 9.923356e+01
<MIXTURE> 68 1.485092e-02
<MEAN> 25
 -1.447195e+00 -2.046672e+00 -3.809168e+00 1.669020e+00 5.474644e+00 8.975472e-02 2.381174e+00 9.305564e-01 2.638371e+00 9.589632e-01 -2.376929e-01 1.268046e+00 2.763182e+00 4.569614e-01 6.081059e-02 -2.405100e+00 -2.290411e+00 -1.569995e+00 -1.938023e+00 -1.429483e+00 -1.764268e+00 -9.367662e-01 -2.110363e+00 -9.450507e-01 9.487959e-02
<VARIANCE> 25
 2.366555e+01 3.254367e+01 4.900301e+01 4.882165e+01 4.319874e+01 5.139600e+01 4.367224e+01 3.912008e+01 4.298496e+01 3.947983e+01 3.432133e+01 2.354354e+01 1.968915e+00 3.153913e+00 5.170419e+00 5.080073e+00 4.742341e+00 5.092404e+00 5.369727e+00 4.816706e+00 5.266503e+00 5.699589e+00 5.302246e+00 3.447038e+00 6.148447e-03
<GCONST> 1.024010e+02
<MIXTURE> 69 1.204884e-02
<MEAN> 25
 5.051877e+00 -3.565757e+00 -3.789280e+00 -3.203626e+00 -1.660020e+00 -7.679382e+00 7.374787e-01 2.603346e+00 6.843907e-02 -2.101382e+00 -7.073059e+00 4.285655e-01 1.537933e+00 -1.845957e+00 -1.245255e+00 -2.273112e+00 -9.898553e-01 -6.688375e-01 -5.624003e-01 1.251108e+00 -4.894866e-01 -5.925273e-01 -2.414582e+00 -6.087505e-02 6.665861e-02
<VARIANCE> 25
 7.377759e+00 1.852836e+01 2.464676e+01 2.267282e+01 4.721828e+01 3.834669e+01 4.640452e+01 2.739643e+01 3.481472e+01 5.562932e+01 3.357874e+01 2.192674e+01 2.975376e+00 2.948075e+00 2.683141e+00 2.881421e+00 5.263455e+00 4.184238e+00 5.769023e+00 6.506909e+00 5.030162e+00 6.400206e+00 4.555053e+00 3.606335e+00 2.319629e-03
<GCONST> 9.714877e+01
<MIXTURE> 70 1.329190e-02
<MEAN> 25
 7.580051e+00 -2.473549e+00 -3.848804e+00 -2.587919e+00 -1.516129e+00 3.680270e-01 -7.678536e+00 -3.002259e+00 -1.388444e+00 1.407817e+00 7.428936e-01 -4.859811e+00 1.755974e+00 -1.094170e+00 -4.810725e-01 -1.902656e+00 -1.723424e+00 9.729676e-01 -1.246981e+00 -6.025062e-01 1.031825e-01 4.448811e-01 7.039472e-01 -9.757240e-01 4.943550e-02
<VARIANCE> 25
 8.422607e+00 2.371558e+01 2.562177e+01 4.291759e+01 3.282019e+01 4.397762e+01 5.766776e+01 4.068033e+01 7.051042e+01 5.297221e+01 7.240987e+01 4.397738e+01 3.941616e+00 2.785351e+00 4.646190e+00 4.441154e+00 4.774981e+00 5.988638e+00 7.831723e+00 6.649603e+00 1.049928e+01 5.924158e+00 4.993574e+00 4.655968e+00 2.784385e-03
<GCONST> 1.036952e+02
<MIXTURE> 71 1.406903e-02
<MEAN> 25
 6.287156e+00 4.639874e+00 4.858478e+00 3.179360e+00 -3.173823e+00 -3.807453e+00 -1.393877e+00 -6.703305e+00 -4.829503e+00 -1.438771e+00 -5.364160e+00 -2.327942e+00 -1.431698e+00 -6.183043e-01 -1.863760e-01 -1.512493e+00 9.174705e-01 -5.625408e-01 -3.290561e-01 2.109056e+00 1.973841e-01 -3.350429e-01 5.931609e-01 -2.244922e-02 4.215862e-02
<VARIANCE> 25
 1.657845e+01 2.326886e+01 2.475931e+01 3.785461e+01 3.577683e+01 3.674132e+01 7.364385e+01 4.107038e+01 3.453454e+01 5.111738e+01 3.495811e+01 3.534330e+01 1.748806e+00 3.120127e+00 5.387498e+00 4.390375e+00 4.240802e+00 4.810592e+00 5.309215e+00 8.368142e+00 4.039123e+00 3.903823e+00 3.163017e+00 2.956512e+00 1.373002e-03
<GCONST> 9.860870e+01
<MIXTURE> 72 8.134747e-03
<MEAN> 25
 4.429790e+00 -4.211839e+00 5.415622e+00 -1.741075e+00 -1.004069e+01 -9.562468e+00 -2.689538e+00 4.054358e+00 -6.057046e+00 -1.601281e+00 -1.540287e+00 7.632497e-01 9.280243e-01 -6.849175e-01 -2.494994e+00 5.011094e-01 2.241683e+00 -9.155204e-01 -1.713688e+00 1.032215e+00 1.720457e+00 -7.573358e-01 -5.365410e-01 4.444144e-01 -5.898015e-03
<VARIANCE> 25
 9.128724e+00 1.510768e+01 2.446426e+01 3.792407e+01 2.798166e+01 2.815000e+01 3.713316e+01 3.745662e+01 4.619627e+01 3.918295e+01 3.233119e+01 2.297047e+01 6.131883e-01 7.700191e-01 2.132440e+00 1.700978e+00 1.960834e+00 2.226345e+00 2.565066e+00 2.880076e+00 1.995085e+00 5.011437e+00 3.442657e+00 1.956041e+00 4.219773e-04
<GCONST> 8.617513e+01
<MIXTURE> 73 1.213625e-02
<MEAN> 25
 -5.152133e+00 -5.602305e-01 -1.381250e+00 5.067888e+00 4.069854e+00 2.134836e+00 5.254786e+00 2.742972e+00 4.875443e+00 3.078137e+00 3.933965e+00 2.689867e+00 8.333970e-01 -1.013077e+00 -7.474785e-01 -2.387420e+00 -1.113187e+00 -1.636150e+00 -7.000605e-01 -4.646248e-01 -8.431848e-01 -5.784298e-01 -1.241157e+00 -3.361281e-01 1.455118e-01
<VARIANCE> 25
 1.487949e+01 1.317360e+01 1.402200e+01 2.055610e+01 2.279169e+01 2.439968e+01 2.049638e+01 2.131727e+01 2.116350e+01 2.038337e+01 2.143489e+01 1.455039e+01 4.008303e+00 2.879078e+00 6.152746e+00 4.717724e+00 6.329155e+00 4.965305e+00 4.209591e+00 5.113616e+00 3.665672e+00 4.184584e+00 3.509344e+00 2.568001e+00 4.531092e-03
<GCONST> 9.296244e+01
<MIXTURE> 74 1.756491e-02
<MEAN> 25
 4.419465e+00 -2.202934e+00 5.473855e+00 -8.442848e-01 -8.789169e+00 -8.019914e+00 -3.618501e+00 8.991584e-01 -3.971786e+00 -3.191850e+00 -8.771185e-01 -1.789219e-01 1.793387e-01 1.930893e+00 1.575620e-01 1.715318e+00 1.101876e+00 3.122640e-01 2.852662e-01 -1.246809e+00 3.217751e-01 4.531933e-02 -3.552002e-01 2.511542e-01 -7.697172e-02
<VARIANCE> 25
 1.122694e+01 2.353479e+01 3.578754e+01 3.823265e+01 3.483184e+01 3.898396e+01 6.025147e+01 4.472917e+01 4.419526e+01 4.593201e+01 4.726793e+01 3.588161e+01 2.151282e+00 2.044314e+00 3.955204e+00 2.381598e+00 3.922636e+00 3.822313e+00 6.800044e+00 4.004365e+00 3.987572e+00 4.425064e+00 4.393662e+00 4.617416e+00 1.831730e-03
<GCONST> 9.822353e+01
<MIXTURE> 75 9.711651e-03
<MEAN> 25
 1.854525e+00 -1.418780e+00 1.119642e+01 1.561768e+00 -1.021718e+01 -7.113498e+00 -4.450653e+00 6.535313e-02 -4.700702e+00 -5.755851e+00 2.742465e+00 -6.381667e-01 1.913388e+00 -1.947971e+00 3.880354e-02 -9.942812e-02 -2.130449e+00 -7.365821e-01 -1.465225e+00 1.170759e+00 -5.091865e-01 -1.498327e-01 9.433070e-01 -8.437511e-01 3.242152e-02
<VARIANCE> 25
 1.260047e+01 2.335883e+01 2.761023e+01 2.553638e+01 3.173347e+01 3.073865e+01 2.671579e+01 2.763803e+01 3.449333e+01 3.153082e+01 1.891294e+01 2.103869e+01 2.307651e+00 1.752309e+00 3.793827e+00 2.249430e+00 3.636992e+00 4.910954e+00 3.512239e+00 3.169844e+00 3.637275e+00 3.149930e+00 2.610576e+00 2.459056e+00 1.404274e-03
<GCONST> 9.121871e+01
<MIXTURE> 76 1.052359e-02
<MEAN> 25
 -6.469293e+00 -1.320664e+00 -2.685238e+00 3.822547e+00 3.693221e+00 2.308792e+00 4.256907e+00 8.691891e-01 3.967036e+00 8.852237e-01 1.935527e+00 2.776109e+00 -2.348741e-01 -5.355750e-01 -2.395884e-01 -7.544981e-01 -5.908893e-01 -8.888379e-01 -5.016409e-01 -2.527277e-01 -3.718107e-01 -3.767816e-01 -4.080696e-01 -1.096369e-01 1.423353e-02
<VARIANCE> 25
 3.503451e+01 2.809833e+01 3.157812e+01 2.526871e+01 3.216575e+01 3.390325e+01 2.348258e+01 3.665162e+01 2.879034e+01 2.570564e+01 2.457382e+01 1.684931e+01 1.159772e+00 1.020685e+00 1.283977e+00 1.157887e+00 1.527989e+00 1.901630e+00 1.548510e+00 1.698230e+00 1.554566e+00 1.499501e+00 1.493663e+00 1.164603e+00 1.631230e-03
<GCONST> 8.348618e+01
<MIXTURE> 77 1.244626e-02
<MEAN> 25
 -4.696984e-01 8.581067e+00 1.246744e+01 -1.161230e+01 -7.003269e+00 9.574985e-01 -9.280875e+00 -7.227816e+00 -3.384484e+00 -2.063849e-01 -4.654066e+00 -1.492466e+00 6.916283e-02 1.350472e-01 7.343753e-02 2.520354e-01 -2.437527e-02 7.877793e-02 -6.605041e-02 -6.124701e-02 8.104671e-02 -4.305649e-02 2.670767e-02 1.165274e-01 -9.906610e-03
<VARIANCE> 25
 1.044046e+01 2.009492e+01 2.748842e+01 4.162095e+01 3.317801e+01 3.378650e+01 3.669274e+01 3.189643e+01 3.528991e+01 3.328302e+01 3.754421e+01 3.495353e+01 2.997575e-01 7.826425e-01 6.448742e-01 1.086542e+00 1.241506e+00 9.852218e-01 1.224040e+00 1.073368e+00 1.044945e+00 1.067953e+00 9.712250e-01 9.238415e-01 5.396373e-04
<GCONST> 7.781618e+01
<MIXTURE> 78 9.702551e-03
<MEAN> 25
 -1.119979e+01 1.915465e+00 -1.653910e+00 3.095354e+00 4.378569e+00 -2.463771e+00 3.623602e+00 1.875626e+00 3.096357e+00 9.805622e-02 -8.581200e-01 3.035387e+00 2.428293e+00 -4.016335e-01 2.360594e-01 4.224553e-01 -2.137718e-01 -1.022135e-02 -3.255388e-01 -1.257459e-01 1.980532e-01 1.102012e-01 -5.110887e-01 -4.709807e-01 -6.066925e-02
<VARIANCE> 25
 4.167788e+01 3.576466e+01 3.156207e+01 3.767133e+01 3.658918e+01 3.731340e+01 3.384819e+01 3.419168e+01 2.740332e+01 3.011223e+01 2.674969e+01 1.867597e+01 4.864522e+00 2.483074e+00 2.760105e+00 3.012729e+00 3.019592e+00 3.446996e+00 3.004756e+00 2.683829e+00 2.168477e+00 2.369656e+00 2.418738e+00 1.922498e+00 4.375360e-03
<GCONST> 9.431856e+01
<MIXTURE> 79 1.156824e-02
<MEAN> 25
 2.109458e+00 1.069490e+00 9.942971e+00 -5.202434e+00 -1.187506e+01 -2.011077e+00 -2.195890e+00 -4.761575e+00 -7.963370e+00 -3.696703e-01 -2.796419e+00 -3.800719e+00 1.313801e+00 -6.926998e-01 -1.549000e+00 2.345288e+00 1.245574e-01 -1.784269e+00 4.681371e-01 1.124110e+00 -5.921219e-01 -3.320596e-01 4.460015e-01 5.088083e-01 -3.165436e-02
<VARIANCE> 25
 1.306190e+01 2.144748e+01 3.420406e+01 4.994552e+01 2.888626e+01 3.768671e+01 4.146645e+01 4.563789e+01 4.108749e+01 3.728143e+01 3.895850e+01 2.935703e+01 8.862032e-01 1.981632e+00 1.731981e+00 1.788162e+00 2.718700e+00 2.861131e+00 2.837871e+00 3.427336e+00 2.320441e+00 2.646800e+00 1.997270e+00 2.095816e+00 1.107141e-03
<GCONST> 9.040066e+01
<MIXTURE> 80 7.550998e-03
<MEAN> 25
 -1.526539e+01 4.021589e+00 1.664017e+00 1.921424e+00 2.750480e+00 1.758220e+00 5.616018e+00 1.341918e+00 2.911442e+00 1.610707e+00 3.695002e+00 8.356203e-01 4.232931e+00 2.816229e-02 1.369371e+00 -1.029181e+00 -2.956061e+00 -2.739804e+00 -2.266849e+00 -1.939063e+00 -1.785260e+00 -1.601619e+00 -1.486445e+00 -4.791941e-01 -4.231049e-02
<VARIANCE> 25
 2.055089e+01 1.693315e+01 3.381556e+01 3.477365e+01 2.733092e+01 2.721936e+01 2.890836e+01 3.073368e+01 2.345376e+01 3.120013e+01 3.028908e+01 1.643756e+01 2.092158e+00 2.762118e+00 2.773031e+00 3.652100e+00 2.997658e+00 2.542692e+00 2.707399e+00 2.925064e+00 2.657818e+00 2.334915e+00 2.653293e+00 1.905249e+00 1.469569e-03
<GCONST> 9.016904e+01
<MIXTURE> 81 8.025434e-03
<MEAN> 25
 -1.123230e+00 4.063611e+00 1.019356e+01 -1.477380e+01 -9.067554e+00 -1.420391e+00 -6.769877e+00 -8.393913e+00 -4.169021e+00 -4.391772e-01 -7.559625e+00 -2.259426e+00 1.369618e-01 -5.912044e-01 -2.760964e-03 -5.516020e-01 -4.686237e-01 3.353252e-01 3.161461e-01 1.390180e-01 -1.445411e-01 1.096957e-01 -4.658839e-01 -1.283522e-01 1.147638e-02
<VARIANCE> 25
 1.013910e+01 3.273627e+01 2.644826e+01 2.956304e+01 3.370076e+01 3.045188e+01 4.535740e+01 2.860439e+01 3.801939e+01 3.203407e+01 2.533042e+01 3.103684e+01 7.742639e-01 2.278003e+00 1.542911e+00 2.874941e+00 2.665381e+00 2.122731e+00 3.281013e+00 2.286422e+00 2.356644e+00 2.539890e+00 2.297854e+00 2.078549e+00 1.181110e-03
<GCONST> 8.870444e+01
<MIXTURE> 82 8.213053e-03
<MEAN> 25
 -9.964930e+00 -3.887958e+00 1.636975e+00 -2.949768e+00 3.115515e+00 6.726348e-01 1.988547e+00 9.430978e-01 2.994516e+00 1.723009e+00 1.759354e+00 3.079898e+00 -1.328094e+00 -1.268363e-01 2.932966e-01 -2.597940e+00 -1.094201e+00 -1.253847e+00 -1.000376e+00 -8.655611e-01 -3.163808e-01 -4.759389e-01 -3.159498e-01 -9.285112e-02 1.784099e-01
<VARIANCE> 25
 1.811546e+01 2.491379e+01 3.230300e+01 3.091290e+01 3.295591e+01 3.222773e+01 3.173823e+01 3.300890e+01 3.085571e+01 2.507015e+01 3.076950e+01 1.745464e+01 3.857104e+00 3.041251e+00 3.321504e+00 3.267454e+00 3.592512e+00 3.312387e+00 2.985117e+00 3.020813e+00 2.785804e+00 2.485885e+00 2.444665e+00 1.862716e+00 3.444389e-03
<GCONST> 9.312726e+01
<MIXTURE> 83 1.167529e-02
<MEAN> 25
 -2.034511e+01 5.356783e+00 -3.820297e-01 -3.725690e-01 8.311349e+00 -4.057346e-01 5.634038e+00 2.696145e+00 1.392511e+00 1.527450e+00 4.470852e-01 2.489997e+00 6.605086e-02 -3.723284e-01 -5.126632e-02 -4.542781e-01 -5.822397e-01 -7.163246e-02 -2.226922e-01 -3.474323e-01 -1.218514e-02 -7.148342e-02 -3.402939e-01 -1.397214e-01 5.259698e-03
<VARIANCE> 25
 9.397413e+00 1.559455e+01 3.859248e+01 2.066478e+01 2.020677e+01 2.607031e+01 2.092263e+01 2.158291e+01 1.859425e+01 2.416212e+01 2.121093e+01 1.387934e+01 1.175578e+00 1.015828e+00 1.228930e+00 1.020710e+00 1.390423e+00 1.207801e+00 1.322274e+00 1.639909e+00 1.369511e+00 1.182120e+00 1.810808e+00 1.026691e+00 1.052006e-03
<GCONST> 7.772921e+01
<MIXTURE> 84 1.066614e-02
<MEAN> 25
 1.207329e+00 8.847190e+00 7.231705e+00 7.914407e+00 2.751548e+00 -8.853746e-01 -1.572212e+00 -4.428741e+00 -3.689482e+00 -2.893755e+00 -2.176373e+00 -1.556265e+00 -1.753237e+00 -1.089135e+00 -1.240835e+00 1.204036e+00 2.292402e+00 1.418382e+00 1.436520e+00 1.323667e+00 1.192381e+00 4.664673e-01 4.757164e-01 3.972737e-01 -7.329798e-02
<VARIANCE> 25
 2.357925e+01 1.857367e+01 2.117803e+01 2.341820e+01 2.804618e+01 2.752595e+01 2.722090e+01 2.545061e+01 2.813176e+01 2.418718e+01 2.362787e+01 2.360583e+01 2.136018e+00 2.657307e+00 3.720787e+00 3.334512e+00 3.164499e+00 3.401264e+00 3.159661e+00 3.290830e+00 3.353472e+00 3.219476e+00 3.516329e+00 2.697391e+00 3.683858e-03
<GCONST> 9.226924e+01
<MIXTURE> 85 7.591393e-03
<MEAN> 25
 -3.341519e+00 7.913513e+00 5.767653e+00 1.292925e+00 -3.274244e+00 -5.105152e+00 -2.805023e+00 -6.053636e+00 -3.267385e+00 -3.327823e+00 -6.473690e-01 -1.766765e+00 3.966971e+00 2.664008e-01 1.735655e+00 -2.011553e+00 -3.371586e+00 -2.533897e+00 -2.768291e+00 -2.149958e+00 -2.228918e+00 -1.271643e+00 -2.215034e+00 -6.276804e-01 8.766161e-03
<VARIANCE> 25
 4.353691e+01 2.249176e+01 3.633010e+01 3.903553e+01 3.870736e+01 4.169421e+01 3.129748e+01 2.684057e+01 2.749639e+01 2.546965e+01 2.560205e+01 1.990586e+01 2.596107e+00 4.269057e+00 3.979816e+00 5.105202e+00 4.238519e+00 3.839387e+00 3.948821e+00 4.513704e+00 3.814168e+00 4.144074e+00 4.024413e+00 3.310545e+00 5.398540e-03
<GCONST> 9.821110e+01
<MIXTURE> 86 1.273941e-02
<MEAN> 25
 -5.321949e+00 -1.372405e+00 -1.035834e+00 6.279844e+00 5.277750e+00 4.677531e+00 5.272680e+00 3.984462e+00 5.212218e+00 4.215463e+00 4.927064e+00 2.389383e+00 -5.324438e-03 -1.597664e-03 -8.792567e-02 5.038896e-02 -7.830393e-02 -5.610966e-02 -8.738565e-02 -2.395471e-01 -4.612771e-01 -3.100532e-01 -9.100669e-02 -1.201485e-01 -3.081344e-03
<VARIANCE> 25
 6.999088e+00 5.134918e+00 9.963135e+00 1.091826e+01 1.455477e+01 1.603640e+01 1.430175e+01 1.263824e+01 1.241293e+01 1.283550e+01 1.458862e+01 1.354260e+01 8.861190e-02 1.679645e-01 2.997951e-01 5.440985e-01 5.599035e-01 8.193258e-01 8.910894e-01 7.459034e-01 9.386829e-01 8.712454e-01 8.710558e-01 9.136280e-01 8.446023e-05
<GCONST> 5.820779e+01
<MIXTURE> 87 1.100681e-02
<MEAN> 25
 -3.334415e+00 4.367023e+00 3.250041e+00 6.890811e+00 5.447144e+00 6.319996e-01 1.297289e+00 -1.076875e+00 3.066010e-02 -1.073974e+00 -3.840602e-01 -3.659261e-02 -2.014014e+00 -2.707503e+00 -2.120636e+00 -2.113072e+00 3.352700e-02 -1.758861e-01 7.287636e-01 1.285722e+00 1.344566e+00 8.948564e-01 9.099498e-01 9.896600e-01 1.030789e-01
<VARIANCE> 25
 3.859095e+01 2.830045e+01 2.990567e+01 3.130366e+01 2.738747e+01 3.085550e+01 2.759320e+01 2.597942e+01 2.851872e+01 2.314096e+01 2.495781e+01 2.167072e+01 4.355809e+00 2.574395e+00 3.652708e+00 3.489151e+00 4.596751e+00 4.082745e+00 4.085668e+00 3.633989e+00 3.346863e+00 3.494262e+00 3.218531e+00 2.556285e+00 4.843982e-03
<GCONST> 9.571298e+01
<MIXTURE> 88 1.256585e-02
<MEAN> 25
 -5.001441e+00 -1.205769e+00 -2.126218e+00 5.096494e+00 4.262827e+00 3.156919e+00 4.924517e+00 2.089339e+00 5.953210e+00 3.266458e+00 3.140594e+00 2.797604e+00 -6.591560e-02 -4.331707e-02 1.377962e-01 3.674389e-01 2.921770e-01 5.167894e-01 1.104168e-01 -2.632861e-01 -3.218827e-01 -2.566702e-01 -2.445178e-02 4.581560e-02 -6.446169e-03
<VARIANCE> 25
 7.602487e+00 8.811034e+00 1.440123e+01 1.174610e+01 1.726243e+01 2.038224e+01 1.784983e+01 1.971741e+01 2.275701e+01 1.449733e+01 1.759753e+01 1.113184e+01 9.536304e-01 1.345407e+00 2.157127e+00 1.722049e+00 3.003697e+00 3.658364e+00 2.072937e+00 3.856879e+00 2.129055e+00 2.168247e+00 2.420084e+00 1.672740e+00 1.631755e-03
<GCONST> 8.063231e+01
<MIXTURE> 89 9.333527e-03
<MEAN> 25
 6.037905e+00 -6.333830e+00 -3.739899e+00 -3.310588e+00 -1.516991e+00 -5.936034e+00 -5.510097e+00 4.310643e+00 3.356520e+00 -1.884251e+00 -7.045384e+00 -3.135888e+00 -5.509973e-01 2.434611e-01 1.870344e+00 8.920240e-01 -1.935585e+00 -1.628311e+00 7.740321e-01 1.153992e+00 -6.834040e-01 -1.273709e+00 2.398914e-01 1.585929e+00 -3.834764e-03
<VARIANCE> 25
 8.421420e+00 2.821914e+01 3.050375e+01 2.887561e+01 3.398615e+01 4.145841e+01 6.490950e+01 4.027965e+01 3.658810e+01 5.351471e+01 5.546093e+01 3.157786e+01 3.492620e-01 9.125825e-01 1.633467e+00 1.258194e+00 1.885031e+00 1.993617e+00 2.650252e+00 2.044626e+00 2.233031e+00 2.055411e+00 2.598515e+00 1.459545e+00 3.652935e-04
<GCONST> 8.589868e+01
<MIXTURE> 90 7.114505e-03
<MEAN> 25
 2.449026e+00 -9.722940e+00 -4.754843e+00 -3.978117e+00 -3.382977e+00 -1.812354e+00 3.366995e+00 1.181183e+00 -7.530308e+00 -1.021487e+01 -3.430265e+00 -7.393332e-01 -1.639230e-01 9.092669e-01 1.169141e+00 -8.539543e-01 -1.612901e+00 -2.118153e-01 6.448419e-01 -2.100282e-01 -1.689893e-01 7.371275e-01 1.832587e-01 -5.499036e-01 -1.115207e-02
<VARIANCE> 25
 8.494177e+00 1.778942e+01 1.980897e+01 2.801667e+01 3.683697e+01 3.217948e+01 3.851801e+01 3.639975e+01 3.524641e+01 2.772150e+01 2.699941e+01 2.613423e+01 2.241015e-01 6.128451e-01 7.870538e-01 1.042703e+00 1.469957e+00 1.591527e+00 1.780096e+00 1.654346e+00 1.810151e+00 1.678095e+00 1.495605e+00 1.308671e+00 2.149897e-04
<GCONST> 7.813573e+01
<MIXTURE> 91 7.852945e-03
<MEAN> 25
 6.396846e+00 -7.502651e+00 -8.551777e+00 -5.182394e+00 3.909186e+00 -1.900268e-01 -2.128201e+00 8.336390e-01 7.086337e-01 -2.772194e+00 -5.056844e+00 -5.141419e+00 2.495951e-01 1.009675e+00 1.969102e-01 4.515933e-01 -9.840281e-02 -5.645469e-01 -3.858665e-01 -9.603105e-02 -1.009364e-01 4.434507e-01 -1.375346e-01 2.253317e-01 -3.463952e-02
<VARIANCE> 25
 9.983988e+00 2.350021e+01 1.965703e+01 4.002775e+01 3.483391e+01 5.616904e+01 5.438533e+01 3.987408e+01 5.350118e+01 6.617017e+01 4.252614e+01 4.122594e+01 4.512538e-01 8.792626e-01 1.125439e+00 1.377153e+00 2.252629e+00 2.355632e+00 2.351588e+00 2.374324e+00 2.251843e+00 2.200957e+00 2.033283e+00 1.831906e+00 6.068823e-04
<GCONST> 8.738582e+01
<MIXTURE> 92 7.852945e-03
<MEAN> 25
 6.396846e+00 -7.502651e+00 -8.551777e+00 -5.182394e+00 3.909186e+00 -1.900268e-01 -2.128201e+00 8.336390e-01 7.086337e-01 -2.772194e+00 -5.056844e+00 -5.141419e+00 2.495951e-01 1.009675e+00 1.969102e-01 4.515933e-01 -9.840281e-02 -5.645469e-01 -3.858665e-01 -9.603105e-02 -1.009364e-01 4.434507e-01 -1.375346e-01 2.253317e-01 -3.463952e-02
<VARIANCE> 25
 9.983988e+00 2.350021e+01 1.965703e+01 4.002775e+01 3.483391e+01 5.616904e+01 5.438533e+01 3.987408e+01 5.350118e+01 6.617017e+01 4.252614e+01 4.122594e+01 4.512538e-01 8.792626e-01 1.125439e+00 1.377153e+00 2.252629e+00 2.355632e+00 2.351588e+00 2.374324e+00 2.251843e+00 2.200957e+00 2.033283e+00 1.831906e+00 6.068823e-04
<GCONST> 8.738582e+01
<MIXTURE> 93 6.122769e-03
<MEAN> 25
 -6.823740e+00 -9.820056e-01 -2.500621e+00 5.781673e+00 5.923741e+00 4.072617e+00 6.217176e+00 3.573214e+00 4.178726e+00 2.501236e+00 1.970496e+00 3.787002e+00 -6.367522e-02 -1.571087e-01 -2.527443e-01 -3.156580e-01 -3.243275e-01 -2.707272e-01 -2.207569e-01 -1.855146e-01 -1.802192e-01 -1.656997e-01 -1.115135e-01 -3.360343e-02 4.833758e-06
<VARIANCE> 25
 8.964053e+00 5.970888e+00 8.725212e+00 1.122448e+01 1.134431e+01 1.727766e+01 1.565363e+01 1.629564e+01 1.478377e+01 1.433807e+01 1.811793e+01 1.370265e+01 8.182111e-02 1.516774e-01 2.614056e-01 3.926042e-01 4.966783e-01 6.459702e-01 7.688179e-01 8.831865e-01 9.158773e-01 8.789750e-01 8.829976e-01 9.050133e-01 9.907943e-07
<GCONST> 5.374636e+01
<MIXTURE> 94 6.122769e-03
<MEAN> 25
 -6.823740e+00 -9.820056e-01 -2.500621e+00 5.781673e+00 5.923741e+00 4.072617e+00 6.217176e+00 3.573214e+00 4.178726e+00 2.501236e+00 1.970496e+00 3.787002e+00 -6.367522e-02 -1.571087e-01 -2.527443e-01 -3.156580e-01 -3.243275e-01 -2.707272e-01 -2.207569e-01 -1.855146e-01 -1.802192e-01 -1.656997e-01 -1.115135e-01 -3.360343e-02 4.833758e-06
<VARIANCE> 25
 8.964053e+00 5.970888e+00 8.725212e+00 1.122448e+01 1.134431e+01 1.727766e+01 1.565363e+01 1.629564e+01 1.478377e+01 1.433807e+01 1.811793e+01 1.370265e+01 8.182111e-02 1.516774e-01 2.614056e-01 3.926042e-01 4.966783e-01 6.459702e-01 7.688179e-01 8.831865e-01 9.158773e-01 8.789750e-01 8.829976e-01 9.050133e-01 9.907943e-07
<GCONST> 5.374636e+01
<MIXTURE> 95 5.258835e-03
<MEAN> 25
 -5.827773e+00 -7.411473e-01 -2.037523e+00 4.915853e+00 4.243721e+00 2.899457e+00 4.200986e+00 1.634926e+00 2.247906e+00 8.425075e-01 1.238924e+00 2.618417e+00 1.501987e-01 1.503152e-01 9.389433e-02 -7.283553e-02 -3.702813e-01 -7.209834e-01 -1.055511e+00 -1.279770e+00 -1.270994e+00 -1.002966e+00 -6.637907e-01 -3.126207e-01 -1.574826e-04
<VARIANCE> 25
 1.013403e+01 6.427333e+00 1.236360e+01 1.274079e+01 1.390833e+01 1.911045e+01 1.783289e+01 1.681723e+01 1.533519e+01 1.557806e+01 2.005682e+01 1.432087e+01 2.102135e-01 2.927523e-01 4.634035e-01 6.366277e-01 7.994083e-01 9.010416e-01 9.170138e-01 9.166281e-01 9.673091e-01 1.080619e+00 1.186603e+00 1.113253e+00 4.199564e-05
<GCONST> 6.333960e+01
<MIXTURE> 96 7.034694e-03
<MEAN> 25
 -5.115366e+00 -4.779606e-01 -2.326833e+00 5.157429e+00 3.902885e+00 1.940251e+00 3.649281e+00 1.796192e+00 2.521764e+00 9.616556e-01 1.280702e+00 2.914215e+00 -3.173334e-02 8.272229e-02 2.117191e-01 4.103070e-01 5.363936e-01 5.019890e-01 2.382578e-01 -1.364234e-01 -4.711156e-01 -6.582742e-01 -6.084259e-01 -3.619041e-01 -8.517995e-06
<VARIANCE> 25
 1.091092e+01 9.655270e+00 1.330605e+01 1.411813e+01 1.495663e+01 2.112091e+01 1.882311e+01 1.907956e+01 1.818057e+01 1.642465e+01 2.100591e+01 1.485563e+01 1.193780e-01 2.177440e-01 3.132009e-01 3.947708e-01 4.893183e-01 6.532193e-01 8.624479e-01 9.926210e-01 9.503564e-01 8.574532e-01 8.762418e-01 9.321049e-01 9.926073e-07
<GCONST> 5.765503e+01
<MIXTURE> 97 7.034694e-03
<MEAN> 25
 -5.115366e+00 -4.779606e-01 -2.326833e+00 5.157429e+00 3.902885e+00 1.940251e+00 3.649281e+00 1.796192e+00 2.521764e+00 9.616556e-01 1.280702e+00 2.914215e+00 -3.173334e-02 8.272229e-02 2.117191e-01 4.103070e-01 5.363936e-01 5.019890e-01 2.382578e-01 -1.364234e-01 -4.711156e-01 -6.582742e-01 -6.084259e-01 -3.619041e-01 -8.517995e-06
<VARIANCE> 25
 1.091092e+01 9.655270e+00 1.330605e+01 1.411813e+01 1.495663e+01 2.112091e+01 1.882311e+01 1.907956e+01 1.818057e+01 1.642465e+01 2.100591e+01 1.485563e+01 1.193780e-01 2.177440e-01 3.132009e-01 3.947708e-01 4.893183e-01 6.532193e-01 8.624479e-01 9.926210e-01 9.503564e-01 8.574532e-01 8.762418e-01 9.321049e-01 9.926073e-07
<GCONST> 5.765503e+01
<MIXTURE> 98 9.917808e-03
<MEAN> 25
 -1.099069e+00 1.242589e+00 -4.653046e-01 4.608132e+00 3.474489e+00 1.994152e+00 2.713719e+00 8.989692e-01 2.324426e+00 7.646776e-01 9.868542e-01 7.749069e-01 -1.761403e+00 -1.441861e+00 -1.099586e+00 6.066737e-02 6.918855e-01 6.950195e-01 1.051632e+00 1.419131e+00 1.527168e+00 9.018897e-01 1.296405e+00 8.704717e-01 -3.702845e-02
<VARIANCE> 25
 1.382599e+01 1.773468e+01 3.126504e+01 2.893191e+01 3.705684e+01 3.758812e+01 3.284398e+01 2.812275e+01 2.758615e+01 2.871224e+01 2.322712e+01 2.174002e+01 1.517598e+00 1.369277e+00 2.206764e+00 2.318935e+00 2.834036e+00 3.551474e+00 2.794153e+00 2.502690e+00 2.547025e+00 3.552516e+00 2.717859e+00 1.924662e+00 2.387140e-03
<GCONST> 8.966057e+01
<MIXTURE> 99 6.696178e-03
<MEAN> 25
 -7.130965e+00 1.008913e+01 5.754652e+00 4.546467e+00 1.502173e+00 -5.006989e+00 -1.170449e+00 -4.120100e+00 -2.377582e+00 -4.218170e+00 -1.840080e+00 6.870819e-01 7.614809e-01 -8.055971e-01 3.347366e-01 -3.498584e-01 -1.209234e+00 -5.198309e-01 -4.386815e-01 -1.984362e-01 -3.470705e-02 -1.444070e-01 5.930223e-02 9.341858e-02 4.305877e-03
<VARIANCE> 25
 3.538948e+01 2.293500e+01 5.255157e+01 3.946447e+01 3.362450e+01 3.497948e+01 2.763264e+01 2.646463e+01 3.194241e+01 2.544320e+01 1.838482e+01 2.751862e+01 2.511043e+00 1.713413e+00 1.354407e+00 1.593948e+00 2.699266e+00 2.050464e+00 1.450429e+00 1.537229e+00 1.468054e+00 1.449999e+00 1.464173e+00 1.165410e+00 1.700894e-03
<GCONST> 8.652972e+01
<MIXTURE> 100 4.498084e-03
<MEAN> 25
 -1.640252e+00 6.361440e+00 1.032345e+01 -7.454633e+00 -1.067747e+01 -5.055366e+00 -4.894749e+00 -9.849133e+00 -4.739049e+00 -9.669527e-01 -2.746903e+00 -2.696646e+00 2.926012e+00 -1.254842e+00 1.305966e+00 -2.157374e+00 -3.401374e+00 -7.856415e-01 -1.226839e+00 -7.677544e-01 -1.503414e+00 3.214027e-01 -1.620162e+00 -3.060676e-01 1.775396e-03
<VARIANCE> 25
 1.363667e+01 2.084438e+01 2.242167e+01 2.620020e+01 2.365413e+01 2.348150e+01 2.896508e+01 2.268520e+01 2.723390e+01 2.346761e+01 2.217284e+01 2.111953e+01 1.786422e+00 3.913047e+00 2.890601e+00 4.304632e+00 4.162038e+00 4.487548e+00 3.978745e+00 4.523157e+00 4.184838e+00 3.920206e+00 3.970368e+00 3.220926e+00 1.659977e-03
<GCONST> 9.261763e+01
<MIXTURE> 101 6.007792e-03
<MEAN> 25
 7.709132e+00 -3.916577e+00 -5.873371e+00 -6.111415e+00 6.444845e-01 -1.828814e+00 -1.135959e+01 -1.745889e+00 5.210184e-01 3.424004e+00 -1.056481e+00 -5.117829e+00 6.521929e-01 5.294865e-01 -1.527488e+00 -1.644827e+00 9.381950e-01 2.354643e+00 6.511230e-02 -1.443763e+00 -9.094203e-01 1.202412e+00 1.447548e+00 -2.859947e-01 -2.623061e-03
<VARIANCE> 25
 9.603608e+00 1.423789e+01 2.534654e+01 3.577903e+01 3.121213e+01 3.093926e+01 3.153473e+01 3.468277e+01 4.060559e+01 4.117639e+01 4.727644e+01 2.091679e+01 2.435273e-01 6.608581e-01 1.048906e+00 1.411053e+00 1.709833e+00 1.837296e+00 2.012727e+00 1.879515e+00 2.307981e+00 2.627221e+00 1.462995e+00 1.916490e+00 2.933530e-04
<GCONST> 8.160314e+01
<MIXTURE> 102 6.007792e-03
<MEAN> 25
 7.709132e+00 -3.916577e+00 -5.873371e+00 -6.111415e+00 6.444845e-01 -1.828814e+00 -1.135959e+01 -1.745889e+00 5.210184e-01 3.424004e+00 -1.056481e+00 -5.117829e+00 6.521929e-01 5.294865e-01 -1.527488e+00 -1.644827e+00 9.381950e-01 2.354643e+00 6.511230e-02 -1.443763e+00 -9.094203e-01 1.202412e+00 1.447548e+00 -2.859947e-01 -2.623061e-03
<VARIANCE> 25
 9.603608e+00 1.423789e+01 2.534654e+01 3.577903e+01 3.121213e+01 3.093926e+01 3.153473e+01 3.468277e+01 4.060559e+01 4.117639e+01 4.727644e+01 2.091679e+01 2.435273e-01 6.608581e-01 1.048906e+00 1.411053e+00 1.709833e+00 1.837296e+00 2.012727e+00 1.879515e+00 2.307981e+00 2.627221e+00 1.462995e+00 1.916490e+00 2.933530e-04
<GCONST> 8.160314e+01
<MIXTURE> 103 5.694618e-03
<MEAN> 25
 3.385027e+00 -9.473363e+00 -6.120996e+00 -3.081826e+00 -1.334381e+00 -1.968457e+00 2.449752e+00 2.520256e+00 -4.584724e+00 -9.234775e+00 -5.069725e+00 3.614083e-01 -1.554811e-01 -1.487267e+00 -9.781082e-01 3.706188e-01 1.212422e+00 1.014866e+00 1.579832e-01 -2.662532e-01 -7.749423e-01 -9.452949e-01 -3.251715e-02 1.211841e-01 2.699064e-02
<VARIANCE> 25
 1.037193e+01 2.025330e+01 2.295704e+01 3.159089e+01 4.802552e+01 3.504211e+01 4.639689e+01 3.656175e+01 4.223872e+01 2.942767e+01 3.007880e+01 2.635021e+01 6.425465e-01 1.248503e+00 1.533970e+00 1.951250e+00 2.919619e+00 2.411734e+00 2.886691e+00 2.571395e+00 2.563709e+00 2.531382e+00 2.093686e+00 2.011266e+00 8.079260e-04
<GCONST> 8.756512e+01
<MIXTURE> 104 5.694618e-03
<MEAN> 25
 3.385027e+00 -9.473363e+00 -6.120996e+00 -3.081826e+00 -1.334381e+00 -1.968457e+00 2.449752e+00 2.520256e+00 -4.584724e+00 -9.234775e+00 -5.069725e+00 3.614083e-01 -1.554811e-01 -1.487267e+00 -9.781082e-01 3.706188e-01 1.212422e+00 1.014866e+00 1.579832e-01 -2.662532e-01 -7.749423e-01 -9.452949e-01 -3.251715e-02 1.211841e-01 2.699064e-02
<VARIANCE> 25
 1.037193e+01 2.025330e+01 2.295704e+01 3.159089e+01 4.802552e+01 3.504211e+01 4.639689e+01 3.656175e+01 4.223872e+01 2.942767e+01 3.007880e+01 2.635021e+01 6.425465e-01 1.248503e+00 1.533970e+00 1.951250e+00 2.919619e+00 2.411734e+00 2.886691e+00 2.571395e+00 2.563709e+00 2.531382e+00 2.093686e+00 2.011266e+00 8.079260e-04
<GCONST> 8.756512e+01
<MIXTURE> 105 4.710235e-03
<MEAN> 25
 2.210305e+00 -1.506480e+00 9.248323e+00 -2.690377e+00 -1.160379e+01 -4.991116e+00 -4.151882e+00 -7.998332e-01 -3.796767e+00 -3.180417e+00 1.519566e+00 -1.150557e+00 8.333586e-03 2.796372e-02 4.966294e-02 -4.492241e-02 5.726861e-03 4.578247e-02 -1.083968e-02 5.093185e-02 -3.843996e-02 2.786228e-02 2.984587e-02 -2.925410e-02 -2.169477e-03
<VARIANCE> 25
 1.348878e+01 2.861142e+01 4.080683e+01 4.481918e+01 3.768299e+01 5.423394e+01 4.141020e+01 4.367843e+01 4.005204e+01 4.216556e+01 4.186418e+01 3.072371e+01 8.409479e-02 1.890282e-01 3.420331e-01 2.913838e-01 3.733688e-01 4.302184e-01 4.702591e-01 4.903874e-01 4.932092e-01 4.406720e-01 4.203877e-01 3.980556e-01 8.937597e-05
<GCONST> 6.674821e+01
<MIXTURE> 106 4.710235e-03
<MEAN> 25
 2.210305e+00 -1.506480e+00 9.248323e+00 -2.690377e+00 -1.160379e+01 -4.991116e+00 -4.151882e+00 -7.998332e-01 -3.796767e+00 -3.180417e+00 1.519566e+00 -1.150557e+00 8.333586e-03 2.796372e-02 4.966294e-02 -4.492241e-02 5.726861e-03 4.578247e-02 -1.083968e-02 5.093185e-02 -3.843996e-02 2.786228e-02 2.984587e-02 -2.925410e-02 -2.169477e-03
<VARIANCE> 25
 1.348878e+01 2.861142e+01 4.080683e+01 4.481918e+01 3.768299e+01 5.423394e+01 4.141020e+01 4.367843e+01 4.005204e+01 4.216556e+01 4.186418e+01 3.072371e+01 8.409479e-02 1.890282e-01 3.420331e-01 2.913838e-01 3.733688e-01 4.302184e-01 4.702591e-01 4.903874e-01 4.932092e-01 4.406720e-01 4.203877e-01 3.980556e-01 8.937597e-05
<GCONST> 6.674821e+01
<MIXTURE> 107 5.452374e-03
<MEAN> 25
 8.174534e+00 -2.460946e+00 -7.290424e+00 -8.509770e+00 1.575541e+00 2.687177e+00 -1.019754e+01 -3.723940e+00 -2.049305e+00 2.609540e+00 2.430676e+00 -6.181080e+00 -6.880302e-01 -8.036303e-01 1.030469e+00 1.618269e+00 1.226814e-01 -2.038985e+00 -8.876497e-01 5.645649e-01 2.023129e+00 1.212244e-01 -1.635767e+00 -6.532526e-01 1.816095e-03
<VARIANCE> 25
 1.005308e+01 1.802789e+01 2.827224e+01 4.291377e+01 3.328713e+01 3.541636e+01 6.159122e+01 3.538563e+01 5.138258e+01 5.950019e+01 6.630092e+01 3.866531e+01 3.528033e-01 1.008820e+00 1.534274e+00 2.294699e+00 2.067110e+00 2.659084e+00 3.266533e+00 2.608094e+00 2.314948e+00 2.703938e+00 1.964566e+00 2.219628e+00 8.827397e-04
<GCONST> 8.922771e+01
<MIXTURE> 108 5.452374e-03
<MEAN> 25
 8.174534e+00 -2.460946e+00 -7.290424e+00 -8.509770e+00 1.575541e+00 2.687177e+00 -1.019754e+01 -3.723940e+00 -2.049305e+00 2.609540e+00 2.430676e+00 -6.181080e+00 -6.880302e-01 -8.036303e-01 1.030469e+00 1.618269e+00 1.226814e-01 -2.038985e+00 -8.876497e-01 5.645649e-01 2.023129e+00 1.212244e-01 -1.635767e+00 -6.532526e-01 1.816095e-03
<VARIANCE> 25
 1.005308e+01 1.802789e+01 2.827224e+01 4.291377e+01 3.328713e+01 3.541636e+01 6.159122e+01 3.538563e+01 5.138258e+01 5.950019e+01 6.630092e+01 3.866531e+01 3.528033e-01 1.008820e+00 1.534274e+00 2.294699e+00 2.067110e+00 2.659084e+00 3.266533e+00 2.608094e+00 2.314948e+00 2.703938e+00 1.964566e+00 2.219628e+00 8.827397e-04
<GCONST> 8.922771e+01
<MIXTURE> 109 6.661064e-03
<MEAN> 25
 4.081800e+00 -1.055275e+01 -8.306288e+00 -1.358831e+00 2.754331e+00 -4.516113e-02 -7.221780e-02 1.457601e+00 -2.572418e+00 -8.376023e+00 -5.384465e+00 6.416161e-02 -3.319800e-02 -1.323472e-01 -3.284118e-02 2.506791e-01 1.969093e-01 1.187154e-01 -1.254728e-01 -1.055537e-01 -4.049379e-02 -1.312446e-01 2.193477e-01 1.218737e-02 -3.517987e-03
<VARIANCE> 25
 9.088865e+00 1.819772e+01 1.999597e+01 3.142594e+01 4.082198e+01 3.677625e+01 4.664466e+01 3.437529e+01 4.610248e+01 3.525581e+01 2.959968e+01 2.818362e+01 1.929974e-01 4.229616e-01 5.384927e-01 6.345919e-01 1.230994e+00 9.943226e-01 1.258187e+00 1.093042e+00 1.117581e+00 9.525007e-01 8.775870e-01 8.857787e-01 1.820095e-04
<GCONST> 7.445306e+01
<MIXTURE> 110 6.661064e-03
<MEAN> 25
 4.081800e+00 -1.055275e+01 -8.306288e+00 -1.358831e+00 2.754331e+00 -4.516113e-02 -7.221780e-02 1.457601e+00 -2.572418e+00 -8.376023e+00 -5.384465e+00 6.416161e-02 -3.319800e-02 -1.323472e-01 -3.284118e-02 2.506791e-01 1.969093e-01 1.187154e-01 -1.254728e-01 -1.055537e-01 -4.049379e-02 -1.312446e-01 2.193477e-01 1.218737e-02 -3.517987e-03
<VARIANCE> 25
 9.088865e+00 1.819772e+01 1.999597e+01 3.142594e+01 4.082198e+01 3.677625e+01 4.664466e+01 3.437529e+01 4.610248e+01 3.525581e+01 2.959968e+01 2.818362e+01 1.929974e-01 4.229616e-01 5.384927e-01 6.345919e-01 1.230994e+00 9.943226e-01 1.258187e+00 1.093042e+00 1.117581e+00 9.525007e-01 8.775870e-01 8.857787e-01 1.820095e-04
<GCONST> 7.445306e+01
<MIXTURE> 111 4.337247e-03
<MEAN> 25
 -4.462682e+00 -8.737858e-01 -1.746232e+00 1.667561e+00 9.455614e-01 9.472347e-01 3.684069e-01 1.864867e-01 9.476747e-02 -5.749013e-01 -6.465310e-01 1.963638e+00 -2.569000e-02 -3.122247e-02 -6.716150e-02 -7.294022e-02 -3.595310e-02 3.394984e-03 -6.253931e-03 -5.576463e-02 -1.390868e-01 -1.926464e-01 -1.852745e-01 -1.071062e-01 -2.996934e-04
<VARIANCE> 25
 6.967742e+00 5.085154e+00 1.022396e+01 9.397489e+00 1.306445e+01 2.370790e+01 1.495004e+01 1.315226e+01 1.152350e+01 1.198795e+01 1.356630e+01 1.150327e+01 8.151753e-02 1.625786e-01 2.769850e-01 4.174984e-01 5.654916e-01 7.015876e-01 7.988494e-01 8.536261e-01 8.868842e-01 8.642536e-01 8.589320e-01 8.417524e-01 2.311736e-05
<GCONST> 5.602193e+01
<MIXTURE> 112 4.337247e-03
<MEAN> 25
 -4.462682e+00 -8.737858e-01 -1.746232e+00 1.667561e+00 9.455614e-01 9.472347e-01 3.684069e-01 1.864867e-01 9.476747e-02 -5.749013e-01 -6.465310e-01 1.963638e+00 -2.569000e-02 -3.122247e-02 -6.716150e-02 -7.294022e-02 -3.595310e-02 3.394984e-03 -6.253931e-03 -5.576463e-02 -1.390868e-01 -1.926464e-01 -1.852745e-01 -1.071062e-01 -2.996934e-04
<VARIANCE> 25
 6.967742e+00 5.085154e+00 1.022396e+01 9.397489e+00 1.306445e+01 2.370790e+01 1.495004e+01 1.315226e+01 1.152350e+01 1.198795e+01 1.356630e+01 1.150327e+01 8.151753e-02 1.625786e-01 2.769850e-01 4.174984e-01 5.654916e-01 7.015876e-01 7.988494e-01 8.536261e-01 8.868842e-01 8.642536e-01 8.589320e-01 8.417524e-01 2.311736e-05
<GCONST> 5.602193e+01
<MIXTURE> 113 5.938666e-03
<MEAN> 25
 9.972048e+00 1.666478e+00 -8.734948e+00 -1.673344e+01 -9.460034e-01 5.574674e+00 -5.442169e+00 -1.217915e+00 -5.897396e+00 -3.302853e-01 4.798578e-01 -3.039438e-01 -2.771829e-03 1.075742e-02 -4.266965e-02 -1.174953e-01 1.013684e-01 1.577242e-01 6.917641e-02 5.316637e-03 1.262567e-03 -4.585550e-02 1.548238e-01 2.283728e-02 -1.693691e-03
<VARIANCE> 25
 8.607264e+00 1.646961e+01 2.885877e+01 3.659453e+01 5.174801e+01 3.385474e+01 4.043364e+01 3.976695e+01 4.070367e+01 4.830036e+01 3.702038e+01 2.874513e+01 1.197765e-01 3.149520e-01 3.197159e-01 6.656451e-01 6.006314e-01 6.362489e-01 8.166139e-01 8.649781e-01 1.056928e+00 9.242452e-01 7.535242e-01 6.960345e-01 1.273345e-04
<GCONST> 7.149640e+01
<MIXTURE> 114 5.938666e-03
<MEAN> 25
 9.972048e+00 1.666478e+00 -8.734948e+00 -1.673344e+01 -9.460034e-01 5.574674e+00 -5.442169e+00 -1.217915e+00 -5.897396e+00 -3.302853e-01 4.798578e-01 -3.039438e-01 -2.771829e-03 1.075742e-02 -4.266965e-02 -1.174953e-01 1.013684e-01 1.577242e-01 6.917641e-02 5.316637e-03 1.262567e-03 -4.585550e-02 1.548238e-01 2.283728e-02 -1.693691e-03
<VARIANCE> 25
 8.607264e+00 1.646961e+01 2.885877e+01 3.659453e+01 5.174801e+01 3.385474e+01 4.043364e+01 3.976695e+01 4.070367e+01 4.830036e+01 3.702038e+01 2.874513e+01 1.197765e-01 3.149520e-01 3.197159e-01 6.656451e-01 6.006314e-01 6.362489e-01 8.166139e-01 8.649781e-01 1.056928e+00 9.242452e-01 7.535242e-01 6.960345e-01 1.273345e-04
<GCONST> 7.149640e+01
<MIXTURE> 115 2.935202e-03
<MEAN> 25
 -4.031508e+00 -7.523134e-01 -3.108292e+00 3.656949e+00 2.413549e+00 -4.277790e-01 2.235019e+00 4.127970e-01 1.388240e+00 -1.980280e-02 4.044602e-02 2.687725e+00 3.161651e-02 -7.211528e-02 -2.307798e-01 -4.386980e-01 -6.334474e-01 -6.703678e-01 -5.921516e-01 -5.095131e-01 -4.866898e-01 -4.566612e-01 -3.437370e-01 -1.649531e-01 -3.168033e-06
<VARIANCE> 25
 9.267219e+00 9.883682e+00 1.353192e+01 1.270435e+01 1.348816e+01 1.756121e+01 1.708409e+01 2.080719e+01 1.793073e+01 1.721353e+01 1.919555e+01 1.466582e+01 2.037629e-01 3.456421e-01 4.855044e-01 5.616056e-01 6.341601e-01 7.979911e-01 1.008026e+00 1.130844e+00 1.075163e+00 9.943575e-01 1.025555e+00 1.064796e+00 1.000000e-06
<GCONST> 6.016114e+01
<MIXTURE> 116 2.935202e-03
<MEAN> 25
 -4.031508e+00 -7.523134e-01 -3.108292e+00 3.656949e+00 2.413549e+00 -4.277790e-01 2.235019e+00 4.127970e-01 1.388240e+00 -1.980280e-02 4.044602e-02 2.687725e+00 3.161651e-02 -7.211528e-02 -2.307798e-01 -4.386980e-01 -6.334474e-01 -6.703678e-01 -5.921516e-01 -5.095131e-01 -4.866898e-01 -4.566612e-01 -3.437370e-01 -1.649531e-01 -3.168033e-06
<VARIANCE> 25
 9.267219e+00 9.883682e+00 1.353192e+01 1.270435e+01 1.348816e+01 1.756121e+01 1.708409e+01 2.080719e+01 1.793073e+01 1.721353e+01 1.919555e+01 1.466582e+01 2.037629e-01 3.456421e-01 4.855044e-01 5.616056e-01 6.341601e-01 7.979911e-01 1.008026e+00 1.130844e+00 1.075163e+00 9.943575e-01 1.025555e+00 1.064796e+00 1.000000e-06
<GCONST> 6.016114e+01
<MIXTURE> 117 6.506003e-03
<MEAN> 25
 -4.648241e+00 1.111462e+00 1.035983e+00 9.749290e+00 6.261425e+00 6.271057e+00 6.474205e+00 5.037437e+00 6.389016e+00 4.923820e+00 6.378105e+00 2.721869e+00 -7.526096e-02 -2.343315e-01 -3.575850e-01 -4.177917e-01 -3.662770e-01 -3.009658e-01 -2.875746e-01 -3.325849e-01 -3.930704e-01 -3.704679e-01 -2.637125e-01 -1.155907e-01 -7.957685e-06
<VARIANCE> 25
 7.181781e+00 8.759692e+00 9.982472e+00 1.432921e+01 1.559077e+01 1.544002e+01 1.776340e+01 1.795660e+01 1.637942e+01 1.635811e+01 1.677678e+01 1.480615e+01 2.162500e-01 3.069749e-01 4.256944e-01 6.186256e-01 8.529957e-01 1.055183e+00 1.175486e+00 1.231406e+00 1.222704e+00 1.193955e+00 1.165324e+00 1.111771e+00 9.988748e-07
<GCONST> 6.044489e+01
<MIXTURE> 118 6.506003e-03
<MEAN> 25
 -4.648241e+00 1.111462e+00 1.035983e+00 9.749290e+00 6.261425e+00 6.271057e+00 6.474205e+00 5.037437e+00 6.389016e+00 4.923820e+00 6.378105e+00 2.721869e+00 -7.526096e-02 -2.343315e-01 -3.575850e-01 -4.177917e-01 -3.662770e-01 -3.009658e-01 -2.875746e-01 -3.325849e-01 -3.930704e-01 -3.704679e-01 -2.637125e-01 -1.155907e-01 -7.957685e-06
<VARIANCE> 25
 7.181781e+00 8.759692e+00 9.982472e+00 1.432921e+01 1.559077e+01 1.544002e+01 1.776340e+01 1.795660e+01 1.637942e+01 1.635811e+01 1.677678e+01 1.480615e+01 2.162500e-01 3.069749e-01 4.256944e-01 6.186256e-01 8.529957e-01 1.055183e+00 1.175486e+00 1.231406e+00 1.222704e+00 1.193955e+00 1.165324e+00 1.111771e+00 9.988748e-07
<GCONST> 6.044489e+01
<MIXTURE> 119 4.297961e-03
<MEAN> 25
 -5.056016e+00 -7.593729e+00 2.246947e+00 2.072925e+00 2.219381e+00 2.666583e-01 5.288565e+00 5.704591e+00 1.375976e+00 1.080152e+00 6.532439e+00 1.595675e+00 -5.846172e-02 -9.799311e-02 3.631822e-02 -5.491790e-02 -8.999345e-02 -1.828528e-01 -5.770063e-02 1.229061e-02 -1.039977e-01 -1.216018e-01 -7.158972e-02 -5.767811e-02 1.467282e-03
<VARIANCE> 25
 8.545534e+00 9.671975e+00 1.669920e+01 1.992425e+01 2.398977e+01 2.532158e+01 2.457824e+01 3.037208e+01 2.621576e+01 2.800828e+01 2.019321e+01 1.997027e+01 1.607707e-01 2.992440e-01 4.532160e-01 6.270801e-01 8.603225e-01 9.933640e-01 1.085110e+00 1.300304e+00 1.269740e+00 1.251217e+00 1.217050e+00 1.095349e+00 2.372432e-04
<GCONST> 7.009081e+01
<MIXTURE> 120 4.297961e-03
<MEAN> 25
 -5.056016e+00 -7.593729e+00 2.246947e+00 2.072925e+00 2.219381e+00 2.666583e-01 5.288565e+00 5.704591e+00 1.375976e+00 1.080152e+00 6.532439e+00 1.595675e+00 -5.846172e-02 -9.799311e-02 3.631822e-02 -5.491790e-02 -8.999345e-02 -1.828528e-01 -5.770063e-02 1.229061e-02 -1.039977e-01 -1.216018e-01 -7.158972e-02 -5.767811e-02 1.467282e-03
<VARIANCE> 25
 8.545534e+00 9.671975e+00 1.669920e+01 1.992425e+01 2.398977e+01 2.532158e+01 2.457824e+01 3.037208e+01 2.621576e+01 2.800828e+01 2.019321e+01 1.997027e+01 1.607707e-01 2.992440e-01 4.532160e-01 6.270801e-01 8.603225e-01 9.933640e-01 1.085110e+00 1.300304e+00 1.269740e+00 1.251217e+00 1.217050e+00 1.095349e+00 2.372432e-04
<GCONST> 7.009081e+01
<MIXTURE> 121 4.567511e-03
<MEAN> 25
 2.073309e-01 -2.524218e+00 5.153404e+00 -1.290267e+01 -1.264682e+01 -1.664738e+00 9.992757e-01 -5.107955e+00 -4.198940e+00 -4.895746e-01 -5.507838e+00 -4.312970e+00 2.408651e-02 1.323076e-01 -4.149152e-02 7.962140e-02 1.585593e-01 7.843357e-02 -7.944550e-02 -1.832204e-01 -2.685305e-01 -2.576312e-01 -1.144692e-01 8.923601e-04 -7.433012e-03
<VARIANCE> 25
 7.735237e+00 1.560605e+01 1.727537e+01 2.036443e+01 2.440985e+01 2.925840e+01 2.953986e+01 2.458234e+01 3.529403e+01 2.834132e+01 1.974813e+01 2.118225e+01 1.550020e-01 6.431464e-01 6.230476e-01 7.048535e-01 7.706681e-01 1.149980e+00 1.118178e+00 1.120843e+00 1.217422e+00 1.192634e+00 9.416572e-01 8.718804e-01 2.108468e-04
<GCONST> 7.139437e+01
<MIXTURE> 122 4.567511e-03
<MEAN> 25
 2.073309e-01 -2.524218e+00 5.153404e+00 -1.290267e+01 -1.264682e+01 -1.664738e+00 9.992757e-01 -5.107955e+00 -4.198940e+00 -4.895746e-01 -5.507838e+00 -4.312970e+00 2.408651e-02 1.323076e-01 -4.149152e-02 7.962140e-02 1.585593e-01 7.843357e-02 -7.944550e-02 -1.832204e-01 -2.685305e-01 -2.576312e-01 -1.144692e-01 8.923601e-04 -7.433012e-03
<VARIANCE> 25
 7.735237e+00 1.560605e+01 1.727537e+01 2.036443e+01 2.440985e+01 2.925840e+01 2.953986e+01 2.458234e+01 3.529403e+01 2.834132e+01 1.974813e+01 2.118225e+01 1.550020e-01 6.431464e-01 6.230476e-01 7.048535e-01 7.706681e-01 1.149980e+00 1.118178e+00 1.120843e+00 1.217422e+00 1.192634e+00 9.416572e-01 8.718804e-01 2.108468e-04
<GCONST> 7.139437e+01
<MIXTURE> 123 4.393044e-03
<MEAN> 25
 -4.135617e+00 1.137533e+00 -8.816551e-02 5.947127e+00 5.096423e+00 3.353001e+00 3.205812e+00 3.427111e-01 5.528798e-01 -4.887130e-01 2.542406e-01 1.131702e+00 -4.863441e-01 -7.760736e-01 -8.181394e-01 -5.815709e-01 -2.334211e-01 1.025939e-01 3.383379e-01 6.658764e-01 8.142729e-01 8.946084e-01 8.420686e-01 5.274753e-01 -2.959845e-03
<VARIANCE> 25
 1.031991e+01 1.052702e+01 1.559135e+01 1.750415e+01 2.154553e+01 2.646490e+01 2.099053e+01 1.827344e+01 1.968701e+01 1.684943e+01 2.223417e+01 2.058745e+01 3.554191e-01 3.444261e-01 5.240234e-01 7.171358e-01 9.403408e-01 1.119986e+00 1.174648e+00 1.133943e+00 1.127898e+00 1.418452e+00 1.439673e+00 1.147584e+00 9.386834e-05
<GCONST> 6.942800e+01
<MIXTURE> 124 4.069876e-03
<MEAN> 25
 -6.616685e+00 -1.378738e+00 -2.820274e+00 5.207729e+00 5.114399e+00 3.252974e+00 5.439893e+00 2.668046e+00 3.657251e+00 1.491013e+00 1.209129e+00 3.017127e+00 -2.094765e-01 -3.182761e-01 -3.678707e-01 -2.231438e-01 1.368516e-01 5.092703e-01 7.551926e-01 8.697137e-01 7.449433e-01 3.464254e-01 8.067700e-02 6.748944e-03 -1.020696e-04
<VARIANCE> 25
 1.061795e+01 7.724678e+00 1.058735e+01 1.241136e+01 1.313352e+01 1.916444e+01 1.458936e+01 1.620088e+01 1.722811e+01 1.560236e+01 1.882967e+01 1.518923e+01 1.053419e-01 1.704183e-01 2.644907e-01 4.374199e-01 5.866804e-01 7.254111e-01 7.655957e-01 7.685756e-01 9.670758e-01 9.572426e-01 9.773664e-01 9.702948e-01 2.003947e-05
<GCONST> 5.896624e+01
<MIXTURE> 125 4.069876e-03
<MEAN> 25
 -6.616685e+00 -1.378738e+00 -2.820274e+00 5.207729e+00 5.114399e+00 3.252974e+00 5.439893e+00 2.668046e+00 3.657251e+00 1.491013e+00 1.209129e+00 3.017127e+00 -2.094765e-01 -3.182761e-01 -3.678707e-01 -2.231438e-01 1.368516e-01 5.092703e-01 7.551926e-01 8.697137e-01 7.449433e-01 3.464254e-01 8.067700e-02 6.748944e-03 -1.020696e-04
<VARIANCE> 25
 1.061795e+01 7.724678e+00 1.058735e+01 1.241136e+01 1.313352e+01 1.916444e+01 1.458936e+01 1.620088e+01 1.722811e+01 1.560236e+01 1.882967e+01 1.518923e+01 1.053419e-01 1.704183e-01 2.644907e-01 4.374199e-01 5.866804e-01 7.254111e-01 7.655957e-01 7.685756e-01 9.670758e-01 9.572426e-01 9.773664e-01 9.702948e-01 2.003947e-05
<GCONST> 5.896624e+01
<MIXTURE> 126 2.402244e-03
<MEAN> 25
 -3.815939e+00 -6.923557e+00 -5.255169e+00 2.330251e+00 4.291537e+00 -3.214923e+00 7.860461e-02 3.539430e+00 3.401553e+00 -2.651721e+00 -1.408074e+00 3.058706e+00 -8.022502e-04 -2.175243e-03 -3.520253e-02 -1.580925e-01 -3.209581e-01 -3.802327e-01 -2.787695e-01 -1.599443e-01 -1.187070e-01 -1.158633e-01 -9.192888e-02 -3.524375e-02 -1.618991e-03
<VARIANCE> 25
 7.487875e+00 1.261348e+01 1.385413e+01 1.505740e+01 2.457754e+01 2.368645e+01 2.269384e+01 2.827473e+01 3.165924e+01 2.643406e+01 2.171219e+01 1.906407e+01 1.709937e-01 3.543226e-01 4.819802e-01 5.644442e-01 7.600497e-01 1.004317e+00 1.123320e+00 1.261829e+00 1.331976e+00 1.305150e+00 1.220683e+00 1.146831e+00 2.164739e-04
<GCONST> 6.984630e+01
<MIXTURE> 127 2.402244e-03
<MEAN> 25
 -3.815939e+00 -6.923557e+00 -5.255169e+00 2.330251e+00 4.291537e+00 -3.214923e+00 7.860461e-02 3.539430e+00 3.401553e+00 -2.651721e+00 -1.408074e+00 3.058706e+00 -8.022502e-04 -2.175243e-03 -3.520253e-02 -1.580925e-01 -3.209581e-01 -3.802327e-01 -2.787695e-01 -1.599443e-01 -1.187070e-01 -1.158633e-01 -9.192888e-02 -3.524375e-02 -1.618991e-03
<VARIANCE> 25
 7.487875e+00 1.261348e+01 1.385413e+01 1.505740e+01 2.457754e+01 2.368645e+01 2.269384e+01 2.827473e+01 3.165924e+01 2.643406e+01 2.171219e+01 1.906407e+01 1.709937e-01 3.543226e-01 4.819802e-01 5.644442e-01 7.600497e-01 1.004317e+00 1.123320e+00 1.261829e+00 1.331976e+00 1.305150e+00 1.220683e+00 1.146831e+00 2.164739e-04
<GCONST> 6.984630e+01
<MIXTURE> 128 3.790457e-03
<MEAN> 25
 -3.983014e+00 1.437103e+00 -3.180185e-01 6.601171e+00 3.565922e+00 1.813044e+00 3.586249e+00 2.296190e+00 4.072488e+00 3.734267e+00 3.745607e+00 3.467679e+00 -3.956192e-01 -1.997472e-01 6.582890e-02 7.350969e-01 1.240966e+00 1.046703e+00 6.991619e-01 2.100436e-01 -4.428342e-01 -7.937056e-01 -7.075185e-01 -3.773726e-01 -5.823605e-05
<VARIANCE> 25
 1.020574e+01 1.220638e+01 1.479982e+01 1.908420e+01 1.988707e+01 2.096891e+01 2.390876e+01 2.457468e+01 2.671654e+01 2.360960e+01 2.641801e+01 1.813218e+01 8.774659e-01 1.127921e+00 1.407161e+00 1.482032e+00 1.749908e+00 2.302272e+00 2.231009e+00 2.650703e+00 2.121710e+00 1.835627e+00 1.732974e+00 1.735492e+00 1.014075e-06
<GCONST> 7.399764e+01
<TRANSP> 3
 0.000000e+00 1.000000e+00 0.000000e+00
 0.000000e+00 9.999990e-01 9.999998e-07
 0.000000e+00 0.000000e+00 0.000000e+00
<ENDHMM>
