~o
<STREAMINFO> 1 25
<VECSIZE> 25<NULLD><MFCC_E_D_N><DIAGC>
~h "jmodel"
<BEGINHMM>
<NUMSTATES> 3
<STATE> 2
<NUMMIXES> 128
<MIXTURE> 1 5.748963e-03
<MEAN> 25
 -1.946996e+00 3.170882e+00 1.921599e+00 8.207031e+00 4.038912e+00 3.364602e+00 4.367641e+00 3.144214e+00 6.709713e+00 5.083875e+00 5.657216e+00 3.367211e+00 -1.953065e+00 -1.215451e+00 -1.080534e+00 1.042978e+00 1.770431e+00 2.299407e+00 2.164489e+00 1.628213e+00 2.024124e+00 1.012282e+00 1.448210e+00 6.757504e-01 -4.890848e-02
<VARIANCE> 25
 1.057250e+01 1.014096e+01 1.392711e+01 1.722062e+01 2.257094e+01 2.269627e+01 2.353127e+01 2.137292e+01 2.232234e+01 2.167792e+01 1.903535e+01 1.608549e+01 1.910995e+00 2.843614e+00 2.826142e+00 2.894787e+00 3.872512e+00 2.849187e+00 3.297182e+00 3.753263e+00 3.740532e+00 3.438539e+00 3.392232e+00 2.488873e+00 2.967685e-03
<GCONST> 8.804590e+01
<MIXTURE> 2 4.549242e-03
<MEAN> 25
 -4.873912e+00 1.311679e+00 9.936357e-01 9.898397e+00 6.691444e+00 7.423572e+00 7.846758e+00 6.955952e+00 8.374854e+00 6.371554e+00 7.623116e+00 3.074534e+00 -6.207512e-02 4.124850e-02 1.425037e-01 2.263389e-01 2.657028e-01 2.809917e-01 2.951246e-01 3.197007e-01 3.498935e-01 3.084762e-01 1.966430e-01 7.956734e-02 1.962333e-06
<VARIANCE> 25
 6.959803e+00 8.901663e+00 1.065008e+01 1.591565e+01 1.723280e+01 1.556335e+01 1.689386e+01 1.849515e+01 1.658923e+01 1.738760e+01 1.811082e+01 1.433587e+01 1.252286e-01 2.269807e-01 3.363679e-01 4.677081e-01 6.496373e-01 8.150578e-01 9.299069e-01 1.002962e+00 1.051425e+00 1.078387e+00 1.076203e+00 1.014416e+00 1.001572e-06
<GCONST> 5.805007e+01
<MIXTURE> 3 4.549242e-03
<MEAN> 25
 -4.873912e+00 1.311679e+00 9.936357e-01 9.898397e+00 6.691444e+00 7.423572e+00 7.846758e+00 6.955952e+00 8.374854e+00 6.371554e+00 7.623116e+00 3.074534e+00 -6.207512e-02 4.124850e-02 1.425037e-01 2.263389e-01 2.657028e-01 2.809917e-01 2.951246e-01 3.197007e-01 3.498935e-01 3.084762e-01 1.966430e-01 7.956734e-02 1.962333e-06
<VARIANCE> 25
 6.959803e+00 8.901663e+00 1.065008e+01 1.591565e+01 1.723280e+01 1.556335e+01 1.689386e+01 1.849515e+01 1.658923e+01 1.738760e+01 1.811082e+01 1.433587e+01 1.252286e-01 2.269807e-01 3.363679e-01 4.677081e-01 6.496373e-01 8.150578e-01 9.299069e-01 1.002962e+00 1.051425e+00 1.078387e+00 1.076203e+00 1.014416e+00 1.001572e-06
<GCONST> 5.805007e+01
<MIXTURE> 4 1.671429e-02
<MEAN> 25
 2.971693e+00 2.800739e+00 -3.476341e+00 1.595039e+00 4.259063e+00 -1.177497e+00 1.670839e-01 -4.903330e-01 2.235667e+00 4.718036e-01 -2.994607e+00 -5.410588e-01 -2.669760e+00 1.763769e+00 1.237345e+00 2.599948e+00 1.055669e+00 7.426937e-01 2.131333e+00 4.982500e-01 1.517794e+00 3.355381e-01 1.254516e+00 1.219656e+00 -1.096605e-01
<VARIANCE> 25
 1.889873e+01 2.670620e+01 2.337155e+01 3.296773e+01 3.733737e+01 5.716942e+01 5.907081e+01 4.797436e+01 4.498144e+01 4.943542e+01 4.229807e+01 3.003912e+01 2.104249e+00 4.797985e+00 3.990767e+00 4.240130e+00 3.879192e+00 5.055098e+00 6.508425e+00 5.831747e+00 6.043189e+00 5.314062e+00 4.839566e+00 3.799867e+00 5.081387e-03
<GCONST> 1.021396e+02
<MIXTURE> 5 3.206198e-03
<MEAN> 25
 -3.407870e+00 2.410869e+00 2.876253e-01 9.373999e+00 6.585982e+00 6.307045e+00 6.896307e+00 4.388359e+00 5.762176e+00 3.597640e+00 4.653050e+00 2.800926e+00 -4.531539e-01 6.820108e-01 1.131205e+00 1.075590e+00 2.969526e-01 9.024828e-02 -6.690206e-02 -2.669103e-02 4.445579e-01 7.128546e-01 5.227944e-01 5.706942e-02 -6.696863e-05
<VARIANCE> 25
 9.670759e+00 1.390377e+01 2.360663e+01 2.416199e+01 1.917729e+01 1.825352e+01 1.960157e+01 2.075707e+01 2.117957e+01 2.091880e+01 2.265679e+01 1.594463e+01 1.388047e+00 1.243043e+00 1.402363e+00 1.599143e+00 2.153768e+00 2.799468e+00 2.167462e+00 2.199682e+00 2.177969e+00 2.133390e+00 2.201415e+00 1.777557e+00 9.782768e-07
<GCONST> 7.481893e+01
<MIXTURE> 6 5.475854e-03
<MEAN> 25
 9.839365e+00 -6.180322e-01 -6.920507e+00 -1.100837e+01 -1.763297e+00 6.642686e+00 -6.717007e+00 -4.463725e+00 -4.114253e+00 1.895931e+00 5.037211e+00 -1.438183e+00 4.504723e-01 8.752875e-01 -3.589123e-01 -1.475182e+00 -6.627876e-01 1.408147e+00 1.524476e+00 1.548707e-01 -1.164793e+00 -1.150834e+00 3.522196e-01 1.229735e+00 -7.168731e-03
<VARIANCE> 25
 8.709268e+00 1.667317e+01 2.330775e+01 3.681434e+01 3.643295e+01 2.894879e+01 5.129111e+01 4.600657e+01 4.139784e+01 3.717138e+01 4.184476e+01 2.734596e+01 3.111671e-01 8.193564e-01 9.075662e-01 1.875596e+00 1.521629e+00 2.042249e+00 1.807172e+00 2.059808e+00 2.302529e+00 1.917700e+00 2.123715e+00 1.354917e+00 5.654486e-04
<GCONST> 8.346603e+01
<MIXTURE> 7 5.475854e-03
<MEAN> 25
 9.839365e+00 -6.180322e-01 -6.920507e+00 -1.100837e+01 -1.763297e+00 6.642686e+00 -6.717007e+00 -4.463725e+00 -4.114253e+00 1.895931e+00 5.037211e+00 -1.438183e+00 4.504723e-01 8.752875e-01 -3.589123e-01 -1.475182e+00 -6.627876e-01 1.408147e+00 1.524476e+00 1.548707e-01 -1.164793e+00 -1.150834e+00 3.522196e-01 1.229735e+00 -7.168731e-03
<VARIANCE> 25
 8.709268e+00 1.667317e+01 2.330775e+01 3.681434e+01 3.643295e+01 2.894879e+01 5.129111e+01 4.600657e+01 4.139784e+01 3.717138e+01 4.184476e+01 2.734596e+01 3.111671e-01 8.193564e-01 9.075662e-01 1.875596e+00 1.521629e+00 2.042249e+00 1.807172e+00 2.059808e+00 2.302529e+00 1.917700e+00 2.123715e+00 1.354917e+00 5.654486e-04
<GCONST> 8.346603e+01
<MIXTURE> 8 1.165917e-02
<MEAN> 25
 -4.445891e+00 1.503600e+00 9.386848e-01 9.039430e+00 7.047265e+00 6.367929e+00 6.472640e+00 5.209353e+00 6.908190e+00 4.769889e+00 6.014229e+00 3.006993e+00 -6.003988e-01 -1.374791e+00 -9.272526e-01 -1.673440e+00 -3.377863e-01 -8.959208e-01 -2.164236e-02 -1.264618e-01 -3.642314e-01 -9.784770e-02 -3.006766e-01 5.939770e-02 9.982951e-02
<VARIANCE> 25
 9.023404e+00 9.010089e+00 1.119380e+01 1.616226e+01 1.702595e+01 1.462321e+01 1.636065e+01 1.844133e+01 1.596666e+01 2.253144e+01 1.894035e+01 1.339253e+01 2.552780e+00 2.569924e+00 3.659689e+00 3.436200e+00 3.245212e+00 3.147483e+00 3.157095e+00 3.021295e+00 2.692360e+00 2.407714e+00 2.297886e+00 1.915198e+00 6.197778e-03
<GCONST> 8.545062e+01
<MIXTURE> 9 1.199672e-02
<MEAN> 25
 9.267744e+00 3.316519e+00 -6.109054e+00 -1.061365e+01 -2.187739e+00 4.933358e+00 -2.189882e+00 -2.281558e+00 -5.376140e+00 -1.234534e+00 5.617913e-01 -2.977105e-02 1.434723e+00 -1.259679e-01 -4.744451e-01 -2.686641e+00 -1.633680e+00 8.366461e-01 -1.017110e+00 -2.063562e-01 -2.185080e-01 -5.866163e-01 6.207504e-01 -1.618483e-01 7.345313e-02
<VARIANCE> 25
 1.226828e+01 2.185125e+01 3.427691e+01 5.352352e+01 4.984066e+01 3.239064e+01 4.297124e+01 5.191606e+01 4.209176e+01 4.134459e+01 3.580006e+01 2.672869e+01 2.075238e+00 2.437760e+00 4.576268e+00 4.868108e+00 4.999744e+00 4.098619e+00 4.493392e+00 6.141760e+00 5.229268e+00 4.059260e+00 4.001647e+00 2.789280e+00 2.199809e-03
<GCONST> 9.888602e+01
<MIXTURE> 10 6.596976e-03
<MEAN> 25
 9.849023e-01 7.477355e+00 4.889372e+00 6.388611e+00 1.104071e+00 -1.937194e+00 -1.772584e-01 -1.853013e+00 1.490561e+00 7.982501e-01 8.759124e-01 7.920688e-01 -1.694693e+00 -4.937847e-01 -7.040132e-01 2.893809e+00 2.382792e+00 2.554590e+00 2.434125e+00 1.860221e+00 2.060628e+00 1.530352e+00 2.177113e+00 6.903929e-01 -1.356052e-01
<VARIANCE> 25
 1.834068e+01 1.996529e+01 2.280243e+01 2.975632e+01 3.814018e+01 3.167065e+01 3.243309e+01 3.272380e+01 2.906757e+01 2.743577e+01 2.807341e+01 2.284750e+01 2.463470e+00 3.370501e+00 5.337165e+00 4.710919e+00 5.044976e+00 4.143548e+00 4.397552e+00 5.457764e+00 4.267118e+00 4.594246e+00 4.244359e+00 3.003085e+00 2.493611e-03
<GCONST> 9.666521e+01
<MIXTURE> 11 1.633820e-02
<MEAN> 25
 7.876435e+00 4.118968e+00 3.258343e+00 4.706445e+00 -2.695281e+00 -1.622510e+00 -1.699779e+00 -7.698654e+00 -3.333076e+00 6.512609e-01 -2.238969e+00 -1.536912e+00 -2.010285e-01 5.244069e-01 -3.336066e-02 3.195088e-01 6.393993e-01 5.009668e-02 2.260783e-01 -3.074014e-01 -6.868286e-02 5.001287e-02 8.083026e-03 1.345253e-01 -1.863746e-02
<VARIANCE> 25
 1.060644e+01 2.246453e+01 1.961563e+01 3.038804e+01 4.034877e+01 3.689562e+01 5.604866e+01 5.103450e+01 4.352649e+01 3.324492e+01 3.269204e+01 2.919062e+01 9.036700e-01 1.159122e+00 1.820856e+00 2.002794e+00 2.057827e+00 2.064776e+00 2.070434e+00 3.176623e+00 1.996931e+00 1.827852e+00 1.937727e+00 1.448395e+00 9.471588e-04
<GCONST> 8.724846e+01
<MIXTURE> 12 5.904134e-03
<MEAN> 25
 1.076583e+01 3.738554e+00 -4.504192e+00 -1.598976e+01 -8.689298e+00 8.642071e+00 -9.045944e-01 -1.920315e+00 -1.729473e+00 -4.881000e+00 1.781520e+00 7.132185e-01 6.748442e-02 2.936257e-01 8.004025e-02 -3.678979e-01 -3.107037e-01 3.020280e-02 3.053099e-01 4.470035e-01 1.416422e-01 -3.846030e-01 -3.853648e-01 5.310176e-02 -6.304490e-03
<VARIANCE> 25
 8.878309e+00 2.102619e+01 2.336407e+01 3.503843e+01 4.209679e+01 3.093953e+01 4.193736e+01 4.899718e+01 4.409500e+01 3.740363e+01 3.804610e+01 2.892677e+01 2.467315e-01 6.878640e-01 6.857981e-01 1.169592e+00 1.186097e+00 1.053875e+00 1.170424e+00 1.386826e+00 1.240428e+00 1.221467e+00 1.221123e+00 9.570248e-01 5.782300e-04
<GCONST> 7.892479e+01
<MIXTURE> 13 5.904134e-03
<MEAN> 25
 1.076583e+01 3.738554e+00 -4.504192e+00 -1.598976e+01 -8.689298e+00 8.642071e+00 -9.045944e-01 -1.920315e+00 -1.729473e+00 -4.881000e+00 1.781520e+00 7.132185e-01 6.748442e-02 2.936257e-01 8.004025e-02 -3.678979e-01 -3.107037e-01 3.020280e-02 3.053099e-01 4.470035e-01 1.416422e-01 -3.846030e-01 -3.853648e-01 5.310176e-02 -6.304490e-03
<VARIANCE> 25
 8.878309e+00 2.102619e+01 2.336407e+01 3.503843e+01 4.209679e+01 3.093953e+01 4.193736e+01 4.899718e+01 4.409500e+01 3.740363e+01 3.804610e+01 2.892677e+01 2.467315e-01 6.878640e-01 6.857981e-01 1.169592e+00 1.186097e+00 1.053875e+00 1.170424e+00 1.386826e+00 1.240428e+00 1.221467e+00 1.221123e+00 9.570248e-01 5.782300e-04
<GCONST> 7.892479e+01
<MIXTURE> 14 6.488954e-03
<MEAN> 25
 -3.964114e+00 -1.827518e-01 -4.178762e-01 8.553452e+00 7.561436e+00 7.377436e+00 7.437164e+00 6.218312e+00 8.173118e+00 5.349594e+00 6.482094e+00 3.917766e+00 -2.878032e-01 2.876354e-01 2.283027e-01 8.914059e-02 7.242727e-02 3.953423e-01 1.936522e-01 1.161215e-01 1.772453e-01 4.479840e-01 6.298515e-01 2.352304e-01 -9.348011e-03
<VARIANCE> 25
 8.997799e+00 1.272100e+01 1.656304e+01 1.698027e+01 1.855109e+01 1.877585e+01 2.013331e+01 2.618066e+01 2.389029e+01 2.204221e+01 2.037011e+01 1.499961e+01 8.538736e-01 1.643378e+00 1.693616e+00 2.254314e+00 2.048558e+00 2.983684e+00 2.134088e+00 2.085402e+00 2.207682e+00 2.285612e+00 2.232590e+00 1.952844e+00 9.237852e-04
<GCONST> 8.152119e+01
<MIXTURE> 15 2.475190e-03
<MEAN> 25
 -5.416241e+00 -6.476557e-01 -2.000375e-01 7.371383e+00 5.719848e+00 5.695347e+00 6.062030e+00 4.975123e+00 5.179931e+00 4.147587e+00 5.495697e+00 2.540457e+00 -1.216660e-01 -3.054783e-02 7.504754e-02 2.441644e-01 4.893283e-01 7.841098e-01 1.069593e+00 1.180826e+00 1.058053e+00 7.556036e-01 4.176476e-01 1.514450e-01 -7.313365e-05
<VARIANCE> 25
 7.004370e+00 5.615055e+00 9.022228e+00 1.282242e+01 1.405379e+01 1.433328e+01 1.489724e+01 1.488977e+01 1.420268e+01 1.419069e+01 1.512184e+01 1.252081e+01 1.247576e-01 2.073922e-01 3.192918e-01 5.042230e-01 6.991512e-01 7.967700e-01 7.686206e-01 7.923839e-01 9.128072e-01 1.023288e+00 1.072434e+00 1.042285e+00 2.799851e-05
<GCONST> 5.862458e+01
<MIXTURE> 16 2.475190e-03
<MEAN> 25
 -5.416241e+00 -6.476557e-01 -2.000375e-01 7.371383e+00 5.719848e+00 5.695347e+00 6.062030e+00 4.975123e+00 5.179931e+00 4.147587e+00 5.495697e+00 2.540457e+00 -1.216660e-01 -3.054783e-02 7.504754e-02 2.441644e-01 4.893283e-01 7.841098e-01 1.069593e+00 1.180826e+00 1.058053e+00 7.556036e-01 4.176476e-01 1.514450e-01 -7.313365e-05
<VARIANCE> 25
 7.004370e+00 5.615055e+00 9.022228e+00 1.282242e+01 1.405379e+01 1.433328e+01 1.489724e+01 1.488977e+01 1.420268e+01 1.419069e+01 1.512184e+01 1.252081e+01 1.247576e-01 2.073922e-01 3.192918e-01 5.042230e-01 6.991512e-01 7.967700e-01 7.686206e-01 7.923839e-01 9.128072e-01 1.023288e+00 1.072434e+00 1.042285e+00 2.799851e-05
<GCONST> 5.862458e+01
<MIXTURE> 17 9.518312e-03
<MEAN> 25
 3.852593e+00 -1.117134e+00 6.597908e+00 1.854268e+00 -5.771383e+00 -5.763272e+00 -3.256255e+00 -1.777231e-01 -2.776221e+00 -3.256821e+00 1.356054e-01 -1.510481e-01 -6.414635e-01 -1.153406e+00 1.343050e+00 -1.993140e+00 -2.375238e+00 -3.039182e-01 -1.930811e-01 8.924529e-01 -5.742922e-01 -2.538654e-01 1.000562e+00 3.350863e-01 8.289230e-02
<VARIANCE> 25
 1.540899e+01 3.081223e+01 2.919329e+01 3.937614e+01 4.407066e+01 5.049694e+01 4.135530e+01 3.265568e+01 3.663435e+01 3.148138e+01 2.622411e+01 2.658200e+01 1.819139e+00 2.814957e+00 3.780995e+00 3.143682e+00 3.977426e+00 5.384745e+00 6.358771e+00 4.702973e+00 4.808613e+00 4.019605e+00 3.160977e+00 2.624577e+00 2.127419e-03
<GCONST> 9.716558e+01
<MIXTURE> 18 1.221018e-02
<MEAN> 25
 3.715255e+00 3.965673e+00 5.854275e+00 4.154427e+00 -4.311520e+00 -7.477366e+00 -1.422353e+00 -1.821270e+00 -1.736700e+00 -1.584968e+00 -5.458366e-01 4.124287e-01 -7.752078e-01 2.083839e+00 -3.422557e-01 1.938103e+00 2.988691e+00 1.379276e+00 1.366399e+00 -6.627770e-01 1.141827e+00 4.660948e-01 3.353232e-04 4.329969e-01 -1.283142e-01
<VARIANCE> 25
 1.417036e+01 2.368306e+01 3.111648e+01 2.278837e+01 3.711990e+01 3.075029e+01 4.107156e+01 3.435144e+01 4.359850e+01 3.322307e+01 3.896782e+01 2.705875e+01 2.214476e+00 2.742984e+00 4.400175e+00 3.326715e+00 3.455775e+00 3.981635e+00 5.616819e+00 4.927386e+00 5.101331e+00 3.660728e+00 4.264563e+00 3.944059e+00 3.738080e-03
<GCONST> 9.744839e+01
<MIXTURE> 19 9.912824e-03
<MEAN> 25
 -1.095750e+01 2.439929e+00 -1.094954e+00 1.367335e+00 4.264282e+00 1.113766e+00 4.937084e+00 8.413808e-01 2.073773e+00 1.153882e+00 5.891790e-01 2.685384e+00 2.122858e+00 1.507282e+00 2.309527e+00 8.067974e-01 -1.015682e+00 -1.006176e+00 -8.914455e-01 -1.481577e+00 -1.646389e+00 -1.043250e+00 -9.123039e-01 -7.647157e-01 -3.034260e-03
<VARIANCE> 25
 5.335788e+01 3.012344e+01 5.682199e+01 5.044561e+01 3.049172e+01 3.273128e+01 4.446606e+01 2.716762e+01 2.603843e+01 2.408699e+01 2.878679e+01 2.141300e+01 2.145370e+00 2.428344e+00 2.374412e+00 2.326290e+00 2.298074e+00 2.044857e+00 2.612024e+00 2.194875e+00 2.371242e+00 1.913463e+00 2.087679e+00 1.623148e+00 2.425277e-03
<GCONST> 9.152190e+01
<MIXTURE> 20 6.308331e-03
<MEAN> 25
 -1.367562e+01 7.851289e+00 1.525318e-01 6.050982e+00 4.751550e+00 1.356813e+00 5.968513e+00 8.670098e-01 1.380450e+00 3.573116e-01 2.194905e+00 1.995559e-01 -3.299092e+00 -6.815454e-01 -1.558864e+00 3.753690e-01 1.509706e+00 2.256696e+00 1.957185e+00 1.817510e+00 2.130604e+00 1.849475e+00 1.727909e+00 9.571560e-01 3.845878e-02
<VARIANCE> 25
 2.068352e+01 2.284052e+01 3.202417e+01 3.370354e+01 2.813219e+01 2.597734e+01 3.177529e+01 2.910550e+01 2.733705e+01 2.722244e+01 2.406535e+01 2.125470e+01 1.938578e+00 2.375470e+00 1.764888e+00 2.361114e+00 2.538600e+00 2.619382e+00 2.106244e+00 2.574764e+00 2.127236e+00 2.684253e+00 2.066009e+00 1.692737e+00 2.556199e-03
<GCONST> 8.892680e+01
<MIXTURE> 21 7.928653e-03
<MEAN> 25
 4.048645e+00 -4.478197e+00 6.408225e+00 -2.462312e+00 -9.982100e+00 -8.307199e+00 -3.153823e+00 3.783098e+00 -3.014364e+00 -2.801500e+00 -1.223665e-01 6.035758e-01 -6.696848e-01 1.380030e+00 2.622017e+00 -1.274138e-01 -1.688145e+00 9.236412e-03 2.482917e-01 -1.081316e+00 -2.013520e+00 3.149793e-01 1.200253e+00 3.254108e-01 -1.146591e-02
<VARIANCE> 25
 7.870170e+00 1.652495e+01 2.872299e+01 3.068166e+01 2.758694e+01 3.071739e+01 3.979115e+01 3.583588e+01 4.376927e+01 3.040270e+01 3.083482e+01 2.092377e+01 3.943710e-01 9.281539e-01 1.747848e+00 1.217767e+00 2.105142e+00 2.732749e+00 4.084116e+00 3.428147e+00 2.092756e+00 2.344064e+00 1.917829e+00 2.053032e+00 4.529643e-04
<GCONST> 8.466437e+01
<MIXTURE> 22 8.827789e-03
<MEAN> 25
 -1.738042e+01 8.291433e+00 -6.976832e+00 7.451460e+00 4.813629e+00 1.623846e+00 9.542276e+00 5.498623e-01 6.150762e+00 1.316710e+00 3.401428e+00 1.907046e+00 -5.065960e-01 -6.346750e-01 -1.163956e-01 8.527647e-02 7.820988e-02 1.834873e-01 2.336406e-01 1.738437e-01 -1.619003e-02 2.571611e-01 1.123632e-01 3.808648e-01 1.324777e-02
<VARIANCE> 25
 8.354564e+00 1.483826e+01 2.200554e+01 1.875511e+01 2.432590e+01 2.773436e+01 1.621897e+01 1.636946e+01 1.430775e+01 2.000907e+01 2.263071e+01 1.384486e+01 1.188264e+00 1.393693e+00 1.551909e+00 1.469756e+00 1.520344e+00 2.140884e+00 1.327307e+00 1.601563e+00 1.728742e+00 1.567536e+00 1.281056e+00 9.721398e-01 1.774466e-03
<GCONST> 7.843509e+01
<MIXTURE> 23 6.455497e-03
<MEAN> 25
 8.041924e+00 2.355483e+00 2.977498e+00 2.044614e+00 -4.528218e+00 -2.503221e+00 -2.857691e+00 -7.525263e+00 -3.560750e+00 -4.097501e-01 -3.669230e+00 -1.717071e+00 -9.121921e-03 1.461786e-01 3.964188e-02 -1.076843e-02 4.780995e-02 7.797608e-02 4.981751e-02 6.818844e-02 3.061380e-02 -1.311926e-02 6.516261e-02 1.564679e-02 -4.931322e-03
<VARIANCE> 25
 1.028154e+01 2.042465e+01 2.313933e+01 3.855335e+01 3.553368e+01 5.206076e+01 7.141055e+01 5.880223e+01 4.695594e+01 4.601573e+01 4.623675e+01 3.774811e+01 1.231699e-01 2.797250e-01 3.560757e-01 4.805021e-01 5.872979e-01 6.545840e-01 7.081321e-01 9.138593e-01 8.084268e-01 8.251861e-01 7.848141e-01 7.250268e-01 8.208359e-05
<GCONST> 7.219472e+01
<MIXTURE> 24 6.455497e-03
<MEAN> 25
 8.041924e+00 2.355483e+00 2.977498e+00 2.044614e+00 -4.528218e+00 -2.503221e+00 -2.857691e+00 -7.525263e+00 -3.560750e+00 -4.097501e-01 -3.669230e+00 -1.717071e+00 -9.121921e-03 1.461786e-01 3.964188e-02 -1.076843e-02 4.780995e-02 7.797608e-02 4.981751e-02 6.818844e-02 3.061380e-02 -1.311926e-02 6.516261e-02 1.564679e-02 -4.931322e-03
<VARIANCE> 25
 1.028154e+01 2.042465e+01 2.313933e+01 3.855335e+01 3.553368e+01 5.206076e+01 7.141055e+01 5.880223e+01 4.695594e+01 4.601573e+01 4.623675e+01 3.774811e+01 1.231699e-01 2.797250e-01 3.560757e-01 4.805021e-01 5.872979e-01 6.545840e-01 7.081321e-01 9.138593e-01 8.084268e-01 8.251861e-01 7.848141e-01 7.250268e-01 8.208359e-05
<GCONST> 7.219472e+01
<MIXTURE> 25 1.118642e-02
<MEAN> 25
 2.576028e-01 3.493455e+00 1.677828e+01 -1.592412e+00 -1.053412e+01 -8.889863e-01 -5.239384e+00 -2.785412e+00 -6.533476e+00 -5.491835e+00 3.701840e+00 -1.723240e+00 -1.516174e-01 4.578354e-01 1.059145e-01 2.123158e-01 3.591471e-01 -6.192384e-02 4.273787e-01 -1.582053e-01 -2.630737e-01 -6.091365e-02 1.852751e-02 -9.039772e-02 -1.560149e-02
<VARIANCE> 25
 8.297226e+00 2.236874e+01 1.932463e+01 3.046127e+01 3.630862e+01 5.044480e+01 3.048875e+01 2.764576e+01 2.790186e+01 3.769586e+01 2.105709e+01 2.682161e+01 5.595052e-01 1.341490e+00 1.346558e+00 1.337704e+00 2.371192e+00 2.419884e+00 2.207403e+00 1.524796e+00 1.470397e+00 1.787371e+00 1.512342e+00 1.198169e+00 1.256695e-03
<GCONST> 8.323666e+01
<MIXTURE> 26 7.727677e-03
<MEAN> 25
 2.050711e+00 -6.402433e+00 -9.894736e+00 -8.624543e-01 7.751764e+00 4.830089e+00 4.079783e+00 -5.018275e-01 2.381905e+00 -1.007965e+00 -3.056022e+00 -1.187281e+00 -6.155250e-01 6.754778e-01 3.403333e-01 6.760666e-01 2.323297e-01 3.237348e-01 2.906897e-01 3.345048e-01 2.268310e-01 1.739488e-01 4.451882e-01 3.496370e-01 -5.073831e-02
<VARIANCE> 25
 2.383632e+01 3.726778e+01 2.647828e+01 5.959528e+01 3.748378e+01 4.458472e+01 4.295187e+01 4.240459e+01 3.666682e+01 5.110490e+01 3.761351e+01 4.411497e+01 1.880346e+00 2.231894e+00 2.052542e+00 1.916631e+00 2.203337e+00 2.306577e+00 2.765127e+00 2.802488e+00 2.268684e+00 2.270173e+00 2.103201e+00 2.011313e+00 3.533183e-03
<GCONST> 9.389175e+01
<MIXTURE> 27 7.727677e-03
<MEAN> 25
 2.050711e+00 -6.402433e+00 -9.894736e+00 -8.624543e-01 7.751764e+00 4.830089e+00 4.079783e+00 -5.018275e-01 2.381905e+00 -1.007965e+00 -3.056022e+00 -1.187281e+00 -6.155250e-01 6.754778e-01 3.403333e-01 6.760666e-01 2.323297e-01 3.237348e-01 2.906897e-01 3.345048e-01 2.268310e-01 1.739488e-01 4.451882e-01 3.496370e-01 -5.073831e-02
<VARIANCE> 25
 2.383632e+01 3.726778e+01 2.647828e+01 5.959528e+01 3.748378e+01 4.458472e+01 4.295187e+01 4.240459e+01 3.666682e+01 5.110490e+01 3.761351e+01 4.411497e+01 1.880346e+00 2.231894e+00 2.052542e+00 1.916631e+00 2.203337e+00 2.306577e+00 2.765127e+00 2.802488e+00 2.268684e+00 2.270173e+00 2.103201e+00 2.011313e+00 3.533183e-03
<GCONST> 9.389175e+01
<MIXTURE> 28 5.036674e-03
<MEAN> 25
 -5.440574e+00 1.439361e-02 -1.565982e+00 6.611596e+00 5.228904e+00 3.519799e+00 5.421348e+00 3.123293e+00 3.938948e+00 2.390877e+00 2.634608e+00 3.216175e+00 -1.165592e-01 2.208275e-01 5.272477e-01 7.861966e-01 8.222618e-01 6.986617e-01 5.219823e-01 3.935406e-01 4.450257e-01 4.780979e-01 3.675118e-01 1.865187e-01 -1.053108e-05
<VARIANCE> 25
 1.047631e+01 8.347935e+00 1.214817e+01 1.483084e+01 1.468039e+01 1.769565e+01 1.800582e+01 1.899197e+01 1.729302e+01 1.669941e+01 2.061292e+01 1.498408e+01 2.573478e-01 3.388298e-01 4.067734e-01 4.649179e-01 6.233941e-01 8.525800e-01 1.056937e+00 1.143397e+00 1.100257e+00 1.036225e+00 1.040374e+00 1.069388e+00 1.011171e-06
<GCONST> 6.029079e+01
<MIXTURE> 29 5.036674e-03
<MEAN> 25
 -5.440574e+00 1.439361e-02 -1.565982e+00 6.611596e+00 5.228904e+00 3.519799e+00 5.421348e+00 3.123293e+00 3.938948e+00 2.390877e+00 2.634608e+00 3.216175e+00 -1.165592e-01 2.208275e-01 5.272477e-01 7.861966e-01 8.222618e-01 6.986617e-01 5.219823e-01 3.935406e-01 4.450257e-01 4.780979e-01 3.675118e-01 1.865187e-01 -1.053108e-05
<VARIANCE> 25
 1.047631e+01 8.347935e+00 1.214817e+01 1.483084e+01 1.468039e+01 1.769565e+01 1.800582e+01 1.899197e+01 1.729302e+01 1.669941e+01 2.061292e+01 1.498408e+01 2.573478e-01 3.388298e-01 4.067734e-01 4.649179e-01 6.233941e-01 8.525800e-01 1.056937e+00 1.143397e+00 1.100257e+00 1.036225e+00 1.040374e+00 1.069388e+00 1.011171e-06
<GCONST> 6.029079e+01
<MIXTURE> 30 8.917812e-03
<MEAN> 25
 -4.247293e+00 -2.298664e-01 5.488537e-01 8.900004e+00 7.638630e+00 7.334731e+00 7.556664e+00 6.413319e+00 7.070604e+00 4.464660e+00 6.805983e+00 3.787726e+00 -3.875430e-02 -2.251511e-02 6.024007e-02 7.699300e-02 7.054756e-02 -1.496132e-03 3.454601e-02 9.679881e-02 -5.194642e-02 4.531556e-02 2.116058e-02 -4.763053e-02 9.631468e-05
<VARIANCE> 25
 6.968177e+00 9.711772e+00 9.833512e+00 1.415955e+01 1.459780e+01 1.698945e+01 1.752784e+01 1.915467e+01 1.788223e+01 1.881624e+01 2.098645e+01 1.659606e+01 9.437547e-02 2.281294e-01 2.992309e-01 5.329536e-01 6.131765e-01 6.931083e-01 8.334086e-01 9.098597e-01 1.112859e+00 9.121705e-01 8.874700e-01 8.794786e-01 5.197370e-05
<GCONST> 6.119506e+01
<MIXTURE> 31 4.136493e-03
<MEAN> 25
 -3.228221e+00 -5.624289e+00 1.119872e-01 5.092680e+00 3.658314e+00 1.468639e+00 5.153304e+00 6.458208e+00 3.106052e+00 1.321438e+00 6.322008e+00 3.118651e+00 2.321065e-01 4.725297e-01 -2.233650e-01 2.785555e-01 1.623185e-01 4.784040e-01 1.547630e-01 -1.995545e-02 4.183284e-01 4.034845e-01 1.016849e-01 1.160772e-01 -1.802698e-02
<VARIANCE> 25
 7.072488e+00 1.504712e+01 1.696409e+01 1.881252e+01 2.451257e+01 2.463559e+01 2.315628e+01 2.556619e+01 2.868060e+01 2.732403e+01 2.097539e+01 1.817049e+01 1.960589e-01 4.829698e-01 5.891963e-01 7.855942e-01 9.999400e-01 1.159044e+00 1.220024e+00 1.383877e+00 1.343299e+00 1.308649e+00 1.235429e+00 1.098469e+00 2.529538e-04
<GCONST> 7.190499e+01
<MIXTURE> 32 4.136493e-03
<MEAN> 25
 -3.228221e+00 -5.624289e+00 1.119872e-01 5.092680e+00 3.658314e+00 1.468639e+00 5.153304e+00 6.458208e+00 3.106052e+00 1.321438e+00 6.322008e+00 3.118651e+00 2.321065e-01 4.725297e-01 -2.233650e-01 2.785555e-01 1.623185e-01 4.784040e-01 1.547630e-01 -1.995545e-02 4.183284e-01 4.034845e-01 1.016849e-01 1.160772e-01 -1.802698e-02
<VARIANCE> 25
 7.072488e+00 1.504712e+01 1.696409e+01 1.881252e+01 2.451257e+01 2.463559e+01 2.315628e+01 2.556619e+01 2.868060e+01 2.732403e+01 2.097539e+01 1.817049e+01 1.960589e-01 4.829698e-01 5.891963e-01 7.855942e-01 9.999400e-01 1.159044e+00 1.220024e+00 1.383877e+00 1.343299e+00 1.308649e+00 1.235429e+00 1.098469e+00 2.529538e-04
<GCONST> 7.190499e+01
<MIXTURE> 33 1.508826e-02
<MEAN> 25
 6.899148e+00 -4.338416e+00 -1.352189e+00 -2.181858e+00 -2.114541e+00 -4.742659e+00 -9.352336e+00 4.474681e+00 7.449519e-02 -9.475577e-01 -2.943247e+00 -2.654981e+00 8.226717e-01 -9.843704e-01 -2.470037e+00 -1.752666e+00 1.880545e+00 1.329600e+00 -1.154234e+00 -1.384714e-01 1.303276e+00 1.049763e+00 -1.785204e-01 -1.385759e+00 3.074989e-02
<VARIANCE> 25
 9.904130e+00 1.705682e+01 3.052087e+01 3.196686e+01 3.246528e+01 4.880947e+01 6.710410e+01 6.345554e+01 5.153475e+01 3.616646e+01 3.443496e+01 2.175002e+01 9.538086e-01 1.607298e+00 2.097118e+00 2.004895e+00 3.575109e+00 2.828759e+00 3.703762e+00 5.350525e+00 3.228172e+00 4.120286e+00 2.796936e+00 1.873974e+00 1.300273e-03
<GCONST> 9.259633e+01
<MIXTURE> 34 1.588179e-02
<MEAN> 25
 8.808350e+00 -2.382188e-01 2.581717e-01 5.926955e-01 -2.939008e+00 -1.278167e+00 -5.861145e+00 -4.740190e+00 -2.431357e+00 8.941556e-01 -2.353113e+00 -3.625151e+00 3.377528e-02 1.342624e+00 1.302601e+00 2.217088e+00 1.406026e-01 -2.768655e-01 1.084411e+00 -1.874596e+00 -6.376715e-01 2.757081e-01 -4.610384e-01 3.196371e-01 -6.499708e-02
<VARIANCE> 25
 6.807490e+00 3.018545e+01 2.763651e+01 4.401611e+01 3.614426e+01 4.382796e+01 7.201456e+01 6.461825e+01 4.785408e+01 3.936846e+01 4.206401e+01 2.977119e+01 1.486999e+00 1.892809e+00 4.690854e+00 3.825994e+00 5.556365e+00 5.598444e+00 6.031784e+00 7.089468e+00 5.516761e+00 4.880177e+00 4.695849e+00 3.499384e+00 1.169096e-03
<GCONST> 9.931906e+01
<MIXTURE> 35 1.467755e-02
<MEAN> 25
 -1.948858e+00 -5.571730e+00 -9.234854e+00 -3.095423e-01 8.926297e+00 1.051903e+00 2.161323e+00 1.593015e+00 1.911734e+00 4.026349e+00 -4.968287e-01 1.842336e+00 6.947919e-01 -1.214053e+00 -1.032030e+00 -1.495236e+00 2.317896e-01 -8.065451e-01 -6.864708e-01 -3.605730e-02 -4.343396e-01 2.538193e-01 -5.120565e-01 -4.803725e-01 1.028694e-01
<VARIANCE> 25
 1.848787e+01 3.227868e+01 4.499893e+01 6.151093e+01 4.549291e+01 5.432014e+01 5.282249e+01 4.809402e+01 4.794181e+01 4.096017e+01 3.695380e+01 2.943473e+01 3.597279e+00 3.731318e+00 7.632102e+00 5.238727e+00 5.133071e+00 5.171249e+00 5.094112e+00 4.440742e+00 5.471101e+00 4.396760e+00 4.209640e+00 3.533956e+00 5.974067e-03
<GCONST> 1.039342e+02
<MIXTURE> 36 1.093293e-02
<MEAN> 25
 4.813134e+00 -3.648727e+00 7.420764e+00 2.008696e+00 -9.873835e+00 -8.319102e+00 -5.606658e+00 3.471582e+00 -2.744097e+00 -4.116346e+00 2.411030e+00 6.767095e-04 3.628036e-01 1.369464e-01 -1.001202e+00 -7.100502e-03 9.503291e-01 5.374204e-02 -4.405397e-01 1.072235e-01 3.726550e-01 5.221601e-01 -3.805965e-01 -3.693594e-01 -1.653190e-02
<VARIANCE> 25
 9.228939e+00 1.518877e+01 2.176760e+01 2.933352e+01 2.819467e+01 3.385330e+01 5.233200e+01 3.564547e+01 4.367249e+01 3.299875e+01 2.646260e+01 2.382680e+01 4.400607e-01 7.532168e-01 1.486826e+00 1.206748e+00 1.763753e+00 1.636142e+00 2.275364e+00 2.200696e+00 2.167009e+00 1.719241e+00 1.394377e+00 1.407392e+00 7.533565e-04
<GCONST> 8.241059e+01
<MIXTURE> 37 1.246826e-02
<MEAN> 25
 2.873409e-01 7.397052e+00 1.214995e+01 -5.408522e+00 -6.301155e+00 9.596413e-02 -5.050247e+00 -6.719562e+00 -3.806395e+00 -2.744820e+00 -2.960778e+00 -1.791222e+00 2.446916e-01 6.269295e-01 -1.679047e+00 3.296943e+00 1.536563e+00 -7.433164e-01 1.616422e+00 3.232540e-01 6.591756e-01 6.385645e-02 5.797151e-01 1.959279e-01 -9.383324e-02
<VARIANCE> 25
 1.369016e+01 2.233915e+01 2.740938e+01 4.253897e+01 4.059359e+01 3.309607e+01 4.076318e+01 3.765096e+01 3.269444e+01 4.446278e+01 3.240088e+01 2.685206e+01 2.516329e+00 2.760743e+00 3.082979e+00 3.591814e+00 4.724680e+00 4.284000e+00 4.333820e+00 3.327092e+00 3.380516e+00 4.020501e+00 3.177774e+00 2.712009e+00 3.277106e-03
<GCONST> 9.638239e+01
<MIXTURE> 38 1.154525e-02
<MEAN> 25
 -3.815377e+00 8.310649e+00 3.577859e+00 3.353082e+00 1.158602e+00 -4.989485e+00 2.914696e-01 -2.212384e+00 -2.540501e+00 -2.546947e+00 -2.011868e+00 -7.851768e-01 -4.415642e+00 1.659178e+00 -5.802407e-01 1.491530e+00 2.245575e+00 1.294001e+00 2.353938e+00 7.648609e-01 9.107255e-01 4.199555e-01 8.914286e-01 5.333443e-01 4.571166e-02
<VARIANCE> 25
 3.514033e+01 2.939782e+01 4.097802e+01 3.189216e+01 4.604775e+01 3.235906e+01 4.130738e+01 3.771398e+01 3.352582e+01 3.016649e+01 2.310442e+01 2.537717e+01 2.183086e+00 4.247858e+00 3.711628e+00 4.588565e+00 4.426728e+00 4.415631e+00 4.807589e+00 4.392920e+00 3.974375e+00 4.847496e+00 4.027703e+00 3.134239e+00 2.045441e-03
<GCONST> 9.840012e+01
<MIXTURE> 39 9.501865e-03
<MEAN> 25
 1.437857e+00 2.128521e+00 1.119692e+01 -8.617401e+00 -9.445553e+00 4.512615e-01 -4.842665e+00 -4.603644e+00 -5.810657e+00 1.250137e-01 -3.917518e+00 -3.061889e+00 -6.587870e-01 1.501811e+00 1.691847e+00 -1.546241e+00 3.540713e-02 2.085914e+00 -1.565048e+00 -1.046301e+00 1.063873e+00 2.465159e-02 -5.215458e-01 1.580672e-01 -1.700027e-03
<VARIANCE> 25
 6.970164e+00 2.437856e+01 2.700408e+01 3.091506e+01 3.669313e+01 4.682195e+01 4.332801e+01 3.494675e+01 3.808571e+01 2.763012e+01 2.807544e+01 2.506888e+01 5.684301e-01 1.287519e+00 1.269823e+00 2.410066e+00 1.993857e+00 4.780919e+00 3.165170e+00 2.339953e+00 3.282233e+00 2.815125e+00 1.876249e+00 1.629149e+00 9.548637e-04
<GCONST> 8.754666e+01
<MIXTURE> 40 1.030800e-02
<MEAN> 25
 -9.134788e+00 2.192875e+00 -1.326482e+00 8.192760e+00 3.895985e+00 5.532104e+00 5.398344e+00 3.937869e+00 4.947580e+00 4.021144e+00 5.500798e+00 1.802756e+00 -1.150867e-01 -2.703983e-01 -3.252245e-02 -1.943015e-01 -6.817839e-02 -9.587532e-02 5.966667e-02 6.828882e-02 -3.037476e-02 2.546148e-03 1.462357e-02 -1.025906e-02 3.937470e-03
<VARIANCE> 25
 4.391319e+01 2.036405e+01 3.034665e+01 2.583086e+01 2.493046e+01 1.888654e+01 1.921776e+01 1.970539e+01 1.797989e+01 1.843086e+01 1.913906e+01 1.427715e+01 7.173038e-01 7.398852e-01 8.419426e-01 1.142748e+00 1.138690e+00 1.283124e+00 1.295359e+00 1.332452e+00 1.287351e+00 1.184883e+00 1.167777e+00 1.114041e+00 8.398195e-04
<GCONST> 7.676797e+01
<MIXTURE> 41 6.713375e-03
<MEAN> 25
 1.430926e+00 1.278029e+00 1.034300e+01 -6.670886e+00 -1.022005e+01 -3.898716e+00 -2.381082e+00 -4.803874e+00 -4.912420e+00 2.638114e+00 -1.759632e+00 -9.718577e-01 1.638436e-01 -8.138716e-01 1.777488e+00 -3.461954e+00 -2.453873e+00 -1.345035e-01 -7.899333e-01 -2.107425e-01 -9.673855e-01 1.063401e+00 -9.522204e-01 5.598447e-02 8.420832e-02
<VARIANCE> 25
 1.118227e+01 3.129839e+01 3.162420e+01 3.895295e+01 3.747160e+01 3.775431e+01 3.839509e+01 3.045749e+01 3.674318e+01 2.751369e+01 2.978127e+01 2.672057e+01 3.093127e+00 3.344014e+00 3.681277e+00 3.738199e+00 4.609871e+00 6.497548e+00 5.574509e+00 4.594320e+00 4.246140e+00 4.024821e+00 3.763058e+00 3.112587e+00 3.170918e-03
<GCONST> 9.798428e+01
<MIXTURE> 42 1.106211e-02
<MEAN> 25
 -2.609849e+00 4.201406e+00 2.470225e+00 3.309017e+00 3.807833e-01 -6.354330e+00 1.885664e+00 -3.080953e+00 -1.011609e+00 -2.043243e+00 -3.074409e+00 8.437272e-01 4.332165e+00 -1.557002e+00 2.156602e+00 -5.843301e-01 -2.713301e+00 -9.495419e-01 -2.791771e+00 -5.996780e-01 -1.303819e+00 -7.391950e-01 1.106580e-01 -1.402562e+00 6.156634e-03
<VARIANCE> 25
 3.451744e+01 2.334840e+01 5.190968e+01 2.128224e+01 2.854263e+01 3.867393e+01 4.951340e+01 2.496560e+01 4.139536e+01 2.398504e+01 2.248202e+01 1.504119e+01 2.826302e+00 7.469743e+00 5.328283e+00 5.203150e+00 4.281001e+00 5.039758e+00 5.574542e+00 4.316655e+00 5.100767e+00 3.662769e+00 3.516402e+00 3.184150e+00 4.422694e-03
<GCONST> 9.904330e+01
<MIXTURE> 43 7.108249e-03
<MEAN> 25
 3.479489e+00 -6.845858e+00 -1.905160e+00 -4.993576e+00 -6.769675e+00 -2.835039e+00 3.891765e+00 8.096123e-01 -4.482066e+00 -6.407366e+00 -4.314170e+00 -1.147825e+00 2.656154e-01 2.269544e+00 2.005872e+00 -1.437791e-01 -1.288716e+00 -7.976611e-01 -1.083921e+00 -3.429942e-01 5.474095e-01 1.633656e+00 4.831941e-01 9.106011e-02 -4.964853e-02
<VARIANCE> 25
 9.317030e+00 2.063155e+01 2.650774e+01 3.167708e+01 3.708090e+01 3.495046e+01 3.294734e+01 3.710598e+01 3.991419e+01 3.798047e+01 2.383263e+01 2.631121e+01 6.618629e-01 1.209090e+00 1.581181e+00 2.302898e+00 2.649909e+00 2.726308e+00 2.461640e+00 3.963400e+00 3.151609e+00 2.500896e+00 2.231128e+00 1.730437e+00 1.063704e-03
<GCONST> 8.787354e+01
<MIXTURE> 44 7.328289e-03
<MEAN> 25
 -1.532671e+01 1.568318e+00 3.499338e+00 -3.252460e+00 3.392485e+00 2.060623e+00 1.049278e-02 2.405204e+00 1.562665e+00 -8.015972e-01 1.757803e+00 1.958861e+00 -1.719212e-01 -2.526191e-04 1.561891e-01 2.969711e-01 -1.036803e-01 2.030182e-01 4.681406e-01 1.095828e-01 2.413495e-01 1.392806e-01 5.654652e-02 9.268245e-02 4.565490e-03
<VARIANCE> 25
 4.212131e+01 2.799130e+01 3.572639e+01 3.041604e+01 2.941718e+01 3.017905e+01 2.512557e+01 3.188375e+01 2.776618e+01 2.722341e+01 2.741833e+01 1.937853e+01 1.231199e+00 1.553311e+00 1.399454e+00 1.351605e+00 2.163588e+00 1.659806e+00 1.524520e+00 1.647586e+00 1.566219e+00 1.498071e+00 1.362291e+00 1.225840e+00 1.292825e-03
<GCONST> 8.458813e+01
<MIXTURE> 45 1.364932e-02
<MEAN> 25
 -1.160787e+01 5.972239e+00 -5.051980e+00 3.714135e+00 6.062081e+00 8.293331e-01 7.348423e+00 3.332361e-01 4.945216e+00 8.103479e-01 1.368864e+00 2.003939e+00 -2.830903e+00 1.128502e+00 -1.079985e+00 4.220672e-02 7.112474e-02 -1.619076e-01 8.784473e-01 -1.273770e-01 -2.108812e-01 -3.914932e-01 4.739816e-02 9.020647e-02 1.186620e-01
<VARIANCE> 25
 2.903654e+01 3.461879e+01 2.983451e+01 2.944919e+01 1.945184e+01 2.481289e+01 2.384848e+01 1.923538e+01 2.701485e+01 1.913522e+01 2.064708e+01 1.242184e+01 2.188263e+00 3.381137e+00 2.337690e+00 2.612013e+00 2.577373e+00 2.544951e+00 1.920735e+00 1.645527e+00 2.659784e+00 1.891200e+00 1.673835e+00 1.618411e+00 3.307236e-03
<GCONST> 8.748357e+01
<MIXTURE> 46 9.336259e-03
<MEAN> 25
 -9.213155e+00 2.432510e+00 1.014425e+00 7.467793e+00 5.780640e+00 3.310745e+00 7.164189e+00 4.265081e+00 5.847502e+00 4.626843e+00 4.956505e+00 2.950782e+00 9.855103e-01 -1.913202e-01 -2.756006e-02 1.000209e+00 6.581859e-01 9.856554e-01 4.012468e-01 6.103176e-01 5.686011e-01 4.702123e-01 6.308154e-01 5.398576e-01 -1.033030e-01
<VARIANCE> 25
 3.582172e+01 4.331203e+01 3.920966e+01 4.831926e+01 5.023985e+01 3.992673e+01 3.650902e+01 3.534093e+01 3.274640e+01 3.071198e+01 2.809071e+01 1.986068e+01 3.945399e+00 4.167747e+00 3.940437e+00 4.057220e+00 4.343211e+00 3.729142e+00 3.287569e+00 3.100416e+00 3.252498e+00 2.808034e+00 2.294165e+00 1.737216e+00 7.892753e-03
<GCONST> 9.827568e+01
<MIXTURE> 47 7.116147e-03
<MEAN> 25
 7.386690e+00 -7.380673e+00 -7.708273e+00 -6.426030e+00 1.512421e+00 7.362638e-01 -2.680962e+00 1.343372e+00 2.870537e+00 2.735677e-01 -4.168036e+00 -6.658513e+00 -1.814460e-01 -1.256731e+00 -6.940922e-01 -3.773578e-01 6.209908e-01 7.790435e-01 8.897117e-01 2.464493e-01 1.002458e-01 -8.442503e-01 -4.600237e-01 -4.686618e-01 2.944257e-02
<VARIANCE> 25
 1.081131e+01 2.074071e+01 2.035718e+01 3.264220e+01 3.555825e+01 5.247974e+01 4.952259e+01 4.085464e+01 4.381498e+01 4.707028e+01 4.817059e+01 3.313925e+01 5.133434e-01 7.619249e-01 1.103769e+00 1.748486e+00 1.949802e+00 2.247736e+00 2.304998e+00 2.588687e+00 2.171463e+00 2.199677e+00 2.150510e+00 1.979714e+00 5.691920e-04
<GCONST> 8.653350e+01
<MIXTURE> 48 7.116147e-03
<MEAN> 25
 7.386690e+00 -7.380673e+00 -7.708273e+00 -6.426030e+00 1.512421e+00 7.362638e-01 -2.680962e+00 1.343372e+00 2.870537e+00 2.735677e-01 -4.168036e+00 -6.658513e+00 -1.814460e-01 -1.256731e+00 -6.940922e-01 -3.773578e-01 6.209908e-01 7.790435e-01 8.897117e-01 2.464493e-01 1.002458e-01 -8.442503e-01 -4.600237e-01 -4.686618e-01 2.944257e-02
<VARIANCE> 25
 1.081131e+01 2.074071e+01 2.035718e+01 3.264220e+01 3.555825e+01 5.247974e+01 4.952259e+01 4.085464e+01 4.381498e+01 4.707028e+01 4.817059e+01 3.313925e+01 5.133434e-01 7.619249e-01 1.103769e+00 1.748486e+00 1.949802e+00 2.247736e+00 2.304998e+00 2.588687e+00 2.171463e+00 2.199677e+00 2.150510e+00 1.979714e+00 5.691920e-04
<GCONST> 8.653350e+01
<MIXTURE> 49 5.548473e-03
<MEAN> 25
 -5.084845e+00 3.524690e-01 1.712561e-01 8.455256e+00 6.148474e+00 5.617666e+00 6.069524e+00 4.487707e+00 5.031919e+00 3.721006e+00 4.932338e+00 2.862138e+00 3.655452e-01 6.549687e-01 7.023223e-01 3.538682e-01 -1.960323e-01 -6.695644e-01 -1.009032e+00 -1.120690e+00 -9.549208e-01 -6.799268e-01 -4.931957e-01 -2.718623e-01 -1.753931e-05
<VARIANCE> 25
 9.603295e+00 1.004155e+01 1.424811e+01 1.587164e+01 1.588484e+01 1.714519e+01 1.942380e+01 1.941991e+01 1.827069e+01 1.794760e+01 2.063449e+01 1.428867e+01 2.806334e-01 2.647534e-01 3.594137e-01 6.117989e-01 8.696160e-01 9.736090e-01 9.923192e-01 1.053620e+00 1.137888e+00 1.220241e+00 1.280229e+00 1.208068e+00 1.434624e-05
<GCONST> 6.433204e+01
<MIXTURE> 50 6.234641e-03
<MEAN> 25
 -4.667276e+00 9.252580e-02 -1.450515e+00 6.200409e+00 4.220850e+00 2.276573e+00 3.706291e+00 1.987199e+00 2.780268e+00 1.404405e+00 2.155883e+00 2.845924e+00 5.598846e-02 1.759167e-01 9.531893e-02 -1.771506e-01 -5.118802e-01 -6.154146e-01 -4.262454e-01 -5.092541e-02 4.410211e-01 7.736755e-01 7.388700e-01 4.450480e-01 -1.345948e-05
<VARIANCE> 25
 1.053580e+01 1.115673e+01 1.434741e+01 1.541661e+01 1.534061e+01 1.857524e+01 1.857001e+01 1.948277e+01 1.854550e+01 1.748721e+01 2.165673e+01 1.520396e+01 1.452259e-01 2.394188e-01 3.784908e-01 5.173452e-01 5.986572e-01 7.348093e-01 9.574394e-01 1.118376e+00 1.060042e+00 9.103844e-01 9.181958e-01 9.892732e-01 1.001359e-06
<GCONST> 5.954644e+01
<MIXTURE> 51 6.234641e-03
<MEAN> 25
 -4.667276e+00 9.252580e-02 -1.450515e+00 6.200409e+00 4.220850e+00 2.276573e+00 3.706291e+00 1.987199e+00 2.780268e+00 1.404405e+00 2.155883e+00 2.845924e+00 5.598846e-02 1.759167e-01 9.531893e-02 -1.771506e-01 -5.118802e-01 -6.154146e-01 -4.262454e-01 -5.092541e-02 4.410211e-01 7.736755e-01 7.388700e-01 4.450480e-01 -1.345948e-05
<VARIANCE> 25
 1.053580e+01 1.115673e+01 1.434741e+01 1.541661e+01 1.534061e+01 1.857524e+01 1.857001e+01 1.948277e+01 1.854550e+01 1.748721e+01 2.165673e+01 1.520396e+01 1.452259e-01 2.394188e-01 3.784908e-01 5.173452e-01 5.986572e-01 7.348093e-01 9.574394e-01 1.118376e+00 1.060042e+00 9.103844e-01 9.181958e-01 9.892732e-01 1.001359e-06
<GCONST> 5.954644e+01
<MIXTURE> 52 6.367945e-03
<MEAN> 25
 1.012953e+01 2.021614e+00 -6.194831e+00 -1.426219e+01 -4.202061e+00 8.513517e+00 -2.811375e+00 -3.029859e+00 -4.410899e+00 -2.109529e+00 3.358528e+00 7.328715e-01 -3.834521e-01 -4.814171e-01 -7.069335e-02 1.140657e+00 1.336685e+00 -4.723505e-01 -6.007029e-01 -6.636678e-01 4.512727e-02 1.247760e+00 3.829239e-01 -5.488383e-01 -1.380436e-02
<VARIANCE> 25
 9.265326e+00 2.062839e+01 2.528971e+01 3.862521e+01 4.566025e+01 3.089213e+01 4.755108e+01 4.926384e+01 4.295337e+01 4.602506e+01 3.994529e+01 2.997415e+01 4.505250e-01 1.477822e+00 1.309572e+00 2.749012e+00 2.327758e+00 2.194072e+00 2.980125e+00 2.800943e+00 2.998729e+00 2.661182e+00 2.520467e+00 2.271634e+00 1.540796e-03
<GCONST> 8.974524e+01
<MIXTURE> 53 6.367945e-03
<MEAN> 25
 1.012953e+01 2.021614e+00 -6.194831e+00 -1.426219e+01 -4.202061e+00 8.513517e+00 -2.811375e+00 -3.029859e+00 -4.410899e+00 -2.109529e+00 3.358528e+00 7.328715e-01 -3.834521e-01 -4.814171e-01 -7.069335e-02 1.140657e+00 1.336685e+00 -4.723505e-01 -6.007029e-01 -6.636678e-01 4.512727e-02 1.247760e+00 3.829239e-01 -5.488383e-01 -1.380436e-02
<VARIANCE> 25
 9.265326e+00 2.062839e+01 2.528971e+01 3.862521e+01 4.566025e+01 3.089213e+01 4.755108e+01 4.926384e+01 4.295337e+01 4.602506e+01 3.994529e+01 2.997415e+01 4.505250e-01 1.477822e+00 1.309572e+00 2.749012e+00 2.327758e+00 2.194072e+00 2.980125e+00 2.800943e+00 2.998729e+00 2.661182e+00 2.520467e+00 2.271634e+00 1.540796e-03
<GCONST> 8.974524e+01
<MIXTURE> 54 7.368620e-03
<MEAN> 25
 -3.633801e+00 4.931954e-02 -6.831419e-01 8.036570e+00 6.484003e+00 4.625407e+00 4.675332e+00 4.601055e+00 4.053099e+00 3.593801e+00 4.457477e+00 2.326298e+00 -2.133210e-03 2.653849e-02 3.415401e-02 4.748240e-02 5.136495e-02 4.707923e-02 3.888674e-02 2.892036e-02 3.080963e-02 2.506088e-02 1.452187e-02 1.778039e-03 -1.219590e-05
<VARIANCE> 25
 9.137465e+00 1.036359e+01 9.295803e+00 1.818508e+01 1.332127e+01 1.353345e+01 1.197145e+01 1.128198e+01 1.134292e+01 1.354989e+01 1.780268e+01 1.253449e+01 4.087522e-02 8.734614e-02 1.540843e-01 2.265825e-01 3.079380e-01 3.969485e-01 4.608482e-01 5.215847e-01 5.420835e-01 5.211474e-01 5.144392e-01 5.164422e-01 1.000000e-06
<GCONST> 4.724841e+01
<MIXTURE> 55 7.368620e-03
<MEAN> 25
 -3.633801e+00 4.931954e-02 -6.831419e-01 8.036570e+00 6.484003e+00 4.625407e+00 4.675332e+00 4.601055e+00 4.053099e+00 3.593801e+00 4.457477e+00 2.326298e+00 -2.133210e-03 2.653849e-02 3.415401e-02 4.748240e-02 5.136495e-02 4.707923e-02 3.888674e-02 2.892036e-02 3.080963e-02 2.506088e-02 1.452187e-02 1.778039e-03 -1.219590e-05
<VARIANCE> 25
 9.137465e+00 1.036359e+01 9.295803e+00 1.818508e+01 1.332127e+01 1.353345e+01 1.197145e+01 1.128198e+01 1.134292e+01 1.354989e+01 1.780268e+01 1.253449e+01 4.087522e-02 8.734614e-02 1.540843e-01 2.265825e-01 3.079380e-01 3.969485e-01 4.608482e-01 5.215847e-01 5.420835e-01 5.211474e-01 5.144392e-01 5.164422e-01 1.000000e-06
<GCONST> 4.724841e+01
<MIXTURE> 56 6.132464e-03
<MEAN> 25
 7.660497e+00 -6.848544e+00 -9.051407e+00 -8.458747e+00 3.820841e+00 3.687963e+00 -2.598537e+00 -1.315516e+00 1.734212e+00 8.834506e-01 -2.343184e+00 -7.061891e+00 -2.945240e-02 1.371701e-02 -7.169299e-02 7.599785e-02 2.296025e-01 3.949827e-02 1.522120e-01 -1.806213e-01 -5.376653e-02 -4.588953e-02 -9.439926e-02 7.594008e-04 -7.483927e-03
<VARIANCE> 25
 9.353387e+00 2.291558e+01 1.978596e+01 4.185675e+01 3.272943e+01 5.206036e+01 6.528463e+01 3.659490e+01 3.954615e+01 3.817338e+01 4.033661e+01 3.037545e+01 2.124338e-01 4.280401e-01 4.503821e-01 8.531925e-01 8.003689e-01 1.126812e+00 9.328766e-01 9.416308e-01 8.947752e-01 9.101564e-01 1.009478e+00 7.753494e-01 2.388791e-04
<GCONST> 7.530665e+01
<MIXTURE> 57 6.132464e-03
<MEAN> 25
 7.660497e+00 -6.848544e+00 -9.051407e+00 -8.458747e+00 3.820841e+00 3.687963e+00 -2.598537e+00 -1.315516e+00 1.734212e+00 8.834506e-01 -2.343184e+00 -7.061891e+00 -2.945240e-02 1.371701e-02 -7.169299e-02 7.599785e-02 2.296025e-01 3.949827e-02 1.522120e-01 -1.806213e-01 -5.376653e-02 -4.588953e-02 -9.439926e-02 7.594008e-04 -7.483927e-03
<VARIANCE> 25
 9.353387e+00 2.291558e+01 1.978596e+01 4.185675e+01 3.272943e+01 5.206036e+01 6.528463e+01 3.659490e+01 3.954615e+01 3.817338e+01 4.033661e+01 3.037545e+01 2.124338e-01 4.280401e-01 4.503821e-01 8.531925e-01 8.003689e-01 1.126812e+00 9.328766e-01 9.416308e-01 8.947752e-01 9.101564e-01 1.009478e+00 7.753494e-01 2.388791e-04
<GCONST> 7.530665e+01
<MIXTURE> 58 6.172147e-03
<MEAN> 25
 2.736124e+00 -3.893158e+00 8.124218e+00 -5.660504e+00 -1.291757e+01 -5.542712e+00 4.774973e-01 1.009014e+00 -3.482426e+00 2.073339e+00 2.442474e-01 -2.094864e-01 -2.978216e-02 -1.007842e-01 -6.524752e-02 -1.871196e-01 -1.445179e-01 3.004555e-01 3.663203e-01 2.281563e-01 4.570839e-02 2.303459e-02 -9.486812e-02 -9.696439e-02 -4.828441e-03
<VARIANCE> 25
 6.252228e+00 1.729131e+01 1.938666e+01 2.442669e+01 2.121320e+01 3.879259e+01 3.688341e+01 2.981125e+01 3.261243e+01 2.681374e+01 1.994032e+01 1.859778e+01 2.671227e-01 7.805639e-01 7.908756e-01 1.029914e+00 1.002283e+00 1.181495e+00 1.336790e+00 1.260753e+00 1.015474e+00 8.970249e-01 8.345233e-01 8.222179e-01 7.410934e-04
<GCONST> 7.443600e+01
<MIXTURE> 59 6.172147e-03
<MEAN> 25
 2.736124e+00 -3.893158e+00 8.124218e+00 -5.660504e+00 -1.291757e+01 -5.542712e+00 4.774973e-01 1.009014e+00 -3.482426e+00 2.073339e+00 2.442474e-01 -2.094864e-01 -2.978216e-02 -1.007842e-01 -6.524752e-02 -1.871196e-01 -1.445179e-01 3.004555e-01 3.663203e-01 2.281563e-01 4.570839e-02 2.303459e-02 -9.486812e-02 -9.696439e-02 -4.828441e-03
<VARIANCE> 25
 6.252228e+00 1.729131e+01 1.938666e+01 2.442669e+01 2.121320e+01 3.879259e+01 3.688341e+01 2.981125e+01 3.261243e+01 2.681374e+01 1.994032e+01 1.859778e+01 2.671227e-01 7.805639e-01 7.908756e-01 1.029914e+00 1.002283e+00 1.181495e+00 1.336790e+00 1.260753e+00 1.015474e+00 8.970249e-01 8.345233e-01 8.222179e-01 7.410934e-04
<GCONST> 7.443600e+01
<MIXTURE> 60 4.479129e-03
<MEAN> 25
 -4.256799e+00 -6.698563e-01 -1.080287e+00 3.713218e+00 1.733827e+00 2.104913e+00 1.637937e+00 1.526834e+00 2.184330e+00 1.268425e+00 2.382271e+00 1.915400e+00 -2.935690e-02 5.737985e-02 1.000835e-01 1.280933e-01 1.307999e-01 1.334813e-01 1.766727e-01 3.203516e-01 5.472848e-01 6.654668e-01 5.556697e-01 3.033843e-01 -4.043496e-04
<VARIANCE> 25
 6.944132e+00 4.560312e+00 1.027543e+01 1.141211e+01 1.354985e+01 1.708315e+01 1.397447e+01 1.188181e+01 1.298455e+01 1.317929e+01 1.592747e+01 1.226926e+01 8.709565e-02 1.685518e-01 2.794012e-01 4.333212e-01 5.871636e-01 7.357258e-01 8.291064e-01 9.017422e-01 9.031954e-01 8.351148e-01 8.375899e-01 8.609578e-01 2.301937e-05
<GCONST> 5.638996e+01
<MIXTURE> 61 4.479129e-03
<MEAN> 25
 -4.256799e+00 -6.698563e-01 -1.080287e+00 3.713218e+00 1.733827e+00 2.104913e+00 1.637937e+00 1.526834e+00 2.184330e+00 1.268425e+00 2.382271e+00 1.915400e+00 -2.935690e-02 5.737985e-02 1.000835e-01 1.280933e-01 1.307999e-01 1.334813e-01 1.766727e-01 3.203516e-01 5.472848e-01 6.654668e-01 5.556697e-01 3.033843e-01 -4.043496e-04
<VARIANCE> 25
 6.944132e+00 4.560312e+00 1.027543e+01 1.141211e+01 1.354985e+01 1.708315e+01 1.397447e+01 1.188181e+01 1.298455e+01 1.317929e+01 1.592747e+01 1.226926e+01 8.709565e-02 1.685518e-01 2.794012e-01 4.333212e-01 5.871636e-01 7.357258e-01 8.291064e-01 9.017422e-01 9.031954e-01 8.351148e-01 8.375899e-01 8.609578e-01 2.301937e-05
<GCONST> 5.638996e+01
<MIXTURE> 62 3.278034e-03
<MEAN> 25
 -5.082220e+00 1.248693e+00 1.014584e+00 8.814002e+00 6.127623e+00 5.052328e+00 5.497692e+00 4.016466e+00 5.004675e+00 3.901455e+00 4.953970e+00 2.952681e+00 -1.005964e+00 -1.162877e+00 -9.511191e-01 -2.724940e-01 4.267688e-01 1.008286e+00 1.380999e+00 1.545384e+00 1.473626e+00 1.240712e+00 1.068996e+00 7.228612e-01 -1.262326e-03
<VARIANCE> 25
 9.862835e+00 9.990668e+00 1.313754e+01 1.670062e+01 1.735715e+01 1.750915e+01 1.964353e+01 1.913222e+01 1.891794e+01 1.877118e+01 2.158177e+01 1.477619e+01 4.052582e-01 4.352639e-01 5.535617e-01 7.866769e-01 1.032813e+00 1.204621e+00 1.253872e+00 1.290039e+00 1.333230e+00 1.364357e+00 1.401749e+00 1.369841e+00 1.632421e-05
<GCONST> 6.757225e+01
<MIXTURE> 63 4.351215e-03
<MEAN> 25
 -3.855773e+00 -2.141857e+00 -4.630755e+00 2.857011e+00 3.547737e+00 -2.431282e-01 2.802404e+00 1.141215e+00 2.846800e+00 -8.043433e-01 -1.072085e+00 2.403579e+00 -1.422321e-01 3.403096e-01 3.438101e-01 4.185751e-01 4.047507e-01 4.678827e-01 4.167289e-01 1.899774e-01 1.525118e-01 2.748579e-01 2.017184e-01 9.824130e-02 -3.678643e-03
<VARIANCE> 25
 9.304830e+00 1.563157e+01 1.629434e+01 1.767749e+01 1.735179e+01 2.642547e+01 2.167108e+01 2.593377e+01 2.718540e+01 2.048881e+01 2.059945e+01 1.545768e+01 2.718250e-01 4.180081e-01 6.439658e-01 7.379422e-01 9.257829e-01 1.127272e+00 1.272241e+00 1.360823e+00 1.356939e+00 1.340915e+00 1.252807e+00 1.230025e+00 2.145406e-04
<GCONST> 7.139203e+01
<MIXTURE> 64 4.351215e-03
<MEAN> 25
 -3.855773e+00 -2.141857e+00 -4.630755e+00 2.857011e+00 3.547737e+00 -2.431282e-01 2.802404e+00 1.141215e+00 2.846800e+00 -8.043433e-01 -1.072085e+00 2.403579e+00 -1.422321e-01 3.403096e-01 3.438101e-01 4.185751e-01 4.047507e-01 4.678827e-01 4.167289e-01 1.899774e-01 1.525118e-01 2.748579e-01 2.017184e-01 9.824130e-02 -3.678643e-03
<VARIANCE> 25
 9.304830e+00 1.563157e+01 1.629434e+01 1.767749e+01 1.735179e+01 2.642547e+01 2.167108e+01 2.593377e+01 2.718540e+01 2.048881e+01 2.059945e+01 1.545768e+01 2.718250e-01 4.180081e-01 6.439658e-01 7.379422e-01 9.257829e-01 1.127272e+00 1.272241e+00 1.360823e+00 1.356939e+00 1.340915e+00 1.252807e+00 1.230025e+00 2.145406e-04
<GCONST> 7.139203e+01
<MIXTURE> 65 1.721197e-02
<MEAN> 25
 8.002639e+00 2.019565e+00 1.939793e+00 5.476621e-01 -5.123901e+00 -4.093555e+00 -5.515165e+00 -7.068197e+00 -3.856981e+00 -1.981881e+00 -5.225497e+00 -1.648266e+00 1.828096e-01 1.214962e-01 -5.798517e-02 1.632203e-01 -9.790993e-02 2.740726e-01 -1.133900e-01 -2.234623e-01 1.967165e-01 4.949465e-02 1.719156e-02 -1.484962e-01 -5.700089e-03
<VARIANCE> 25
 1.018552e+01 1.908776e+01 2.530330e+01 3.535632e+01 3.941962e+01 5.720787e+01 6.433189e+01 6.417491e+01 5.557055e+01 5.754372e+01 5.545035e+01 5.009420e+01 5.429506e-01 9.260147e-01 1.640855e+00 1.755349e+00 2.092228e+00 2.162995e+00 2.284844e+00 3.223953e+00 2.365546e+00 2.406348e+00 2.370074e+00 2.046809e+00 4.332888e-04
<GCONST> 8.951068e+01
<MIXTURE> 66 1.191532e-02
<MEAN> 25
 6.858277e+00 -4.191392e+00 -5.186174e+00 -4.295231e+00 7.041345e-01 -4.477814e+00 -8.780198e+00 1.821404e+00 -6.873088e-02 -9.246900e-01 -5.310788e+00 -4.268369e+00 -2.677904e-01 1.688887e+00 2.191894e+00 2.121303e+00 -1.032593e+00 -1.453378e+00 5.184305e-01 -7.827461e-01 1.727391e-01 -3.731122e-01 -4.886861e-01 1.059282e+00 -6.543526e-02
<VARIANCE> 25
 7.682517e+00 2.075782e+01 2.376562e+01 2.846905e+01 3.239933e+01 4.716977e+01 6.422123e+01 4.080330e+01 4.617530e+01 5.867860e+01 3.316140e+01 3.708987e+01 1.418260e+00 2.167003e+00 2.110575e+00 2.417530e+00 3.778204e+00 4.112777e+00 5.454864e+00 5.098364e+00 4.734295e+00 4.784414e+00 4.133786e+00 2.869365e+00 1.523609e-03
<GCONST> 9.568616e+01
<MIXTURE> 67 1.559142e-02
<MEAN> 25
 8.804700e+00 1.667915e+00 -5.568643e+00 -7.557422e+00 8.272880e-01 2.421896e+00 -4.178267e+00 -1.916390e+00 -3.602813e+00 8.670629e-01 -4.114816e-01 -2.014184e+00 -1.114682e+00 1.905260e+00 1.046893e+00 2.953001e+00 1.383165e+00 -4.983957e-01 1.589064e+00 -1.531236e-01 4.651572e-01 1.361346e-01 -2.839893e-01 7.267739e-01 -1.308331e-01
<VARIANCE> 25
 1.114956e+01 3.785909e+01 3.003834e+01 5.626496e+01 4.556250e+01 5.455859e+01 6.702632e+01 5.126664e+01 6.055943e+01 5.263732e+01 5.256516e+01 4.524580e+01 2.037585e+00 3.357729e+00 3.126193e+00 4.303576e+00 4.186901e+00 4.352812e+00 5.335714e+00 5.547390e+00 6.098689e+00 4.628673e+00 4.830253e+00 3.651489e+00 2.886670e-03
<GCONST> 1.024020e+02
<MIXTURE> 68 1.485092e-02
<MEAN> 25
 -1.393380e+00 -3.057909e+00 -3.065606e+00 1.439590e-01 3.834287e+00 2.690633e-01 3.983155e+00 -3.289783e-01 2.940307e+00 1.356233e+00 -9.740400e-01 1.369654e+00 2.600577e+00 -2.278821e-01 7.156891e-01 -2.377865e+00 -2.393926e+00 -1.660700e+00 -2.473878e+00 -1.092808e+00 -2.221726e+00 -1.011112e+00 -1.347736e+00 -1.006856e+00 1.056184e-01
<VARIANCE> 25
 2.338770e+01 3.270350e+01 4.930492e+01 4.812717e+01 4.442324e+01 4.745645e+01 5.013623e+01 4.623336e+01 3.339600e+01 3.990575e+01 3.610128e+01 2.247288e+01 1.962618e+00 4.922064e+00 5.538218e+00 4.941880e+00 4.340226e+00 4.743898e+00 5.241038e+00 4.967447e+00 5.111163e+00 4.970841e+00 5.114362e+00 2.646698e+00 6.387791e-03
<GCONST> 1.023027e+02
<MIXTURE> 69 1.204884e-02
<MEAN> 25
 4.266098e+00 -4.928346e+00 -3.307611e+00 -3.249663e+00 -3.028626e+00 -6.684705e+00 -8.832160e-01 1.083103e+00 -2.400531e-01 -4.872178e+00 -5.886068e+00 6.255659e-01 1.922725e+00 -2.406122e+00 -8.711890e-01 -2.256141e+00 -5.086046e-01 -3.121828e-01 -7.355933e-01 7.093237e-01 -8.195768e-01 -1.257706e+00 -1.867282e+00 -1.979271e-01 5.666736e-02
<VARIANCE> 25
 1.074896e+01 2.456262e+01 2.504658e+01 2.460517e+01 3.873859e+01 4.207644e+01 5.231080e+01 3.947324e+01 3.790446e+01 3.870858e+01 2.936394e+01 2.224997e+01 4.005961e+00 4.334262e+00 4.284481e+00 3.699958e+00 5.049107e+00 4.614110e+00 7.230670e+00 5.667966e+00 5.836927e+00 5.581086e+00 4.838622e+00 3.325000e+00 2.842353e-03
<GCONST> 9.962677e+01
<MIXTURE> 70 1.329190e-02
<MEAN> 25
 7.254137e+00 -2.628629e+00 -2.909676e+00 -3.607129e+00 -3.129777e-01 -5.919943e-01 -6.753690e+00 -3.426086e+00 -9.346683e-02 2.551294e+00 -3.524864e-01 -4.529528e+00 1.836722e+00 -9.725077e-01 -4.752898e-01 -1.992453e+00 -1.392817e+00 8.148237e-01 -1.881863e+00 2.869334e-01 -2.846088e-01 -2.243795e-01 6.588033e-01 -1.334116e+00 6.157181e-02
<VARIANCE> 25
 1.053198e+01 2.263262e+01 2.958709e+01 4.316228e+01 3.149848e+01 4.136996e+01 5.163431e+01 4.394707e+01 4.704377e+01 3.156385e+01 4.045509e+01 2.446609e+01 3.357124e+00 3.549562e+00 4.869393e+00 4.782322e+00 4.666247e+00 6.391988e+00 8.782238e+00 7.998790e+00 8.257879e+00 5.062810e+00 5.600299e+00 3.826148e+00 2.515750e-03
<GCONST> 1.017591e+02
<MIXTURE> 71 1.406903e-02
<MEAN> 25
 6.459639e+00 4.881790e+00 4.266305e+00 3.101042e+00 -3.407727e+00 -3.435978e+00 -3.622357e+00 -6.264945e+00 -4.627642e+00 -2.333343e+00 -5.154019e+00 -3.228931e+00 -1.527320e+00 -5.908923e-01 -2.759941e-01 -1.685595e+00 1.097729e+00 -2.200835e-01 3.468987e-02 1.509958e+00 2.825854e-01 -2.319513e-01 5.664722e-01 1.921640e-01 4.271625e-02
<VARIANCE> 25
 1.852220e+01 2.735373e+01 2.366780e+01 4.352119e+01 3.959321e+01 4.021077e+01 4.308031e+01 4.421973e+01 3.811402e+01 4.400421e+01 3.545871e+01 3.340285e+01 1.763978e+00 3.346080e+00 5.140501e+00 5.002801e+00 4.633809e+00 4.779821e+00 4.764775e+00 5.326894e+00 4.201756e+00 4.111945e+00 4.012731e+00 3.216325e+00 1.483775e-03
<GCONST> 9.878726e+01
<MIXTURE> 72 8.134747e-03
<MEAN> 25
 4.417005e+00 -4.292579e+00 5.277101e+00 -2.115025e+00 -9.623394e+00 -9.186358e+00 -5.238023e+00 5.798951e+00 -8.304740e+00 -2.780466e+00 3.294058e-01 2.752496e-01 1.047175e+00 -6.839883e-01 -2.806113e+00 5.578383e-01 2.025039e+00 -8.478320e-01 -1.503603e+00 1.679886e+00 1.709268e+00 -2.374633e-01 -8.975418e-01 2.967778e-01 -2.119204e-03
<VARIANCE> 25
 8.478643e+00 1.475832e+01 2.637123e+01 3.309660e+01 2.447414e+01 2.660552e+01 4.610221e+01 5.269549e+01 5.263663e+01 3.697036e+01 3.668531e+01 2.357063e+01 3.727894e-01 7.810833e-01 1.976773e+00 1.269845e+00 1.908451e+00 3.356255e+00 2.842517e+00 2.610279e+00 3.195263e+00 2.625427e+00 1.797657e+00 1.693518e+00 5.191127e-04
<GCONST> 8.538265e+01
<MIXTURE> 73 1.213625e-02
<MEAN> 25
 -4.568925e+00 -4.546671e-01 -1.288228e+00 3.941727e+00 4.536804e+00 3.364884e+00 6.135123e+00 2.692310e+00 5.249561e+00 2.970150e+00 3.064477e+00 2.542453e+00 9.989991e-01 -1.310347e+00 -2.194180e-01 -2.288881e+00 -1.699118e+00 -2.007021e+00 -9.223319e-01 -4.382139e-01 -1.420164e+00 -2.981605e-01 -1.246404e+00 -4.557154e-01 1.516757e-01
<VARIANCE> 25
 1.373793e+01 1.290742e+01 1.295644e+01 2.127833e+01 2.046003e+01 2.246091e+01 2.276880e+01 1.901529e+01 1.615032e+01 1.910607e+01 2.641728e+01 1.469657e+01 3.565542e+00 2.725279e+00 5.972670e+00 4.050847e+00 5.818110e+00 3.870493e+00 6.487820e+00 3.313247e+00 3.908447e+00 3.718106e+00 2.963445e+00 2.558632e+00 3.634699e-03
<GCONST> 9.136581e+01
<MIXTURE> 74 1.756491e-02
<MEAN> 25
 4.124998e+00 -3.336277e+00 7.284766e+00 -2.261847e+00 -1.066344e+01 -6.925298e+00 -2.255726e+00 4.733279e-01 -4.358657e+00 2.337747e-01 -2.709736e-01 1.510157e+00 2.215329e-01 1.817322e+00 -4.246362e-01 1.653434e+00 1.220114e+00 4.302967e-01 1.259684e+00 -1.399020e+00 7.184923e-01 3.193810e-01 4.016638e-01 3.828497e-02 -8.400349e-02
<VARIANCE> 25
 8.931650e+00 2.696975e+01 3.073847e+01 2.855954e+01 3.680857e+01 3.047006e+01 4.994041e+01 3.126814e+01 4.186205e+01 3.808487e+01 5.120274e+01 2.541320e+01 1.663892e+00 1.385873e+00 3.525700e+00 1.718623e+00 3.229252e+00 3.179996e+00 5.753183e+00 4.259629e+00 3.882912e+00 2.676601e+00 3.603847e+00 2.265329e+00 1.268976e-03
<GCONST> 9.306638e+01
<MIXTURE> 75 9.711651e-03
<MEAN> 25
 3.131458e+00 -2.699989e+00 1.126082e+01 1.647517e-01 -1.077168e+01 -5.204577e+00 -6.313995e+00 9.259685e-01 -6.960561e+00 -4.617966e+00 2.900922e+00 -1.143304e+00 1.460283e+00 -1.590622e+00 6.351861e-01 -2.518115e-01 -2.424597e+00 -1.074927e+00 -2.528801e+00 1.763442e+00 -1.617213e+00 -1.251436e-01 1.140043e+00 -4.350507e-01 4.457599e-02
<VARIANCE> 25
 7.647572e+00 1.581435e+01 2.110737e+01 2.214181e+01 2.089995e+01 3.622122e+01 3.516774e+01 2.642290e+01 3.623402e+01 3.755476e+01 1.649038e+01 2.149361e+01 1.822390e+00 1.777537e+00 4.286045e+00 3.184802e+00 3.394732e+00 6.205573e+00 4.577911e+00 4.215116e+00 5.913569e+00 3.202923e+00 2.335836e+00 1.914986e+00 1.552916e-03
<GCONST> 9.120791e+01
<MIXTURE> 76 1.052359e-02
<MEAN> 25
 -6.400227e+00 7.907400e-02 -4.014184e+00 3.372419e+00 4.038579e+00 1.278242e+00 5.317154e+00 1.203332e+00 2.681988e+00 -5.977376e-01 -1.823993e-01 1.570730e+00 1.006328e-01 -4.578960e-01 -5.279999e-01 -1.064454e+00 -3.893373e-01 -1.021779e+00 -6.067909e-01 -3.560472e-01 -3.064682e-01 -5.261222e-01 -3.837440e-01 -3.036889e-02 2.916308e-02
<VARIANCE> 25
 3.380846e+01 2.472221e+01 3.934030e+01 2.269098e+01 2.188809e+01 3.091343e+01 2.382602e+01 2.513749e+01 1.921473e+01 1.918506e+01 2.474318e+01 1.619352e+01 9.918308e-01 8.628236e-01 1.112941e+00 1.065843e+00 1.410228e+00 1.712221e+00 1.445843e+00 1.336087e+00 1.477319e+00 1.486794e+00 1.204796e+00 1.181204e+00 1.264006e-03
<GCONST> 8.030602e+01
<MIXTURE> 77 1.244626e-02
<MEAN> 25
 -3.864421e-01 8.214224e+00 1.280215e+01 -1.137944e+01 -6.682025e+00 2.318196e+00 -9.841562e+00 -6.638763e+00 -3.276004e+00 -8.927545e-01 -4.647920e+00 -1.682563e+00 -4.264713e-03 2.673767e-01 4.959475e-02 2.279737e-01 1.396071e-01 9.153087e-02 -1.306022e-03 -8.314389e-02 1.939221e-01 -2.705937e-01 1.436575e-01 1.172927e-01 -1.166886e-02
<VARIANCE> 25
 9.631249e+00 1.986641e+01 2.619367e+01 3.834539e+01 3.158595e+01 5.026515e+01 3.664521e+01 3.218742e+01 3.251957e+01 3.513049e+01 3.425746e+01 3.260130e+01 3.256663e-01 8.675511e-01 5.935770e-01 9.993977e-01 1.426707e+00 9.379634e-01 1.201015e+00 9.818265e-01 1.074921e+00 1.486415e+00 1.034266e+00 8.389125e-01 5.226887e-04
<GCONST> 7.805530e+01
<MIXTURE> 78 9.702551e-03
<MEAN> 25
 -1.151985e+01 1.364714e+00 -2.665854e+00 2.737157e+00 4.130443e+00 -2.201057e+00 4.702456e+00 1.969104e+00 3.110490e+00 1.859143e-01 -9.184366e-01 2.827096e+00 2.306304e+00 -5.351333e-01 4.110942e-01 4.881949e-01 -4.756914e-02 1.136216e-02 -3.975841e-01 -1.038967e-01 1.822495e-01 6.316882e-02 -4.333307e-01 -4.208784e-01 -5.517484e-02
<VARIANCE> 25
 4.225895e+01 4.780574e+01 3.666576e+01 3.264272e+01 3.635460e+01 3.393242e+01 3.769189e+01 3.310858e+01 2.775139e+01 2.729369e+01 2.586101e+01 1.976723e+01 4.882169e+00 3.089972e+00 3.049242e+00 2.985093e+00 2.613391e+00 3.619968e+00 3.144559e+00 2.920140e+00 2.440469e+00 2.255740e+00 2.174916e+00 2.004772e+00 4.604219e-03
<GCONST> 9.494309e+01
<MIXTURE> 79 1.156824e-02
<MEAN> 25
 2.399987e+00 1.445986e+00 9.434738e+00 -6.590130e+00 -1.161948e+01 -1.616858e+00 -2.249123e+00 -6.029141e+00 -6.604232e+00 5.549488e-02 -3.352268e+00 -3.091726e+00 1.147932e+00 -4.388427e-01 -1.437910e+00 2.298958e+00 3.445272e-01 -1.474028e+00 6.955084e-01 8.158711e-01 -3.849875e-01 -4.643010e-01 4.094237e-01 2.982346e-01 -3.809090e-02
<VARIANCE> 25
 1.392054e+01 2.539886e+01 3.637738e+01 4.698159e+01 3.730452e+01 4.359344e+01 4.361178e+01 3.818792e+01 3.736616e+01 4.230008e+01 4.191041e+01 3.057544e+01 9.741808e-01 2.210283e+00 1.870271e+00 2.003017e+00 2.471282e+00 3.013660e+00 3.567479e+00 3.633890e+00 2.535474e+00 2.701898e+00 2.325725e+00 1.931377e+00 1.254269e-03
<GCONST> 9.199501e+01
<MIXTURE> 80 7.550998e-03
<MEAN> 25
 -1.492493e+01 4.382801e+00 -2.409858e-01 3.676046e+00 3.266511e+00 1.054960e+00 7.743541e+00 1.840351e+00 2.315965e+00 1.843168e+00 4.088665e+00 1.699774e+00 4.269771e+00 -2.433925e-01 1.950145e+00 -1.022355e+00 -2.734860e+00 -2.647645e+00 -2.328031e+00 -1.950060e+00 -2.083397e+00 -1.688846e+00 -1.560842e+00 -7.771907e-01 -4.550949e-02
<VARIANCE> 25
 1.913403e+01 1.868304e+01 3.647334e+01 3.440253e+01 3.222135e+01 2.722414e+01 3.776965e+01 2.904701e+01 2.685345e+01 2.694859e+01 2.766714e+01 1.799932e+01 2.168744e+00 2.804600e+00 3.204228e+00 3.837225e+00 3.133473e+00 2.475731e+00 2.770612e+00 2.831616e+00 3.065611e+00 2.390801e+00 2.648050e+00 2.186502e+00 1.615915e-03
<GCONST> 9.127615e+01
<MIXTURE> 81 8.025434e-03
<MEAN> 25
 -1.024760e+00 3.947693e+00 1.022900e+01 -1.471748e+01 -9.117521e+00 -1.441254e+00 -6.794347e+00 -8.304232e+00 -4.234413e+00 -3.883174e-01 -7.538254e+00 -2.115915e+00 1.371987e-01 -5.558073e-01 -6.715816e-03 -5.336328e-01 -4.688664e-01 3.557779e-01 3.805451e-01 1.285196e-01 -1.289148e-01 1.070608e-01 -4.637584e-01 -1.208067e-01 1.034055e-02
<VARIANCE> 25
 1.042671e+01 3.296981e+01 2.609717e+01 2.911494e+01 3.323240e+01 3.016874e+01 4.466630e+01 2.851978e+01 3.767540e+01 3.139443e+01 2.492772e+01 3.142090e+01 7.608650e-01 2.286642e+00 1.525034e+00 2.851400e+00 2.621848e+00 2.123898e+00 3.449847e+00 2.252156e+00 2.323836e+00 2.496337e+00 2.259475e+00 2.042038e+00 1.239969e-03
<GCONST> 8.860464e+01
<MIXTURE> 82 8.213053e-03
<MEAN> 25
 -9.576124e+00 -3.964570e+00 1.513488e+00 -3.047624e+00 2.876374e+00 7.456174e-01 2.537072e+00 6.954846e-01 3.203410e+00 1.855000e+00 1.475704e+00 3.135560e+00 -1.219559e+00 -2.292388e-01 3.671295e-01 -2.593624e+00 -1.180445e+00 -1.286562e+00 -9.566261e-01 -7.979760e-01 -4.703874e-01 -4.561309e-01 -3.268901e-01 -1.344439e-01 1.789344e-01
<VARIANCE> 25
 2.070988e+01 2.437570e+01 3.185235e+01 2.980725e+01 3.444448e+01 3.194589e+01 3.755026e+01 3.337214e+01 3.073772e+01 2.547104e+01 3.131888e+01 1.765045e+01 3.812166e+00 3.191948e+00 3.340001e+00 3.155527e+00 3.597821e+00 3.183354e+00 3.125540e+00 3.001230e+00 3.203868e+00 2.432315e+00 2.387225e+00 1.823461e+00 3.335739e-03
<GCONST> 9.349365e+01
<MIXTURE> 83 1.167529e-02
<MEAN> 25
 -1.986343e+01 5.955873e+00 -3.935855e+00 2.853975e-01 7.897262e+00 -2.277878e+00 6.749347e+00 2.714076e+00 2.381905e+00 1.761619e+00 1.147715e+00 3.154440e+00 6.155012e-02 -5.596738e-01 -4.415989e-02 -4.099112e-01 -5.667782e-01 -7.836521e-02 9.076414e-02 -7.841145e-02 -2.776960e-01 9.481890e-02 -2.100911e-01 3.867946e-02 4.005392e-03
<VARIANCE> 25
 7.723481e+00 1.472077e+01 4.124764e+01 2.179215e+01 1.864519e+01 2.625917e+01 2.586632e+01 2.013971e+01 2.264399e+01 1.909461e+01 2.097711e+01 1.294243e+01 1.017528e+00 9.119594e-01 1.433071e+00 1.074951e+00 1.205472e+00 1.302078e+00 1.400406e+00 1.291927e+00 1.582948e+00 1.281248e+00 1.389233e+00 9.445179e-01 8.397271e-04
<GCONST> 7.690147e+01
<MIXTURE> 84 1.066614e-02
<MEAN> 25
 1.153244e+00 8.967151e+00 7.078336e+00 7.625655e+00 2.607999e+00 -7.886172e-01 -1.427074e+00 -4.302566e+00 -3.824350e+00 -2.905595e+00 -2.316372e+00 -1.509505e+00 -1.679728e+00 -1.118291e+00 -1.286066e+00 1.338239e+00 2.187959e+00 1.468980e+00 1.541690e+00 1.205725e+00 1.260619e+00 4.880940e-01 4.360557e-01 4.847826e-01 -7.348711e-02
<VARIANCE> 25
 2.280885e+01 1.771140e+01 2.224373e+01 2.580601e+01 2.993621e+01 2.755632e+01 2.717143e+01 2.668351e+01 2.714728e+01 2.471322e+01 2.291008e+01 2.386952e+01 2.274914e+00 2.536963e+00 3.828743e+00 3.224327e+00 3.268058e+00 3.322540e+00 3.391355e+00 3.399150e+00 3.524623e+00 3.338683e+00 3.485729e+00 2.758972e+00 3.436956e-03
<GCONST> 9.256682e+01
<MIXTURE> 85 7.591393e-03
<MEAN> 25
 -3.705841e+00 7.818754e+00 4.441437e+00 1.705430e+00 -3.034737e+00 -4.866436e+00 -2.188359e+00 -6.489012e+00 -3.556860e+00 -3.288544e+00 -9.364172e-01 -1.808098e+00 4.002158e+00 -3.755007e-02 1.836018e+00 -2.144390e+00 -3.293651e+00 -2.424275e+00 -3.017313e+00 -2.242162e+00 -2.200452e+00 -1.374343e+00 -2.343172e+00 -7.781106e-01 1.033092e-02
<VARIANCE> 25
 4.784612e+01 2.315273e+01 5.006096e+01 3.619318e+01 3.755206e+01 4.133858e+01 3.549520e+01 2.827771e+01 2.530331e+01 2.442332e+01 2.624338e+01 1.885425e+01 2.525034e+00 5.175205e+00 3.791035e+00 4.907162e+00 4.154463e+00 3.860493e+00 3.749181e+00 3.878110e+00 3.615250e+00 3.916850e+00 3.691187e+00 3.438448e+00 5.154881e-03
<GCONST> 9.821770e+01
<MIXTURE> 86 1.273941e-02
<MEAN> 25
 -4.667634e+00 -1.063630e+00 -9.135332e-01 6.191607e+00 5.066104e+00 5.038256e+00 5.575278e+00 4.271251e+00 5.300250e+00 3.758492e+00 5.434232e+00 2.944133e+00 -1.114144e-02 -9.760952e-02 -2.674613e-02 -8.965966e-02 -1.178652e-01 -2.410124e-01 -1.446020e-01 -1.709756e-01 -4.516237e-01 -2.785108e-01 -2.609166e-01 -2.889350e-01 6.855522e-04
<VARIANCE> 25
 7.770241e+00 5.536534e+00 9.215779e+00 1.185876e+01 1.425551e+01 1.489839e+01 1.264759e+01 1.263036e+01 1.525661e+01 1.370192e+01 1.356520e+01 1.411227e+01 9.217678e-02 2.531193e-01 2.877197e-01 4.826259e-01 5.938438e-01 6.951944e-01 8.491561e-01 9.177969e-01 9.494063e-01 8.379235e-01 8.419355e-01 1.144205e+00 6.174931e-05
<GCONST> 5.860692e+01
<MIXTURE> 87 1.100681e-02
<MEAN> 25
 -2.938838e+00 4.576568e+00 2.926191e+00 6.796846e+00 5.583605e+00 1.127364e+00 1.570968e+00 -1.248741e+00 1.867088e-01 -6.130778e-01 -5.597905e-01 2.119489e-01 -2.034172e+00 -2.744922e+00 -1.904094e+00 -2.208083e+00 -1.996320e-01 -1.945197e-01 8.743966e-01 1.289102e+00 1.307103e+00 1.024641e+00 7.333340e-01 1.004183e+00 1.033973e-01
<VARIANCE> 25
 3.708410e+01 2.747561e+01 3.052063e+01 3.211715e+01 2.690263e+01 3.092996e+01 2.706310e+01 2.652805e+01 3.114726e+01 2.442879e+01 2.377299e+01 2.221385e+01 3.755484e+00 2.568786e+00 4.151805e+00 3.397688e+00 4.861048e+00 4.023174e+00 4.761847e+00 3.696260e+00 3.418669e+00 3.154244e+00 3.702818e+00 2.551883e+00 4.712585e-03
<GCONST> 9.598628e+01
<MIXTURE> 88 1.256585e-02
<MEAN> 25
 -3.176135e+00 -7.103350e-03 -8.334097e-01 5.291644e+00 4.889107e+00 3.351436e+00 5.200714e+00 2.065843e+00 5.220049e+00 2.453181e+00 2.330518e+00 2.510049e+00 -2.532472e-01 1.810008e-01 4.917645e-02 4.651072e-01 6.299036e-01 3.522331e-01 5.524649e-02 -1.202889e-01 -1.906899e-01 -2.948323e-01 -3.351206e-01 -1.200944e-01 -1.068797e-02
<VARIANCE> 25
 8.589086e+00 8.824131e+00 1.193942e+01 1.232226e+01 1.486621e+01 1.909460e+01 1.447620e+01 1.603548e+01 2.077009e+01 1.868677e+01 2.043967e+01 1.173729e+01 1.300371e+00 1.949792e+00 1.640082e+00 2.260239e+00 2.487518e+00 2.762343e+00 2.068182e+00 1.941597e+00 1.927030e+00 2.063575e+00 2.236967e+00 1.800858e+00 1.420710e-03
<GCONST> 7.957890e+01
<MIXTURE> 89 9.333527e-03
<MEAN> 25
 6.153749e+00 -6.887107e+00 -3.505884e+00 -3.134539e+00 -1.647556e+00 -5.611777e+00 -6.347436e+00 4.100962e+00 3.188804e+00 -2.540038e+00 -5.871166e+00 -3.279408e+00 -5.742179e-01 1.545801e-01 1.951422e+00 9.161392e-01 -1.835064e+00 -1.636666e+00 8.739442e-01 1.219058e+00 -7.846352e-01 -1.299835e+00 3.807466e-01 1.494030e+00 -5.374860e-03
<VARIANCE> 25
 9.158852e+00 2.622098e+01 3.125566e+01 2.984830e+01 3.534467e+01 4.050089e+01 5.976600e+01 4.108199e+01 4.129198e+01 4.385546e+01 3.567214e+01 3.168813e+01 3.459498e-01 8.317313e-01 1.498264e+00 1.309572e+00 1.912217e+00 2.080306e+00 2.568049e+00 2.160841e+00 2.201725e+00 2.085949e+00 2.300346e+00 1.498732e+00 3.738675e-04
<GCONST> 8.526414e+01
<MIXTURE> 90 7.114505e-03
<MEAN> 25
 2.448418e+00 -9.724110e+00 -4.754632e+00 -3.978570e+00 -3.383879e+00 -1.813761e+00 3.366044e+00 1.181481e+00 -7.533107e+00 -1.021696e+01 -3.429825e+00 -7.391220e-01 -1.636717e-01 9.090815e-01 1.168863e+00 -8.539637e-01 -1.613054e+00 -2.119628e-01 6.447878e-01 -2.099187e-01 -1.688884e-01 7.371044e-01 1.829697e-01 -5.501002e-01 -1.114820e-02
<VARIANCE> 25
 8.492305e+00 1.778222e+01 1.981844e+01 2.802154e+01 3.683982e+01 3.217636e+01 3.852652e+01 3.640553e+01 3.521463e+01 2.769496e+01 2.700310e+01 2.613711e+01 2.237586e-01 6.127338e-01 7.867187e-01 1.042860e+00 1.470109e+00 1.591686e+00 1.780486e+00 1.654694e+00 1.810376e+00 1.678396e+00 1.495384e+00 1.308651e+00 2.150158e-04
<GCONST> 7.813344e+01
<MIXTURE> 91 7.852945e-03
<MEAN> 25
 6.539070e+00 -7.713627e+00 -8.434022e+00 -4.972453e+00 3.778628e+00 -3.895861e-01 -2.772665e+00 8.749908e-01 5.665367e-01 -2.549051e+00 -4.764989e+00 -5.147861e+00 2.228517e-01 9.791675e-01 2.141448e-01 4.925588e-01 -6.540176e-02 -5.650975e-01 -3.232410e-01 -1.623984e-01 -1.019522e-01 3.999068e-01 -1.492720e-01 2.000330e-01 -3.516939e-02
<VARIANCE> 25
 1.021531e+01 2.193243e+01 1.959134e+01 3.999356e+01 3.464874e+01 5.492128e+01 6.002248e+01 3.880292e+01 5.097153e+01 6.521942e+01 3.742916e+01 3.985709e+01 4.604914e-01 9.197224e-01 1.129572e+00 1.385286e+00 2.113067e+00 2.298926e+00 2.385683e+00 2.397806e+00 2.168081e+00 2.275932e+00 1.971882e+00 1.762718e+00 5.774131e-04
<GCONST> 8.704208e+01
<MIXTURE> 92 7.852945e-03
<MEAN> 25
 6.539070e+00 -7.713627e+00 -8.434022e+00 -4.972453e+00 3.778628e+00 -3.895861e-01 -2.772665e+00 8.749908e-01 5.665367e-01 -2.549051e+00 -4.764989e+00 -5.147861e+00 2.228517e-01 9.791675e-01 2.141448e-01 4.925588e-01 -6.540176e-02 -5.650975e-01 -3.232410e-01 -1.623984e-01 -1.019522e-01 3.999068e-01 -1.492720e-01 2.000330e-01 -3.516939e-02
<VARIANCE> 25
 1.021531e+01 2.193243e+01 1.959134e+01 3.999356e+01 3.464874e+01 5.492128e+01 6.002248e+01 3.880292e+01 5.097153e+01 6.521942e+01 3.742916e+01 3.985709e+01 4.604914e-01 9.197224e-01 1.129572e+00 1.385286e+00 2.113067e+00 2.298926e+00 2.385683e+00 2.397806e+00 2.168081e+00 2.275932e+00 1.971882e+00 1.762718e+00 5.774131e-04
<GCONST> 8.704208e+01
<MIXTURE> 93 6.122769e-03
<MEAN> 25
 -6.825703e+00 -9.611910e-01 -2.402095e+00 5.798101e+00 5.908230e+00 3.922772e+00 6.123555e+00 3.608970e+00 4.119699e+00 2.509259e+00 1.818232e+00 3.705778e+00 -6.167279e-02 -1.543898e-01 -2.573842e-01 -3.316733e-01 -3.337519e-01 -2.845023e-01 -2.177556e-01 -1.742342e-01 -1.667021e-01 -1.506723e-01 -1.044264e-01 -3.556039e-02 -3.861706e-06
<VARIANCE> 25
 9.094210e+00 6.027715e+00 8.185516e+00 1.136872e+01 1.149236e+01 1.598207e+01 1.527604e+01 1.644350e+01 1.475825e+01 1.454153e+01 1.678788e+01 1.344885e+01 8.276255e-02 1.533765e-01 2.637093e-01 3.805993e-01 4.977839e-01 6.423408e-01 7.794207e-01 8.873507e-01 9.166123e-01 8.761427e-01 8.923353e-01 9.178799e-01 1.000194e-06
<GCONST> 5.360317e+01
<MIXTURE> 94 6.122769e-03
<MEAN> 25
 -6.825703e+00 -9.611910e-01 -2.402095e+00 5.798101e+00 5.908230e+00 3.922772e+00 6.123555e+00 3.608970e+00 4.119699e+00 2.509259e+00 1.818232e+00 3.705778e+00 -6.167279e-02 -1.543898e-01 -2.573842e-01 -3.316733e-01 -3.337519e-01 -2.845023e-01 -2.177556e-01 -1.742342e-01 -1.667021e-01 -1.506723e-01 -1.044264e-01 -3.556039e-02 -3.861706e-06
<VARIANCE> 25
 9.094210e+00 6.027715e+00 8.185516e+00 1.136872e+01 1.149236e+01 1.598207e+01 1.527604e+01 1.644350e+01 1.475825e+01 1.454153e+01 1.678788e+01 1.344885e+01 8.276255e-02 1.533765e-01 2.637093e-01 3.805993e-01 4.977839e-01 6.423408e-01 7.794207e-01 8.873507e-01 9.166123e-01 8.761427e-01 8.923353e-01 9.178799e-01 1.000194e-06
<GCONST> 5.360317e+01
<MIXTURE> 95 5.258835e-03
<MEAN> 25
 -5.814354e+00 -7.317843e-01 -1.985892e+00 4.884002e+00 4.226866e+00 2.812107e+00 4.195068e+00 1.657500e+00 2.219534e+00 8.724916e-01 1.150854e+00 2.558480e+00 1.444847e-01 1.466765e-01 7.635135e-02 -9.046870e-02 -3.805867e-01 -7.267987e-01 -1.054094e+00 -1.274238e+00 -1.260640e+00 -9.991149e-01 -6.483042e-01 -3.083476e-01 -2.534517e-05
<VARIANCE> 25
 1.020546e+01 6.461079e+00 1.216388e+01 1.273956e+01 1.389788e+01 1.822638e+01 1.789191e+01 1.680834e+01 1.538953e+01 1.534142e+01 2.026205e+01 1.451192e+01 2.087568e-01 2.915675e-01 4.650378e-01 6.358071e-01 7.971156e-01 9.080318e-01 9.089894e-01 9.293941e-01 9.677462e-01 1.080562e+00 1.153370e+00 1.108548e+00 4.452576e-05
<GCONST> 6.332918e+01
<MIXTURE> 96 7.034694e-03
<MEAN> 25
 -5.070768e+00 -4.410688e-01 -2.242397e+00 5.157649e+00 3.864611e+00 1.806975e+00 3.556581e+00 1.793456e+00 2.499563e+00 9.560562e-01 1.161945e+00 2.838102e+00 -3.077498e-02 8.254592e-02 2.124984e-01 4.119549e-01 5.439785e-01 4.936502e-01 2.431664e-01 -1.217464e-01 -4.589196e-01 -6.559045e-01 -6.125221e-01 -3.729158e-01 -7.989118e-06
<VARIANCE> 25
 1.112659e+01 9.726388e+00 1.283683e+01 1.423079e+01 1.495477e+01 1.948736e+01 1.804540e+01 1.924273e+01 1.840469e+01 1.654380e+01 1.973689e+01 1.447275e+01 1.203080e-01 2.234836e-01 3.154647e-01 4.047609e-01 4.987474e-01 6.665059e-01 8.660113e-01 9.974282e-01 9.573618e-01 8.643716e-01 8.865452e-01 9.435965e-01 1.011341e-06
<GCONST> 5.764289e+01
<MIXTURE> 97 7.034694e-03
<MEAN> 25
 -5.070768e+00 -4.410688e-01 -2.242397e+00 5.157649e+00 3.864611e+00 1.806975e+00 3.556581e+00 1.793456e+00 2.499563e+00 9.560562e-01 1.161945e+00 2.838102e+00 -3.077498e-02 8.254592e-02 2.124984e-01 4.119549e-01 5.439785e-01 4.936502e-01 2.431664e-01 -1.217464e-01 -4.589196e-01 -6.559045e-01 -6.125221e-01 -3.729158e-01 -7.989118e-06
<VARIANCE> 25
 1.112659e+01 9.726388e+00 1.283683e+01 1.423079e+01 1.495477e+01 1.948736e+01 1.804540e+01 1.924273e+01 1.840469e+01 1.654380e+01 1.973689e+01 1.447275e+01 1.203080e-01 2.234836e-01 3.154647e-01 4.047609e-01 4.987474e-01 6.665059e-01 8.660113e-01 9.974282e-01 9.573618e-01 8.643716e-01 8.865452e-01 9.435965e-01 1.011341e-06
<GCONST> 5.764289e+01
<MIXTURE> 98 9.917808e-03
<MEAN> 25
 -9.629692e-01 1.528474e+00 -3.663038e-01 4.659955e+00 3.981961e+00 2.696798e+00 3.158783e+00 9.196732e-01 2.724304e+00 9.226616e-01 8.529776e-01 1.131577e+00 -1.708234e+00 -1.331836e+00 -1.058779e+00 1.759697e-01 7.354400e-01 9.560810e-01 1.382958e+00 1.213730e+00 1.706960e+00 1.032412e+00 1.226760e+00 9.674715e-01 -3.517518e-02
<VARIANCE> 25
 1.439076e+01 1.903245e+01 2.902771e+01 2.862786e+01 3.844426e+01 3.494783e+01 3.153746e+01 2.985279e+01 3.116577e+01 2.798222e+01 2.353469e+01 2.103226e+01 1.530354e+00 1.635404e+00 2.146361e+00 2.378463e+00 3.063904e+00 2.731611e+00 3.106346e+00 2.815655e+00 2.514107e+00 2.712754e+00 3.026604e+00 1.934375e+00 2.686440e-03
<GCONST> 8.991665e+01
<MIXTURE> 99 6.696178e-03
<MEAN> 25
 -6.454353e+00 9.949600e+00 6.655275e+00 3.443871e+00 9.537541e-01 -5.330363e+00 -1.627543e+00 -4.165966e+00 -3.416121e+00 -3.780861e+00 -1.682720e+00 3.679154e-01 5.655857e-01 -7.276099e-01 3.011848e-01 -3.969246e-01 -1.120923e+00 -5.080655e-01 -3.428222e-01 -2.532084e-01 -1.061713e-01 -5.894545e-02 2.361015e-01 1.817029e-01 1.077216e-02
<VARIANCE> 25
 3.585081e+01 2.569398e+01 4.908188e+01 3.185600e+01 3.632426e+01 3.499816e+01 2.810786e+01 2.923892e+01 2.716262e+01 2.767256e+01 2.070148e+01 2.885459e+01 2.193156e+00 1.872869e+00 1.454263e+00 1.764323e+00 2.696963e+00 2.108056e+00 1.589557e+00 1.643060e+00 1.547360e+00 1.571898e+00 1.301185e+00 1.278141e+00 1.562288e-03
<GCONST> 8.699026e+01
<MIXTURE> 100 4.498084e-03
<MEAN> 25
 -1.593199e+00 6.331816e+00 1.027695e+01 -7.454921e+00 -1.077417e+01 -5.074909e+00 -4.939842e+00 -9.953766e+00 -4.731562e+00 -8.547418e-01 -2.732364e+00 -2.710575e+00 2.916184e+00 -1.259729e+00 1.302715e+00 -2.186523e+00 -3.417790e+00 -7.801554e-01 -1.224507e+00 -8.153176e-01 -1.476191e+00 3.469149e-01 -1.653918e+00 -2.870297e-01 1.996521e-03
<VARIANCE> 25
 1.363475e+01 2.115785e+01 2.243476e+01 2.645572e+01 2.303514e+01 2.369396e+01 2.908022e+01 2.184515e+01 2.760237e+01 2.263205e+01 2.238481e+01 2.134269e+01 1.800275e+00 3.954940e+00 2.922832e+00 4.284040e+00 4.181824e+00 4.564720e+00 4.036663e+00 4.349259e+00 4.164791e+00 3.891178e+00 3.908379e+00 3.222970e+00 1.673391e-03
<GCONST> 9.259105e+01
<MIXTURE> 101 6.007792e-03
<MEAN> 25
 8.575334e+00 -3.815216e+00 -6.409069e+00 -6.789834e+00 1.199612e+00 -1.276152e+00 -1.206538e+01 -4.637347e-01 2.641954e-01 2.761924e+00 -1.107566e+00 -5.369062e+00 6.879284e-01 6.399899e-01 -1.536889e+00 -1.739707e+00 1.078908e+00 2.448348e+00 1.850642e-01 -1.607673e+00 -8.046350e-01 1.181418e+00 1.296468e+00 -4.034356e-01 -4.083987e-03
<VARIANCE> 25
 9.531183e+00 1.543862e+01 2.675304e+01 3.883826e+01 3.262849e+01 3.310827e+01 4.535234e+01 4.783870e+01 4.625816e+01 3.856022e+01 5.713551e+01 2.313233e+01 2.878981e-01 7.442754e-01 1.150789e+00 1.938028e+00 1.679573e+00 2.274671e+00 1.910866e+00 1.902024e+00 2.514999e+00 2.221668e+00 1.642921e+00 1.859963e+00 3.064934e-04
<GCONST> 8.386454e+01
<MIXTURE> 102 6.007792e-03
<MEAN> 25
 8.575334e+00 -3.815216e+00 -6.409069e+00 -6.789834e+00 1.199612e+00 -1.276152e+00 -1.206538e+01 -4.637347e-01 2.641954e-01 2.761924e+00 -1.107566e+00 -5.369062e+00 6.879284e-01 6.399899e-01 -1.536889e+00 -1.739707e+00 1.078908e+00 2.448348e+00 1.850642e-01 -1.607673e+00 -8.046350e-01 1.181418e+00 1.296468e+00 -4.034356e-01 -4.083987e-03
<VARIANCE> 25
 9.531183e+00 1.543862e+01 2.675304e+01 3.883826e+01 3.262849e+01 3.310827e+01 4.535234e+01 4.783870e+01 4.625816e+01 3.856022e+01 5.713551e+01 2.313233e+01 2.878981e-01 7.442754e-01 1.150789e+00 1.938028e+00 1.679573e+00 2.274671e+00 1.910866e+00 1.902024e+00 2.514999e+00 2.221668e+00 1.642921e+00 1.859963e+00 3.064934e-04
<GCONST> 8.386454e+01
<MIXTURE> 103 5.694618e-03
<MEAN> 25
 3.347155e+00 -9.434022e+00 -6.118081e+00 -3.089278e+00 -1.303618e+00 -1.976209e+00 2.445238e+00 2.502840e+00 -4.585817e+00 -9.229484e+00 -5.064559e+00 3.614126e-01 -1.567867e-01 -1.481229e+00 -9.807948e-01 3.674171e-01 1.215227e+00 1.016913e+00 1.597386e-01 -2.666445e-01 -7.802547e-01 -9.385822e-01 -3.488771e-02 1.172713e-01 2.698848e-02
<VARIANCE> 25
 1.037862e+01 2.066496e+01 2.298974e+01 3.153428e+01 4.805421e+01 3.494549e+01 4.620406e+01 3.659030e+01 4.205917e+01 2.935718e+01 2.991792e+01 2.628690e+01 6.447888e-01 1.259107e+00 1.531382e+00 1.944826e+00 2.914901e+00 2.404304e+00 2.889771e+00 2.573102e+00 2.552982e+00 2.528128e+00 2.088381e+00 2.017508e+00 8.046695e-04
<GCONST> 8.756058e+01
<MIXTURE> 104 5.694618e-03
<MEAN> 25
 3.347155e+00 -9.434022e+00 -6.118081e+00 -3.089278e+00 -1.303618e+00 -1.976209e+00 2.445238e+00 2.502840e+00 -4.585817e+00 -9.229484e+00 -5.064559e+00 3.614126e-01 -1.567867e-01 -1.481229e+00 -9.807948e-01 3.674171e-01 1.215227e+00 1.016913e+00 1.597386e-01 -2.666445e-01 -7.802547e-01 -9.385822e-01 -3.488771e-02 1.172713e-01 2.698848e-02
<VARIANCE> 25
 1.037862e+01 2.066496e+01 2.298974e+01 3.153428e+01 4.805421e+01 3.494549e+01 4.620406e+01 3.659030e+01 4.205917e+01 2.935718e+01 2.991792e+01 2.628690e+01 6.447888e-01 1.259107e+00 1.531382e+00 1.944826e+00 2.914901e+00 2.404304e+00 2.889771e+00 2.573102e+00 2.552982e+00 2.528128e+00 2.088381e+00 2.017508e+00 8.046695e-04
<GCONST> 8.756058e+01
<MIXTURE> 105 4.710235e-03
<MEAN> 25
 2.350327e+00 -2.411655e+00 9.642943e+00 -3.321790e+00 -1.167412e+01 -4.944088e+00 -4.555590e+00 -4.815251e-01 -4.216134e+00 -2.450197e+00 1.255484e+00 -6.539516e-01 -2.662001e-03 3.104331e-02 6.811894e-02 -4.186470e-02 -1.495039e-01 7.602267e-02 -2.704273e-02 2.053884e-04 4.320603e-05 1.984811e-02 1.982236e-02 -1.602001e-03 -3.024908e-03
<VARIANCE> 25
 1.193236e+01 3.262521e+01 3.751649e+01 4.249193e+01 3.378949e+01 4.775335e+01 3.794497e+01 3.908996e+01 3.696820e+01 4.148243e+01 3.817607e+01 2.901441e+01 7.969880e-02 1.797820e-01 3.648235e-01 3.108220e-01 5.106733e-01 4.280775e-01 4.248661e-01 4.690744e-01 4.785956e-01 3.955314e-01 3.882042e-01 3.810537e-01 1.097353e-04
<GCONST> 6.607015e+01
<MIXTURE> 106 4.710235e-03
<MEAN> 25
 2.350327e+00 -2.411655e+00 9.642943e+00 -3.321790e+00 -1.167412e+01 -4.944088e+00 -4.555590e+00 -4.815251e-01 -4.216134e+00 -2.450197e+00 1.255484e+00 -6.539516e-01 -2.662001e-03 3.104331e-02 6.811894e-02 -4.186470e-02 -1.495039e-01 7.602267e-02 -2.704273e-02 2.053884e-04 4.320603e-05 1.984811e-02 1.982236e-02 -1.602001e-03 -3.024908e-03
<VARIANCE> 25
 1.193236e+01 3.262521e+01 3.751649e+01 4.249193e+01 3.378949e+01 4.775335e+01 3.794497e+01 3.908996e+01 3.696820e+01 4.148243e+01 3.817607e+01 2.901441e+01 7.969880e-02 1.797820e-01 3.648235e-01 3.108220e-01 5.106733e-01 4.280775e-01 4.248661e-01 4.690744e-01 4.785956e-01 3.955314e-01 3.882042e-01 3.810537e-01 1.097353e-04
<GCONST> 6.607015e+01
<MIXTURE> 107 5.452374e-03
<MEAN> 25
 8.926723e+00 -2.553179e+00 -7.977118e+00 -9.297820e+00 1.511904e+00 3.529324e+00 -1.025248e+01 -3.144686e+00 -1.767689e+00 3.528904e+00 1.753693e+00 -5.581776e+00 -6.762658e-01 -6.069114e-01 8.528305e-01 1.816688e+00 1.066569e-01 -1.977571e+00 -8.585706e-01 7.583140e-01 1.725037e+00 1.851176e-01 -1.864115e+00 -9.403826e-01 -3.934602e-03
<VARIANCE> 25
 8.523468e+00 1.823189e+01 2.443745e+01 3.775829e+01 3.168303e+01 3.803231e+01 5.673277e+01 4.109056e+01 4.305856e+01 3.739506e+01 5.083741e+01 2.829765e+01 3.611867e-01 1.008879e+00 1.302256e+00 2.105484e+00 2.033941e+00 2.579214e+00 2.415675e+00 2.384417e+00 2.080260e+00 2.709174e+00 2.120911e+00 2.013627e+00 6.239709e-04
<GCONST> 8.653313e+01
<MIXTURE> 108 5.452374e-03
<MEAN> 25
 8.926723e+00 -2.553179e+00 -7.977118e+00 -9.297820e+00 1.511904e+00 3.529324e+00 -1.025248e+01 -3.144686e+00 -1.767689e+00 3.528904e+00 1.753693e+00 -5.581776e+00 -6.762658e-01 -6.069114e-01 8.528305e-01 1.816688e+00 1.066569e-01 -1.977571e+00 -8.585706e-01 7.583140e-01 1.725037e+00 1.851176e-01 -1.864115e+00 -9.403826e-01 -3.934602e-03
<VARIANCE> 25
 8.523468e+00 1.823189e+01 2.443745e+01 3.775829e+01 3.168303e+01 3.803231e+01 5.673277e+01 4.109056e+01 4.305856e+01 3.739506e+01 5.083741e+01 2.829765e+01 3.611867e-01 1.008879e+00 1.302256e+00 2.105484e+00 2.033941e+00 2.579214e+00 2.415675e+00 2.384417e+00 2.080260e+00 2.709174e+00 2.120911e+00 2.013627e+00 6.239709e-04
<GCONST> 8.653313e+01
<MIXTURE> 109 6.661064e-03
<MEAN> 25
 4.083855e+00 -1.055156e+01 -8.304605e+00 -1.358204e+00 2.754042e+00 -4.910293e-02 -7.776439e-02 1.458575e+00 -2.570751e+00 -8.366504e+00 -5.383451e+00 6.282347e-02 -3.368596e-02 -1.323054e-01 -3.276743e-02 2.513300e-01 1.968558e-01 1.181180e-01 -1.242489e-01 -1.059945e-01 -4.085047e-02 -1.310673e-01 2.187121e-01 1.154510e-02 -3.520947e-03
<VARIANCE> 25
 9.108169e+00 1.819465e+01 1.998923e+01 3.141234e+01 4.080609e+01 3.677226e+01 4.671925e+01 3.435382e+01 4.604873e+01 3.538526e+01 2.957375e+01 2.816831e+01 1.932418e-01 4.228399e-01 5.383239e-01 6.359128e-01 1.230835e+00 9.944504e-01 1.259450e+00 1.093487e+00 1.117003e+00 9.521098e-01 8.773508e-01 8.854234e-01 1.824021e-04
<GCONST> 7.446049e+01
<MIXTURE> 110 6.661064e-03
<MEAN> 25
 4.083855e+00 -1.055156e+01 -8.304605e+00 -1.358204e+00 2.754042e+00 -4.910293e-02 -7.776439e-02 1.458575e+00 -2.570751e+00 -8.366504e+00 -5.383451e+00 6.282347e-02 -3.368596e-02 -1.323054e-01 -3.276743e-02 2.513300e-01 1.968558e-01 1.181180e-01 -1.242489e-01 -1.059945e-01 -4.085047e-02 -1.310673e-01 2.187121e-01 1.154510e-02 -3.520947e-03
<VARIANCE> 25
 9.108169e+00 1.819465e+01 1.998923e+01 3.141234e+01 4.080609e+01 3.677226e+01 4.671925e+01 3.435382e+01 4.604873e+01 3.538526e+01 2.957375e+01 2.816831e+01 1.932418e-01 4.228399e-01 5.383239e-01 6.359128e-01 1.230835e+00 9.944504e-01 1.259450e+00 1.093487e+00 1.117003e+00 9.521098e-01 8.773508e-01 8.854234e-01 1.824021e-04
<GCONST> 7.446049e+01
<MIXTURE> 111 4.337247e-03
<MEAN> 25
 -4.473786e+00 -9.061809e-01 -1.720928e+00 1.688199e+00 9.649080e-01 9.646077e-01 3.145486e-01 2.108836e-01 8.936136e-02 -5.414177e-01 -6.300294e-01 1.964496e+00 -2.112252e-02 -3.246397e-02 -7.234712e-02 -7.354507e-02 -3.731625e-02 6.380884e-03 -1.049958e-03 -5.919186e-02 -1.404369e-01 -2.030016e-01 -1.901300e-01 -1.064381e-01 -2.149662e-04
<VARIANCE> 25
 7.001413e+00 4.977523e+00 1.021309e+01 9.407077e+00 1.310913e+01 2.384210e+01 1.466800e+01 1.316751e+01 1.160373e+01 1.191144e+01 1.362976e+01 1.158887e+01 7.923279e-02 1.635651e-01 2.752665e-01 4.205228e-01 5.694608e-01 7.054295e-01 8.006269e-01 8.583513e-01 8.927896e-01 8.559430e-01 8.620899e-01 8.478267e-01 2.231999e-05
<GCONST> 5.598067e+01
<MIXTURE> 112 4.337247e-03
<MEAN> 25
 -4.473786e+00 -9.061809e-01 -1.720928e+00 1.688199e+00 9.649080e-01 9.646077e-01 3.145486e-01 2.108836e-01 8.936136e-02 -5.414177e-01 -6.300294e-01 1.964496e+00 -2.112252e-02 -3.246397e-02 -7.234712e-02 -7.354507e-02 -3.731625e-02 6.380884e-03 -1.049958e-03 -5.919186e-02 -1.404369e-01 -2.030016e-01 -1.901300e-01 -1.064381e-01 -2.149662e-04
<VARIANCE> 25
 7.001413e+00 4.977523e+00 1.021309e+01 9.407077e+00 1.310913e+01 2.384210e+01 1.466800e+01 1.316751e+01 1.160373e+01 1.191144e+01 1.362976e+01 1.158887e+01 7.923279e-02 1.635651e-01 2.752665e-01 4.205228e-01 5.694608e-01 7.054295e-01 8.006269e-01 8.583513e-01 8.927896e-01 8.559430e-01 8.620899e-01 8.478267e-01 2.231999e-05
<GCONST> 5.598067e+01
<MIXTURE> 113 5.938666e-03
<MEAN> 25
 1.012230e+01 1.255096e+00 -8.891252e+00 -1.657446e+01 -8.830258e-01 5.914428e+00 -6.300002e+00 -8.951013e-01 -6.233808e+00 -2.238511e-01 1.368417e+00 -6.011074e-01 -8.037032e-03 2.425358e-02 -1.142415e-02 -1.074403e-01 8.800158e-04 2.472296e-01 8.971930e-02 -8.033162e-02 2.185201e-02 -8.696163e-02 1.718706e-01 -1.885723e-02 -1.601420e-03
<VARIANCE> 25
 8.301387e+00 1.739089e+01 2.739421e+01 3.353071e+01 4.845861e+01 3.158344e+01 4.645541e+01 3.910765e+01 3.691072e+01 4.307762e+01 4.417532e+01 2.756059e+01 1.132556e-01 2.940258e-01 3.158093e-01 6.059954e-01 6.641484e-01 6.940518e-01 7.440813e-01 9.051852e-01 9.567984e-01 8.436757e-01 6.786841e-01 7.368468e-01 1.175742e-04
<GCONST> 7.087536e+01
<MIXTURE> 114 5.938666e-03
<MEAN> 25
 1.012230e+01 1.255096e+00 -8.891252e+00 -1.657446e+01 -8.830258e-01 5.914428e+00 -6.300002e+00 -8.951013e-01 -6.233808e+00 -2.238511e-01 1.368417e+00 -6.011074e-01 -8.037032e-03 2.425358e-02 -1.142415e-02 -1.074403e-01 8.800158e-04 2.472296e-01 8.971930e-02 -8.033162e-02 2.185201e-02 -8.696163e-02 1.718706e-01 -1.885723e-02 -1.601420e-03
<VARIANCE> 25
 8.301387e+00 1.739089e+01 2.739421e+01 3.353071e+01 4.845861e+01 3.158344e+01 4.645541e+01 3.910765e+01 3.691072e+01 4.307762e+01 4.417532e+01 2.756059e+01 1.132556e-01 2.940258e-01 3.158093e-01 6.059954e-01 6.641484e-01 6.940518e-01 7.440813e-01 9.051852e-01 9.567984e-01 8.436757e-01 6.786841e-01 7.368468e-01 1.175742e-04
<GCONST> 7.087536e+01
<MIXTURE> 115 2.935202e-03
<MEAN> 25
 -4.032433e+00 -7.520059e-01 -3.101984e+00 3.657392e+00 2.414727e+00 -4.236831e-01 2.241838e+00 4.138787e-01 1.390443e+00 -2.079817e-02 3.477449e-02 2.683360e+00 3.006614e-02 -7.184752e-02 -2.308680e-01 -4.379397e-01 -6.336421e-01 -6.710785e-01 -5.898869e-01 -5.073888e-01 -4.860564e-01 -4.575487e-01 -3.433850e-01 -1.647340e-01 -5.768855e-06
<VARIANCE> 25
 9.258399e+00 9.873252e+00 1.355457e+01 1.269089e+01 1.347496e+01 1.755797e+01 1.710897e+01 2.078597e+01 1.791688e+01 1.719607e+01 1.920579e+01 1.466797e+01 2.057905e-01 3.453541e-01 4.849911e-01 5.615608e-01 6.335786e-01 7.976050e-01 1.011747e+00 1.133824e+00 1.074383e+00 9.940223e-01 1.024592e+00 1.063725e+00 1.005390e-06
<GCONST> 6.017313e+01
<MIXTURE> 116 2.935202e-03
<MEAN> 25
 -4.032433e+00 -7.520059e-01 -3.101984e+00 3.657392e+00 2.414727e+00 -4.236831e-01 2.241838e+00 4.138787e-01 1.390443e+00 -2.079817e-02 3.477449e-02 2.683360e+00 3.006614e-02 -7.184752e-02 -2.308680e-01 -4.379397e-01 -6.336421e-01 -6.710785e-01 -5.898869e-01 -5.073888e-01 -4.860564e-01 -4.575487e-01 -3.433850e-01 -1.647340e-01 -5.768855e-06
<VARIANCE> 25
 9.258399e+00 9.873252e+00 1.355457e+01 1.269089e+01 1.347496e+01 1.755797e+01 1.710897e+01 2.078597e+01 1.791688e+01 1.719607e+01 1.920579e+01 1.466797e+01 2.057905e-01 3.453541e-01 4.849911e-01 5.615608e-01 6.335786e-01 7.976050e-01 1.011747e+00 1.133824e+00 1.074383e+00 9.940223e-01 1.024592e+00 1.063725e+00 1.005390e-06
<GCONST> 6.017313e+01
<MIXTURE> 117 6.506003e-03
<MEAN> 25
 -4.637532e+00 1.118571e+00 1.051402e+00 9.750117e+00 6.256157e+00 6.253757e+00 6.464097e+00 5.036589e+00 6.393716e+00 4.923996e+00 6.361373e+00 2.709110e+00 -7.562415e-02 -2.351798e-01 -3.578239e-01 -4.168946e-01 -3.649902e-01 -3.037586e-01 -2.872031e-01 -3.294030e-01 -3.902731e-01 -3.705186e-01 -2.646775e-01 -1.178431e-01 -7.005817e-06
<VARIANCE> 25
 7.215019e+00 8.746556e+00 9.805752e+00 1.433738e+01 1.560411e+01 1.533381e+01 1.769987e+01 1.797588e+01 1.643862e+01 1.636567e+01 1.675830e+01 1.473539e+01 2.167864e-01 3.080813e-01 4.256718e-01 6.226460e-01 8.578012e-01 1.054435e+00 1.176738e+00 1.233824e+00 1.223662e+00 1.195241e+00 1.167452e+00 1.114791e+00 1.005905e-06
<GCONST> 6.045420e+01
<MIXTURE> 118 6.506003e-03
<MEAN> 25
 -4.637532e+00 1.118571e+00 1.051402e+00 9.750117e+00 6.256157e+00 6.253757e+00 6.464097e+00 5.036589e+00 6.393716e+00 4.923996e+00 6.361373e+00 2.709110e+00 -7.562415e-02 -2.351798e-01 -3.578239e-01 -4.168946e-01 -3.649902e-01 -3.037586e-01 -2.872031e-01 -3.294030e-01 -3.902731e-01 -3.705186e-01 -2.646775e-01 -1.178431e-01 -7.005817e-06
<VARIANCE> 25
 7.215019e+00 8.746556e+00 9.805752e+00 1.433738e+01 1.560411e+01 1.533381e+01 1.769987e+01 1.797588e+01 1.643862e+01 1.636567e+01 1.675830e+01 1.473539e+01 2.167864e-01 3.080813e-01 4.256718e-01 6.226460e-01 8.578012e-01 1.054435e+00 1.176738e+00 1.233824e+00 1.223662e+00 1.195241e+00 1.167452e+00 1.114791e+00 1.005905e-06
<GCONST> 6.045420e+01
<MIXTURE> 119 4.297961e-03
<MEAN> 25
 -4.964053e+00 -7.623955e+00 2.229143e+00 2.044481e+00 2.248354e+00 2.032791e-01 5.276301e+00 5.931910e+00 1.203673e+00 9.676913e-01 6.594416e+00 1.568197e+00 -5.102936e-02 -8.089811e-02 3.725361e-02 -5.523673e-02 -1.232629e-01 -1.793508e-01 -7.204346e-02 -1.445457e-02 -8.760998e-02 -1.089051e-01 -5.699471e-02 -5.963608e-02 1.113980e-03
<VARIANCE> 25
 8.522482e+00 9.827462e+00 1.651996e+01 2.039574e+01 2.283287e+01 2.317876e+01 2.493917e+01 2.643262e+01 2.544593e+01 2.800209e+01 2.047866e+01 2.035797e+01 1.604048e-01 2.840333e-01 4.587698e-01 6.352957e-01 8.042363e-01 1.006759e+00 1.100735e+00 1.275448e+00 1.289679e+00 1.246258e+00 1.191398e+00 1.110911e+00 2.310276e-04
<GCONST> 6.974730e+01
<MIXTURE> 120 4.297961e-03
<MEAN> 25
 -4.964053e+00 -7.623955e+00 2.229143e+00 2.044481e+00 2.248354e+00 2.032791e-01 5.276301e+00 5.931910e+00 1.203673e+00 9.676913e-01 6.594416e+00 1.568197e+00 -5.102936e-02 -8.089811e-02 3.725361e-02 -5.523673e-02 -1.232629e-01 -1.793508e-01 -7.204346e-02 -1.445457e-02 -8.760998e-02 -1.089051e-01 -5.699471e-02 -5.963608e-02 1.113980e-03
<VARIANCE> 25
 8.522482e+00 9.827462e+00 1.651996e+01 2.039574e+01 2.283287e+01 2.317876e+01 2.493917e+01 2.643262e+01 2.544593e+01 2.800209e+01 2.047866e+01 2.035797e+01 1.604048e-01 2.840333e-01 4.587698e-01 6.352957e-01 8.042363e-01 1.006759e+00 1.100735e+00 1.275448e+00 1.289679e+00 1.246258e+00 1.191398e+00 1.110911e+00 2.310276e-04
<GCONST> 6.974730e+01
<MIXTURE> 121 4.567511e-03
<MEAN> 25
 2.433459e-01 -2.534800e+00 5.218961e+00 -1.287136e+01 -1.263060e+01 -1.701160e+00 9.010060e-01 -5.051878e+00 -4.267080e+00 -4.754103e-01 -5.478951e+00 -4.221250e+00 2.434903e-02 1.393274e-01 -4.031096e-02 8.236804e-02 1.386824e-01 9.134885e-02 -6.958390e-02 -1.881159e-01 -2.599524e-01 -2.518230e-01 -1.214938e-01 3.120771e-03 -7.507217e-03
<VARIANCE> 25
 7.767800e+00 1.549621e+01 1.749318e+01 2.023753e+01 2.418073e+01 2.905947e+01 3.011210e+01 2.462534e+01 3.534645e+01 2.806518e+01 1.962659e+01 2.173341e+01 1.534856e-01 6.416663e-01 6.170612e-01 6.993331e-01 7.988831e-01 1.158071e+00 1.120525e+00 1.115013e+00 1.212836e+00 1.183752e+00 9.374043e-01 8.637853e-01 2.100481e-04
<GCONST> 7.139496e+01
<MIXTURE> 122 4.567511e-03
<MEAN> 25
 2.433459e-01 -2.534800e+00 5.218961e+00 -1.287136e+01 -1.263060e+01 -1.701160e+00 9.010060e-01 -5.051878e+00 -4.267080e+00 -4.754103e-01 -5.478951e+00 -4.221250e+00 2.434903e-02 1.393274e-01 -4.031096e-02 8.236804e-02 1.386824e-01 9.134885e-02 -6.958390e-02 -1.881159e-01 -2.599524e-01 -2.518230e-01 -1.214938e-01 3.120771e-03 -7.507217e-03
<VARIANCE> 25
 7.767800e+00 1.549621e+01 1.749318e+01 2.023753e+01 2.418073e+01 2.905947e+01 3.011210e+01 2.462534e+01 3.534645e+01 2.806518e+01 1.962659e+01 2.173341e+01 1.534856e-01 6.416663e-01 6.170612e-01 6.993331e-01 7.988831e-01 1.158071e+00 1.120525e+00 1.115013e+00 1.212836e+00 1.183752e+00 9.374043e-01 8.637853e-01 2.100481e-04
<GCONST> 7.139496e+01
<MIXTURE> 123 4.393044e-03
<MEAN> 25
 -3.777796e+00 1.310653e+00 1.955832e-01 5.905503e+00 5.467293e+00 4.191313e+00 3.710826e+00 -8.313697e-02 1.563320e+00 -1.149947e+00 -5.918773e-01 6.045960e-01 -5.413849e-01 -6.519575e-01 -8.667188e-01 -5.195318e-01 -1.227233e-01 1.935102e-02 4.437871e-01 6.195448e-01 6.651539e-01 5.576594e-01 6.642383e-01 4.237812e-01 -3.116739e-03
<VARIANCE> 25
 1.030430e+01 9.882497e+00 1.331874e+01 1.452554e+01 1.891683e+01 2.551306e+01 2.090100e+01 1.802212e+01 2.289720e+01 1.759050e+01 2.031970e+01 1.646576e+01 3.543171e-01 3.649783e-01 4.550796e-01 6.433922e-01 1.043207e+00 1.058517e+00 1.084595e+00 1.242219e+00 1.032296e+00 1.190409e+00 1.105942e+00 1.042881e+00 1.063165e-04
<GCONST> 6.808038e+01
<MIXTURE> 124 4.069876e-03
<MEAN> 25
 -6.492024e+00 -1.169384e+00 -2.869447e+00 5.108456e+00 4.982715e+00 3.435783e+00 5.425569e+00 2.517833e+00 3.282314e+00 1.213068e+00 1.103542e+00 3.039223e+00 -2.130655e-01 -3.213981e-01 -3.628163e-01 -2.147312e-01 1.286459e-01 5.045720e-01 8.118098e-01 8.669552e-01 6.367506e-01 3.149357e-01 7.696910e-02 -2.820877e-02 1.094013e-04
<VARIANCE> 25
 1.121768e+01 7.108102e+00 1.119083e+01 1.232765e+01 1.195773e+01 1.985294e+01 1.536954e+01 1.703730e+01 1.591378e+01 1.627194e+01 1.936579e+01 1.471625e+01 1.115170e-01 1.680294e-01 2.696277e-01 4.178391e-01 6.016722e-01 7.175885e-01 7.467347e-01 8.104832e-01 9.366439e-01 9.831477e-01 1.002609e+00 9.812553e-01 1.839411e-05
<GCONST> 5.899432e+01
<MIXTURE> 125 4.069876e-03
<MEAN> 25
 -6.492024e+00 -1.169384e+00 -2.869447e+00 5.108456e+00 4.982715e+00 3.435783e+00 5.425569e+00 2.517833e+00 3.282314e+00 1.213068e+00 1.103542e+00 3.039223e+00 -2.130655e-01 -3.213981e-01 -3.628163e-01 -2.147312e-01 1.286459e-01 5.045720e-01 8.118098e-01 8.669552e-01 6.367506e-01 3.149357e-01 7.696910e-02 -2.820877e-02 1.094013e-04
<VARIANCE> 25
 1.121768e+01 7.108102e+00 1.119083e+01 1.232765e+01 1.195773e+01 1.985294e+01 1.536954e+01 1.703730e+01 1.591378e+01 1.627194e+01 1.936579e+01 1.471625e+01 1.115170e-01 1.680294e-01 2.696277e-01 4.178391e-01 6.016722e-01 7.175885e-01 7.467347e-01 8.104832e-01 9.366439e-01 9.831477e-01 1.002609e+00 9.812553e-01 1.839411e-05
<GCONST> 5.899432e+01
<MIXTURE> 126 2.402244e-03
<MEAN> 25
 -3.780639e+00 -6.913739e+00 -5.266336e+00 2.327670e+00 4.276190e+00 -3.242554e+00 8.741556e-02 3.541629e+00 3.355350e+00 -2.690377e+00 -1.436043e+00 3.042649e+00 -2.167442e-03 -6.302624e-03 -3.885172e-02 -1.608692e-01 -3.138805e-01 -3.873628e-01 -2.752923e-01 -1.584079e-01 -1.116338e-01 -1.139747e-01 -9.834555e-02 -2.994882e-02 -1.394463e-03
<VARIANCE> 25
 7.422150e+00 1.273823e+01 1.387796e+01 1.527201e+01 2.458345e+01 2.366350e+01 2.274328e+01 2.838351e+01 3.137362e+01 2.618395e+01 2.172588e+01 1.915861e+01 1.717845e-01 3.518748e-01 4.845945e-01 5.705118e-01 7.571880e-01 1.002936e+00 1.123022e+00 1.259602e+00 1.329192e+00 1.311213e+00 1.209555e+00 1.146662e+00 2.130310e-04
<GCONST> 6.983929e+01
<MIXTURE> 127 2.402244e-03
<MEAN> 25
 -3.780639e+00 -6.913739e+00 -5.266336e+00 2.327670e+00 4.276190e+00 -3.242554e+00 8.741556e-02 3.541629e+00 3.355350e+00 -2.690377e+00 -1.436043e+00 3.042649e+00 -2.167442e-03 -6.302624e-03 -3.885172e-02 -1.608692e-01 -3.138805e-01 -3.873628e-01 -2.752923e-01 -1.584079e-01 -1.116338e-01 -1.139747e-01 -9.834555e-02 -2.994882e-02 -1.394463e-03
<VARIANCE> 25
 7.422150e+00 1.273823e+01 1.387796e+01 1.527201e+01 2.458345e+01 2.366350e+01 2.274328e+01 2.838351e+01 3.137362e+01 2.618395e+01 2.172588e+01 1.915861e+01 1.717845e-01 3.518748e-01 4.845945e-01 5.705118e-01 7.571880e-01 1.002936e+00 1.123022e+00 1.259602e+00 1.329192e+00 1.311213e+00 1.209555e+00 1.146662e+00 2.130310e-04
<GCONST> 6.983929e+01
<MIXTURE> 128 3.790457e-03
<MEAN> 25
 -3.577485e+00 1.737113e+00 -5.665662e-01 6.429388e+00 3.646986e+00 2.211344e+00 3.805529e+00 2.071368e+00 4.742104e+00 3.499680e+00 3.846119e+00 3.555964e+00 -4.409511e-01 -2.662553e-01 8.088918e-02 8.297381e-01 1.192542e+00 1.043165e+00 6.226183e-01 1.610139e-01 -3.505505e-01 -7.934276e-01 -6.786655e-01 -4.810057e-01 7.390171e-05
<VARIANCE> 25
 1.066682e+01 1.112893e+01 1.415930e+01 1.809102e+01 1.814898e+01 2.020285e+01 2.261635e+01 2.305068e+01 2.924551e+01 2.205509e+01 2.435811e+01 1.662525e+01 9.215119e-01 1.087106e+00 1.238659e+00 1.449539e+00 1.484323e+00 2.073114e+00 2.120374e+00 2.184574e+00 2.008884e+00 1.834615e+00 1.891252e+00 1.675862e+00 1.146741e-06
<GCONST> 7.292672e+01
<TRANSP> 3
 0.000000e+00 1.000000e+00 0.000000e+00
 0.000000e+00 9.999990e-01 9.999998e-07
 0.000000e+00 0.000000e+00 0.000000e+00
<ENDHMM>
